2  150
14	9	79	23	40	67	21	86	56	68	62	38	56	53	79	91	18	2	33	16	20	62	90	38	62	37	70	52	49	9	94	48	13	25	34	10	28	26	46	97	94	39	92	38	49	30	8	68	75	19	63	48	68	60	37	62	34	96	66	65	74	75	97	70	32	63	84	30	64	11	80	19	98	24	44	70	43	4	37	64	28	90	3	30	21	78	25	57	99	51	52	68	37	88	68	69	87	98	29	10	87	32	20	78	9	22	50	67	64	22	58	23	71	62	41	25	18	20	68	10	24	20	98	78	19	37	63	96	47	46	46	44	38	87	95	19	24	72	17	29	45	16	93	4	48	19	43	59	4	80	
8	22	33	63	53	76	100	1	70	18	35	64	88	94	63	67	60	99	90	52	34	18	16	11	93	82	60	90	54	24	24	44	13	8	1	80	42	7	65	51	1	19	28	48	91	84	10	52	98	94	10	83	66	64	16	24	35	49	60	41	94	80	29	87	81	2	55	9	70	85	3	48	100	98	55	37	64	6	30	13	22	93	37	26	55	62	84	61	26	11	52	82	66	51	72	75	38	52	78	34	19	88	5	42	36	68	96	10	97	16	78	12	70	2	82	81	23	73	62	18	100	90	96	60	46	25	7	67	38	20	3	74	50	58	64	78	7	59	89	85	58	37	11	1	11	43	3	90	69	24	
7172	6270	1469	1777	248	4934	6921	4395	7151	624	4713	6378	1339	6835	7489	436	5909	6477	3037	1275	1544	1726	6869	4292	6658	1768	3044	3829	1204	2702	5392	447	2655	2677	5583	4888	2886	2202	2946	5447	7388	2887	1700	3281	4779	6738	6572	410	3724	6900	6784	255	2468	1759	1739	2299	5764	969	6223	6029	6542	3143	6506	5746	2403	3186	6313	6289	1529	1573	7405	4030	6143	6464	4128	406	2618	987	568	7276	5968	685	3041	7051	1555	2076	3977	5689	3116	6958	6808	7412	2880	5338	3592	4512	3078	4772	7147	4833	1484	3891	4722	4029	1068	5362	2038	7142	5809	3293	2367	6584	5694	3085	68	6194	2366	1311	4645	5890	3934	5941	3338	6771	3148	2159	5000	3369	1574	3709	6216	535	4565	5581	7494	6773	4951	341	2468	4237	6911	589	872	3677	3639	6303	771	5735	4968	1125	
0	48	64	58	54	37	49	27	41	42	67	71	32	35	55	49	60	71	35	13	61	73	40	41	55	61	45	50	38	25	91	55	58	67	55	48	77	39	21	51	59	20	20	51	48	53	44	43	64	69	52	36	13	46	66	22	33	28	94	55	46	69	70	68	31	58	67	23	65	51	56	27	30	45	56	40	38	63	60	60	42	21	59	21	70	28	46	46	51	60	77	47	65	40	69	16	65	35	57	71	41	59	50	16	41	76	62	48	59	64	41	77	47	89	43	12	59	81	64	67	29	38	61	68	76	5	48	18	69	69	23	61	69	54	61	57	23	14	67	46	56	59	42	73	21	58	37	52	59	61	62	
48	0	65	69	63	48	37	29	60	21	57	26	38	50	13	10	58	36	45	38	62	63	34	21	47	50	8	2	17	48	65	64	69	22	12	1	53	41	27	50	28	31	28	24	54	14	43	20	16	38	65	26	35	54	23	26	30	35	65	60	23	46	60	49	24	18	40	26	54	4	53	21	22	53	61	10	49	48	24	52	12	29	66	27	31	24	4	62	31	44	38	63	76	36	21	41	59	17	35	45	43	11	2	34	33	64	44	11	11	51	34	59	26	63	49	46	66	45	60	23	19	36	17	20	34	44	3	40	32	36	29	50	40	67	42	26	36	43	65	26	22	34	35	42	34	46	36	35	54	25	46	
64	65	0	13	12	26	28	45	26	43	14	65	34	28	56	56	7	48	29	53	3	16	32	44	18	18	57	65	49	38	43	11	13	65	59	64	36	27	59	15	43	50	62	42	15	54	23	45	76	43	16	40	59	17	59	60	38	39	50	8	42	32	16	27	46	54	38	54	17	69	12	62	49	18	8	56	25	22	49	14	53	53	6	58	54	49	60	21	34	25	56	21	15	31	79	48	10	50	33	37	25	72	66	53	32	19	26	54	70	19	31	28	39	42	21	51	7	52	8	61	60	31	61	77	62	60	62	46	51	45	49	17	40	17	27	45	43	49	4	38	48	37	31	43	46	20	32	31	12	49	25	
58	69	13	0	5	23	34	44	17	48	27	74	33	23	63	61	18	58	26	49	14	30	35	48	26	29	61	70	52	33	57	5	0	73	65	68	49	28	57	20	52	48	60	48	14	61	26	49	82	54	6	43	55	15	68	59	39	37	63	9	47	44	29	39	47	61	48	53	30	73	20	62	50	16	9	60	22	33	57	25	57	51	7	56	64	50	65	12	41	35	67	11	7	33	85	44	23	53	42	48	26	77	70	50	36	33	37	60	76	31	34	41	45	55	20	46	6	63	21	69	60	33	68	84	72	55	67	42	61	55	48	28	51	4	37	53	40	44	18	43	56	46	34	55	43	30	33	38	22	58	35	
54	63	12	5	0	18	28	39	14	42	23	68	27	19	57	55	14	53	21	45	11	27	29	42	21	25	55	64	47	29	54	1	5	67	59	63	45	22	52	14	46	43	55	43	9	55	20	43	76	49	4	37	51	9	62	54	34	32	60	5	41	40	26	35	42	56	43	48	26	68	16	57	44	10	5	54	17	29	52	21	51	46	5	51	58	44	59	10	36	30	62	9	12	27	80	40	19	47	36	44	20	72	65	45	30	31	32	54	70	27	29	38	39	52	14	42	5	59	18	64	55	28	63	78	67	51	61	38	56	50	43	24	46	6	32	47	35	40	16	38	50	40	29	50	38	25	28	33	18	52	31	
37	48	26	23	18	0	20	21	12	28	30	58	10	4	44	41	23	48	3	27	23	36	15	27	20	27	40	49	31	13	58	19	23	56	46	47	46	8	34	14	38	24	37	31	11	42	10	29	62	44	17	21	33	9	52	35	17	14	63	18	28	39	34	35	24	44	40	30	30	52	20	39	27	8	19	38	1	29	42	24	36	28	23	33	51	26	44	14	27	28	56	14	30	13	66	22	28	31	30	42	8	57	49	27	16	40	30	40	56	29	15	43	27	56	5	25	23	56	27	53	37	13	51	65	59	33	46	20	49	45	24	26	42	20	30	38	17	22	29	25	40	34	16	47	20	24	12	25	22	43	30	
49	37	28	34	28	20	0	23	31	15	22	40	17	24	29	28	21	28	19	35	25	28	8	16	10	15	29	37	22	29	42	29	34	38	31	36	29	12	36	14	18	29	39	14	20	26	10	17	48	24	31	15	39	21	34	37	15	20	46	24	13	20	25	19	21	27	20	31	19	41	16	38	24	20	25	29	21	14	23	16	25	31	29	35	31	25	32	31	7	11	36	31	40	9	51	33	22	24	10	23	12	44	38	33	8	30	13	26	42	17	7	29	11	40	17	38	30	36	23	35	35	10	34	50	39	44	34	31	29	25	27	15	23	34	12	19	25	35	28	10	21	14	6	27	27	11	12	5	17	24	13	
27	29	45	44	39	21	23	0	31	16	43	47	11	22	31	26	40	44	18	13	42	50	14	14	31	37	23	31	14	18	65	40	44	44	32	29	51	18	14	30	32	6	17	24	31	29	22	16	45	42	39	9	16	29	41	15	7	7	68	38	19	42	47	42	6	33	40	9	41	33	35	18	6	28	39	19	22	38	34	37	19	8	43	13	44	5	26	35	24	34	50	36	52	15	50	13	43	12	30	44	20	40	31	10	15	52	36	25	39	40	15	52	20	63	25	19	43	54	43	42	16	14	38	48	50	22	28	12	42	42	4	37	42	42	34	31	7	16	47	19	30	32	17	46	6	33	13	25	37	35	37	
41	60	26	17	14	12	31	31	0	40	35	70	21	9	56	53	26	59	14	33	24	40	27	39	28	34	52	61	43	16	65	15	17	68	58	59	54	19	43	20	49	33	45	43	14	54	21	41	74	55	11	33	40	11	64	44	29	24	71	17	40	48	38	43	36	56	50	39	36	64	25	49	38	11	18	49	10	37	54	30	48	37	20	42	62	37	56	5	38	37	67	6	24	25	78	28	32	42	41	51	19	69	61	34	28	44	39	52	68	36	27	49	39	63	14	29	20	66	30	65	47	25	63	77	70	38	58	26	60	56	34	33	53	13	39	50	26	27	30	37	51	45	28	57	29	32	24	36	28	55	39	
42	21	43	48	42	28	15	16	40	0	37	32	19	31	16	13	37	28	26	29	40	43	12	1	26	30	13	22	7	32	52	43	48	29	18	20	38	20	25	28	16	21	28	8	33	14	21	1	34	27	43	8	30	33	26	25	12	19	54	39	3	30	40	31	10	18	26	20	34	25	31	24	12	32	40	13	29	29	18	32	9	22	44	24	27	14	17	41	12	25	34	42	54	15	38	29	38	9	17	30	22	29	22	26	12	45	26	12	28	32	13	41	6	50	28	35	45	38	38	27	21	15	23	37	34	37	19	27	26	26	18	30	27	46	24	15	22	32	44	6	14	18	13	31	22	26	15	15	32	19	27	
67	57	14	27	23	30	22	43	35	37	0	53	34	33	47	48	9	35	32	54	13	6	29	38	12	7	50	57	44	43	30	23	27	53	49	56	22	27	57	16	33	49	60	33	21	45	22	38	66	30	28	37	59	24	48	58	36	39	36	18	34	19	3	13	43	44	25	52	4	61	10	60	46	24	18	50	30	10	38	6	47	52	20	56	41	47	53	32	26	13	43	31	29	28	69	50	4	46	22	23	25	63	58	53	29	9	14	46	61	6	28	14	32	29	24	55	21	38	6	49	57	29	51	67	49	62	55	48	39	32	48	7	27	29	15	34	44	52	10	31	38	25	27	29	46	11	31	22	7	38	12	
71	26	65	74	68	58	40	47	70	32	53	0	51	62	16	22	58	20	57	59	63	56	42	33	47	47	26	24	33	64	48	69	74	4	16	25	39	50	50	54	21	51	52	26	60	18	49	31	19	24	71	40	58	61	6	50	44	51	46	64	30	35	54	41	41	14	29	48	49	26	54	46	41	61	65	31	59	43	16	51	29	50	68	50	12	43	25	71	32	40	16	71	79	45	19	60	56	35	32	32	51	20	24	55	41	56	39	22	18	47	43	48	30	47	57	66	69	25	58	5	43	45	9	18	9	66	24	59	15	22	48	48	27	74	38	21	54	63	63	32	18	28	42	27	53	45	46	35	53	16	41	
32	38	34	33	27	10	17	11	21	19	34	51	0	12	36	32	29	43	7	20	31	40	9	18	22	29	31	39	21	13	59	28	33	48	37	38	46	7	25	19	32	16	28	25	19	34	11	20	53	40	27	12	25	18	45	26	8	5	63	26	21	37	38	36	14	37	37	20	33	42	24	29	17	17	27	28	11	30	36	28	26	19	31	24	45	17	34	24	22	28	50	24	40	8	57	16	33	21	26	40	9	48	40	19	10	43	30	31	47	31	9	45	21	57	13	21	32	52	32	46	27	6	43	56	53	28	36	14	43	41	15	28	39	30	29	32	9	18	36	19	33	30	11	44	12	25	5	21	27	37	30	
35	50	28	23	19	4	24	22	9	31	33	62	12	0	48	44	26	52	5	26	26	39	19	30	24	30	43	51	33	10	62	20	23	60	49	50	50	12	34	17	42	25	37	35	13	45	14	32	65	48	17	24	32	10	56	36	20	15	67	19	32	43	37	39	26	48	44	30	34	55	23	40	29	9	20	40	3	33	46	28	39	28	24	34	55	28	46	12	31	32	60	13	30	17	69	21	31	33	34	46	12	60	52	26	20	43	34	43	59	33	19	47	31	60	9	23	24	60	30	57	38	16	54	68	63	32	49	19	53	49	25	30	47	19	34	42	17	21	31	29	43	38	20	51	20	28	15	29	26	47	34	
55	13	56	63	57	44	29	31	56	16	47	16	36	48	0	5	49	23	42	42	53	52	29	17	38	40	10	12	17	48	52	58	63	13	2	12	40	37	34	43	15	35	36	14	48	2	37	15	19	25	59	24	41	49	11	34	28	35	51	53	16	33	49	37	25	5	27	31	43	16	44	30	25	48	54	15	46	37	11	43	12	34	58	34	18	27	10	58	22	33	25	58	69	31	22	44	49	19	24	32	38	15	13	39	28	52	33	6	13	41	29	46	17	50	44	50	59	32	50	12	27	31	7	21	22	50	10	43	18	23	32	40	27	62	31	13	38	47	56	19	9	22	29	29	37	36	32	25	45	12	34	
49	10	56	61	55	41	28	26	53	13	48	22	32	44	5	0	49	27	39	37	53	53	26	13	38	40	4	9	12	44	56	56	61	18	6	9	43	34	28	41	18	30	30	14	46	5	35	12	20	29	57	20	36	46	17	28	24	31	56	52	14	36	50	39	20	10	30	25	44	13	44	25	20	46	53	9	43	38	15	43	7	28	57	28	23	22	6	55	21	34	30	56	67	28	25	39	49	14	25	35	35	16	10	33	25	54	34	1	15	42	27	49	16	54	42	45	58	37	50	17	21	28	12	23	28	44	7	38	23	27	27	41	30	60	32	16	33	42	55	17	12	24	26	33	32	37	29	25	44	16	36	
60	58	7	18	14	23	21	40	26	37	9	58	29	26	49	49	0	41	25	49	4	14	26	37	11	11	50	58	43	36	40	14	18	58	52	57	31	22	54	10	36	45	57	35	12	47	18	38	69	36	18	34	54	15	52	55	33	34	46	9	35	26	12	21	40	47	31	49	12	62	5	57	43	16	9	50	22	15	42	7	47	48	11	53	47	44	54	22	27	18	49	22	21	25	72	44	5	44	26	30	20	65	59	48	26	17	19	48	63	13	25	24	32	38	17	48	12	46	4	54	54	26	54	70	55	56	55	42	44	38	44	10	34	20	20	38	38	45	7	31	41	30	24	37	41	13	27	24	5	42	18	
71	36	48	58	53	48	28	44	59	28	35	20	43	52	23	27	41	0	47	57	46	37	34	30	32	29	31	35	33	57	30	54	58	21	24	35	19	40	53	39	12	50	55	20	46	22	38	28	37	5	57	35	59	48	16	53	38	45	28	49	25	16	35	22	39	17	10	48	31	38	37	51	41	48	49	36	49	25	12	34	32	50	52	52	7	43	33	58	21	23	8	58	63	35	38	57	38	36	18	12	40	36	36	54	33	36	21	27	34	29	33	28	23	28	45	63	53	9	40	17	47	37	22	37	14	66	33	55	5	3	47	30	7	59	21	13	49	59	45	25	15	14	32	7	50	28	38	23	36	11	23	
35	45	29	26	21	3	19	18	14	26	32	57	7	5	42	39	25	47	0	24	26	38	14	25	21	28	38	46	28	11	59	22	26	54	44	45	47	7	31	16	37	21	33	30	14	40	10	27	60	44	21	18	30	12	50	32	15	11	64	21	26	39	36	36	21	43	39	26	31	49	21	36	24	11	22	35	4	30	41	26	33	25	26	30	50	23	41	17	26	29	55	17	33	12	64	19	30	28	29	42	8	55	47	24	15	41	31	38	54	31	14	44	26	57	8	23	26	55	29	51	34	11	49	63	58	31	43	17	48	44	21	27	42	23	30	37	14	20	32	24	38	33	15	47	17	25	10	24	24	42	31	
13	38	53	49	45	27	35	13	33	29	54	59	20	26	42	37	49	57	24	0	50	61	27	28	42	49	34	40	25	17	78	46	49	55	43	38	64	27	12	39	45	7	13	37	38	41	31	29	54	56	43	22	6	36	54	13	20	15	81	45	32	55	58	55	18	46	53	12	53	41	44	19	17	35	46	29	28	50	47	48	30	9	50	12	57	15	36	38	38	47	63	39	56	26	59	5	53	23	43	57	29	49	40	4	27	64	49	36	49	51	28	64	34	76	32	8	50	67	52	54	19	25	49	58	63	8	38	7	56	56	10	48	56	45	47	44	10	7	55	32	43	46	29	60	8	45	24	38	47	48	49	
61	62	3	14	11	23	25	42	24	40	13	63	31	26	53	53	4	46	26	50	0	16	29	41	15	16	54	62	46	36	43	10	14	62	56	61	35	24	56	12	41	47	59	39	12	51	20	42	73	41	15	37	56	15	57	57	35	36	49	7	39	31	15	25	43	51	35	51	16	66	9	59	46	16	6	53	23	20	46	12	50	50	7	55	51	46	57	20	31	22	54	20	17	27	76	45	9	47	30	35	22	69	63	50	29	20	24	51	67	17	28	27	36	41	18	49	8	50	7	58	57	28	58	75	59	57	59	43	49	42	46	15	38	16	25	42	40	46	5	35	45	34	27	41	43	18	29	28	9	47	22	
73	63	16	30	27	36	28	50	40	43	6	56	40	39	52	53	14	37	38	61	16	0	35	44	18	13	55	62	50	49	27	27	30	57	54	62	21	33	63	22	37	56	67	38	26	50	29	44	70	32	32	43	65	29	51	64	42	45	34	23	40	21	3	15	49	48	27	58	9	66	16	66	52	30	22	56	36	14	42	12	52	58	23	62	44	53	58	36	31	18	44	36	31	34	73	57	8	52	27	24	31	67	63	59	35	3	18	51	65	11	34	12	37	26	30	61	24	38	10	53	63	36	55	71	51	68	60	55	41	34	54	13	29	33	20	38	50	58	12	37	42	29	33	31	52	17	37	28	13	42	17	
40	34	32	35	29	15	8	14	27	12	29	42	9	19	29	26	26	34	14	27	29	35	0	12	17	22	26	34	17	22	51	30	35	40	30	33	37	8	28	17	23	21	31	16	20	26	9	14	47	31	31	8	30	20	36	29	7	12	54	26	13	29	32	28	14	29	27	23	26	38	21	31	17	19	27	24	17	23	27	23	22	23	32	27	36	18	29	29	12	20	41	29	42	2	51	24	29	18	17	31	9	42	35	25	1	38	22	25	41	25	1	37	12	48	15	30	32	43	29	37	28	3	35	49	44	35	31	22	34	31	18	22	30	33	20	23	16	27	33	10	24	20	2	34	18	18	4	12	23	28	22	
41	21	44	48	42	27	16	14	39	1	38	33	18	30	17	13	37	30	25	28	41	44	12	0	26	31	13	21	6	31	53	43	48	30	18	20	39	20	23	29	17	20	26	9	33	15	22	2	34	29	43	7	29	33	27	23	11	18	55	39	5	31	41	32	9	19	27	19	35	25	32	23	11	32	40	12	29	30	19	32	9	20	44	22	29	13	17	41	13	26	35	42	54	14	38	28	39	8	18	32	21	30	22	24	12	46	27	12	28	33	13	42	7	51	28	34	45	39	39	28	19	15	24	37	36	36	19	26	28	28	17	31	29	46	25	16	21	31	44	7	15	19	13	33	20	27	15	16	33	20	28	
55	47	18	26	21	20	10	31	28	26	12	47	22	24	38	38	11	32	21	42	15	18	17	26	0	6	39	47	32	33	38	22	26	47	40	46	26	15	45	8	25	37	48	23	15	36	11	27	57	27	25	25	47	17	41	46	24	27	42	17	24	19	15	15	31	36	22	40	10	51	6	48	34	17	17	39	21	8	31	6	36	40	21	44	37	35	42	27	16	9	40	27	31	16	60	39	12	34	15	23	14	53	48	41	17	21	11	36	52	9	16	22	21	36	15	44	21	38	12	43	45	17	43	59	45	51	44	37	34	28	35	5	25	27	11	27	32	41	17	20	30	19	15	29	34	4	18	12	6	31	10	
61	50	18	29	25	27	15	37	34	30	7	47	29	30	40	40	11	29	28	49	16	13	22	31	6	0	42	50	37	39	31	25	29	47	42	49	20	22	51	13	26	43	54	26	19	38	17	31	59	25	29	30	53	22	41	51	30	33	37	20	27	15	10	10	36	37	19	46	4	54	9	53	39	22	20	43	27	4	31	4	39	45	22	50	36	40	46	31	18	7	38	31	33	22	62	45	9	39	15	19	20	55	51	47	22	15	8	39	54	2	21	16	24	30	21	50	23	34	10	43	50	23	44	60	43	57	47	43	33	26	41	1	22	31	9	27	38	47	16	24	31	19	20	25	40	4	25	15	7	31	6	
45	8	57	61	55	40	29	23	52	13	50	26	31	43	10	4	50	31	38	34	54	55	26	13	39	42	0	8	9	42	59	56	61	22	9	7	46	33	24	42	21	27	26	17	46	9	35	12	21	32	57	19	32	46	21	24	23	29	60	52	15	39	52	42	17	14	33	22	46	12	45	20	17	45	53	5	42	40	19	44	4	25	58	24	27	19	3	54	23	36	34	55	68	28	26	36	51	11	28	38	35	17	9	30	25	56	37	4	16	44	26	52	18	57	41	42	58	41	52	21	17	28	16	25	32	41	5	35	28	31	24	43	34	60	35	19	30	39	57	18	16	27	27	37	29	38	28	27	46	20	38	
50	2	65	70	64	49	37	31	61	22	57	24	39	51	12	9	58	35	46	40	62	62	34	21	47	50	8	0	18	49	64	65	70	19	10	2	52	42	29	50	27	33	30	24	55	13	43	20	14	37	65	27	37	55	21	28	31	37	64	61	23	45	59	48	25	17	39	28	53	4	53	23	24	54	62	11	50	48	23	52	12	31	66	29	29	25	5	63	31	43	36	63	76	36	19	42	59	18	35	44	43	9	1	36	33	63	44	10	9	51	35	58	25	62	50	48	67	44	59	21	21	36	15	18	32	46	2	42	30	35	30	50	39	68	42	25	38	45	65	26	21	33	35	41	36	46	36	34	54	24	45	
38	17	49	52	47	31	22	14	43	7	44	33	21	33	17	12	43	33	28	25	46	50	17	6	32	37	9	18	0	32	59	48	52	30	18	16	45	24	19	34	22	18	21	14	38	15	26	6	31	33	48	9	25	37	28	19	13	19	60	44	10	37	47	38	8	20	32	15	41	21	37	17	8	36	45	7	32	36	22	38	5	17	49	18	31	10	13	45	19	32	38	46	59	19	36	27	44	2	24	37	26	26	18	22	17	52	33	11	26	39	18	48	13	56	32	33	50	43	45	28	14	19	24	35	38	33	15	26	31	32	15	37	34	50	31	20	21	30	50	13	18	25	18	38	20	33	19	22	39	23	34	
25	48	38	33	29	13	29	18	16	32	43	64	13	10	48	44	36	57	11	17	36	49	22	31	33	39	42	49	32	0	71	30	33	61	49	47	58	18	27	27	45	18	29	38	23	46	22	33	63	54	27	24	23	21	58	29	20	13	75	30	34	50	47	47	24	50	50	24	43	52	33	33	25	20	31	38	13	41	49	37	37	21	34	27	58	24	44	21	35	40	64	22	40	21	68	11	41	31	39	53	19	58	50	18	23	53	42	42	58	42	23	55	34	69	18	13	34	65	40	59	33	19	55	67	66	22	47	10	56	54	20	38	52	29	41	45	11	11	42	32	46	43	24	57	14	36	18	34	35	50	42	
91	65	43	57	54	58	42	65	65	52	30	48	59	62	52	56	40	30	59	78	43	27	51	53	38	31	59	64	59	71	0	54	57	51	54	64	13	53	77	45	38	71	80	44	51	51	49	52	67	27	58	56	81	54	46	77	57	63	7	49	48	22	27	23	61	47	26	72	29	68	40	76	64	54	49	63	59	29	41	34	59	72	50	76	37	66	62	62	40	31	32	62	58	51	67	75	34	61	34	21	51	66	65	75	50	24	29	55	64	29	50	16	46	2	53	81	51	24	36	47	73	53	52	66	40	86	62	73	35	29	69	32	25	60	30	40	68	77	39	47	43	34	48	23	69	34	54	39	37	40	29	
55	64	11	5	1	19	29	40	15	43	23	69	28	20	58	56	14	54	22	46	10	27	30	43	22	25	56	65	48	30	54	0	5	68	60	63	45	23	53	15	47	44	56	43	10	56	21	44	77	49	5	38	52	10	63	55	35	33	60	5	42	40	26	35	42	56	44	49	26	68	16	58	45	11	5	55	18	29	52	21	52	47	5	52	59	45	60	10	36	30	62	10	11	28	80	41	19	48	37	44	21	72	65	46	31	30	32	55	71	27	29	38	40	52	15	43	4	59	17	64	56	28	63	79	67	52	62	39	56	50	43	24	47	6	32	48	36	41	15	38	51	41	29	50	39	25	29	33	18	53	31	
58	69	13	0	5	23	34	44	17	48	27	74	33	23	63	61	18	58	26	49	14	30	35	48	26	29	61	70	52	33	57	5	0	73	65	68	49	28	57	20	52	48	60	48	14	61	26	49	82	54	6	43	55	15	68	59	39	37	63	9	47	44	29	39	47	61	48	53	30	73	20	62	50	16	9	60	22	33	57	25	57	51	7	56	64	50	65	12	41	35	67	11	7	33	85	44	23	53	42	48	26	77	70	50	36	33	37	60	76	31	34	41	45	55	20	46	6	63	21	69	60	33	68	84	72	55	67	42	61	55	48	28	51	4	37	53	40	44	18	43	56	46	34	55	43	30	33	38	22	58	35	
67	22	65	73	67	56	38	44	68	29	53	4	48	60	13	18	58	21	54	55	62	57	40	30	47	47	22	19	30	61	51	68	73	0	12	21	41	48	46	53	21	48	48	25	59	15	48	28	16	26	70	37	54	59	5	46	41	48	49	63	27	36	55	41	38	11	30	44	49	22	53	42	38	59	64	27	57	43	15	50	25	47	68	46	14	40	21	69	31	40	19	69	78	43	16	57	56	32	31	34	49	16	20	51	39	57	39	19	14	47	41	49	28	49	55	63	68	28	57	4	39	43	6	15	13	63	20	56	16	23	45	48	28	72	38	20	51	60	63	30	17	28	40	29	50	44	44	34	53	15	41	
55	12	59	65	59	46	31	32	58	18	49	16	37	49	2	6	52	24	44	43	56	54	30	18	40	42	9	10	18	49	54	60	65	12	0	11	42	38	34	45	17	36	36	17	50	4	39	17	17	27	61	25	42	51	12	34	30	36	53	55	18	35	51	39	26	7	29	32	45	14	46	30	26	50	56	15	47	39	13	45	13	34	60	34	19	28	9	60	24	35	26	60	71	33	20	45	51	20	26	34	39	13	11	39	30	55	35	7	11	43	31	48	19	52	46	51	61	33	52	12	27	33	6	19	22	50	9	44	20	25	33	43	29	64	34	15	39	48	58	21	11	24	31	31	38	39	34	27	47	14	37	
48	1	64	68	63	47	36	29	59	20	56	25	38	50	12	9	57	35	45	38	61	62	33	20	46	49	7	2	16	47	64	63	68	21	11	0	52	41	27	49	27	31	28	23	53	13	42	19	16	37	64	26	35	53	22	26	30	35	64	60	22	45	59	48	23	18	39	26	53	5	52	21	22	53	60	9	49	47	23	52	11	29	65	27	30	24	3	61	30	43	37	62	75	35	21	40	58	17	34	44	42	11	2	34	32	63	43	10	11	50	34	58	25	62	48	46	65	44	59	22	19	35	16	20	33	44	2	40	31	35	28	49	39	67	41	25	36	43	64	25	21	33	34	41	34	45	35	34	53	24	45	
77	53	36	49	45	46	29	51	54	38	22	39	46	50	40	43	31	19	47	64	35	21	37	39	26	20	46	52	45	58	13	45	49	41	42	52	0	40	63	33	25	57	66	30	40	39	36	39	56	15	49	42	67	43	35	63	44	49	17	40	34	8	20	10	48	35	13	58	19	56	29	63	50	43	40	49	46	17	29	24	45	59	42	62	26	52	49	52	26	18	25	52	51	38	57	62	26	47	21	8	39	54	53	62	36	19	15	42	52	18	36	10	32	11	41	67	43	17	28	36	59	39	40	56	32	73	50	60	24	17	55	21	13	51	17	27	54	64	32	33	31	20	35	12	55	21	41	25	27	28	16	
39	41	27	28	22	8	12	18	19	20	27	50	7	12	37	34	22	40	7	27	24	33	8	20	15	22	33	42	24	18	53	23	28	48	38	41	40	0	32	12	30	23	35	23	13	34	4	22	55	36	23	15	32	12	44	33	12	12	57	20	21	32	30	29	19	37	32	27	26	45	17	35	22	12	21	32	9	24	34	21	29	26	25	31	43	22	37	21	19	22	48	21	34	5	59	23	25	25	22	35	2	50	43	26	8	36	24	33	49	25	7	38	19	51	7	28	26	48	25	45	33	5	43	57	51	35	39	21	41	37	22	21	35	26	23	30	16	25	29	18	32	26	8	39	19	19	5	17	19	35	24	
21	27	59	57	52	34	36	14	43	25	57	50	25	34	34	28	54	53	31	12	56	63	28	23	45	51	24	29	19	27	77	53	57	46	34	27	63	32	0	44	41	9	3	33	44	33	36	24	43	52	52	21	8	43	46	1	21	20	79	51	28	54	61	55	15	38	51	5	55	30	49	6	12	42	52	19	35	51	41	51	21	6	57	1	50	10	25	47	36	47	57	48	65	29	48	17	57	16	42	55	34	38	29	9	28	66	49	28	38	53	29	65	31	74	38	21	57	62	57	46	8	28	40	47	56	17	27	17	50	51	10	50	52	54	47	39	17	19	61	30	37	43	30	56	14	47	27	38	51	42	49	
51	50	15	20	14	14	14	30	20	28	16	54	19	17	43	41	10	39	16	39	12	22	17	29	8	13	42	50	34	27	45	15	20	53	45	49	33	12	44	0	32	35	47	28	7	41	8	30	62	35	17	25	44	9	47	45	23	24	50	10	27	27	20	23	30	41	30	39	16	54	5	47	33	9	11	41	14	16	37	10	38	38	15	43	44	34	46	19	21	17	47	19	26	15	65	35	14	35	22	31	10	58	51	38	17	25	19	40	56	16	16	29	25	43	8	39	16	46	13	49	44	16	48	64	52	46	48	32	41	36	34	12	33	20	19	33	28	36	17	24	36	26	15	37	31	12	17	18	8	38	18	
59	28	43	52	46	38	18	32	49	16	33	21	32	42	15	18	36	12	37	45	41	37	23	17	25	26	21	27	22	45	38	47	52	21	17	27	25	30	41	32	0	38	43	8	38	14	28	16	33	11	49	23	46	39	15	41	26	33	38	42	13	18	34	22	27	11	12	36	28	31	32	39	29	39	43	25	39	23	5	29	21	38	46	40	13	31	24	49	11	19	18	50	57	25	36	45	35	24	10	17	30	30	28	42	22	37	18	17	28	26	23	31	11	36	35	51	47	22	36	17	36	26	18	34	21	54	25	43	11	10	35	26	12	52	17	2	37	47	42	13	6	7	22	16	38	23	27	13	31	5	20	
20	31	50	48	43	24	29	6	33	21	49	51	16	25	35	30	45	50	21	7	47	56	21	20	37	43	27	33	18	18	71	44	48	48	36	31	57	23	9	35	38	0	12	30	35	33	27	22	47	49	42	15	9	33	46	11	13	11	74	42	25	49	53	48	11	38	46	6	47	35	40	15	10	32	43	22	25	44	39	43	23	3	47	8	49	8	29	37	31	41	56	38	55	21	52	9	48	16	36	50	25	42	33	4	21	58	43	29	42	46	21	58	27	69	29	15	47	60	48	47	15	19	42	51	56	15	31	8	48	48	3	43	48	44	41	37	7	12	52	25	36	38	23	53	4	39	18	32	42	41	43	
20	28	62	60	55	37	39	17	45	28	60	52	28	37	36	30	57	55	33	13	59	67	31	26	48	54	26	30	21	29	80	56	60	48	36	28	66	35	3	47	43	12	0	36	47	35	39	27	44	55	54	24	7	45	48	2	24	23	82	54	31	57	64	58	18	41	54	8	58	31	52	7	15	44	55	21	38	54	43	54	24	9	59	4	53	13	27	49	39	50	60	50	67	32	49	18	60	19	45	58	37	39	30	10	31	69	52	30	39	56	32	68	34	77	41	21	60	65	60	48	9	31	42	48	58	16	29	19	53	54	13	54	55	57	50	42	19	20	64	33	40	46	33	59	16	50	30	41	54	45	53	
51	24	42	48	43	31	14	24	43	8	33	26	25	35	14	14	35	20	30	37	39	38	16	9	23	26	17	24	14	38	44	43	48	25	17	23	30	23	33	28	8	30	36	0	34	12	23	8	34	19	45	15	38	34	20	33	18	25	45	39	5	22	35	25	19	13	17	29	29	28	29	32	21	34	39	19	32	23	11	28	15	30	43	32	20	23	20	44	7	19	26	44	54	18	37	37	34	17	11	22	24	30	25	34	15	39	20	13	28	27	16	35	4	42	30	43	44	30	35	21	29	19	20	36	28	46	21	35	18	18	27	26	19	48	18	7	29	39	41	6	8	10	15	23	29	22	20	10	30	12	21	
48	54	15	14	9	11	20	31	14	33	21	60	19	13	48	46	12	46	14	38	12	26	20	33	15	19	46	55	38	23	51	10	14	59	50	53	40	13	44	7	38	35	47	34	0	46	11	34	67	42	11	28	44	2	54	45	25	24	57	7	32	34	24	29	33	47	37	40	22	58	11	49	35	3	8	45	10	23	43	16	42	38	12	43	50	36	50	12	27	24	54	12	21	18	71	33	18	38	28	38	11	62	55	38	21	30	26	45	61	22	19	35	30	49	6	36	12	53	17	55	46	18	54	69	59	44	52	31	48	43	34	18	40	13	26	39	28	33	18	29	42	32	19	44	31	19	19	24	13	44	25	
53	14	54	61	55	42	26	29	54	14	45	18	34	45	2	5	47	22	40	41	51	50	26	15	36	38	9	13	15	46	51	56	61	15	4	13	39	34	33	41	14	33	35	12	46	0	35	13	21	24	57	22	40	46	13	32	26	33	51	51	13	32	47	35	23	5	26	30	41	17	42	29	23	46	52	14	43	35	10	41	11	32	56	32	18	25	10	55	20	31	25	56	67	29	24	42	47	17	22	31	35	17	14	37	25	51	31	5	15	39	27	45	15	49	42	48	57	32	48	13	26	29	9	23	23	48	11	41	18	22	30	38	26	60	30	12	36	45	54	17	8	20	26	28	35	34	30	23	43	11	33	
44	43	23	26	20	10	10	22	21	21	22	49	11	14	37	35	18	38	10	31	20	29	9	22	11	17	35	43	26	22	49	21	26	48	39	42	36	4	36	8	28	27	39	23	11	35	0	23	56	34	22	17	36	11	43	37	15	16	53	17	21	28	26	25	22	36	29	31	21	47	13	39	25	11	18	34	11	19	33	16	31	30	22	35	41	26	39	21	17	18	46	21	32	7	60	28	21	27	20	31	2	51	44	30	10	32	20	33	50	20	8	33	19	47	7	33	23	45	21	44	36	8	43	58	49	39	41	25	39	35	26	17	32	25	19	29	21	29	25	18	31	24	8	36	23	14	9	15	15	34	20	
43	20	45	49	43	29	17	16	41	1	38	31	20	32	15	12	38	28	27	29	42	44	14	2	27	31	12	20	6	33	52	44	49	28	17	19	39	22	24	30	16	22	27	8	34	13	23	0	33	27	45	9	30	34	25	25	13	20	54	40	4	30	41	32	11	17	26	20	35	24	33	24	12	34	41	12	30	30	17	33	8	22	45	24	27	15	15	43	13	26	34	43	56	16	37	30	39	8	18	31	23	28	21	26	13	46	27	10	27	33	14	42	7	50	29	36	46	38	40	26	20	16	22	35	34	38	17	28	26	26	19	31	28	48	25	15	23	32	45	7	13	18	14	32	22	27	17	16	34	18	28	
64	16	76	82	76	62	48	45	74	34	66	19	53	65	19	20	69	37	60	54	73	70	47	34	57	59	21	14	31	63	67	77	82	16	17	16	56	55	43	62	33	47	44	34	67	21	56	33	0	41	78	41	51	67	21	42	45	51	65	72	34	50	68	55	39	22	44	42	62	13	63	37	38	67	73	25	63	56	28	62	26	45	77	43	30	40	18	76	41	52	35	76	88	49	5	57	68	32	43	48	56	5	14	50	46	71	52	22	5	60	47	64	36	65	62	62	78	44	69	20	35	49	15	4	28	60	16	56	32	38	45	59	43	81	50	31	52	60	75	38	27	40	47	44	50	56	49	44	64	28	53	
69	38	43	54	49	44	24	42	55	27	30	24	40	48	25	29	36	5	44	56	41	32	31	29	27	25	32	37	33	54	27	49	54	26	27	37	15	36	52	35	11	49	55	19	42	24	34	27	41	0	52	33	58	44	20	52	36	42	27	44	24	11	30	17	38	20	5	48	26	41	33	51	40	44	44	36	45	21	14	29	32	49	47	51	12	42	35	54	18	18	13	54	58	32	42	55	33	36	14	8	36	39	38	53	30	32	17	28	37	24	31	23	22	25	41	61	48	11	35	21	47	34	25	41	19	64	35	53	9	2	46	26	2	55	16	13	47	57	40	23	16	10	29	4	48	23	35	19	31	13	18	
52	65	16	6	4	17	31	39	11	43	28	71	27	17	59	57	18	57	21	43	15	32	31	43	25	29	57	65	48	27	58	5	6	70	61	64	49	23	52	17	49	42	54	45	11	57	22	45	78	52	0	38	50	10	65	53	35	32	65	9	43	44	31	39	42	58	47	47	30	69	20	57	44	11	9	55	16	33	55	25	53	45	9	51	61	44	60	6	38	34	65	5	13	29	82	38	24	48	39	48	21	73	66	44	31	35	36	56	72	31	30	42	41	57	15	40	9	63	22	66	55	29	65	80	70	49	62	36	59	54	42	28	50	2	36	50	34	38	20	40	53	43	30	54	37	29	29	35	22	55	35	
36	26	40	43	37	21	15	9	33	8	37	40	12	24	24	20	34	35	18	22	37	43	8	7	25	30	19	27	9	24	56	38	43	37	25	26	42	15	21	25	23	15	24	15	28	22	17	9	41	33	38	0	25	27	34	21	4	11	58	34	10	33	40	34	6	26	31	16	34	31	29	23	9	27	35	17	22	30	25	31	15	16	40	20	35	10	22	35	15	26	41	36	49	9	45	21	37	10	21	35	16	36	28	19	8	45	28	19	35	32	9	44	11	54	22	28	40	44	37	35	20	9	31	44	42	31	25	20	34	33	12	30	33	41	26	22	14	24	41	10	22	23	10	37	14	26	9	17	31	26	28	
13	35	59	55	51	33	39	16	40	30	59	58	25	32	41	36	54	59	30	6	56	65	30	29	47	53	32	37	25	23	81	52	55	54	42	35	67	32	8	44	46	9	7	38	44	40	36	30	51	58	50	25	0	42	53	9	23	20	83	51	33	58	62	58	19	45	55	10	57	38	50	14	17	41	52	26	34	54	47	53	29	8	56	8	57	15	33	44	40	51	64	45	63	31	56	12	58	22	46	60	34	46	37	6	31	68	52	35	46	56	31	68	36	79	38	14	56	68	58	53	16	29	48	55	63	9	35	13	56	57	12	53	58	52	51	45	16	13	61	34	44	48	33	62	13	49	28	41	52	49	53	
46	54	17	15	9	9	21	29	11	33	24	61	18	10	49	46	15	48	12	36	15	29	20	33	17	22	46	55	37	21	54	10	15	59	51	53	43	12	43	9	39	33	45	34	2	46	11	34	67	44	10	27	42	0	55	44	24	22	59	9	33	36	27	32	32	48	39	38	25	58	13	47	34	1	10	44	8	25	44	19	42	36	14	42	52	34	50	10	28	26	56	10	22	18	71	31	21	38	30	40	11	63	55	36	21	33	28	45	61	25	19	38	31	52	5	34	14	55	19	56	45	18	55	70	60	42	52	29	50	45	33	21	42	13	28	40	26	31	21	29	42	34	20	46	29	21	18	25	16	45	27	
66	23	59	68	62	52	34	41	64	26	48	6	45	56	11	17	52	16	50	54	57	51	36	27	41	41	21	21	28	58	46	63	68	5	12	22	35	44	46	47	15	46	48	20	54	13	43	25	21	20	65	34	53	55	0	45	38	45	44	58	24	30	49	36	35	8	24	43	43	24	48	42	36	54	58	26	53	38	10	45	24	45	62	45	9	38	21	64	26	34	14	65	73	38	22	54	50	30	26	28	44	20	22	50	35	51	33	17	18	41	36	43	24	44	50	61	63	23	52	1	39	39	6	20	10	61	21	53	11	18	43	42	22	67	32	14	48	57	58	26	12	22	36	23	47	39	40	29	47	10	35	
22	26	60	59	54	35	37	15	44	25	58	50	26	36	34	28	55	53	32	13	57	64	29	23	46	51	24	28	19	29	77	55	59	46	34	26	63	33	1	45	41	11	2	33	45	32	37	25	42	52	53	21	9	44	45	0	22	21	79	52	28	55	61	55	15	38	51	6	56	29	50	5	13	43	53	18	37	51	41	52	21	7	58	2	50	11	25	48	36	48	57	49	66	30	47	18	58	16	42	56	35	37	28	10	29	67	49	27	37	54	30	65	31	75	39	22	58	62	58	46	7	29	40	46	56	18	26	19	50	51	11	51	53	56	48	39	18	20	62	30	37	43	31	57	15	48	28	38	52	42	50	
33	30	38	39	34	17	15	7	29	12	36	44	8	20	28	24	33	38	15	20	35	42	7	11	24	30	23	31	13	20	57	35	39	41	30	30	44	12	21	23	26	13	24	18	25	26	15	13	45	36	35	4	23	24	38	22	0	7	60	32	14	35	39	34	7	30	33	16	34	34	28	24	10	23	33	20	19	30	29	30	18	15	37	20	39	11	26	31	17	27	45	32	47	8	49	18	36	13	23	37	13	40	32	18	7	45	29	23	39	32	8	44	14	55	19	25	38	47	36	39	21	7	35	48	46	29	28	17	37	36	11	29	35	37	27	25	11	21	40	13	26	25	9	40	12	26	6	18	30	30	29	
28	35	39	37	32	14	20	7	24	19	39	51	5	15	35	31	34	45	11	15	36	45	12	18	27	33	29	37	19	13	63	33	37	48	36	35	49	12	20	24	33	11	23	25	24	33	16	20	51	42	32	11	20	22	45	21	7	0	66	31	21	41	42	39	11	37	39	15	37	39	29	25	13	21	32	25	15	34	36	32	24	14	36	19	46	12	32	28	24	32	52	28	44	11	55	12	38	18	29	43	14	46	37	14	12	48	34	29	45	36	12	49	21	60	18	18	36	54	37	46	23	10	42	54	53	23	34	10	44	42	10	33	42	34	32	32	5	15	41	19	33	32	14	46	7	30	8	24	32	37	34	
94	65	50	63	60	63	46	68	71	54	36	46	63	67	51	56	46	28	64	81	49	34	54	55	42	37	60	64	60	75	7	60	63	49	53	64	17	57	79	50	38	74	82	45	57	51	53	54	65	27	65	58	83	59	44	79	60	66	0	55	50	25	34	27	64	46	28	74	34	67	45	78	66	60	55	63	64	34	41	40	59	75	56	78	35	68	62	68	43	35	30	68	65	55	65	79	40	63	37	23	56	64	65	78	53	31	33	55	62	34	53	22	48	8	58	85	57	21	42	45	74	56	50	64	37	89	62	77	33	28	71	38	26	66	34	40	71	81	46	49	44	35	52	22	72	38	58	42	43	39	33	
55	60	8	9	5	18	24	38	17	39	18	64	26	19	53	52	9	49	21	45	7	23	26	39	17	20	52	61	44	30	49	5	9	63	55	60	40	20	51	10	42	42	54	39	7	51	17	40	72	44	9	34	51	9	58	52	32	31	55	0	38	35	21	30	39	52	39	47	21	65	11	56	42	10	1	51	17	24	48	16	48	45	5	50	54	43	56	13	32	25	57	13	15	25	76	40	15	45	32	39	18	68	62	45	27	26	27	50	67	22	26	33	36	48	13	43	5	54	13	59	53	25	59	75	62	51	58	38	51	45	41	19	41	11	27	43	35	40	12	34	46	36	25	45	38	20	26	28	13	48	26	
46	23	42	47	41	28	13	19	40	3	34	30	21	32	16	14	35	25	26	32	39	40	13	5	24	27	15	23	10	34	48	42	47	27	18	22	34	21	28	27	13	25	31	5	32	13	21	4	34	24	43	10	33	33	24	28	14	21	50	38	0	26	37	28	14	16	22	24	31	27	30	28	16	32	38	16	30	26	15	29	12	25	43	27	25	18	18	42	9	22	31	42	53	15	38	32	36	13	14	27	21	30	24	29	12	42	23	12	29	29	13	38	3	46	28	38	43	35	36	25	24	15	22	37	32	41	20	30	23	23	22	27	24	46	21	12	25	35	42	3	12	14	13	28	25	23	16	12	30	16	24	
69	46	32	44	40	39	20	42	48	30	19	35	37	43	33	36	26	16	39	55	31	21	29	31	19	15	39	45	37	50	22	40	44	36	35	45	8	32	54	27	18	49	57	22	34	32	28	30	50	11	44	33	58	36	30	55	35	41	25	35	26	0	19	5	39	28	6	49	15	49	24	54	42	36	35	41	39	11	22	19	37	50	37	53	23	43	42	46	18	10	23	46	48	29	52	53	22	39	12	4	31	48	46	53	28	20	8	35	46	13	28	13	23	20	34	59	38	19	24	32	51	31	35	51	30	64	43	51	20	13	46	16	8	46	8	20	45	55	29	24	24	12	26	10	47	15	32	17	22	22	9	
70	60	16	29	26	34	25	47	38	40	3	54	38	37	49	50	12	35	36	58	15	3	32	41	15	10	52	59	47	47	27	26	29	55	51	59	20	30	61	20	34	53	64	35	24	47	26	41	68	30	31	40	62	27	49	61	39	42	34	21	37	19	0	13	46	45	25	55	6	63	14	63	49	28	21	53	34	11	39	9	49	55	22	60	42	50	55	35	28	15	43	34	31	32	70	54	6	49	24	23	29	64	60	56	32	5	15	49	63	8	31	12	34	26	28	59	23	37	8	50	60	33	52	69	49	66	57	52	39	32	51	10	27	32	17	36	47	55	12	34	40	27	30	29	49	14	34	25	11	39	14	
68	49	27	39	35	35	19	42	43	31	13	41	36	39	37	39	21	22	36	55	25	15	28	32	15	10	42	48	38	47	23	35	39	41	39	48	10	29	55	23	22	48	58	25	29	35	25	32	55	17	39	34	58	32	36	55	34	39	27	30	28	5	13	0	39	33	12	50	9	52	19	56	42	32	30	44	36	6	27	14	40	50	32	54	29	44	45	41	19	7	29	41	42	28	57	52	17	41	14	9	28	52	49	53	27	15	5	38	50	8	27	10	25	21	30	58	33	25	18	37	52	29	39	56	36	63	46	50	26	19	46	11	14	41	7	24	44	54	24	25	28	15	25	16	46	11	31	17	17	26	5	
31	24	46	47	42	24	21	6	36	10	43	41	14	26	25	20	40	39	21	18	43	49	14	9	31	36	17	25	8	24	61	42	47	38	26	23	48	19	15	30	27	11	18	19	33	23	22	11	39	38	42	6	19	32	35	15	7	11	64	39	14	39	46	39	0	27	36	10	40	28	35	17	3	31	40	13	26	36	28	37	13	11	45	14	38	4	20	38	21	32	45	39	54	15	44	19	43	6	26	40	21	34	25	15	14	51	34	19	33	38	15	49	16	59	27	25	45	49	43	36	14	14	32	43	45	26	22	18	37	37	8	36	38	45	32	26	13	22	47	15	25	28	16	42	12	32	13	22	37	29	34	
58	18	54	61	56	44	27	33	56	18	44	14	37	48	5	10	47	17	43	46	51	48	29	19	36	37	14	17	20	50	47	56	61	11	7	18	35	37	38	41	11	38	41	13	47	5	36	17	22	20	58	26	45	48	8	38	30	37	46	52	16	28	45	33	27	0	22	35	39	21	42	35	28	47	52	19	46	34	6	40	16	37	56	38	12	30	16	57	20	30	19	58	67	31	25	46	46	22	21	27	37	19	18	42	28	48	30	10	17	37	29	42	17	45	43	53	57	26	47	9	32	32	7	23	17	53	16	45	13	18	35	37	22	61	28	9	40	49	53	18	5	18	28	24	39	34	32	23	42	7	31	
67	40	38	48	43	40	20	40	50	26	25	29	37	44	27	30	31	10	39	53	35	27	27	27	22	19	33	39	32	50	26	44	48	30	29	39	13	32	51	30	12	46	54	17	37	26	29	26	44	5	47	31	55	39	24	51	33	39	28	39	22	6	25	12	36	22	0	46	20	43	27	50	38	39	39	36	40	15	16	23	32	47	42	50	16	40	36	49	15	13	18	49	52	29	46	52	28	35	10	5	32	41	40	50	26	27	11	29	40	18	27	19	20	24	36	58	43	16	30	25	46	30	28	44	24	62	37	50	14	7	43	20	3	49	11	14	44	54	35	21	18	7	25	7	45	18	31	15	26	15	13	
23	26	54	53	48	30	31	9	39	20	52	48	20	30	31	25	49	48	26	12	51	58	23	19	40	46	22	28	15	24	72	49	53	44	32	26	58	27	5	39	36	6	8	29	40	30	31	20	42	48	47	16	10	38	43	6	16	15	74	47	24	49	55	50	10	35	46	0	50	29	44	9	7	37	48	17	31	46	37	46	18	3	52	4	47	5	24	43	31	42	54	44	60	24	47	15	52	12	37	51	29	37	28	8	23	61	44	25	37	48	24	60	26	69	33	20	52	58	52	43	8	23	38	46	53	18	26	15	46	47	5	45	48	50	42	35	13	18	56	25	33	38	25	52	10	42	22	33	46	38	44	
65	54	17	30	26	30	19	41	36	34	4	49	33	34	43	44	12	31	31	53	16	9	26	35	10	4	46	53	41	43	29	26	30	49	45	53	19	26	55	16	28	47	58	29	22	41	21	35	62	26	30	34	57	25	43	56	34	37	34	21	31	15	6	9	40	39	20	50	0	57	11	57	43	25	21	47	30	5	34	5	43	50	23	54	37	44	49	33	22	9	38	33	32	26	64	49	7	43	18	19	24	59	54	51	26	11	10	43	57	2	25	13	28	27	24	54	24	34	9	45	54	27	46	63	45	61	51	47	34	28	45	4	23	32	11	30	42	51	14	28	34	21	24	26	44	8	29	19	8	34	8	
51	4	69	73	68	52	41	33	64	25	61	26	42	55	16	13	62	38	49	41	66	66	38	25	51	54	12	4	21	52	68	68	73	22	14	5	56	45	30	54	31	35	31	28	58	17	47	24	13	41	69	31	38	58	24	29	34	39	67	65	27	49	63	52	28	21	43	29	57	0	57	24	26	58	65	14	53	52	27	56	16	32	70	30	32	28	8	66	35	48	39	67	80	40	18	44	63	21	39	48	47	8	3	37	37	67	48	14	8	55	39	62	29	66	53	50	70	47	63	24	22	40	17	17	34	47	6	44	34	39	32	54	43	72	46	29	40	47	69	30	25	37	39	45	38	50	40	39	58	28	49	
56	53	12	20	16	20	16	35	25	31	10	54	24	23	44	44	5	37	21	44	9	16	21	32	6	9	45	53	37	33	40	16	20	53	46	52	29	17	49	5	32	40	52	29	11	42	13	33	63	33	20	29	50	13	48	50	28	29	45	11	30	24	14	19	35	42	27	44	11	57	0	52	38	14	11	44	19	13	37	5	41	43	14	48	43	39	48	22	22	14	46	22	25	20	67	40	8	39	21	28	15	60	54	43	21	20	16	42	58	11	20	24	27	38	14	45	15	43	8	49	49	21	49	65	51	52	50	38	40	34	39	8	30	22	16	33	34	42	12	26	36	25	19	34	36	9	22	19	2	38	15	
27	21	62	62	57	39	38	18	49	24	60	46	29	40	30	25	57	51	36	19	59	66	31	23	48	53	20	23	17	33	76	58	62	42	30	21	63	35	6	47	39	15	7	32	49	29	39	24	37	51	57	23	14	47	42	5	24	25	78	56	28	54	63	56	17	35	50	9	57	24	52	0	14	46	57	15	40	52	38	54	19	12	61	7	48	13	21	52	36	49	55	53	70	32	42	23	60	15	42	55	37	32	23	15	31	68	50	24	32	55	32	66	31	74	43	27	61	61	60	42	3	31	36	41	53	23	22	24	48	50	14	53	51	59	48	38	23	26	64	30	35	42	33	55	20	49	30	39	54	40	51	
30	22	49	50	44	27	24	6	38	12	46	41	17	29	25	20	43	41	24	17	46	52	17	11	34	39	17	24	8	25	64	45	50	38	26	22	50	22	12	33	29	10	15	21	35	23	25	12	38	40	44	9	17	34	36	13	10	13	66	42	16	42	49	42	3	28	38	7	43	26	38	14	0	34	43	12	28	39	30	40	13	9	48	11	39	2	19	41	23	35	46	42	57	18	43	19	46	6	29	43	24	33	24	13	17	54	37	19	32	41	18	52	18	62	29	25	48	51	46	37	11	17	32	42	46	25	21	18	39	39	7	39	40	47	35	27	13	22	50	17	26	30	19	44	12	35	16	25	40	31	37	
45	53	18	16	10	8	20	28	11	32	24	61	17	9	48	46	16	48	11	35	16	30	19	32	17	22	45	54	36	20	54	11	16	59	50	53	43	12	42	9	39	32	44	34	3	46	11	34	67	44	11	27	41	1	54	43	23	21	60	10	32	36	28	32	31	47	39	37	25	58	14	46	34	0	11	44	7	26	44	19	41	35	15	41	52	34	49	10	28	26	56	10	23	17	71	30	21	37	30	40	10	62	55	35	20	33	28	44	61	25	19	38	30	52	4	33	15	55	20	56	44	17	54	69	60	41	51	28	49	45	32	21	42	14	28	40	25	30	21	29	42	34	19	46	28	21	17	25	17	45	27	
56	61	8	9	5	19	25	39	18	40	18	65	27	20	54	53	9	49	22	46	6	22	27	40	17	20	53	62	45	31	49	5	9	64	56	60	40	21	52	11	43	43	55	39	8	52	18	41	73	44	9	35	52	10	58	53	33	32	55	1	38	35	21	30	40	52	39	48	21	65	11	57	43	11	0	52	18	24	48	16	49	46	4	51	54	43	57	14	32	25	57	13	14	25	77	41	14	46	32	39	19	69	62	46	28	26	27	51	67	22	26	33	36	47	14	44	5	54	13	60	54	26	59	75	62	52	59	39	52	46	42	19	42	11	28	44	36	41	12	35	47	36	26	45	39	20	26	29	13	48	26	
40	10	56	60	54	38	29	19	49	13	50	31	28	40	15	9	50	36	35	29	53	56	24	12	39	43	5	11	7	38	63	55	60	27	15	9	49	32	19	41	25	22	21	19	45	14	34	12	25	36	55	17	26	44	26	18	20	25	63	51	16	41	53	44	13	19	36	17	47	14	44	15	12	44	52	0	39	42	23	45	4	20	56	18	32	14	7	52	25	38	39	53	66	26	30	31	51	7	30	41	33	20	12	25	24	58	39	9	20	45	25	54	19	61	39	37	57	45	52	27	12	26	21	29	37	35	9	30	32	35	19	43	37	58	37	23	26	34	57	19	20	29	25	41	24	39	26	28	46	25	40	
38	49	25	22	17	1	21	22	10	29	30	59	11	3	46	43	22	49	4	28	23	36	17	29	21	27	42	50	32	13	59	18	22	57	47	49	46	9	35	14	39	25	38	32	10	43	11	30	63	45	16	22	34	8	53	37	19	15	64	17	30	39	34	36	26	46	40	31	30	53	19	40	28	7	18	39	0	30	43	24	37	29	22	34	52	28	45	12	28	29	57	13	29	14	68	23	28	32	31	43	9	59	51	28	18	39	31	41	57	30	16	43	29	57	5	26	22	56	26	54	38	14	52	66	60	34	47	21	50	46	26	26	43	19	30	39	18	23	28	27	41	35	17	48	21	25	13	26	22	44	30	
63	48	22	33	29	29	14	38	37	29	10	43	30	33	37	38	15	25	30	50	20	14	23	30	8	4	40	48	36	41	29	29	33	43	39	47	17	24	51	16	23	44	54	23	23	35	19	30	56	21	33	30	54	25	38	51	30	34	34	24	26	11	11	6	36	34	15	46	5	52	13	52	39	26	24	42	30	0	28	8	38	46	26	50	32	40	44	35	17	4	34	35	37	23	59	47	12	38	13	15	22	53	49	48	22	16	4	37	51	3	22	14	23	27	24	52	27	30	14	39	49	24	41	57	39	58	45	45	29	22	42	5	18	35	5	24	39	49	20	23	28	15	21	21	41	5	26	14	11	28	2	
60	24	49	57	52	42	23	34	54	18	38	16	36	46	11	15	42	12	41	47	46	42	27	19	31	31	19	23	22	49	41	52	57	15	13	23	29	34	41	37	5	39	43	11	43	10	33	17	28	14	55	25	47	44	10	41	29	36	41	48	15	22	39	27	28	6	16	37	34	27	37	38	30	44	48	23	43	28	0	35	19	39	52	40	9	32	21	54	16	24	16	55	63	29	30	47	41	25	16	21	34	25	24	43	26	42	24	14	23	32	27	36	15	39	40	53	53	22	42	11	35	30	12	29	17	55	21	45	9	12	36	32	16	57	22	4	40	50	48	17	3	12	26	18	40	29	31	19	37	1	25	
60	52	14	25	21	24	16	37	30	32	6	51	28	28	43	43	7	34	26	48	12	12	23	32	6	4	44	52	38	37	34	21	25	50	45	52	24	21	51	10	29	43	54	28	16	41	16	33	62	29	25	31	53	19	45	52	30	32	40	16	29	19	9	14	37	40	23	46	5	56	5	54	40	19	16	45	24	8	35	0	41	45	18	50	39	41	48	28	21	10	42	27	29	22	65	44	6	40	19	23	19	58	53	47	23	15	12	42	57	6	22	18	26	33	19	49	19	38	7	46	51	23	47	64	47	56	50	42	37	30	41	3	26	27	13	31	37	46	12	26	34	22	21	29	40	6	24	17	3	35	10	
42	12	53	57	51	36	25	19	48	9	47	29	26	39	12	7	47	32	33	30	50	52	22	9	36	39	4	12	5	37	59	52	57	25	13	11	45	29	21	38	21	23	24	15	42	11	31	8	26	32	53	15	29	42	24	21	18	24	59	48	12	37	49	40	13	16	32	18	43	16	41	19	13	41	49	4	37	38	19	41	0	21	54	21	29	15	7	50	21	34	36	51	64	24	31	32	48	7	26	37	31	21	13	26	21	54	35	6	20	41	22	50	15	56	37	38	54	42	48	24	15	24	19	29	34	37	10	31	29	31	20	40	33	55	33	19	26	35	53	15	16	25	23	37	25	35	24	24	42	21	36	
21	29	53	51	46	28	31	8	37	22	52	50	19	28	34	28	48	50	25	9	50	58	23	20	40	45	25	31	17	21	72	47	51	47	34	29	59	26	6	38	38	3	9	30	38	32	30	22	45	49	45	16	8	36	45	7	15	14	75	45	25	50	55	50	11	37	47	3	50	32	43	12	9	35	46	20	29	46	39	45	21	0	50	5	49	7	27	41	32	42	56	42	58	23	50	12	51	14	38	52	28	40	31	5	23	61	44	27	40	48	24	60	27	70	32	17	50	60	51	46	11	22	41	49	55	16	29	12	48	48	4	45	49	48	42	37	11	14	55	26	35	39	25	53	8	42	21	33	45	40	45	
59	66	6	7	5	23	29	43	20	44	20	68	31	24	58	57	11	52	26	50	7	23	32	44	21	22	58	66	49	34	50	5	7	68	60	65	42	25	57	15	46	47	59	43	12	56	22	45	77	47	9	40	56	14	62	58	37	36	56	5	43	37	22	32	45	56	42	52	23	70	14	61	48	15	4	56	22	26	52	18	54	50	0	56	58	48	61	15	36	29	60	15	10	30	81	45	16	50	36	41	23	73	67	50	32	26	30	56	72	24	31	34	41	48	18	47	1	57	14	64	59	30	63	79	66	56	63	43	55	49	47	21	45	10	31	48	40	45	11	39	51	40	31	48	43	24	31	33	15	52	29	
21	27	58	56	51	33	35	13	42	24	56	50	24	34	34	28	53	52	30	12	55	62	27	22	44	50	24	29	18	27	76	52	56	46	34	27	62	31	1	43	40	8	4	32	43	32	35	24	43	51	51	20	8	42	45	2	20	19	78	50	27	53	60	54	14	38	50	4	54	30	48	7	11	41	51	18	34	50	40	50	21	5	56	0	50	9	25	46	35	46	57	47	64	28	48	16	56	15	41	54	33	38	29	8	27	65	48	27	38	52	28	64	30	73	37	20	56	62	56	46	8	27	40	47	55	17	27	16	49	50	9	50	52	53	46	38	16	18	60	29	37	42	29	56	13	46	26	37	50	42	49	
70	31	54	64	58	51	31	44	62	27	41	12	45	55	18	23	47	7	50	57	51	44	36	29	37	36	27	29	31	58	37	59	64	14	19	30	26	43	50	44	13	49	53	20	50	18	41	27	30	12	61	35	57	52	9	50	39	46	35	54	25	23	42	29	38	12	16	47	37	32	43	48	39	52	54	32	52	32	9	39	29	49	58	50	0	42	28	62	24	29	7	62	68	38	30	57	45	34	22	20	43	29	30	53	35	44	28	23	27	35	36	35	24	35	48	63	59	14	46	10	44	39	15	29	8	65	28	55	2	10	46	36	15	64	26	13	50	60	52	26	13	18	35	14	49	34	40	26	42	8	29	
28	24	49	50	44	26	25	5	37	14	47	43	17	28	27	22	44	43	23	15	46	53	18	13	35	40	19	25	10	24	66	45	50	40	28	24	52	22	10	34	31	8	13	23	36	25	26	15	40	42	44	10	15	34	38	11	11	12	68	43	18	43	50	44	4	30	40	5	44	28	39	13	2	34	43	14	28	40	32	41	15	7	48	9	42	0	21	40	25	37	48	41	57	19	45	17	47	8	31	45	24	35	26	11	18	55	38	21	34	42	19	54	20	64	30	23	48	53	47	39	10	18	34	43	48	23	23	16	41	41	5	40	42	47	36	30	12	20	51	19	28	32	20	46	10	36	17	27	41	33	39	
46	4	60	65	59	44	32	26	56	17	53	25	34	46	10	6	54	33	41	36	57	58	29	17	42	46	3	5	13	44	62	60	65	21	9	3	49	37	25	46	24	29	27	20	50	10	39	15	18	35	60	22	33	50	21	25	26	32	62	56	18	42	55	45	20	16	36	24	49	8	48	21	19	49	57	7	45	44	21	48	7	27	61	25	28	21	0	58	27	40	35	58	71	31	23	38	54	13	31	41	38	13	5	32	29	60	40	7	13	47	30	55	21	60	45	44	62	42	55	22	18	31	15	22	32	42	2	37	29	33	26	46	36	63	38	22	33	41	60	22	18	30	30	39	31	42	31	30	49	22	41	
46	62	21	12	10	14	31	35	5	41	32	71	24	12	58	55	22	58	17	38	20	36	29	41	27	31	54	63	45	21	62	10	12	69	60	61	52	21	47	19	49	37	49	44	12	55	21	43	76	54	6	35	44	10	64	48	31	28	68	13	42	46	35	41	38	57	49	43	33	66	22	52	41	10	14	52	12	35	54	28	50	41	15	46	62	40	58	0	38	36	66	1	19	26	80	32	28	45	40	50	20	71	63	39	30	40	38	54	70	34	28	46	40	61	13	34	15	65	26	66	51	26	64	79	70	43	60	31	60	55	38	30	52	8	38	50	29	32	26	38	52	44	29	56	33	31	26	35	25	55	37	
51	31	34	41	36	27	7	24	38	12	26	32	22	31	22	21	27	21	26	38	31	31	12	13	16	18	23	31	19	35	40	36	41	31	24	30	26	19	36	21	11	31	39	7	27	20	17	13	41	18	38	15	40	28	26	36	17	24	43	32	9	18	28	19	21	20	15	31	22	35	22	36	23	28	32	25	28	17	16	21	21	32	36	35	24	25	27	38	0	13	29	38	47	14	44	36	27	21	5	19	19	37	32	35	11	33	14	20	35	20	12	29	6	38	24	42	37	30	28	27	33	15	27	43	32	46	28	34	22	18	28	19	18	41	12	11	28	39	34	6	14	8	11	22	29	15	16	3	23	16	15	
60	44	25	35	30	28	11	34	37	25	13	40	28	32	33	34	18	23	29	47	22	18	20	26	9	7	36	43	32	40	31	30	35	40	35	43	18	22	47	17	19	41	50	19	24	31	18	26	52	18	34	26	51	26	34	48	27	32	35	25	22	10	15	7	32	30	13	42	9	48	14	49	35	26	25	38	29	4	24	10	34	42	29	46	29	37	40	36	13	0	31	36	39	20	55	44	16	34	8	14	21	49	44	45	19	20	2	33	47	7	19	17	19	29	24	50	30	29	17	36	45	22	37	53	37	55	41	42	26	20	38	7	16	36	2	20	37	46	23	19	24	12	18	20	38	5	23	10	13	24	2	
77	38	56	67	62	56	36	50	67	34	43	16	50	60	25	30	49	8	55	63	54	44	41	35	40	38	34	36	38	64	32	62	67	19	26	37	25	48	57	47	18	56	60	26	54	25	46	34	35	13	65	41	64	56	14	57	45	52	30	57	31	23	43	29	45	19	18	54	38	39	46	55	46	56	57	39	57	34	16	42	36	56	60	57	7	48	35	66	29	31	0	66	71	43	35	63	46	41	26	20	48	34	37	60	40	43	30	30	32	37	41	34	30	31	53	70	61	9	48	15	51	44	21	34	7	72	35	62	7	11	53	39	15	67	29	19	56	66	53	32	20	22	40	13	56	36	45	31	44	15	31	
47	63	21	11	9	14	31	36	6	42	31	71	24	13	58	56	22	58	17	39	20	36	29	42	27	31	55	63	46	22	62	10	11	69	60	62	52	21	48	19	50	38	50	44	12	56	21	43	76	54	5	36	45	10	65	49	32	28	68	13	42	46	34	41	39	58	49	44	33	67	22	53	42	10	13	53	13	35	55	27	51	42	15	47	62	41	58	1	38	36	66	0	18	27	80	33	28	45	40	50	20	72	64	40	30	39	38	54	71	33	29	46	41	60	14	35	14	65	26	66	52	27	64	79	70	44	61	32	60	55	38	30	52	7	38	50	30	33	25	39	52	44	29	56	34	31	27	36	25	55	37	
65	76	15	7	12	30	40	52	24	54	29	79	40	30	69	67	21	63	33	56	17	31	42	54	31	33	68	76	59	40	58	11	7	78	71	75	51	34	65	26	57	55	67	54	21	67	32	56	88	58	13	49	63	22	73	66	47	44	65	15	53	48	31	42	54	67	52	60	32	80	25	70	57	23	14	66	29	37	63	29	64	58	10	64	68	57	71	19	47	39	71	18	0	40	92	51	25	60	47	52	33	84	77	57	42	34	41	66	82	34	41	43	51	57	27	53	10	67	23	74	68	40	74	90	76	62	73	49	66	60	55	32	55	11	42	58	47	51	19	50	62	51	41	58	50	34	40	44	26	63	39	
40	36	31	33	27	13	9	15	25	15	28	45	8	17	31	28	25	35	12	26	27	34	2	14	16	22	28	36	19	21	51	28	33	43	33	35	38	5	29	15	25	21	32	18	18	29	7	16	49	32	29	9	31	18	38	30	8	11	55	25	15	29	32	28	15	31	29	24	26	40	20	32	18	17	25	26	14	23	29	22	24	23	30	28	38	19	31	26	14	20	43	27	40	0	53	24	28	20	18	32	7	44	37	25	3	37	22	27	43	25	2	37	14	49	13	29	30	44	28	40	29	1	37	52	46	35	33	21	36	33	19	22	31	31	21	25	16	26	32	12	26	22	3	36	18	18	2	13	22	30	22	
69	21	79	85	80	66	51	50	78	38	69	19	57	69	22	25	72	38	64	59	76	73	51	38	60	62	26	19	36	68	67	80	85	16	20	21	57	59	48	65	36	52	49	37	71	24	60	37	5	42	82	45	56	71	22	47	49	55	65	76	38	52	70	57	44	25	46	47	64	18	67	42	43	71	77	30	68	59	30	65	31	50	81	48	30	45	23	80	44	55	35	80	92	53	0	61	71	37	46	50	60	10	19	55	50	73	54	26	10	62	51	65	40	65	66	67	82	44	72	20	40	53	18	1	28	65	21	61	33	40	50	62	44	85	53	34	57	64	78	42	30	43	51	45	55	59	54	48	67	30	56	
16	41	48	44	40	22	33	13	28	29	50	60	16	21	44	39	44	57	19	5	45	57	24	28	39	45	36	42	27	11	75	41	44	57	45	40	62	23	17	35	45	9	18	37	33	42	28	30	57	55	38	21	12	31	54	18	18	12	79	40	32	53	54	52	19	46	52	15	49	44	40	23	19	30	41	31	23	47	47	44	32	12	45	16	57	17	38	32	36	44	63	33	51	24	61	0	49	25	42	56	25	51	42	7	25	60	46	38	51	48	25	61	33	73	27	6	45	66	48	55	23	22	51	60	64	11	40	2	56	55	12	45	54	40	45	44	7	3	51	31	43	44	26	59	7	42	21	36	43	48	46	
65	59	10	23	19	28	22	43	32	38	4	56	33	31	49	49	5	38	30	53	9	8	29	39	12	9	51	59	44	41	34	19	23	56	51	58	26	25	57	14	35	48	60	34	18	47	21	39	68	33	24	37	58	21	50	58	36	38	40	15	36	22	6	17	43	46	28	52	7	63	8	60	46	21	14	51	28	12	41	6	48	51	16	56	45	47	54	28	27	16	46	28	25	28	71	49	0	46	25	26	24	65	60	52	29	12	17	48	63	9	28	18	33	32	22	53	17	42	2	52	57	29	53	70	52	61	56	47	42	35	47	8	30	25	18	37	42	50	7	32	40	28	27	33	45	12	30	24	6	41	15	
35	17	50	53	47	31	24	12	42	9	46	35	21	33	19	14	44	36	28	23	47	52	18	8	34	39	11	18	2	31	61	48	53	32	20	17	47	25	16	35	24	16	19	17	38	17	27	8	32	36	48	10	22	38	30	16	13	18	63	45	13	39	49	41	6	22	35	12	43	21	39	15	6	37	46	7	32	38	25	40	7	14	50	15	34	8	13	45	21	34	41	45	60	20	37	25	46	0	27	40	26	27	19	19	18	54	35	13	27	41	19	51	15	59	33	31	51	46	46	31	11	19	26	36	40	31	16	24	34	35	13	39	36	51	33	23	19	28	51	15	21	27	19	40	18	35	19	24	40	26	36	
57	35	33	42	36	30	10	30	41	17	22	32	26	34	24	25	26	18	29	43	30	27	17	18	15	15	28	35	24	39	34	37	42	31	26	34	21	22	42	22	10	36	45	11	28	22	20	18	43	14	39	21	46	30	26	42	23	29	37	32	14	12	24	14	26	21	10	37	18	39	21	42	29	30	32	30	31	13	16	19	26	38	36	41	22	31	31	40	5	8	26	40	47	18	46	42	25	27	0	14	22	40	36	41	16	28	9	24	38	16	17	24	11	32	27	48	37	25	26	27	38	20	28	45	30	52	32	40	19	15	34	16	13	42	7	12	34	44	31	12	15	4	15	17	35	12	21	5	21	16	10	
71	45	37	48	44	42	23	44	51	30	23	32	40	46	32	35	30	12	42	57	35	24	31	32	23	19	38	44	37	53	21	44	48	34	34	44	8	35	55	31	17	50	58	22	38	31	31	31	48	8	48	35	60	40	28	56	37	43	23	39	27	4	23	9	40	27	5	51	19	48	28	55	43	40	39	41	43	15	21	23	37	52	41	54	20	45	41	50	19	14	20	50	52	32	50	56	26	40	14	0	34	46	45	55	30	24	12	34	44	17	30	15	24	19	38	62	42	15	28	29	51	33	32	49	26	66	42	54	17	10	48	20	5	50	12	19	48	58	34	25	23	12	29	6	49	19	35	19	26	20	13	
41	43	25	26	20	8	12	20	19	22	25	51	9	12	38	35	20	40	8	29	22	31	9	21	14	20	35	43	26	19	51	21	26	49	39	42	39	2	34	10	30	25	37	24	11	35	2	23	56	36	21	16	34	11	44	35	13	14	56	18	21	31	29	28	21	37	32	29	24	47	15	37	24	10	19	33	9	22	34	19	31	28	23	33	43	24	38	20	19	21	48	20	33	7	60	25	24	26	22	34	0	51	44	28	10	34	23	34	50	23	8	36	20	49	6	30	24	48	23	46	35	7	44	59	51	37	41	23	41	37	24	20	34	24	22	30	18	26	27	18	32	26	8	39	21	17	7	17	18	35	23	
59	11	72	77	72	57	44	40	69	29	63	20	48	60	15	16	65	36	55	49	69	67	42	30	53	55	17	9	26	58	66	72	77	16	13	11	54	50	38	58	30	42	39	30	62	17	51	28	5	39	73	36	46	63	20	37	40	46	64	68	30	48	64	52	34	19	41	37	59	8	60	32	33	62	69	20	59	53	25	58	21	40	73	38	29	35	13	71	37	49	34	72	84	44	10	51	65	27	40	46	51	0	9	45	41	68	49	17	2	56	43	61	32	64	58	57	74	43	66	19	30	45	14	9	29	55	11	51	31	37	40	56	41	76	47	28	47	54	71	33	24	37	43	43	45	52	45	41	60	26	50	
50	2	66	70	65	49	38	31	61	22	58	24	40	52	13	10	59	36	47	40	63	63	35	22	48	51	9	1	18	50	65	65	70	20	11	2	53	43	29	51	28	33	30	25	55	14	44	21	14	38	66	28	37	55	22	28	32	37	65	62	24	46	60	49	25	18	40	28	54	3	54	23	24	55	62	12	51	49	24	53	13	31	67	29	30	26	5	63	32	44	37	64	77	37	19	42	60	19	36	45	44	9	0	36	34	64	45	11	9	52	36	59	26	63	50	48	67	44	60	22	21	37	15	18	32	46	3	42	31	36	31	51	40	69	43	26	38	45	66	27	22	34	36	42	36	47	37	35	55	25	46	
16	34	53	50	45	27	33	10	34	26	53	55	19	26	39	33	48	54	24	4	50	59	25	24	41	47	30	36	22	18	75	46	50	51	39	34	62	26	9	38	42	4	10	34	38	37	30	26	50	53	44	19	6	36	50	10	18	14	78	45	29	53	56	53	15	42	50	8	51	37	43	15	13	35	46	25	28	48	43	47	26	5	50	8	53	11	32	39	35	45	60	40	57	25	55	7	52	19	41	55	28	45	36	0	25	62	47	32	45	50	25	62	31	73	32	12	50	64	51	50	16	23	45	54	60	11	34	8	52	52	7	47	53	46	45	41	10	10	55	29	40	43	27	57	7	43	22	36	46	45	47	
41	33	32	36	30	16	8	15	28	12	29	41	10	20	28	25	26	33	15	27	29	35	1	12	17	22	25	33	17	23	50	31	36	39	30	32	36	8	28	17	22	21	31	15	21	25	10	13	46	30	31	8	31	21	35	29	7	12	53	27	12	28	32	27	14	28	26	23	26	37	21	31	17	20	28	24	18	22	26	23	21	23	32	27	35	18	29	30	11	19	40	30	42	3	50	25	29	18	16	30	10	41	34	25	0	37	21	24	40	25	1	37	11	48	16	31	33	42	29	36	28	4	34	49	43	36	31	23	33	30	19	22	29	34	20	22	17	27	33	9	23	19	2	34	19	18	5	11	23	27	21	
76	64	19	33	31	40	30	52	44	45	9	56	43	43	52	54	17	36	41	64	20	3	38	46	21	15	56	63	52	53	24	30	33	57	55	63	19	36	66	25	37	58	69	39	30	51	32	46	71	32	35	45	68	33	51	67	45	48	31	26	42	20	5	15	51	48	27	61	11	67	20	68	54	33	26	58	39	16	42	15	54	61	26	65	44	55	60	40	33	20	43	39	34	37	73	60	12	54	28	24	34	68	64	62	37	0	19	53	66	13	37	9	39	23	34	65	27	37	13	53	65	38	55	72	50	72	61	58	41	34	57	15	29	36	21	39	53	61	15	39	43	30	35	30	55	19	40	30	17	42	18	
62	44	26	37	32	30	13	36	39	26	14	39	30	34	33	34	19	21	31	49	24	18	22	27	11	8	37	44	33	42	29	32	37	39	35	43	15	24	49	19	18	43	52	20	26	31	20	27	52	17	36	28	52	28	33	49	29	34	33	27	23	8	15	5	34	30	11	44	10	48	16	50	37	28	27	39	31	4	24	12	35	44	30	48	28	38	40	38	14	2	30	38	41	22	54	46	17	35	9	12	23	49	45	47	21	19	0	33	47	7	21	15	20	26	26	52	31	27	18	35	47	24	36	53	35	57	41	44	25	18	40	8	14	38	2	20	39	48	24	20	24	11	20	18	40	7	25	11	14	24	1	
48	11	54	60	54	40	26	25	52	12	46	22	31	43	6	1	48	27	38	36	51	51	25	12	36	39	4	10	11	42	55	55	60	19	7	10	42	33	28	40	17	29	30	13	45	5	33	10	22	28	56	19	35	45	17	27	23	29	55	50	12	35	49	38	19	10	29	25	43	14	42	24	19	44	51	9	41	37	14	42	6	27	56	27	23	21	7	54	20	33	30	54	66	27	26	38	48	13	24	34	34	17	11	32	24	53	33	0	16	40	25	48	15	53	40	44	56	36	49	18	21	27	13	25	28	43	8	37	23	26	26	39	29	58	31	15	32	41	54	16	11	23	25	32	31	35	27	24	43	16	34	
59	11	70	76	70	56	42	39	68	28	61	18	47	59	13	15	63	34	54	49	67	65	41	28	52	54	16	9	26	58	64	71	76	14	11	11	52	49	38	56	28	42	39	28	61	15	50	27	5	37	72	35	46	61	18	37	39	45	62	67	29	46	63	50	33	17	40	37	57	8	58	32	32	61	67	20	57	51	23	57	20	40	72	38	27	34	13	70	35	47	32	71	82	43	10	51	63	27	38	44	50	2	9	45	40	66	47	16	0	55	42	59	31	62	57	57	72	41	64	17	30	43	12	9	27	55	11	50	29	35	39	54	39	75	45	26	46	54	69	32	22	35	41	41	45	50	44	39	58	24	48	
64	51	19	31	27	29	17	40	36	32	6	47	31	33	41	42	13	29	31	51	17	11	25	33	9	2	44	51	39	42	29	27	31	47	43	50	18	25	53	16	26	46	56	27	22	39	20	33	60	24	31	32	56	25	41	54	32	36	34	22	29	13	8	8	38	37	18	48	2	55	11	55	41	25	22	45	30	3	32	6	41	48	24	52	35	42	47	34	20	7	37	33	34	25	62	48	9	41	16	17	23	56	52	50	25	13	7	40	55	0	24	13	26	27	24	53	25	32	11	43	52	26	44	61	43	60	49	46	32	26	44	3	21	33	9	28	41	50	16	26	32	19	23	24	43	6	27	17	9	32	6	
41	34	31	34	29	15	7	15	27	13	28	43	9	19	29	27	25	33	14	28	28	34	1	13	16	21	26	35	18	23	50	29	34	41	31	34	36	7	29	16	23	21	32	16	19	27	8	14	47	31	30	9	31	19	36	30	8	12	53	26	13	28	31	27	15	29	27	24	25	39	20	32	18	19	26	25	16	22	27	22	22	24	31	28	36	19	30	28	12	19	41	29	41	2	51	25	28	19	17	30	8	43	36	25	1	37	21	25	42	24	0	36	12	48	15	31	31	42	28	38	29	3	35	50	44	36	32	23	34	31	19	21	29	33	19	23	17	27	32	10	24	20	1	34	19	18	4	11	22	28	21	
77	59	28	41	38	43	29	52	49	41	14	48	45	47	46	49	24	28	44	64	27	12	37	42	22	16	52	58	48	55	16	38	41	49	48	58	10	38	65	29	31	58	68	35	35	45	33	42	64	23	42	44	68	38	43	65	44	49	22	33	38	13	12	10	49	42	19	60	13	62	24	66	52	38	33	54	43	14	36	18	50	60	34	64	35	54	55	46	29	17	34	46	43	37	65	61	18	51	24	15	36	61	59	62	37	9	15	48	59	13	36	0	35	14	37	66	35	27	20	45	62	39	48	64	42	72	56	59	33	25	56	17	21	44	17	33	54	63	24	35	37	25	35	21	56	19	40	27	21	35	15	
47	26	39	45	39	27	11	20	39	6	32	30	21	31	17	16	32	23	26	34	36	37	12	7	21	24	18	25	13	34	46	40	45	28	19	25	32	19	31	25	11	27	34	4	30	15	19	7	36	22	41	11	36	31	24	31	14	21	48	36	3	23	34	25	16	17	20	26	28	29	27	31	18	30	36	19	29	23	15	26	15	27	41	30	24	20	21	40	6	19	30	41	51	14	40	33	33	15	11	24	20	32	26	31	11	39	20	15	31	26	12	35	0	43	26	39	41	33	34	25	27	15	23	39	32	42	23	31	22	21	24	25	21	44	18	11	26	36	39	2	12	12	11	26	26	20	16	9	28	16	21	
89	63	42	55	52	56	40	63	63	50	29	47	57	60	50	54	38	28	57	76	41	26	48	51	36	30	57	62	56	69	2	52	55	49	52	62	11	51	74	43	36	69	77	42	49	49	47	50	65	25	57	54	79	52	44	75	55	60	8	48	46	20	26	21	59	45	24	69	27	66	38	74	62	52	47	61	57	27	39	33	56	70	48	73	35	64	60	61	38	29	31	60	57	49	65	73	32	59	32	19	49	64	63	73	48	23	26	53	62	27	48	14	43	0	51	79	49	22	34	45	71	50	50	64	38	84	60	71	33	27	66	30	23	58	28	38	65	75	38	44	41	31	46	21	67	32	52	37	35	38	26	
43	49	21	20	14	5	17	25	14	28	24	57	13	9	44	42	17	45	8	32	18	30	15	28	15	21	41	50	32	18	53	15	20	55	46	48	41	7	38	8	35	29	41	30	6	42	7	29	62	41	15	22	38	5	50	39	19	18	58	13	28	34	28	30	27	43	36	33	24	53	14	43	29	4	14	39	5	24	40	19	37	32	18	37	48	30	45	13	24	24	53	14	27	13	66	27	22	33	27	38	6	58	50	32	16	34	26	40	57	24	15	37	26	51	0	31	18	52	21	52	40	13	50	65	56	39	47	25	46	42	28	20	39	18	25	36	22	28	23	25	38	31	15	43	25	19	13	22	17	41	25	
12	46	51	46	42	25	38	19	29	35	55	66	21	23	50	45	48	63	23	8	49	61	30	34	44	50	42	48	33	13	81	43	46	63	51	46	67	28	21	39	51	15	21	43	36	48	33	36	62	61	40	28	14	34	61	22	25	18	85	43	38	59	59	58	25	53	58	20	54	50	45	27	25	33	44	37	26	52	53	49	38	17	47	20	63	23	44	34	42	50	70	35	53	29	67	6	53	31	48	62	30	57	48	12	31	65	52	44	57	53	31	66	39	79	31	0	47	72	52	61	28	28	57	66	70	9	46	8	62	61	18	50	60	42	50	50	13	3	55	38	50	50	32	65	13	47	26	42	47	55	52	
59	66	7	6	5	23	30	43	20	45	21	69	32	24	59	58	12	53	26	50	8	24	32	45	21	23	58	67	50	34	51	4	6	68	61	65	43	26	57	16	47	47	60	44	12	57	23	46	78	48	9	40	56	14	63	58	38	36	57	5	43	38	23	33	45	57	43	52	24	70	15	61	48	15	5	57	22	27	53	19	54	50	1	56	59	48	62	15	37	30	61	14	10	30	82	45	17	51	37	42	24	74	67	50	33	27	31	56	72	25	31	35	41	49	18	47	0	58	15	64	59	31	64	80	67	56	64	43	56	50	47	22	46	9	32	48	40	45	12	40	52	41	31	49	43	25	31	34	16	53	30	
81	45	52	63	59	56	36	54	66	38	38	25	52	60	32	37	46	9	55	67	50	38	43	39	38	34	41	44	43	65	24	59	63	28	33	44	17	48	62	46	22	60	65	30	53	32	45	38	44	11	63	44	68	55	23	62	47	54	21	54	35	19	37	25	49	26	16	58	34	47	43	61	51	55	54	45	56	30	22	38	42	60	57	62	14	53	42	65	30	29	9	65	67	44	44	66	42	46	25	15	48	43	44	64	42	37	27	36	41	32	42	27	33	22	52	72	58	0	43	24	57	45	29	43	16	76	42	64	13	11	57	35	13	65	27	23	59	69	49	34	25	22	41	9	59	34	47	31	41	20	28	
64	60	8	21	18	27	23	43	30	38	6	58	32	30	50	50	4	40	29	52	7	10	29	39	12	10	52	59	45	40	36	17	21	57	52	59	28	25	57	13	36	48	60	35	17	48	21	40	69	35	22	37	58	19	52	58	36	37	42	13	36	24	8	18	43	47	30	52	9	63	8	60	46	20	13	52	26	14	42	7	48	51	14	56	46	47	55	26	28	17	48	26	23	28	72	48	2	46	26	28	23	66	60	51	29	13	18	49	64	11	28	20	34	34	21	52	15	43	0	53	57	29	54	71	54	60	57	46	43	37	47	9	32	23	19	38	42	49	5	33	42	29	27	35	44	13	30	25	6	42	17	
67	23	61	69	64	53	35	42	65	27	49	5	46	57	12	17	54	17	51	54	58	53	37	28	43	43	21	21	28	59	47	64	69	4	12	22	36	45	46	49	17	47	48	21	55	13	44	26	20	21	66	35	53	56	1	46	39	46	45	59	25	32	50	37	36	9	25	43	45	24	49	42	37	56	60	27	54	39	11	46	24	46	64	46	10	39	22	66	27	36	15	66	74	40	20	55	52	31	27	29	46	19	22	50	36	53	35	18	17	43	38	45	25	45	52	61	64	24	53	0	39	40	6	19	10	62	21	54	12	19	44	43	24	69	33	16	49	58	59	27	13	24	37	24	48	40	41	30	49	11	36	
29	19	60	60	55	37	35	16	47	21	57	43	27	38	27	21	54	47	34	19	57	63	28	19	45	50	17	21	14	33	73	56	60	39	27	19	59	33	8	44	36	15	9	29	46	26	36	20	35	47	55	20	16	45	39	7	21	23	74	53	24	51	60	52	14	32	46	8	54	22	49	3	11	44	54	12	38	49	35	51	15	11	59	8	44	10	18	51	33	45	51	52	68	29	40	23	57	11	38	51	35	30	21	16	28	65	47	21	30	52	29	62	27	71	40	28	59	57	57	39	0	28	33	39	49	25	19	23	44	46	13	50	48	58	45	34	21	26	61	26	31	39	30	52	19	46	27	35	51	36	47	
38	36	31	33	28	13	10	14	25	15	29	45	6	16	31	28	26	37	11	25	28	36	3	15	17	23	28	36	19	19	53	28	33	43	33	35	39	5	28	16	26	19	31	19	18	29	8	16	49	34	29	9	29	18	39	29	7	10	56	25	15	31	33	29	14	32	30	23	27	40	21	31	17	17	26	26	14	24	30	23	24	22	30	27	39	18	31	26	15	22	44	27	40	1	53	22	29	19	20	33	7	45	37	23	4	38	24	27	43	26	3	39	15	50	13	28	31	45	29	40	28	0	38	52	47	33	33	20	37	34	18	23	33	31	22	26	15	24	33	13	27	23	4	37	17	20	1	14	23	31	24	
61	17	61	68	63	51	34	38	63	23	51	9	43	54	7	12	54	22	49	49	58	55	35	24	43	44	16	15	24	55	52	63	68	6	6	16	40	43	40	48	18	42	42	20	54	9	43	22	15	25	65	31	48	55	6	40	35	42	50	59	22	35	52	39	32	7	28	38	46	17	49	36	32	54	59	21	52	41	12	47	19	41	63	40	15	34	15	64	27	37	21	64	74	37	18	51	53	26	28	32	44	14	15	45	34	55	36	13	12	44	35	48	23	50	50	57	64	29	54	6	33	38	0	16	17	57	14	50	17	23	39	44	27	68	35	16	45	54	60	25	12	25	35	29	44	41	38	30	49	13	38	
68	20	77	84	78	65	50	48	77	37	67	18	56	68	21	23	70	37	63	58	75	71	49	37	59	60	25	18	35	67	66	79	84	15	19	20	56	57	47	64	34	51	48	36	69	23	58	35	4	41	80	44	55	70	20	46	48	54	64	75	37	51	69	56	43	23	44	46	63	17	65	41	42	69	75	29	66	57	29	64	29	49	79	47	29	43	22	79	43	53	34	79	90	52	1	60	70	36	45	49	59	9	18	54	49	72	53	25	9	61	50	64	39	64	65	66	80	43	71	19	39	52	16	0	27	64	20	60	32	38	48	61	43	83	51	33	56	63	76	40	29	41	50	44	54	57	52	46	65	29	54	
76	34	62	72	67	59	39	50	70	34	49	9	53	63	22	28	55	14	58	63	59	51	44	36	45	43	32	32	38	66	40	67	72	13	22	33	32	51	56	52	21	56	58	28	59	23	49	34	28	19	70	42	63	60	10	56	46	53	37	62	32	30	49	36	45	17	24	53	45	34	51	53	46	60	62	37	60	39	17	47	34	55	66	55	8	48	32	70	32	37	7	70	76	46	28	64	52	40	30	26	51	29	32	60	43	50	35	28	27	43	44	42	32	38	56	70	67	16	54	10	49	47	17	27	0	71	31	62	10	17	53	44	22	72	34	21	57	67	59	34	20	26	43	20	57	42	48	34	50	16	37	
5	44	60	55	51	33	44	22	38	37	62	66	28	32	50	44	56	66	31	8	57	68	35	36	51	57	41	46	33	22	86	52	55	63	50	44	73	35	17	46	54	15	16	46	44	48	39	38	60	64	49	31	9	42	61	18	29	23	89	51	41	64	66	63	26	53	62	18	61	47	52	23	25	41	52	35	34	58	55	56	37	16	56	17	65	23	42	43	46	55	72	44	62	35	65	11	61	31	52	66	37	55	46	11	36	72	57	43	55	60	36	72	42	84	39	9	56	76	60	62	25	33	57	64	71	0	44	13	64	64	18	56	64	51	56	53	18	11	63	41	51	54	37	68	17	53	32	47	55	56	58	
48	3	62	67	61	46	34	28	58	19	55	24	36	49	10	7	55	33	43	38	59	60	31	19	44	47	5	2	15	47	62	62	67	20	9	2	50	39	27	48	25	31	29	21	52	11	41	17	16	35	62	25	35	52	21	26	28	34	62	58	20	43	57	46	22	16	37	26	51	6	50	22	21	51	59	9	47	45	21	50	10	29	63	27	28	23	2	60	28	41	35	61	73	33	21	40	56	16	32	42	41	11	3	34	31	61	41	8	11	49	32	56	23	60	47	46	64	42	57	21	19	33	14	20	31	44	0	39	29	33	28	48	37	65	40	23	35	43	62	24	19	31	32	40	33	44	34	32	51	22	43	
18	40	46	42	38	20	31	12	26	27	48	59	14	19	43	38	42	55	17	7	43	55	22	26	37	43	35	42	26	10	73	39	42	56	44	40	60	21	17	32	43	8	19	35	31	41	25	28	56	53	36	20	13	29	53	19	17	10	77	38	30	51	52	50	18	45	50	15	47	44	38	24	18	28	39	30	21	45	45	42	31	12	43	16	55	16	37	31	34	42	62	32	49	21	61	2	47	24	40	54	23	51	42	8	23	58	44	37	50	46	23	59	31	71	25	8	43	64	46	54	23	20	50	60	62	13	39	0	54	53	11	43	52	38	43	42	5	4	49	29	42	42	24	57	6	40	19	34	41	47	44	
69	32	51	61	56	49	29	42	60	26	39	15	43	53	18	23	44	5	48	56	49	41	34	28	34	33	28	30	31	56	35	56	61	16	20	31	24	41	50	41	11	48	53	18	48	18	39	26	32	9	59	34	56	50	11	50	37	44	33	51	23	20	39	26	37	13	14	46	34	34	40	48	39	49	52	32	50	29	9	37	29	48	55	49	2	41	29	60	22	26	7	60	66	36	33	56	42	34	19	17	41	31	31	52	33	41	25	23	29	32	34	33	22	33	46	62	56	13	43	12	44	37	17	32	10	64	29	54	0	7	45	34	12	61	24	11	48	58	49	24	12	15	33	12	48	31	38	24	39	7	26	
69	36	45	55	50	45	25	42	56	26	32	22	41	49	23	27	38	3	44	56	42	34	31	28	28	26	31	35	32	54	29	50	55	23	25	35	17	37	51	36	10	48	54	18	43	22	35	26	38	2	54	33	57	45	18	51	36	42	28	45	23	13	32	19	37	18	7	47	28	39	34	50	39	45	46	35	46	22	12	30	31	48	49	50	10	41	33	55	18	20	11	55	60	33	40	55	35	35	15	10	37	37	36	52	30	34	18	26	35	26	31	25	21	27	42	61	50	11	37	19	46	34	23	38	17	64	33	53	7	0	45	27	5	56	18	12	47	57	42	23	15	11	30	6	48	25	35	20	33	11	20	
23	29	49	48	43	24	27	4	34	18	48	48	15	25	32	27	44	47	21	10	46	54	18	17	35	41	24	30	15	20	69	43	48	45	33	28	55	22	10	34	35	3	13	27	34	30	26	19	45	46	42	12	12	33	43	11	11	10	71	41	22	46	51	46	8	35	43	5	45	32	39	14	7	32	42	19	26	42	36	41	20	4	47	9	46	5	26	38	28	38	53	38	55	19	50	12	47	13	34	48	24	40	31	7	19	57	40	26	39	44	19	56	24	66	28	18	47	57	47	44	13	18	39	48	53	18	28	11	45	45	0	41	45	45	38	34	8	15	51	22	33	36	21	50	5	37	17	29	41	38	41	
61	50	17	28	24	26	15	37	33	30	7	48	28	30	40	41	10	30	27	48	15	13	22	31	5	1	43	50	37	38	32	24	28	48	43	49	21	21	50	12	26	43	54	26	18	38	17	31	59	26	28	30	53	21	42	51	29	33	38	19	27	16	10	11	36	37	20	45	4	54	8	53	39	21	19	43	26	5	32	3	40	45	21	50	36	40	46	30	19	7	39	30	32	22	62	45	8	39	16	20	20	56	51	47	22	15	8	39	54	3	21	17	25	30	20	50	22	35	9	43	50	23	44	61	44	56	48	43	34	27	41	0	23	30	10	28	38	46	15	24	32	19	20	26	40	4	24	15	6	32	7	
69	40	40	51	46	42	23	42	53	27	27	27	39	47	27	30	34	7	42	56	38	29	30	29	25	22	34	39	34	52	25	47	51	28	29	39	13	35	52	33	12	48	55	19	40	26	32	28	43	2	50	33	58	42	22	53	35	42	26	41	24	8	27	14	38	22	3	48	23	43	30	51	40	42	42	37	43	18	16	26	33	49	45	52	15	42	36	52	18	16	15	52	55	31	44	54	30	36	13	5	34	41	40	53	29	29	14	29	39	21	29	21	21	23	39	60	46	13	32	24	48	33	27	43	22	64	37	52	12	5	45	23	0	52	14	14	46	57	38	23	18	10	28	4	47	21	34	18	29	15	15	
54	67	17	4	6	20	34	42	13	46	29	74	30	19	62	60	20	59	23	45	16	33	33	46	27	31	60	68	50	29	60	6	4	72	64	67	51	26	54	20	52	44	57	48	13	60	25	48	81	55	2	41	52	13	67	56	37	34	66	11	46	46	32	41	45	61	49	50	32	72	22	59	47	14	11	58	19	35	57	27	55	48	10	53	64	47	63	8	41	36	67	7	11	31	85	40	25	51	42	50	24	76	69	46	34	36	38	58	75	33	33	44	44	58	18	42	9	65	23	69	58	31	68	83	72	51	65	38	61	56	45	30	52	0	38	53	37	40	21	43	55	46	33	56	40	31	31	38	24	58	37	
61	42	27	37	32	30	12	34	39	24	15	38	29	34	31	32	20	21	30	47	25	20	20	25	11	9	35	42	31	41	30	32	37	38	34	41	17	23	47	19	17	41	50	18	26	30	19	25	50	16	36	26	51	28	32	48	27	32	34	27	21	8	17	7	32	28	11	42	11	46	16	48	35	28	28	37	30	5	22	13	33	42	31	46	26	36	38	38	12	2	29	38	42	21	53	45	18	33	7	12	22	47	43	45	20	21	2	31	45	9	19	17	18	28	25	50	32	27	19	33	45	22	35	51	34	56	40	43	24	18	38	10	14	38	0	18	37	47	25	18	22	10	18	18	39	7	24	9	15	22	3	
57	26	45	53	47	38	19	31	50	15	34	21	32	42	13	16	38	13	37	44	42	38	23	16	27	27	19	25	20	45	40	48	53	20	15	25	27	30	39	33	2	37	42	7	39	12	29	15	31	13	50	22	45	40	14	39	25	32	40	43	12	20	36	24	26	9	14	35	30	29	33	38	27	40	44	23	39	24	4	31	19	37	48	38	13	30	22	50	11	20	19	50	58	25	34	44	37	23	12	19	30	28	26	41	22	39	20	15	26	28	23	33	11	38	36	50	48	23	38	16	34	26	16	33	21	53	23	42	11	12	34	28	14	53	18	0	37	47	43	13	4	8	22	17	37	24	27	14	33	5	21	
23	36	43	40	35	17	25	7	26	22	44	54	9	17	38	33	38	49	14	10	40	50	16	21	32	38	30	38	21	11	68	36	40	51	39	36	54	16	17	28	37	7	19	29	28	36	21	23	52	47	34	14	16	26	48	18	11	5	71	35	25	45	47	44	13	40	44	13	42	40	34	23	13	25	36	26	18	39	40	37	26	11	40	16	50	12	33	29	28	37	56	30	47	16	57	7	42	19	34	48	18	47	38	10	17	53	39	32	46	41	17	54	26	65	22	13	40	59	42	49	21	15	45	56	57	18	35	5	48	47	8	38	46	37	37	37	0	10	45	24	36	36	19	51	3	34	13	29	36	41	39	
14	43	49	44	40	22	35	16	27	32	52	63	18	21	47	42	45	59	20	7	46	58	27	31	41	47	39	45	30	11	77	41	44	60	48	43	64	25	19	36	47	12	20	39	33	45	29	32	60	57	38	24	13	31	57	20	21	15	81	40	35	55	55	54	22	49	54	18	51	47	42	26	22	30	41	34	23	49	50	46	35	14	45	18	60	20	41	32	39	46	66	33	51	26	64	3	50	28	44	58	26	54	45	10	27	61	48	41	54	50	27	63	36	75	28	3	45	69	49	58	26	24	54	63	67	11	43	4	58	57	15	46	57	40	47	47	10	0	52	34	46	47	29	61	10	44	23	39	44	51	48	
67	65	4	18	16	29	28	47	30	44	10	63	36	31	56	55	7	45	32	55	5	12	33	44	17	16	57	65	50	42	39	15	18	63	58	64	32	29	61	17	42	52	64	41	18	54	25	45	75	40	20	41	61	21	58	62	40	41	46	12	42	29	12	24	47	53	35	56	14	69	12	64	50	21	12	57	28	20	48	12	53	55	11	60	52	51	60	26	34	23	53	25	19	32	78	51	7	51	31	34	27	71	66	55	33	15	24	54	69	16	32	24	39	38	23	55	12	49	5	59	61	33	60	76	59	63	62	49	49	42	51	15	38	21	25	43	45	52	0	38	47	35	31	40	48	19	34	30	11	48	22	
46	26	38	43	38	25	10	19	37	6	31	32	19	29	19	17	31	25	24	32	35	37	10	7	20	24	18	26	13	32	47	38	43	30	21	25	33	18	30	24	13	25	33	6	29	17	18	7	38	23	40	10	34	29	26	30	13	19	49	34	3	24	34	25	15	18	21	25	28	30	26	30	17	29	35	19	27	23	17	26	15	26	39	29	26	19	22	38	6	19	32	39	50	12	42	31	32	15	12	25	18	33	27	29	9	39	20	16	32	26	10	35	2	44	25	38	40	34	33	27	26	13	25	40	34	41	24	29	24	23	22	24	23	43	18	13	24	34	38	0	14	13	9	27	24	20	14	9	27	18	21	
56	22	48	56	50	40	21	30	51	14	38	18	33	43	9	12	41	15	38	43	45	42	24	15	30	31	16	21	18	46	43	51	56	17	11	21	31	32	37	36	6	36	40	8	42	8	31	13	27	16	53	22	44	42	12	37	26	33	44	46	12	24	40	28	25	5	18	33	34	25	36	35	26	42	47	20	41	28	3	34	16	35	51	37	13	28	18	52	14	24	20	52	62	26	30	43	40	21	15	23	32	24	22	40	23	43	24	11	22	32	24	37	12	41	38	50	52	25	42	13	31	27	12	29	20	51	19	42	12	15	33	32	18	55	22	4	36	46	47	14	0	13	23	21	36	28	28	17	36	5	25	
59	34	37	46	40	34	14	32	45	18	25	28	30	38	22	24	30	14	33	46	34	29	20	19	19	19	27	33	25	43	34	41	46	28	24	33	20	26	43	26	7	38	46	10	32	20	24	18	40	10	43	23	48	34	22	43	25	32	35	36	14	12	27	15	28	18	7	38	21	37	25	42	30	34	36	29	35	15	12	22	25	39	40	42	18	32	30	44	8	12	22	44	51	22	43	44	28	27	4	12	26	37	34	43	19	30	11	23	35	19	20	25	12	31	31	50	41	22	29	24	39	23	25	41	26	54	31	42	15	11	36	19	10	46	10	8	36	47	35	13	13	0	18	14	37	16	24	9	25	12	13	
42	35	31	34	29	16	6	17	28	13	27	42	11	20	29	26	24	32	15	29	27	33	2	13	15	20	27	35	18	24	48	29	34	40	31	34	35	8	30	15	22	23	33	15	19	26	8	14	47	29	30	10	33	20	36	31	9	14	52	25	13	26	30	25	16	28	25	25	24	39	19	33	19	19	26	25	17	21	26	21	23	25	31	29	35	20	30	29	11	18	40	29	41	3	51	26	27	19	15	29	8	43	36	27	2	35	20	25	41	23	1	35	11	46	15	32	31	41	27	37	30	4	35	50	43	37	32	24	33	30	21	20	28	33	18	22	19	29	31	9	23	18	0	33	20	16	5	10	21	27	20	
73	42	43	55	50	47	27	46	57	31	29	27	44	51	29	33	37	7	47	60	41	31	34	33	29	25	37	41	38	57	23	50	55	29	31	41	12	39	56	37	16	53	59	23	44	28	36	32	44	4	54	37	62	46	23	57	40	46	22	45	28	10	29	16	42	24	7	52	26	45	34	55	44	46	45	41	48	21	18	29	37	53	48	56	14	46	39	56	22	20	13	56	58	36	45	59	33	40	17	6	39	43	42	57	34	30	18	32	41	24	34	21	26	21	43	65	49	9	35	24	52	37	29	44	20	68	40	57	12	6	50	26	4	56	18	17	51	61	40	27	21	14	33	0	52	25	38	22	32	17	19	
21	34	46	43	38	20	27	6	29	22	46	53	12	20	37	32	41	50	17	8	43	52	18	20	34	40	29	36	20	14	69	39	43	50	38	34	55	19	14	31	38	4	16	29	31	35	23	22	50	48	37	14	13	29	47	15	12	7	72	38	25	47	49	46	12	39	45	10	44	38	36	20	12	28	39	24	21	41	40	40	25	8	43	13	49	10	31	33	29	38	56	34	50	18	55	7	45	18	35	49	21	45	36	7	19	55	40	31	45	43	19	56	26	67	25	13	43	59	44	48	19	17	44	54	57	17	33	6	48	48	5	40	47	40	39	37	3	10	48	24	36	37	20	52	0	37	15	30	39	41	41	
58	46	20	30	25	24	11	33	32	26	11	45	25	28	36	37	13	28	25	45	18	17	18	27	4	4	38	46	33	36	34	25	30	44	39	45	21	19	47	12	23	39	50	22	19	34	14	27	56	23	29	26	49	21	39	48	26	30	38	20	23	15	14	11	32	34	18	42	8	50	9	49	35	21	20	39	25	5	29	6	35	42	24	46	34	36	42	31	15	5	36	31	34	18	59	42	12	35	12	19	17	52	47	43	18	19	7	35	50	6	18	19	20	32	19	47	25	34	13	40	46	20	41	57	42	53	44	40	31	25	37	4	21	31	7	24	34	44	19	20	28	16	16	25	37	0	21	11	8	29	6	
37	36	32	33	28	12	12	13	24	15	31	46	5	15	32	29	27	38	10	24	29	37	4	15	18	25	28	36	19	18	54	29	33	44	34	35	41	5	27	17	27	18	30	20	19	30	9	17	49	35	29	9	28	18	40	28	6	8	58	26	16	32	34	31	13	32	31	22	29	40	22	30	16	17	26	26	13	26	31	24	24	21	31	26	40	17	31	26	16	23	45	27	40	2	54	21	30	19	21	35	7	45	37	22	5	40	25	27	44	27	4	40	16	52	13	26	31	47	30	41	27	1	38	52	48	32	34	19	38	35	17	24	34	31	24	27	13	23	34	14	28	24	5	38	15	21	0	16	24	32	25	
52	35	31	38	33	25	5	25	36	15	22	35	21	29	25	25	24	23	24	38	28	28	12	16	12	15	27	34	22	34	39	33	38	34	27	34	25	17	38	18	13	32	41	10	24	23	15	16	44	19	35	17	41	25	29	38	18	24	42	28	12	17	25	17	22	23	15	33	19	39	19	39	25	25	29	28	26	14	19	17	24	33	33	37	26	27	30	35	3	10	31	36	44	13	48	36	24	24	5	19	17	41	35	36	11	30	11	24	39	17	11	27	9	37	22	42	34	31	25	30	35	14	30	46	34	47	32	34	24	20	29	15	18	38	9	14	29	39	30	9	17	9	10	22	30	11	16	0	19	19	12	
59	54	12	22	18	22	17	37	28	32	7	53	27	26	45	44	5	36	24	47	9	13	23	33	6	7	46	54	39	35	37	18	22	53	47	53	27	19	51	8	31	42	54	30	13	43	15	34	64	31	22	31	52	16	47	52	30	32	43	13	30	22	11	17	37	42	26	46	8	58	2	54	40	17	13	46	22	11	37	3	42	45	15	50	42	41	49	25	23	13	44	25	26	22	67	43	6	40	21	26	18	60	55	46	23	17	14	43	58	9	22	21	28	35	17	47	16	41	6	49	51	23	49	65	50	55	51	41	39	33	41	6	29	24	15	33	36	44	11	27	36	25	21	32	39	8	24	19	0	37	13	
61	25	49	58	52	43	24	35	55	19	38	16	37	47	12	16	42	11	42	48	47	42	28	20	31	31	20	24	23	50	40	53	58	15	14	24	28	35	42	38	5	41	45	12	44	11	34	18	28	13	55	26	49	45	10	42	30	37	39	48	16	22	39	26	29	7	15	38	34	28	38	40	31	45	48	25	44	28	1	35	21	40	52	42	8	33	22	55	16	24	15	55	63	30	30	48	41	26	16	20	35	26	25	45	27	42	24	16	24	32	28	35	16	38	41	55	53	20	42	11	36	31	13	29	16	56	22	47	7	11	38	32	15	58	22	5	41	51	48	18	5	12	27	17	41	29	32	19	37	0	25	
62	46	25	35	31	30	13	37	39	27	12	41	30	34	34	36	18	23	31	49	22	17	22	28	10	6	38	45	34	42	29	31	35	41	37	45	16	24	49	18	20	43	53	21	25	33	20	28	53	18	35	28	53	27	35	50	29	34	33	26	24	9	14	5	34	31	13	44	8	49	15	51	37	27	26	40	30	2	25	10	36	45	29	49	29	39	41	37	15	2	31	37	39	22	56	46	15	36	10	13	23	50	46	47	21	18	1	34	48	6	21	15	21	26	25	52	30	28	17	36	47	24	38	54	37	58	43	44	26	20	41	7	15	37	3	21	39	48	22	21	25	13	20	19	41	6	25	12	13	25	0	

