2  150
14	42	33	96	71	79	31	77	7	49	61	38	24	4	47	44	100	58	39	87	55	9	36	59	7	70	35	2	80	71	3	12	56	4	88	6	34	67	60	25	92	91	1	76	6	81	17	97	38	88	18	42	30	19	24	65	23	3	43	8	44	41	83	72	67	30	37	72	6	4	20	51	32	94	72	68	80	16	23	20	37	19	40	20	77	2	32	91	32	99	41	2	63	87	5	92	34	83	15	21	28	89	39	97	31	74	53	100	15	20	52	74	42	43	60	86	20	8	34	42	44	50	80	57	43	23	54	45	60	81	94	59	8	24	35	30	7	100	67	35	49	10	84	46	12	3	69	85	50	91	
95	51	86	100	52	26	51	65	5	34	62	95	87	70	20	14	17	48	95	92	73	14	84	4	87	53	24	96	3	41	22	8	68	78	2	46	87	38	23	34	20	90	76	49	48	15	2	67	87	76	45	24	75	55	87	22	23	40	70	72	36	55	59	19	100	13	47	41	59	1	59	53	58	70	49	17	74	36	59	94	33	66	24	25	14	56	92	91	42	79	57	35	82	7	48	86	25	73	98	87	80	2	26	47	62	62	48	32	99	51	61	12	39	100	12	75	74	92	98	38	85	71	7	40	99	52	41	76	72	2	42	42	4	6	56	48	71	80	53	75	100	55	44	36	74	87	7	8	79	17	
5216	6970	6308	3325	4414	7337	6102	2029	4283	4376	4224	5564	6277	1295	1860	4000	3419	6403	799	4989	4491	6155	6963	1735	681	6567	263	4773	1558	703	6965	4607	2791	6855	4720	4225	5048	5331	5097	3413	6069	407	6489	6855	3414	5579	5769	4982	4380	7284	7463	7012	6071	3271	2719	649	1737	6863	5866	7262	6166	1530	1631	2732	7208	5265	2567	6889	169	5617	2700	7415	4675	6869	4602	6234	4669	2356	2756	3282	1757	1645	3552	4510	3309	94	2047	3124	1440	5588	3273	6004	2703	2540	773	2175	700	5206	143	4852	3589	5877	282	4337	1250	7267	5203	554	6448	4267	1469	4630	2581	59	3911	6967	6876	3735	379	2372	7110	4992	2499	2624	3063	7175	3372	398	193	2466	4493	1193	481	298	2239	5205	1838	244	6780	3663	6324	5560	6128	5672	3869	5883	334	3608	6251	2909	
0	45	57	16	55	52	39	65	41	50	6	71	4	66	67	67	26	38	66	62	76	73	61	36	43	31	27	30	57	59	13	83	51	78	51	17	68	53	69	42	60	9	47	61	28	56	57	53	64	96	31	63	43	59	72	71	39	55	62	59	52	69	81	23	80	37	22	58	68	59	58	80	23	50	47	67	68	65	78	82	34	47	53	63	62	76	77	44	56	68	39	32	5	7	14	30	21	86	73	61	30	82	63	10	10	68	77	68	24	74	25	54	45	44	54	8	52	55	68	28	58	85	26	67	73	67	55	57	22	82	11	67	52	82	26	58	81	57	36	14	59	48	61	26	31	73	58	63	25	48	61	
45	0	12	29	40	22	26	19	30	5	41	25	41	43	42	34	20	24	21	28	33	34	33	10	18	18	21	33	39	36	34	37	19	32	33	31	43	30	27	20	34	39	17	15	30	36	11	13	18	50	14	19	16	19	27	30	6	24	43	18	21	25	35	27	36	32	33	16	28	15	14	35	29	37	23	38	29	27	33	38	16	12	24	17	33	31	34	10	40	37	23	16	40	41	34	31	26	40	28	15	18	37	34	36	36	45	36	39	31	29	26	23	23	19	16	38	33	19	45	21	21	39	20	23	34	24	34	36	23	36	34	44	14	37	25	35	36	32	22	34	16	34	16	25	19	33	16	44	22	19	43	
57	12	0	41	48	19	38	7	41	8	52	17	53	39	47	26	32	36	15	31	21	22	38	21	21	31	34	45	47	32	46	25	17	22	42	44	48	28	15	31	41	51	18	3	38	33	7	18	6	40	26	17	19	20	18	27	18	19	51	7	28	19	24	40	24	36	46	5	27	14	2	23	38	47	24	43	18	18	24	26	28	13	21	8	28	19	29	21	49	41	35	29	52	53	45	38	37	32	19	7	27	25	27	47	47	40	24	43	43	22	38	29	32	29	21	49	32	13	40	34	13	29	32	11	22	21	31	43	35	24	46	49	20	24	38	42	28	28	34	45	15	35	10	38	28	30	5	51	35	28	51	
16	29	41	0	43	40	26	49	28	34	12	55	12	56	54	55	9	24	49	46	61	59	47	20	31	15	11	19	44	49	5	67	38	62	38	6	55	43	55	27	46	9	34	45	21	46	41	37	48	80	15	46	30	43	56	55	23	43	49	44	37	53	65	9	65	29	12	43	51	42	43	65	15	38	36	53	54	51	62	67	18	33	41	47	51	61	61	27	44	53	25	16	10	11	10	23	9	69	57	45	17	66	52	7	9	58	62	54	13	57	11	39	31	29	38	10	42	41	58	13	44	69	9	52	59	50	45	44	7	66	5	54	36	66	12	45	65	47	22	10	43	39	45	12	19	57	43	50	10	32	49	
55	40	48	43	0	62	17	51	14	42	54	48	53	84	15	74	38	20	42	22	68	71	15	42	57	30	33	25	2	76	43	65	60	54	6	38	15	70	62	20	11	46	57	49	59	75	42	30	52	69	40	37	55	31	49	36	38	64	7	56	20	43	60	33	69	66	33	54	32	36	51	65	55	5	62	17	67	67	51	70	30	52	64	47	74	62	44	30	1	20	19	31	51	48	53	61	49	55	49	45	48	67	74	49	51	85	71	18	31	46	32	20	17	20	28	52	72	59	85	31	60	60	38	58	71	37	73	7	43	63	47	13	28	66	31	9	51	72	22	53	35	72	41	31	51	36	54	8	34	20	6	
52	22	19	40	62	0	48	25	51	22	46	36	48	21	64	15	33	45	34	49	26	21	55	22	9	36	37	51	62	13	45	38	2	40	56	45	65	8	21	42	57	49	6	22	26	14	26	35	23	55	27	36	10	38	37	47	24	3	66	14	43	38	39	43	31	21	49	15	46	33	18	34	29	59	6	60	16	12	43	33	35	10	2	27	11	30	48	32	63	59	45	34	47	50	38	25	32	50	38	26	23	35	12	43	42	22	26	61	47	41	42	45	45	42	37	44	13	6	22	39	8	45	33	21	22	41	12	58	33	38	42	66	36	35	42	57	47	9	42	38	34	16	30	42	21	50	15	67	38	42	66	
39	26	38	26	17	48	0	43	3	30	38	43	37	69	28	61	21	2	37	24	59	60	22	26	41	13	16	11	18	61	27	59	45	50	12	22	29	54	53	7	20	30	42	40	42	60	33	22	43	67	23	32	39	26	44	37	23	50	23	44	16	39	55	17	61	49	18	42	32	30	40	58	38	13	47	27	55	54	48	63	13	38	50	39	59	55	44	17	18	28	3	14	35	32	36	44	32	54	44	37	31	60	60	33	35	70	62	28	15	43	15	17	7	9	21	36	57	45	70	13	48	57	21	49	60	34	58	18	26	57	31	28	20	59	14	19	50	57	5	36	29	55	34	14	34	38	42	24	16	12	23	
65	19	7	49	51	25	43	0	46	14	60	11	60	42	48	27	39	41	12	32	16	20	39	29	28	37	41	51	50	36	54	18	23	15	45	51	48	33	11	36	42	59	24	4	45	38	10	21	2	32	33	15	26	21	12	24	26	24	52	11	30	14	16	47	18	43	52	10	25	14	7	16	46	50	30	43	17	19	18	20	35	20	27	4	31	12	24	26	51	40	40	35	59	61	53	45	45	25	13	6	35	18	30	55	55	42	20	43	50	16	45	31	37	34	23	57	38	19	42	41	17	21	39	7	20	19	36	45	42	17	54	50	23	17	45	44	22	32	39	53	16	41	9	45	35	27	10	53	42	32	53	
41	30	41	28	14	51	3	46	0	33	40	45	39	72	26	64	24	6	39	24	62	63	21	30	45	17	19	11	16	64	29	61	49	52	10	24	27	58	56	10	19	32	46	43	45	63	36	25	46	69	26	34	43	28	46	38	27	54	21	48	17	41	57	19	64	52	19	45	33	32	43	61	41	9	51	26	59	58	50	66	17	42	53	42	63	58	45	20	15	28	6	18	37	34	39	47	35	56	47	40	34	63	63	35	37	74	65	27	17	45	17	18	9	12	23	38	60	49	74	17	51	59	24	52	63	36	61	16	29	60	33	26	23	62	16	17	52	61	9	39	31	59	37	16	37	39	45	22	19	14	20	
50	5	8	34	42	22	30	14	33	0	46	21	46	43	42	32	25	28	16	27	29	30	33	15	20	23	26	37	41	35	39	32	19	27	35	36	43	30	23	23	35	44	18	10	34	36	6	12	13	46	19	16	18	17	22	27	11	23	45	14	22	20	30	32	32	35	38	12	25	12	10	30	34	39	24	38	25	25	28	34	20	13	24	12	32	26	30	13	42	36	27	21	45	46	39	34	31	36	23	10	22	32	32	41	41	44	32	39	35	24	31	23	25	22	15	43	34	17	44	26	18	34	25	19	30	21	34	37	28	31	39	44	14	32	30	36	32	32	26	39	13	35	11	30	23	30	12	45	27	21	45	
6	41	52	12	54	46	38	60	40	46	0	66	2	60	66	61	21	36	61	59	70	67	59	31	37	28	24	29	56	53	11	77	45	73	50	16	67	47	64	39	58	9	41	55	22	50	52	49	58	92	27	58	37	55	68	67	34	49	61	54	50	65	76	21	74	31	21	53	64	54	53	75	17	49	41	65	62	59	74	77	31	42	47	58	56	71	73	40	55	65	37	29	3	8	8	24	15	81	69	56	25	77	57	5	5	62	71	66	23	69	23	51	43	42	50	2	46	49	62	25	52	80	21	62	67	63	49	56	17	77	7	66	48	76	24	57	77	51	34	8	55	42	57	24	25	70	53	62	22	45	60	
71	25	17	55	48	36	43	11	45	21	66	0	67	53	41	38	45	42	6	26	23	29	33	36	38	41	45	53	46	47	59	17	34	7	43	56	41	44	20	36	37	64	35	14	54	49	14	20	13	25	39	11	36	17	1	15	32	35	47	22	28	5	12	51	22	54	56	21	17	13	18	17	55	48	41	36	27	30	7	23	38	30	38	9	42	16	13	28	48	33	40	39	65	66	60	55	52	15	2	10	43	19	41	61	62	53	27	36	53	5	49	28	36	33	21	64	49	30	53	45	28	14	45	17	29	11	47	41	49	15	60	44	22	18	48	39	11	43	41	60	13	52	9	48	44	17	21	48	46	31	48	
4	41	53	12	53	48	37	60	39	46	2	67	0	62	65	63	22	35	62	58	71	68	59	31	39	28	23	28	55	55	10	78	47	74	49	15	66	49	65	39	57	7	43	56	24	52	53	49	59	92	27	59	39	55	68	68	35	51	60	55	49	65	77	20	76	33	20	54	64	55	54	76	19	48	43	64	63	60	74	78	30	43	48	59	58	72	74	40	54	65	36	29	2	6	10	26	16	82	69	57	26	78	59	5	6	64	72	65	22	70	22	51	42	41	50	4	48	50	64	25	54	81	22	63	69	63	51	55	18	77	7	65	48	77	23	56	77	53	33	10	55	44	57	23	27	70	54	61	22	45	59	
66	43	39	56	84	21	69	42	72	43	60	53	62	0	85	16	51	66	53	70	35	27	76	42	27	56	57	71	83	8	61	49	24	55	77	62	86	14	33	63	78	65	26	40	38	10	46	55	40	66	47	56	29	59	53	66	45	19	87	31	65	56	52	61	40	29	67	33	66	53	37	45	43	81	21	81	26	22	58	41	55	31	19	45	11	42	66	54	84	79	66	55	62	66	52	36	47	65	54	45	40	45	11	58	56	2	32	82	66	58	61	66	67	63	58	58	14	25	2	58	25	58	51	36	28	60	11	79	50	50	58	87	57	46	62	79	62	11	63	52	54	18	49	62	38	69	33	88	57	63	87	
67	42	47	54	15	64	28	48	26	42	66	41	65	85	0	73	47	30	36	15	63	68	9	47	61	39	43	38	12	78	55	57	61	46	16	50	1	72	59	27	8	58	60	47	67	78	40	29	49	59	47	32	58	27	42	27	43	65	9	55	21	36	52	45	63	72	45	53	24	33	49	59	64	19	66	5	65	66	42	65	37	55	66	43	74	57	34	33	14	8	29	39	63	60	64	69	58	45	41	42	55	61	74	61	63	87	68	5	43	38	43	19	23	25	26	64	76	60	87	41	60	51	47	55	68	30	76	10	52	55	59	3	28	59	42	9	42	74	32	64	32	76	38	42	57	26	53	8	44	23	10	
67	34	26	55	74	15	61	27	64	32	61	38	63	16	73	0	48	58	39	58	19	11	64	37	24	50	52	65	73	13	60	33	17	39	68	60	74	15	17	55	67	64	21	26	40	17	33	44	25	50	42	42	25	46	38	51	38	12	77	18	54	42	36	58	24	33	64	20	52	40	24	29	44	72	20	69	10	7	43	25	49	23	14	31	7	26	50	44	74	67	58	48	62	66	53	39	47	49	39	31	38	29	5	58	57	16	16	70	62	43	57	55	57	54	47	59	19	15	16	53	13	42	48	21	12	46	16	69	48	34	58	76	46	30	57	68	47	12	56	53	41	24	36	57	36	54	20	77	53	53	77	
26	20	32	9	38	33	21	39	24	25	21	45	22	51	47	48	0	18	39	38	52	50	40	11	24	8	5	19	39	43	14	57	31	52	33	12	48	37	45	20	39	19	27	35	21	42	31	27	38	70	6	36	23	34	46	46	13	36	44	35	29	43	55	10	55	28	16	34	42	33	33	55	17	34	30	46	45	43	52	58	10	25	34	37	44	51	51	18	39	46	19	8	20	21	17	23	11	59	47	35	11	57	45	16	17	53	54	47	14	47	9	31	24	22	28	19	38	33	53	7	36	59	0	42	51	41	40	38	5	56	15	48	26	56	10	38	55	41	16	17	33	36	35	10	13	48	34	45	5	25	44	
38	24	36	24	20	45	2	41	6	28	36	42	35	66	30	58	18	0	35	24	57	58	23	23	38	10	13	11	21	58	25	57	42	49	14	20	31	52	51	5	22	29	39	38	39	57	31	21	41	67	20	31	36	26	43	36	21	47	26	42	16	38	54	15	59	46	17	40	32	28	38	57	35	15	44	29	53	52	47	61	10	35	47	37	57	53	44	15	21	30	1	12	33	31	34	41	29	54	43	35	28	59	57	31	33	68	60	30	14	42	13	17	8	8	20	34	54	43	68	11	45	56	18	47	58	33	55	20	23	56	29	30	19	58	12	21	49	55	2	34	28	53	33	12	31	38	40	27	14	12	25	
66	21	15	49	42	34	37	12	39	16	61	6	62	53	36	39	39	35	0	21	27	32	28	31	36	35	39	46	40	47	53	23	32	13	37	50	37	43	23	30	32	58	33	13	50	49	10	14	13	31	34	5	34	11	7	12	26	34	42	21	22	4	18	45	27	51	50	20	13	7	16	23	50	42	39	31	29	31	12	28	32	28	37	8	42	20	14	22	42	29	34	33	60	60	55	51	47	20	8	8	39	25	42	56	56	54	31	32	47	8	43	22	29	27	15	58	48	29	54	39	28	20	39	19	32	7	46	35	43	21	54	39	16	24	42	33	15	43	34	55	7	50	5	42	40	15	20	42	41	24	43	
62	28	31	46	22	49	24	32	24	27	59	26	58	70	15	58	38	24	21	0	48	53	7	35	47	30	35	35	20	63	49	43	46	32	18	44	16	57	43	19	11	53	45	31	56	63	24	14	33	47	36	16	44	11	27	14	30	50	21	39	9	21	38	39	48	59	41	37	10	17	33	44	54	23	51	11	49	50	29	50	28	40	51	27	59	42	22	21	22	9	23	30	56	55	55	57	49	33	27	26	43	46	59	53	55	71	52	12	38	24	36	7	16	17	12	56	61	44	71	33	45	38	38	39	52	15	61	15	43	41	51	18	13	44	35	13	29	59	25	55	16	62	22	35	45	14	37	21	36	13	22	
76	33	21	61	68	26	59	16	62	29	70	23	71	35	63	19	52	57	27	48	0	8	55	40	33	51	54	66	66	31	66	14	26	22	62	64	64	31	6	52	58	71	29	19	52	35	26	37	16	31	45	31	33	37	23	38	39	23	69	16	47	28	18	61	5	47	66	18	40	31	19	10	54	67	32	59	9	14	26	7	49	28	27	20	25	8	35	42	68	56	56	50	70	72	62	51	55	31	24	22	45	10	24	66	65	35	4	59	64	28	59	47	53	50	40	67	36	21	35	55	18	23	52	10	7	34	33	61	54	15	65	66	39	11	59	60	30	29	55	62	32	41	26	59	44	41	18	69	56	48	69	
73	34	22	59	71	21	60	20	63	30	67	29	68	27	68	11	50	58	32	53	8	0	60	39	30	52	54	67	70	24	64	22	21	29	65	63	69	25	9	53	63	69	25	21	48	28	29	40	19	39	44	36	29	41	30	44	39	18	73	16	50	34	25	60	13	42	66	18	46	35	20	18	51	69	27	64	5	8	34	14	50	25	21	25	18	15	42	43	71	61	57	50	68	70	59	47	52	39	30	26	42	18	16	63	62	27	5	64	64	35	59	51	55	52	43	64	30	18	27	55	14	31	50	13	1	39	26	65	52	23	62	71	42	19	59	64	37	22	56	59	36	34	30	59	41	47	18	73	55	51	73	
61	33	38	47	15	55	22	39	21	33	59	33	59	76	9	64	40	23	28	7	55	60	0	39	51	32	36	33	13	68	49	50	52	39	13	44	10	63	51	20	4	52	51	38	59	69	31	20	40	53	38	23	49	18	34	21	34	56	14	46	12	28	45	38	55	63	40	44	17	24	40	51	56	18	57	6	56	57	36	57	30	45	57	34	65	49	28	24	15	6	22	32	57	55	57	60	51	39	34	33	46	53	65	54	56	77	59	7	37	31	36	10	16	18	17	57	67	50	77	34	51	45	40	46	59	22	67	8	45	48	52	11	19	52	35	6	36	65	25	57	23	67	29	35	49	20	44	14	37	15	15	
36	10	21	20	42	22	26	29	30	15	31	36	31	42	47	37	11	23	31	35	40	39	39	0	15	13	15	28	42	34	25	47	20	42	36	23	48	28	34	22	39	30	16	24	21	33	21	22	27	60	5	29	13	28	37	39	5	25	47	24	27	35	45	21	44	24	27	22	37	25	22	44	19	38	21	45	34	32	43	46	13	14	24	27	34	40	44	14	43	44	23	12	30	32	24	22	16	51	38	25	8	46	35	26	26	44	42	46	25	39	20	29	25	22	24	28	30	22	44	16	25	49	11	31	39	34	31	39	13	46	25	49	22	46	20	39	47	31	20	24	25	29	26	20	10	42	22	48	16	24	47	
43	18	21	31	57	9	41	28	45	20	37	38	39	27	61	24	24	38	36	47	33	30	51	15	0	29	29	43	57	19	36	44	8	43	50	36	61	13	28	36	53	40	4	24	18	18	26	32	26	60	19	36	2	37	39	47	18	12	61	18	39	40	44	34	38	15	40	18	45	32	20	40	21	53	5	57	25	21	46	41	28	8	10	29	20	36	50	27	57	56	38	27	38	41	29	17	22	53	40	28	14	42	21	34	32	29	34	58	39	43	34	41	40	36	34	35	15	12	29	31	15	49	24	27	30	41	16	54	24	43	33	62	33	42	34	53	50	16	36	29	33	15	31	34	12	50	18	62	30	37	61	
31	18	31	15	30	36	13	37	17	23	28	41	28	56	39	50	8	10	35	30	51	52	32	13	29	0	4	15	31	48	18	55	34	48	25	14	40	42	45	12	31	23	30	33	29	47	28	22	37	67	10	31	27	28	42	39	13	39	36	36	21	38	52	10	55	35	15	34	36	28	32	53	25	26	34	38	47	45	48	57	2	27	38	34	48	49	46	12	31	38	11	2	26	25	25	30	19	55	43	32	17	55	49	23	24	58	54	39	12	43	8	23	16	14	22	25	44	35	58	3	38	55	8	42	52	35	45	30	13	54	21	40	20	55	7	30	50	45	8	25	28	42	31	7	20	42	34	37	5	17	36	
27	21	34	11	33	37	16	41	19	26	24	45	23	57	43	52	5	13	39	35	54	54	36	15	29	4	0	14	34	49	14	59	35	52	28	10	44	42	48	16	35	19	31	37	26	47	31	26	40	71	10	36	27	32	46	44	15	40	39	38	25	43	56	6	58	33	12	36	40	32	35	57	22	29	35	42	49	47	52	60	7	29	39	38	49	53	50	17	34	42	14	5	21	21	21	28	16	59	47	36	16	59	50	18	20	58	57	43	10	47	5	27	20	18	26	21	43	37	58	2	40	59	5	45	54	40	45	33	9	57	16	43	25	58	5	34	55	46	11	21	32	41	35	5	19	46	36	40	1	21	39	
30	33	45	19	25	51	11	51	11	37	29	53	28	71	38	65	19	11	46	35	66	67	33	28	43	15	14	0	27	63	18	68	49	60	21	13	39	57	60	17	31	21	45	47	39	61	41	32	50	78	24	42	42	37	54	48	28	54	32	51	27	49	65	10	69	47	8	49	43	39	47	67	34	20	49	38	62	60	59	71	17	42	53	48	63	63	55	25	26	39	12	17	26	23	30	41	28	65	55	45	30	69	64	25	27	73	69	39	6	53	10	29	19	20	31	28	58	50	73	12	53	67	19	56	67	45	60	27	22	67	23	37	30	68	9	29	61	60	12	30	39	56	44	9	33	49	49	33	13	23	31	
57	39	47	44	2	62	18	50	16	41	56	46	55	83	12	73	39	21	40	20	66	70	13	42	57	31	34	27	0	75	45	63	59	52	6	40	13	70	61	20	9	48	57	48	60	75	41	29	50	67	40	35	55	29	47	34	38	64	5	55	19	41	58	35	67	66	35	53	30	35	50	63	57	7	62	15	66	66	49	69	30	52	64	45	73	61	41	29	2	17	20	32	53	50	55	62	50	52	47	44	48	65	73	51	53	85	70	15	33	44	33	18	17	20	26	54	72	58	85	32	60	58	39	57	70	35	73	5	44	61	49	10	27	64	32	7	49	72	23	55	34	72	40	32	51	33	53	6	35	20	4	
59	36	32	49	76	13	61	36	64	35	53	47	55	8	78	13	43	58	47	63	31	24	68	34	19	48	49	63	75	0	54	45	16	50	69	54	78	6	29	55	70	58	18	34	31	4	38	48	34	62	39	49	21	52	48	59	37	12	79	25	57	50	48	54	37	23	59	26	59	46	30	41	36	73	13	74	22	18	53	38	47	23	11	39	6	38	60	46	76	72	57	46	55	59	45	29	40	60	49	39	32	41	7	51	49	9	29	75	58	52	53	58	59	55	51	51	7	18	9	50	18	54	43	31	25	53	4	72	42	46	51	80	49	42	54	71	57	3	55	45	47	12	42	54	30	62	26	80	49	55	79	
13	34	46	5	43	45	27	54	29	39	11	59	10	61	55	60	14	25	53	49	66	64	49	25	36	18	14	18	45	54	0	72	43	66	39	5	56	48	60	29	47	5	39	49	25	51	45	40	53	84	20	50	35	46	60	58	28	48	50	49	39	57	69	10	70	34	10	48	55	46	47	69	19	38	41	54	59	56	66	72	21	38	46	52	56	65	65	31	44	55	26	20	8	7	12	27	14	73	61	49	22	71	57	6	9	63	68	55	12	61	12	41	32	31	41	9	47	46	63	15	49	73	14	57	64	54	50	45	12	71	5	55	39	71	13	46	69	52	23	12	46	44	49	13	24	60	48	51	13	35	49	
83	37	25	67	65	38	59	18	61	32	77	17	78	49	57	33	57	57	23	43	14	22	50	47	44	55	59	68	63	45	72	0	37	12	60	69	58	44	16	52	54	77	39	22	62	48	27	36	19	17	51	28	43	34	16	30	44	36	64	25	45	22	5	65	9	59	70	25	33	29	24	4	63	65	44	52	23	27	16	9	52	37	39	20	39	7	25	43	65	50	56	53	77	79	70	61	62	18	16	22	53	4	38	73	73	49	17	53	68	19	63	45	52	50	38	75	49	32	49	59	29	10	57	16	21	28	47	58	60	2	72	60	38	3	63	56	18	42	56	70	30	53	24	63	53	32	25	64	60	47	65	
51	19	17	38	60	2	45	23	49	19	45	34	47	24	61	17	31	42	32	46	26	21	52	20	8	34	35	49	59	16	43	37	0	38	53	43	62	11	20	39	54	48	4	20	26	17	23	32	21	53	25	33	8	36	35	44	21	5	63	12	41	36	37	41	31	21	47	13	44	30	16	33	29	57	7	58	17	13	41	33	32	7	5	25	14	29	46	30	60	56	42	32	46	49	37	25	30	48	36	24	21	34	14	42	40	25	26	58	45	39	40	42	43	39	35	43	15	4	25	36	7	43	31	20	22	38	14	55	31	37	41	63	33	34	40	55	45	12	40	37	31	18	27	40	19	47	13	64	36	39	63	
78	32	22	62	54	40	50	15	52	27	73	7	74	55	46	39	52	49	13	32	22	29	39	42	43	48	52	60	52	50	66	12	38	0	49	63	46	48	21	43	43	71	40	19	60	53	21	27	17	18	46	18	42	23	5	18	38	39	53	26	34	11	6	58	19	59	63	25	22	20	23	14	61	54	45	41	29	32	4	20	45	36	42	15	44	14	13	36	54	38	47	47	72	73	67	60	59	10	5	17	49	15	43	68	68	55	26	41	60	8	56	34	43	40	28	70	53	34	55	52	32	7	52	19	29	17	51	47	55	9	67	49	29	14	56	45	7	47	48	67	21	56	17	56	50	20	25	53	54	37	54	
51	33	42	38	6	56	12	45	10	35	50	43	49	77	16	68	33	14	37	18	62	65	13	36	50	25	28	21	6	69	39	60	53	49	0	34	17	63	57	14	10	42	51	43	54	69	36	24	46	65	34	32	48	26	44	32	32	58	11	50	15	38	55	29	63	60	29	47	28	31	44	60	50	5	56	17	61	60	46	65	24	46	58	41	67	57	40	23	7	19	13	25	47	44	48	55	44	51	44	39	42	62	67	45	47	79	65	18	27	41	27	15	10	14	22	48	66	53	79	25	54	55	33	52	65	32	67	6	37	58	43	16	22	61	26	8	47	66	17	48	30	65	36	26	44	33	47	12	28	14	11	
17	31	44	6	38	45	22	51	24	36	16	56	15	62	50	60	12	20	50	44	64	63	44	23	36	14	10	13	40	54	5	69	43	63	34	0	51	48	58	24	42	8	39	47	27	52	42	36	50	81	18	46	35	42	57	54	25	48	45	48	35	53	66	5	68	36	6	46	50	43	45	67	22	33	41	49	58	55	62	70	17	37	46	49	56	63	61	27	39	50	21	16	13	11	16	29	16	70	58	46	22	69	57	11	13	64	66	50	7	57	7	37	28	27	37	14	48	45	64	11	48	70	12	55	63	50	51	40	12	68	9	50	35	68	8	41	65	52	18	16	43	45	46	8	24	56	46	46	9	30	44	
68	43	48	55	15	65	29	48	27	43	67	41	66	86	1	74	48	31	37	16	64	69	10	48	61	40	44	39	13	78	56	58	62	46	17	51	0	73	60	28	9	59	61	47	68	79	41	30	49	59	48	32	59	27	42	27	44	66	10	55	21	36	52	46	64	73	46	53	24	34	50	59	65	20	67	5	65	66	42	65	38	55	67	44	75	57	34	34	15	8	30	40	64	61	65	70	59	45	42	43	55	61	75	62	64	87	68	5	44	38	44	20	24	26	27	65	77	60	87	42	61	51	48	55	68	30	77	11	53	56	60	3	29	60	43	10	42	75	33	65	32	77	38	43	58	26	53	9	45	24	11	
53	30	28	43	70	8	54	33	58	30	47	44	49	14	72	15	37	52	43	57	31	25	63	28	13	42	42	57	70	6	48	44	11	48	63	48	73	0	27	49	65	52	12	30	25	5	34	43	31	61	32	44	15	47	45	55	31	9	74	22	51	47	46	47	37	18	53	23	55	41	26	40	30	67	7	69	21	17	51	38	41	17	6	35	8	37	56	40	70	67	51	40	49	53	39	24	34	58	46	35	26	41	10	45	43	16	30	69	52	49	47	53	53	49	46	45	5	14	16	44	16	52	37	29	26	49	3	66	36	45	45	74	44	42	47	65	55	4	49	39	42	9	38	47	24	58	23	74	43	50	74	
69	27	15	55	62	21	53	11	56	23	64	20	65	33	59	17	45	51	23	43	6	9	51	34	28	45	48	60	61	29	60	16	20	21	57	58	60	27	0	46	54	64	24	13	46	32	20	32	10	33	39	27	27	32	21	35	32	19	64	10	42	25	19	54	10	42	60	11	36	26	13	13	48	61	27	54	7	11	25	12	43	22	22	16	23	9	33	36	63	52	50	43	64	66	56	46	49	31	21	17	39	13	22	60	59	33	9	55	58	26	53	42	47	44	34	61	32	16	33	49	13	25	45	4	8	30	30	57	47	17	59	62	34	14	53	55	29	26	49	56	27	37	21	53	38	38	11	64	49	42	65	
42	20	31	27	20	42	7	36	10	23	39	36	39	63	27	55	20	5	30	19	52	53	20	22	36	12	16	17	20	55	29	52	39	43	14	24	28	49	46	0	19	33	37	33	40	55	26	15	36	61	20	25	34	20	37	31	18	44	25	38	10	32	48	19	54	46	22	35	26	23	33	51	37	17	42	26	49	48	42	56	10	32	44	32	54	48	38	10	21	26	4	12	37	35	37	42	31	48	38	30	28	53	54	34	36	65	55	27	19	36	17	12	4	2	14	37	52	39	65	14	41	50	20	42	53	28	53	18	25	50	32	28	13	52	16	18	44	52	5	37	22	51	27	16	30	32	35	26	17	6	25	
60	34	41	46	11	57	20	42	19	35	58	37	57	78	8	67	39	22	32	11	58	63	4	39	53	31	35	31	9	70	47	54	54	43	10	42	9	65	54	19	0	50	52	41	59	71	34	22	43	57	38	27	51	21	38	25	35	58	10	48	13	32	49	37	59	64	38	46	21	27	43	55	56	14	58	7	59	59	40	60	29	47	59	38	67	52	32	25	11	9	21	31	55	53	56	61	50	43	38	36	46	57	68	53	55	79	62	8	35	35	35	12	15	17	20	56	68	53	79	33	54	49	39	49	62	26	68	4	44	52	51	9	21	55	34	2	40	67	24	56	26	68	32	34	49	24	46	10	36	15	11	
9	39	51	9	46	49	30	59	32	44	9	64	7	65	58	64	19	29	58	53	71	69	52	30	40	23	19	21	48	58	5	77	48	71	42	8	59	52	64	33	50	0	43	54	27	55	50	45	57	89	25	55	39	51	65	63	33	52	53	54	44	62	74	14	75	37	13	53	59	51	52	74	22	41	45	58	64	61	71	77	26	43	50	57	60	70	70	36	47	59	30	24	5	2	14	30	18	78	66	54	26	76	61	7	10	67	72	59	15	66	16	46	37	36	46	9	51	50	67	20	54	78	19	62	69	59	54	48	17	76	7	58	44	76	17	49	74	56	27	14	51	47	54	17	28	65	53	54	17	39	52	
47	17	18	34	57	6	42	24	46	18	41	35	43	26	60	21	27	39	33	45	29	25	51	16	4	30	31	45	57	18	39	39	4	40	51	39	61	12	24	37	52	43	0	21	22	18	23	30	22	56	21	33	4	35	36	44	18	9	61	14	39	37	40	37	34	19	43	14	43	30	17	36	25	54	6	56	21	17	42	36	29	5	7	26	17	32	47	27	58	55	39	28	42	45	33	22	26	50	37	25	17	37	18	37	36	28	30	57	41	40	36	40	40	36	33	39	16	7	28	32	11	45	27	23	26	38	16	53	27	39	37	62	31	38	36	53	46	15	37	33	31	17	28	36	15	47	14	62	32	37	61	
61	15	3	45	49	22	40	4	43	10	55	14	56	40	47	26	35	38	13	31	19	21	38	24	24	33	37	47	48	34	49	22	20	19	43	47	47	30	13	33	41	54	21	0	41	36	7	18	3	36	29	15	23	20	15	25	21	21	51	8	28	16	20	43	21	40	49	7	25	13	4	20	42	48	27	42	18	19	21	23	31	16	24	5	29	16	26	23	49	40	37	31	55	56	48	41	41	28	16	5	31	21	29	51	50	41	22	43	46	19	41	29	34	31	21	53	35	16	41	37	15	25	35	9	21	19	33	43	38	21	49	49	20	21	41	42	25	30	36	48	15	38	9	41	31	28	7	51	38	29	51	
28	30	38	21	59	26	42	45	45	34	22	54	24	38	67	40	21	39	50	56	52	48	59	21	18	29	26	39	60	31	25	62	26	60	54	27	68	25	46	40	59	27	22	41	0	28	40	43	43	78	20	49	19	49	56	60	26	29	65	37	47	55	61	29	57	9	33	36	58	45	38	59	5	55	20	65	43	39	62	59	30	25	26	45	34	54	64	35	60	64	40	28	24	28	14	2	11	70	57	44	13	60	36	20	18	40	52	66	33	58	29	49	44	41	45	20	24	30	40	28	33	67	21	45	48	54	27	58	17	61	20	68	43	60	30	59	66	30	37	14	46	20	45	30	11	63	36	66	26	44	65	
56	36	33	46	75	14	60	38	63	36	50	49	52	10	78	17	42	57	49	63	35	28	69	33	18	47	47	61	75	4	51	48	17	53	69	52	79	5	32	55	71	55	18	36	28	0	40	49	36	66	37	50	20	53	50	61	36	14	79	27	57	52	51	52	40	19	57	28	60	47	32	44	33	72	12	74	25	21	56	42	46	23	12	41	10	41	62	45	76	73	57	45	52	56	42	26	37	63	51	40	31	45	11	48	46	12	33	75	56	54	52	59	58	55	51	48	4	19	12	49	21	57	42	34	29	55	2	72	40	49	48	80	50	46	52	71	60	6	54	42	48	8	44	52	28	64	28	80	47	55	79	
57	11	7	41	42	26	33	10	36	6	52	14	53	46	40	33	31	31	10	24	26	29	31	21	26	28	31	41	41	38	45	27	23	21	36	42	41	34	20	26	34	50	23	7	40	40	0	11	10	39	25	10	24	13	15	21	17	26	44	14	21	14	24	38	28	41	43	12	20	7	9	25	40	41	29	36	25	25	21	30	25	18	28	6	35	22	24	16	42	33	30	26	51	52	46	41	38	29	16	4	29	27	34	47	47	47	29	36	40	18	36	22	27	24	14	49	38	20	47	31	20	28	31	16	28	15	38	36	34	25	45	42	13	27	35	35	25	35	29	46	8	40	5	35	30	24	12	44	33	22	44	
53	13	18	37	30	35	22	21	25	12	49	20	49	55	29	44	27	21	14	14	37	40	20	22	32	22	26	32	29	48	40	36	32	27	24	36	30	43	32	15	22	45	30	18	43	49	11	0	21	45	23	10	30	6	21	18	17	36	32	26	9	17	32	31	39	45	36	23	15	7	20	36	41	29	37	25	36	36	26	41	19	25	37	17	45	33	24	9	31	24	20	20	48	47	44	44	37	33	22	15	30	38	45	44	45	57	41	26	33	21	29	10	16	13	2	46	47	30	57	25	31	34	27	27	40	13	46	25	32	34	42	31	2	37	29	23	29	44	20	44	6	47	12	29	32	20	23	33	27	11	33	
64	18	6	48	52	23	43	2	46	13	58	13	59	40	49	25	38	41	13	33	16	19	40	27	26	37	40	50	50	34	53	19	21	17	46	50	49	31	10	36	43	57	22	3	43	36	10	21	0	34	32	17	25	21	14	26	25	22	53	9	31	16	18	46	18	42	52	8	26	15	5	17	45	50	28	44	16	18	20	20	34	18	25	5	29	13	25	26	52	42	40	35	58	59	51	43	43	27	15	6	33	18	28	54	53	41	19	45	49	18	44	31	37	34	24	55	36	17	41	40	15	23	38	6	19	20	34	46	41	18	52	51	23	18	44	44	24	30	39	51	17	39	10	44	34	29	8	54	41	32	54	
96	50	40	80	69	55	67	32	69	46	92	25	92	66	59	50	70	67	31	47	31	39	53	60	60	67	71	78	67	62	84	17	53	18	65	81	59	61	33	61	57	89	56	36	78	66	39	45	34	0	65	35	59	41	24	32	57	53	67	41	52	28	16	77	26	75	81	41	37	38	39	21	79	70	61	54	40	44	19	25	64	52	56	33	56	24	25	54	69	51	65	65	91	92	85	77	77	14	23	35	67	21	55	87	87	66	34	54	79	24	75	51	60	58	46	89	66	49	66	70	46	11	70	33	38	33	64	62	74	16	85	62	47	20	74	60	17	60	66	85	39	70	35	74	68	33	41	67	72	55	68	
31	14	26	15	40	27	23	33	26	19	27	39	27	47	47	42	6	20	34	36	45	44	38	5	19	10	10	24	40	39	20	51	25	46	34	18	48	32	39	20	38	25	21	29	20	37	25	23	32	65	0	32	17	30	41	42	7	30	45	29	27	38	49	16	49	26	22	27	39	28	27	49	18	36	25	44	39	37	47	51	10	19	28	31	39	45	47	15	41	44	20	8	26	27	21	22	13	54	42	29	8	51	39	21	22	48	47	45	20	42	15	29	24	21	25	24	34	27	48	11	30	53	6	36	44	36	35	38	9	50	20	48	23	50	15	38	50	36	17	21	28	32	30	15	10	44	27	46	11	23	45	
63	19	17	46	37	36	32	15	34	16	58	11	59	56	32	42	36	31	5	16	31	36	23	29	36	31	36	42	35	49	50	28	33	18	32	46	32	44	27	25	27	55	33	15	49	50	10	10	17	35	32	0	34	6	12	11	24	36	37	24	17	7	23	41	32	51	46	22	10	4	18	28	49	37	40	27	33	34	16	33	29	28	38	11	44	25	15	19	37	25	29	30	57	57	53	50	45	23	12	10	37	30	44	53	54	57	35	28	43	11	39	17	25	22	10	56	49	30	57	35	30	25	36	23	36	5	48	30	41	26	51	34	11	29	38	28	19	45	30	53	3	51	6	38	38	14	22	37	37	19	38	
43	16	19	30	55	10	39	26	43	18	37	36	39	29	58	25	23	36	34	44	33	29	49	13	2	27	27	42	55	21	35	43	8	42	48	35	59	15	27	34	51	39	4	23	19	20	24	30	25	59	17	34	0	35	38	45	16	13	59	17	37	38	42	33	38	17	39	17	43	30	19	39	21	51	7	55	25	21	44	40	26	6	11	27	21	35	48	25	55	54	36	25	38	41	29	18	22	51	39	26	13	41	22	33	32	31	34	56	37	41	32	39	38	34	32	34	17	11	31	29	15	48	23	26	30	39	18	51	23	42	33	60	30	41	32	51	48	18	34	29	31	17	29	32	11	48	17	60	28	35	59	
59	19	20	43	31	38	26	21	28	17	55	17	55	59	27	46	34	26	11	11	37	41	18	28	37	28	32	37	29	52	46	34	36	23	26	42	27	47	32	20	21	51	35	20	49	53	13	6	21	41	30	6	35	0	18	12	23	39	31	28	11	12	29	37	37	51	41	26	9	6	22	34	47	31	41	22	38	38	21	39	25	30	41	16	48	31	18	15	31	20	24	26	54	53	50	50	43	28	18	15	36	36	48	50	51	60	41	23	38	16	35	11	19	17	5	53	51	33	60	31	34	30	34	28	41	7	51	24	38	32	48	29	7	35	34	23	23	48	25	50	5	52	11	34	38	14	26	32	33	14	32	
72	27	18	56	49	37	44	12	46	22	68	1	68	53	42	38	46	43	7	27	23	30	34	37	39	42	46	54	47	48	60	16	35	5	44	57	42	45	21	37	38	65	36	15	56	50	15	21	14	24	41	12	38	18	0	15	33	36	48	23	29	6	11	52	21	55	57	22	18	14	19	17	56	49	42	37	28	31	6	23	40	31	39	10	42	15	12	30	49	34	42	41	67	67	61	56	54	13	1	12	44	18	42	63	63	54	27	37	54	5	50	29	37	35	23	65	50	31	54	46	29	13	46	17	29	12	48	42	50	14	61	44	23	17	50	40	10	44	42	61	15	53	11	50	45	17	22	48	48	32	49	
71	30	27	55	36	47	37	24	38	27	67	15	68	66	27	51	46	36	12	14	38	44	21	39	47	39	44	48	34	59	58	30	44	18	32	54	27	55	35	31	25	63	44	25	60	61	21	18	26	32	42	11	45	12	15	0	34	47	35	34	20	9	25	49	37	62	53	32	4	15	29	32	59	37	50	22	42	44	15	38	37	39	49	20	55	31	7	27	36	19	35	38	66	65	62	61	55	18	14	20	47	34	54	62	63	67	42	22	50	10	47	19	29	28	17	65	60	41	67	43	40	24	46	31	43	6	59	29	50	28	60	30	19	32	46	27	15	56	36	62	14	62	16	46	49	3	32	35	45	24	36	
39	6	18	23	38	24	23	26	27	11	34	32	35	45	43	38	13	21	26	30	39	39	34	5	18	13	15	28	38	37	28	44	21	38	32	25	44	31	32	18	35	33	18	21	26	36	17	17	25	57	7	24	16	23	33	34	0	26	43	23	22	30	41	21	42	29	27	21	32	20	20	42	24	35	24	40	34	32	39	44	11	14	26	24	36	38	39	9	39	39	20	11	33	35	28	27	21	46	34	21	13	43	36	29	30	47	41	41	25	34	20	24	21	18	19	32	33	22	47	16	25	45	13	29	39	29	34	35	17	43	28	44	17	43	20	35	42	34	18	28	21	33	22	20	15	37	21	44	16	19	43	
55	24	19	43	64	3	50	24	54	23	49	35	51	19	65	12	36	47	34	50	23	18	56	25	12	39	40	54	64	12	48	36	5	39	58	48	66	9	19	44	58	52	9	21	29	14	26	36	22	53	30	36	13	39	36	47	26	0	68	13	45	38	37	46	29	24	52	14	46	33	18	32	33	61	9	61	14	9	42	31	37	12	3	26	9	28	48	34	65	60	47	37	50	54	41	28	35	49	37	26	26	33	9	46	45	21	23	62	50	40	45	46	47	44	38	47	14	5	21	41	7	43	36	20	19	41	12	60	36	36	46	67	37	33	45	59	46	8	45	41	34	17	30	45	24	50	14	68	41	44	68	
62	43	51	49	7	66	23	52	21	45	61	47	60	87	9	77	44	26	42	21	69	73	14	47	61	36	39	32	5	79	50	64	63	53	11	45	10	74	64	25	10	53	61	51	65	79	44	32	53	67	45	37	59	31	48	35	43	68	0	58	23	42	59	40	69	71	40	56	31	38	53	65	62	12	67	13	69	69	50	71	35	56	68	48	77	63	42	33	6	16	25	37	58	55	60	67	55	53	48	47	53	67	77	56	58	89	73	13	38	45	38	21	21	25	30	59	77	62	89	37	63	59	44	60	72	36	77	7	49	62	54	7	31	66	37	8	50	76	28	60	36	77	43	37	56	34	56	1	40	24	1	
59	18	7	44	56	14	44	11	48	14	54	22	55	31	55	18	35	42	21	39	16	16	46	24	18	36	38	51	55	25	49	25	12	26	50	48	55	22	10	38	48	54	14	8	37	27	14	26	9	41	29	24	17	28	23	34	23	13	58	0	35	25	25	44	20	34	50	2	34	21	5	22	38	54	19	50	11	10	29	23	34	12	16	13	20	17	34	27	56	48	41	34	54	56	46	36	38	36	24	13	28	23	20	49	49	32	18	51	48	27	43	36	40	36	28	51	27	8	32	39	6	31	35	8	16	28	25	51	37	25	48	57	27	23	43	49	33	21	40	46	23	30	18	43	28	37	2	59	39	35	59	
52	21	28	37	20	43	16	30	17	22	50	28	49	65	21	54	29	16	22	9	47	50	12	27	39	21	25	27	19	57	39	45	41	34	15	35	21	51	42	10	13	44	39	28	47	57	21	9	31	52	27	17	37	11	29	20	22	45	23	35	0	23	40	29	48	51	33	33	16	16	30	45	45	20	45	18	46	46	32	50	19	34	46	26	54	42	28	12	21	17	14	21	47	46	46	49	40	38	29	24	34	47	54	44	46	66	50	18	30	27	27	2	8	8	7	47	55	39	66	24	40	41	29	37	50	18	55	15	34	43	42	22	8	46	26	14	34	53	16	46	15	55	21	26	37	21	33	23	27	4	23	
69	25	19	53	43	38	39	14	41	20	65	5	65	56	36	42	43	38	4	21	28	34	28	35	40	38	43	49	41	50	57	22	36	11	38	53	36	47	25	32	32	62	37	16	55	52	14	17	16	28	38	7	38	12	6	9	30	38	42	25	23	0	17	48	27	55	53	23	12	10	20	23	54	43	43	31	32	34	9	29	36	32	40	11	45	21	10	26	43	28	37	37	64	64	59	55	51	16	6	12	43	25	45	60	60	57	32	31	50	4	46	23	31	29	17	62	51	32	57	42	31	18	43	21	33	6	50	36	47	20	58	38	18	23	46	34	12	47	37	59	10	54	9	46	44	12	23	42	44	26	43	
81	35	24	65	60	39	55	16	57	30	76	12	77	52	52	36	55	54	18	38	18	25	45	45	44	52	56	65	58	48	69	5	37	6	55	66	52	46	19	48	49	74	40	20	61	51	24	32	18	16	49	23	42	29	11	25	41	37	59	25	40	17	0	62	14	59	67	25	28	25	23	8	63	60	45	47	26	30	10	14	49	36	41	17	42	10	19	40	60	44	52	50	75	76	69	61	61	13	11	20	51	9	41	71	71	52	21	47	64	14	60	40	48	45	33	73	51	33	52	56	30	6	55	17	25	23	49	53	58	3	70	55	34	8	60	51	12	45	52	69	25	55	21	60	52	26	25	59	57	43	60	
23	27	40	9	33	43	17	47	19	32	21	51	20	61	45	58	10	15	45	39	61	60	38	21	34	10	6	10	35	54	10	65	41	58	29	5	46	47	54	19	37	14	37	43	29	52	38	31	46	77	16	41	33	37	52	49	21	46	40	44	29	48	62	0	64	37	6	43	45	38	42	63	24	28	40	44	55	53	58	66	12	35	44	44	54	59	56	22	34	45	16	11	18	16	20	31	17	65	53	42	21	65	55	16	18	63	63	45	4	53	2	31	22	21	32	19	48	43	63	6	46	65	10	51	60	45	50	35	12	64	14	45	30	64	3	36	60	51	13	20	38	46	41	3	23	51	43	41	5	25	39	
80	36	24	65	69	31	61	18	64	32	74	22	76	40	63	24	55	59	27	48	5	13	55	44	38	55	58	69	67	37	70	9	31	19	63	68	64	37	10	54	59	75	34	21	57	40	28	39	18	26	49	32	38	37	21	37	42	29	69	20	48	27	14	64	0	53	70	21	39	32	22	5	59	68	38	58	15	19	24	2	52	32	32	22	30	6	33	44	69	55	58	53	74	76	67	56	59	27	22	24	49	5	29	70	69	40	8	59	67	26	62	48	55	52	41	72	42	26	40	58	23	19	55	13	12	33	39	62	58	11	69	66	41	6	62	60	27	34	57	67	33	46	27	62	49	39	21	69	59	50	70	
37	32	36	29	66	21	49	43	52	35	31	54	33	29	72	33	28	46	51	59	47	42	63	24	15	35	33	47	66	23	34	59	21	59	60	36	73	18	42	46	64	37	19	40	9	19	41	45	42	75	26	51	17	51	55	62	29	24	71	34	51	55	59	37	53	0	42	34	60	47	36	55	14	62	15	69	38	33	61	55	36	23	20	44	27	51	65	39	67	68	46	34	33	37	23	7	20	69	56	43	18	56	28	29	27	31	47	70	41	58	37	53	50	46	48	29	15	26	31	36	29	65	28	42	43	56	18	64	25	59	30	73	46	56	38	64	65	22	43	23	48	11	46	38	15	65	34	72	33	48	71	
22	33	46	12	33	49	18	52	19	38	21	56	20	67	45	64	16	17	50	41	66	66	40	27	40	15	12	8	35	59	10	70	47	63	29	6	46	53	60	22	38	13	43	49	33	57	43	36	52	81	22	46	39	41	57	53	27	52	40	50	33	53	67	6	70	42	0	49	49	43	47	69	28	28	46	45	61	59	62	72	17	41	50	50	60	65	60	27	34	46	18	17	18	15	23	35	22	69	58	47	26	70	61	17	20	69	69	46	2	57	7	34	25	25	36	20	54	49	69	11	52	70	16	57	66	49	56	35	17	69	15	45	34	70	7	36	65	57	16	23	42	51	46	7	29	54	49	41	11	28	39	
58	16	5	43	54	15	42	10	45	12	53	21	54	33	53	20	34	40	20	37	18	18	44	22	18	34	36	49	53	26	48	25	13	25	47	46	53	23	11	35	46	53	14	7	36	28	12	23	8	41	27	22	17	26	22	32	21	14	56	2	33	23	25	43	21	34	49	0	32	19	3	22	38	52	20	48	13	13	28	24	32	11	17	12	22	18	33	25	54	46	39	32	53	55	45	36	37	35	23	12	27	24	22	48	48	34	20	49	46	26	41	34	37	34	26	50	28	9	34	37	8	31	34	9	18	26	26	48	36	25	47	55	25	24	41	47	32	23	38	45	21	31	16	41	27	35	0	57	38	33	56	
68	28	27	51	32	46	32	25	33	25	64	17	64	66	24	52	42	32	13	10	40	46	17	37	45	36	40	43	30	59	55	33	44	22	28	50	24	55	36	26	21	59	43	25	58	60	20	15	26	37	39	10	43	9	18	4	32	46	31	34	16	12	28	45	39	60	49	32	0	13	29	35	56	33	50	18	43	44	19	41	33	38	48	21	55	33	12	24	32	16	31	35	62	61	59	59	52	23	17	20	45	37	54	59	60	67	44	19	46	14	43	15	24	24	13	61	59	41	67	39	40	28	42	32	45	6	58	25	47	31	57	26	15	35	42	23	19	55	32	59	12	61	16	42	47	5	32	31	42	20	32	
59	15	14	42	36	33	30	14	32	12	54	13	55	53	33	40	33	28	7	17	31	35	24	25	32	28	32	39	35	46	46	29	30	20	31	43	34	41	26	23	27	51	30	13	45	47	7	7	15	38	28	4	30	6	14	15	20	33	38	21	16	10	25	38	32	47	43	19	13	0	16	29	44	36	36	29	31	32	19	34	25	24	35	10	42	26	19	15	37	26	27	26	53	53	49	46	41	26	15	8	33	31	42	49	50	54	35	29	40	14	36	16	23	20	9	52	45	27	54	31	27	27	33	21	34	9	45	30	37	27	48	36	9	30	35	29	22	42	27	49	1	47	5	35	34	18	19	38	33	18	38	
58	14	2	43	51	18	40	7	43	10	53	18	54	37	49	24	33	38	16	33	19	20	40	22	20	32	35	47	50	30	47	24	16	23	44	45	50	26	13	33	43	52	17	4	38	32	9	20	5	39	27	18	19	22	19	29	20	18	53	5	30	20	23	42	22	36	47	3	29	16	0	22	39	49	23	45	16	16	25	24	30	13	20	9	26	18	30	23	51	43	37	30	53	54	45	38	38	32	20	8	28	23	25	48	48	38	22	45	45	23	40	31	35	31	23	50	31	12	38	36	11	29	33	9	20	23	30	45	36	24	47	52	22	23	40	44	29	26	36	45	17	34	12	40	28	32	3	53	37	30	53	
80	35	23	65	65	34	58	16	61	30	75	17	76	45	59	29	55	57	23	44	10	18	51	44	40	53	57	67	63	41	69	4	33	14	60	67	59	40	13	51	55	74	36	20	59	44	25	36	17	21	49	28	39	34	17	32	42	32	65	22	45	23	8	63	5	55	69	22	35	29	22	0	60	65	40	54	19	23	18	6	51	33	35	19	35	4	27	42	65	51	55	52	75	76	68	58	60	21	17	21	50	2	34	70	70	45	13	54	66	21	61	45	52	49	38	72	45	29	45	57	25	13	55	13	17	29	43	58	58	5	69	61	38	1	61	56	21	38	55	68	30	49	24	61	50	34	22	65	58	47	66	
23	29	38	15	55	29	38	46	41	34	17	55	19	43	64	44	17	35	50	54	54	51	56	19	21	25	22	34	57	36	19	63	29	61	50	22	65	30	48	37	56	22	25	42	5	33	40	41	45	79	18	49	21	47	56	59	24	33	62	38	45	54	63	24	59	14	28	38	56	44	39	60	0	51	24	62	46	42	62	61	26	26	30	46	39	56	64	33	56	62	36	24	19	23	9	7	6	70	57	44	11	62	40	15	13	45	55	63	28	58	25	47	41	38	43	15	29	33	45	24	36	67	17	47	51	53	32	55	12	63	15	65	41	62	25	55	66	34	33	9	45	25	45	25	10	62	38	62	21	41	61	
50	37	47	38	5	59	13	50	9	39	49	48	48	81	19	72	34	15	42	23	67	69	18	38	53	26	29	20	7	73	38	65	57	54	5	33	20	67	61	17	14	41	54	48	55	72	41	29	50	70	36	37	51	31	49	37	35	61	12	54	20	43	60	28	68	62	28	52	33	36	49	65	51	0	59	21	65	65	51	70	26	49	61	46	71	62	45	27	6	23	15	27	46	43	49	57	45	56	49	44	44	67	71	44	47	82	70	22	26	46	27	20	14	17	27	47	69	56	82	26	58	61	34	57	69	37	70	9	38	63	42	18	27	66	26	12	52	69	18	49	35	68	41	26	47	38	52	13	29	18	11	
47	23	24	36	62	6	47	30	51	24	41	41	43	21	66	20	30	44	39	51	32	27	57	21	5	34	35	49	62	13	41	44	7	45	56	41	67	7	27	42	58	45	6	27	20	12	29	37	28	61	25	40	7	41	42	50	24	9	67	19	45	43	45	40	38	15	46	20	50	36	23	40	24	59	0	62	23	19	48	40	34	11	5	32	15	36	53	33	63	61	44	33	42	46	33	19	27	55	43	31	19	41	16	38	36	23	32	63	44	46	39	46	45	42	39	39	10	11	23	36	14	50	30	27	28	44	10	59	29	44	38	68	38	42	40	59	52	11	41	33	37	11	34	40	17	54	20	68	35	43	67	
67	38	43	53	17	60	27	43	26	38	65	36	64	81	5	69	46	29	31	11	59	64	6	45	57	38	42	38	15	74	54	52	58	41	17	49	5	69	54	26	7	58	56	42	65	74	36	25	44	54	44	27	55	22	37	22	40	61	13	50	18	31	47	44	58	69	45	48	18	29	45	54	62	21	62	0	60	61	37	60	36	51	63	38	70	52	29	30	17	3	28	38	62	60	63	66	57	40	36	37	52	55	70	60	62	82	63	1	43	32	42	16	22	24	23	63	72	56	82	40	56	46	46	50	63	25	72	11	51	50	58	8	24	54	41	9	37	70	31	63	27	73	33	41	55	21	48	13	43	21	14	
68	29	18	54	67	16	55	17	59	25	62	27	63	26	65	10	45	53	29	49	9	5	56	34	25	47	49	62	66	22	59	23	17	29	61	58	65	21	7	49	59	64	21	18	43	25	25	36	16	40	39	33	25	38	28	42	34	14	69	11	46	32	26	55	15	38	61	13	43	31	16	19	46	65	23	60	0	4	32	17	45	20	17	21	16	16	40	38	67	58	52	45	63	65	54	42	47	38	29	22	37	19	15	58	57	26	9	61	59	33	54	47	51	47	39	59	26	13	26	50	9	32	45	10	5	36	24	61	47	24	57	67	38	20	54	60	36	19	51	54	33	31	27	54	36	45	13	69	50	46	69	
65	27	18	51	67	12	54	19	58	25	59	30	60	22	66	7	43	52	31	50	14	8	57	32	21	45	47	60	66	18	56	27	13	32	60	55	66	17	11	48	59	61	17	19	39	21	25	36	18	44	37	34	21	38	31	44	32	9	69	10	46	34	30	53	19	33	59	13	44	32	16	23	42	65	19	61	4	0	36	21	43	18	13	23	12	20	43	37	67	59	51	43	59	62	50	38	44	42	31	24	34	24	11	55	54	23	13	62	57	35	52	47	50	47	39	56	22	10	23	48	7	36	43	13	9	38	19	61	44	28	54	68	38	24	52	60	40	15	50	50	33	26	28	52	33	47	13	70	48	46	69	
78	33	24	62	51	43	48	18	50	28	74	7	74	58	42	43	52	47	12	29	26	34	36	43	46	48	52	59	49	53	66	16	41	4	46	62	42	51	25	42	40	71	42	21	62	56	21	26	20	19	47	16	44	21	6	15	39	42	50	29	32	9	10	58	24	61	62	28	19	19	25	18	62	51	48	37	32	36	0	24	45	38	45	16	48	18	9	35	51	34	46	46	73	73	67	62	60	7	5	18	51	20	47	69	69	59	30	37	60	5	56	32	41	39	27	71	56	37	59	51	35	9	52	22	33	14	54	44	56	13	67	45	28	18	55	42	4	50	47	67	20	59	17	55	51	16	28	50	53	36	51	
82	38	26	67	70	33	63	20	66	34	77	23	78	41	65	25	58	61	28	50	7	14	57	46	41	57	60	71	69	38	72	9	33	20	65	70	65	38	12	56	60	77	36	23	59	42	30	41	20	25	51	33	40	39	23	38	44	31	71	23	50	29	14	66	2	55	72	24	41	34	24	6	61	70	40	60	17	21	24	0	54	35	34	24	32	8	34	46	71	57	60	55	77	79	69	58	61	28	23	26	51	5	31	72	72	41	9	60	69	27	65	50	57	54	43	74	43	29	41	60	25	19	58	15	13	35	40	64	60	11	71	68	43	6	64	62	27	36	59	69	35	48	29	64	51	40	24	71	61	52	72	
34	16	28	18	30	35	13	35	17	20	31	38	30	55	37	49	10	10	32	28	49	50	30	13	28	2	7	17	30	47	21	52	32	45	24	17	38	41	43	10	29	26	29	31	30	46	25	19	34	64	10	29	26	25	40	37	11	37	35	34	19	36	49	12	52	36	17	32	33	25	30	51	26	26	34	36	45	43	45	54	0	25	37	32	47	47	43	9	31	36	10	2	29	28	27	31	21	52	40	29	18	53	47	25	26	57	52	37	15	40	10	21	14	12	19	28	43	33	57	6	36	53	10	39	50	32	44	28	15	51	23	38	18	52	10	29	48	44	7	27	25	42	28	10	20	39	32	36	8	15	35	
47	12	13	33	52	10	38	20	42	13	42	30	43	31	55	23	25	35	28	40	28	25	45	14	8	27	29	42	52	23	38	37	7	36	46	37	55	17	22	32	47	43	5	16	25	23	18	25	18	52	19	28	6	30	31	39	14	12	56	12	34	32	36	35	32	23	41	11	38	24	13	33	26	49	11	51	20	18	38	35	25	0	12	21	21	29	42	22	53	49	35	25	42	44	34	25	26	45	32	20	17	35	21	38	37	32	29	52	39	35	34	35	35	32	28	39	21	8	32	30	11	42	25	20	26	33	21	48	26	36	37	56	26	35	34	48	41	19	33	34	25	22	23	34	16	42	11	57	30	32	56	
53	24	21	41	64	2	50	27	53	24	47	38	48	19	66	14	34	47	37	51	27	21	57	24	10	38	39	53	64	11	46	39	5	42	58	46	67	6	22	44	59	50	7	24	26	12	28	37	25	56	28	38	11	41	39	49	26	3	68	16	46	40	41	44	32	20	50	17	48	35	20	35	30	61	5	63	17	13	45	34	37	12	0	29	10	31	50	34	65	61	47	36	48	51	38	25	32	52	40	28	24	36	11	43	42	20	26	63	48	43	43	47	47	44	40	44	11	8	20	40	10	46	34	23	22	43	9	60	34	39	43	68	38	37	44	60	49	7	44	38	36	14	32	44	22	52	17	69	39	44	68	
63	17	8	47	47	27	39	4	42	12	58	9	59	45	43	31	37	37	8	27	20	25	34	27	29	34	38	48	45	39	52	20	25	15	41	49	44	35	16	32	38	57	26	5	45	41	6	17	5	33	31	11	27	16	10	20	24	26	48	13	26	11	17	44	22	44	50	12	21	10	9	19	46	46	32	38	21	23	16	24	32	21	29	0	34	16	21	23	47	36	36	33	58	59	52	45	44	24	11	2	34	21	34	53	53	46	24	39	47	14	42	26	33	30	19	55	40	21	46	38	20	22	37	11	24	15	39	41	41	19	52	46	19	20	42	39	20	35	36	52	11	43	5	42	35	23	12	48	39	28	49	
62	33	28	51	74	11	59	31	63	32	56	42	58	11	74	7	44	57	42	59	25	18	65	34	20	48	49	63	73	6	56	39	14	44	67	56	75	8	23	54	67	60	17	29	34	10	35	45	29	56	39	44	21	48	42	55	36	9	77	20	54	45	42	54	30	27	60	22	55	42	26	35	39	71	15	70	16	12	48	32	47	21	10	34	0	32	55	44	74	68	56	46	57	61	48	33	42	54	43	34	34	35	1	53	51	12	23	71	59	47	54	55	57	53	48	53	12	14	12	50	14	48	44	25	18	49	9	69	44	40	53	77	46	36	54	68	51	5	54	48	43	17	38	54	32	58	22	78	50	53	77	
76	31	19	61	62	30	55	12	58	26	71	16	72	42	57	26	51	53	20	42	8	15	49	40	36	49	53	63	61	38	65	7	29	14	57	63	57	37	9	48	52	70	32	16	54	41	22	33	13	24	45	25	35	31	15	31	38	28	63	17	42	21	10	59	6	51	65	18	33	26	18	4	56	62	36	52	16	20	18	8	47	29	31	16	32	0	27	38	62	49	52	48	71	72	63	54	56	23	16	18	46	5	31	66	66	42	12	52	62	20	57	42	49	46	35	68	42	25	42	53	21	16	51	9	14	27	39	56	54	8	65	60	35	5	57	54	21	35	51	63	27	46	21	57	45	33	18	63	54	44	64	
77	34	29	61	44	48	44	24	45	30	73	13	74	66	34	50	51	44	14	22	35	42	28	44	50	46	50	55	41	60	65	25	46	13	40	61	34	56	33	38	32	70	47	26	64	62	24	24	25	25	47	15	48	18	12	7	39	48	42	34	28	10	19	56	33	65	60	33	12	19	30	27	64	45	53	29	40	43	9	34	43	42	50	21	55	27	0	33	43	26	42	45	72	72	68	65	60	11	11	22	52	29	54	68	69	66	39	29	57	7	53	26	36	35	24	71	61	42	66	49	41	17	51	29	41	10	60	36	56	23	66	37	25	28	53	34	8	56	43	68	18	64	19	53	53	8	33	42	52	32	43	
44	10	21	27	30	32	17	26	20	13	40	28	40	54	33	44	18	15	22	21	42	43	24	14	27	12	17	25	29	46	31	43	30	36	23	27	34	40	36	10	25	36	27	23	35	45	16	9	26	54	15	19	25	15	30	27	9	34	33	27	12	26	40	22	44	39	27	25	24	15	23	42	33	27	33	30	38	37	35	46	9	22	34	23	44	38	33	0	30	29	14	11	38	38	35	36	28	42	30	20	22	44	44	34	35	55	45	31	24	30	20	14	13	9	10	37	43	29	55	16	31	43	18	32	43	23	43	26	23	42	33	34	8	43	20	25	38	42	13	35	15	43	19	20	24	30	25	34	18	10	33	
56	40	49	44	1	63	18	51	15	42	55	48	54	84	14	74	39	21	42	22	68	71	15	43	57	31	34	26	2	76	44	65	60	54	7	39	15	70	63	21	11	47	58	49	60	76	42	31	52	69	41	37	55	31	49	36	39	65	6	56	21	43	60	34	69	67	34	54	32	37	51	65	56	6	63	17	67	67	51	71	31	53	65	47	74	62	43	30	0	19	20	32	52	49	54	62	50	55	49	45	49	67	74	50	52	86	72	17	32	46	32	20	17	21	28	53	73	59	86	32	61	60	39	58	71	37	74	7	44	63	48	12	29	66	32	9	51	73	23	54	35	73	42	32	51	36	54	7	35	21	5	
68	37	41	53	20	59	28	40	28	36	65	33	65	79	8	67	46	30	29	9	56	61	6	44	56	38	42	39	17	72	55	50	56	38	19	50	8	67	52	26	9	59	55	40	64	73	33	24	42	51	44	25	54	20	34	19	39	60	16	48	17	28	44	45	55	68	46	46	16	26	43	51	62	23	61	3	58	59	34	57	36	49	61	36	68	49	26	29	19	0	28	38	63	61	63	66	57	37	33	35	51	53	68	60	62	81	60	3	44	30	42	15	22	24	21	63	71	54	81	40	54	43	46	48	61	22	71	13	51	47	58	11	23	51	41	11	34	68	31	63	25	72	31	41	54	18	46	16	43	21	17	
39	23	35	25	19	45	3	40	6	27	37	40	36	66	29	58	19	1	34	23	56	57	22	23	38	11	14	12	20	57	26	56	42	47	13	21	30	51	50	4	21	30	39	37	40	57	30	20	40	65	20	29	36	24	42	35	20	47	25	41	14	37	52	16	58	46	18	39	31	27	37	55	36	15	44	28	52	51	46	60	10	35	47	36	56	52	42	14	20	28	0	12	34	32	35	42	30	52	42	34	28	57	57	32	34	67	59	29	15	41	14	16	6	7	19	35	54	42	67	12	44	55	19	46	57	32	55	19	24	55	30	29	18	57	13	20	48	54	3	35	26	53	32	13	31	36	39	26	15	10	25	
32	16	29	16	31	34	14	35	18	21	29	39	29	55	39	48	8	12	33	30	50	50	32	12	27	2	5	17	32	46	20	53	32	47	25	16	40	40	43	12	31	24	28	31	28	45	26	20	35	65	8	30	25	26	41	38	11	37	37	34	21	37	50	11	53	34	17	32	35	26	30	52	24	27	33	38	45	43	46	55	2	25	36	33	46	48	45	11	32	38	12	0	27	27	25	29	19	53	41	30	16	53	47	23	25	56	52	39	14	41	9	23	16	14	21	26	42	33	56	5	36	54	8	40	50	34	43	30	13	52	21	40	19	53	9	31	49	43	9	25	26	41	30	9	19	41	32	38	7	17	37	
5	40	52	10	51	47	35	59	37	45	3	65	2	62	63	62	20	33	60	56	70	68	57	30	38	26	21	26	53	55	8	77	46	72	47	13	64	49	64	37	55	5	42	55	24	52	51	48	58	91	26	57	38	54	67	66	33	50	58	54	47	64	75	18	74	33	18	53	62	53	53	75	19	46	42	62	63	59	73	77	29	42	48	58	57	71	72	38	52	63	34	27	0	5	10	26	15	80	68	55	25	76	58	4	6	64	72	63	20	68	20	49	41	39	48	4	48	49	64	23	53	79	20	62	68	61	51	53	17	76	5	63	47	76	21	54	76	53	31	10	53	44	55	21	26	68	53	59	20	43	57	
7	41	53	11	48	50	32	61	34	46	8	66	6	66	60	66	21	31	60	55	72	70	55	32	41	25	21	23	50	59	7	79	49	73	44	11	61	53	66	35	53	2	45	56	28	56	52	47	59	92	27	57	41	53	67	65	35	54	55	56	46	64	76	16	76	37	15	55	61	53	54	76	23	43	46	60	65	62	73	79	28	44	51	59	61	72	72	38	49	61	32	27	5	0	14	30	19	80	68	56	28	78	62	8	10	68	74	61	17	68	18	48	39	38	48	8	52	52	68	22	55	80	21	64	71	61	55	50	18	78	8	60	46	78	19	51	76	57	30	14	53	48	56	19	29	67	55	56	20	42	54	
14	34	45	10	53	38	36	53	39	39	8	60	10	52	64	53	17	34	55	55	62	59	57	24	29	25	21	30	55	45	12	70	37	67	48	16	65	39	56	37	56	14	33	48	14	42	46	44	51	85	21	53	29	50	61	62	28	41	60	46	46	59	69	20	67	23	23	45	59	49	45	68	9	49	33	63	54	50	67	69	27	34	38	52	48	63	68	35	54	63	35	25	10	14	0	16	7	75	62	50	17	69	49	6	4	54	63	64	23	63	21	48	41	39	45	6	38	41	54	23	44	74	17	54	59	57	41	54	12	70	7	64	43	69	22	55	71	43	32	0	49	34	50	22	18	65	45	61	20	42	59	
30	31	38	23	61	25	44	45	47	34	24	55	26	36	69	39	23	41	51	57	51	47	60	22	17	30	28	41	62	29	27	61	25	60	55	29	70	24	46	42	61	30	22	41	2	26	41	44	43	77	22	50	18	50	56	61	27	28	67	36	49	55	61	31	56	7	35	36	59	46	38	58	7	57	19	66	42	38	62	58	31	25	25	45	33	54	65	36	62	66	42	29	26	30	16	0	13	70	57	44	14	59	34	22	20	38	51	67	35	59	31	50	46	43	46	22	22	29	38	30	33	67	23	45	47	55	25	60	19	61	23	70	44	60	32	60	66	28	38	16	47	18	46	32	12	64	36	68	28	45	67	
21	26	37	9	49	32	32	45	35	31	15	52	16	47	58	47	11	29	47	49	55	52	51	16	22	19	16	28	50	40	14	62	30	59	44	16	59	34	49	31	50	18	26	41	11	37	38	37	43	77	13	45	22	43	54	55	21	35	55	38	40	51	61	17	59	20	22	37	52	41	38	60	6	45	27	57	47	44	60	61	21	26	32	44	42	56	60	28	50	57	30	19	15	19	7	13	0	67	54	42	10	61	43	11	10	49	56	58	21	55	18	42	35	33	38	12	33	34	49	18	37	66	11	47	52	50	36	49	6	62	11	59	36	61	19	50	63	38	27	7	42	30	43	19	10	58	37	56	15	36	55	
86	40	32	69	55	50	54	25	56	36	81	15	82	65	45	49	59	54	20	33	31	39	39	51	53	55	59	65	52	60	73	18	48	10	51	70	45	58	31	48	43	78	50	28	70	63	29	33	27	14	54	23	51	28	13	18	46	49	53	36	38	16	13	65	27	69	69	35	23	26	32	21	70	56	55	40	38	42	7	28	52	45	52	24	54	23	11	42	55	37	52	53	80	80	75	70	67	0	13	26	58	23	53	76	76	65	35	40	66	12	62	37	47	45	33	78	63	44	65	58	42	8	59	29	38	20	61	48	63	16	74	48	34	21	62	45	4	57	53	75	26	66	24	62	59	19	35	53	60	42	54	
73	28	19	57	49	38	44	13	47	23	69	2	69	54	41	39	47	43	8	27	24	30	34	38	40	43	47	55	47	49	61	16	36	5	44	58	42	46	21	38	38	66	37	16	57	51	16	22	15	23	42	12	39	18	1	14	34	37	48	24	29	6	11	53	22	56	58	23	17	15	20	17	57	49	43	36	29	31	5	23	40	32	40	11	43	16	11	30	49	33	42	41	68	68	62	57	54	13	0	13	45	19	43	63	64	55	28	37	55	4	51	29	37	35	23	66	51	32	55	47	30	12	47	18	30	12	49	42	51	14	62	44	24	18	50	40	9	45	42	62	15	54	12	50	46	17	23	48	48	32	49	
61	15	7	45	45	26	37	6	40	10	56	10	57	45	42	31	35	35	8	26	22	26	33	25	28	32	36	45	44	39	49	22	24	17	39	46	43	35	17	30	36	54	25	5	44	40	4	15	6	35	29	10	26	15	12	20	21	26	47	13	24	12	20	42	24	43	47	12	20	8	8	21	44	44	31	37	22	24	18	26	29	20	28	2	34	18	22	20	45	35	34	30	55	56	50	44	42	26	13	0	32	23	34	51	51	46	26	38	45	15	40	25	31	28	17	53	39	20	46	36	20	24	35	13	25	14	38	39	38	21	50	44	17	22	40	38	22	35	33	50	10	42	4	40	33	23	12	47	37	26	47	
30	18	27	17	48	23	31	35	34	22	25	43	26	40	55	38	11	28	39	43	45	42	46	8	14	17	16	30	48	32	22	53	21	49	42	22	55	26	39	28	46	26	17	31	13	31	29	30	33	67	8	37	13	36	44	47	13	26	53	28	34	43	51	21	49	18	26	27	45	33	28	50	11	44	19	52	37	34	51	51	18	17	24	34	34	46	52	22	49	51	28	16	25	28	17	14	10	58	45	32	0	51	35	21	20	42	46	53	25	47	21	36	32	29	32	22	27	24	42	18	27	56	11	37	43	42	29	46	10	52	20	56	30	51	21	46	54	30	25	17	33	25	34	21	2	50	27	54	17	31	53	
82	37	25	66	67	35	60	18	63	32	77	19	78	45	61	29	57	59	25	46	10	18	53	46	42	55	59	69	65	41	71	4	34	15	62	69	61	41	13	53	57	76	37	21	60	45	27	38	18	21	51	30	41	36	18	34	43	33	67	23	47	25	9	65	5	56	70	24	37	31	23	2	62	67	41	55	19	24	20	5	53	35	36	21	35	5	29	44	67	53	57	53	76	78	69	59	61	23	19	23	51	0	34	72	72	45	13	56	68	23	63	47	54	51	40	74	46	30	45	59	26	14	57	14	17	31	43	60	59	6	71	63	40	1	63	58	22	39	57	69	32	50	26	63	51	36	24	67	60	49	68	
63	34	27	52	74	12	60	30	63	32	57	41	59	11	74	5	45	57	42	59	24	16	65	35	21	49	50	64	73	7	57	38	14	43	67	57	75	10	22	54	68	61	18	29	36	11	34	45	28	55	39	44	22	48	42	54	36	9	77	20	54	45	41	55	29	28	61	22	54	42	25	34	40	71	16	70	15	11	47	31	47	21	11	34	1	31	54	44	74	68	57	47	58	62	49	34	43	53	43	34	35	34	0	54	52	12	22	71	59	46	54	55	57	53	48	55	14	15	12	51	14	47	45	24	17	48	10	69	45	39	54	77	46	35	55	68	51	6	55	49	43	19	38	55	33	57	22	78	50	53	77	
10	36	47	7	49	43	33	55	35	41	5	61	5	58	61	58	16	31	56	53	66	63	54	26	34	23	18	25	51	51	6	73	42	68	45	11	62	45	60	34	53	7	37	51	20	48	47	44	54	87	21	53	33	50	63	62	29	46	56	49	44	60	71	16	70	29	17	48	59	49	48	70	15	44	38	60	58	55	69	72	25	38	43	53	53	66	68	34	50	60	32	23	4	8	6	22	11	76	63	51	21	72	54	0	2	60	67	61	18	64	18	46	38	36	45	3	44	45	60	20	48	75	16	57	64	57	47	51	12	72	2	61	43	72	19	52	72	49	29	6	49	40	51	19	22	64	48	57	17	40	55	
10	36	47	9	51	42	35	55	37	41	5	62	6	56	63	57	17	33	56	55	65	62	56	26	32	24	20	27	53	49	9	73	40	68	47	13	64	43	59	36	55	10	36	50	18	46	47	45	53	87	22	54	32	51	63	63	30	45	58	49	46	60	71	18	69	27	20	48	60	50	48	70	13	47	36	62	57	54	69	72	26	37	42	53	51	66	69	35	52	62	34	25	6	10	4	20	10	76	64	51	20	72	52	2	0	58	66	63	21	64	20	48	40	38	46	2	42	44	58	22	47	75	17	57	63	58	45	53	13	72	4	63	44	71	21	54	72	47	31	4	50	38	52	21	21	65	48	59	19	41	57	
68	45	40	58	85	22	70	42	74	44	62	53	64	2	87	16	53	68	54	71	35	27	77	44	29	58	58	73	85	9	63	49	25	55	79	64	87	16	33	65	79	67	28	41	40	12	47	57	41	66	48	57	31	60	54	67	47	21	89	32	66	57	52	63	40	31	69	34	67	54	38	45	45	82	23	82	26	23	59	41	57	32	20	46	12	42	66	55	86	81	67	56	64	68	54	38	49	65	55	46	42	45	12	60	58	0	32	83	68	59	63	67	68	65	60	60	16	26	0	60	26	58	53	37	28	61	13	81	52	50	60	89	58	46	63	80	63	13	65	54	55	20	50	63	40	70	34	89	59	65	89	
77	36	24	62	71	26	62	20	65	32	71	27	72	32	68	16	54	60	31	52	4	5	59	42	34	54	57	69	70	29	68	17	26	26	65	66	68	30	9	55	62	72	30	22	52	33	29	41	19	34	47	35	34	41	27	42	41	23	73	18	50	32	21	63	8	47	69	20	44	35	22	13	55	70	32	63	9	13	30	9	52	29	26	24	23	12	39	45	72	60	59	52	72	74	63	51	56	35	28	26	46	13	22	67	66	32	0	63	66	32	61	51	56	53	43	68	35	22	32	57	18	27	54	13	4	38	32	65	55	18	66	70	43	14	61	64	34	27	58	63	36	39	30	61	45	45	20	73	58	51	73	
68	39	43	54	18	61	28	43	27	39	66	36	65	82	5	70	47	30	32	12	59	64	7	46	58	39	43	39	15	75	55	53	58	41	18	50	5	69	55	27	8	59	57	43	66	75	36	26	45	54	45	28	56	23	37	22	41	62	13	51	18	31	47	45	59	70	46	49	19	29	45	54	63	22	63	1	61	62	37	60	37	52	63	39	71	52	29	31	17	3	29	39	63	61	64	67	58	40	37	38	53	56	71	61	63	83	63	0	44	33	43	17	23	25	23	64	73	56	83	41	57	46	47	51	64	25	73	12	52	50	59	8	25	55	42	10	37	71	32	64	28	74	34	42	56	21	49	13	44	22	15	
24	31	43	13	31	47	15	50	17	35	23	53	22	66	43	62	14	14	47	38	64	64	37	25	39	12	10	6	33	58	12	68	45	60	27	7	44	52	58	19	35	15	41	46	33	56	40	33	49	79	20	43	37	38	54	50	25	50	38	48	30	50	64	4	67	41	2	46	46	40	45	66	28	26	44	43	59	57	60	69	15	39	48	47	59	62	57	24	32	44	15	14	20	17	23	35	21	66	55	45	25	68	59	18	21	68	66	44	0	54	5	31	22	22	33	21	52	47	68	9	50	67	14	54	64	46	55	33	16	66	16	43	31	67	5	34	62	55	13	23	40	50	43	5	28	52	46	39	9	25	37	
74	29	22	57	46	41	43	16	45	24	69	5	70	58	38	43	47	42	8	24	28	35	31	39	43	43	47	53	44	52	61	19	39	8	41	57	38	49	26	36	35	66	40	19	58	54	18	21	18	24	42	11	41	16	5	10	34	40	45	27	27	4	14	53	26	58	57	26	14	14	23	21	58	46	46	32	33	35	5	27	40	35	43	14	47	20	7	30	46	30	41	41	68	68	63	59	55	12	4	15	47	23	46	64	64	59	32	33	54	0	50	26	35	34	21	66	54	35	59	46	33	14	47	22	34	9	52	39	51	17	62	41	23	21	50	37	7	49	41	63	14	57	13	50	48	13	26	45	48	30	46	
25	26	38	11	32	42	15	45	17	31	23	49	22	61	43	57	9	13	43	36	59	59	36	20	34	8	5	10	33	53	12	63	40	56	27	7	44	47	53	17	35	16	36	41	29	52	36	29	44	75	15	39	32	35	50	47	20	45	38	43	27	46	60	2	62	37	7	41	43	36	40	61	25	27	39	42	54	52	56	65	10	34	43	42	54	57	53	20	32	42	14	9	20	18	21	31	18	62	51	40	21	63	54	18	20	63	61	43	5	50	0	29	20	19	29	21	48	42	63	4	45	63	9	50	59	43	50	33	12	62	16	43	28	63	1	34	58	50	11	21	36	46	39	1	23	49	41	39	4	23	37	
54	23	29	39	20	45	17	31	18	23	51	28	51	66	19	55	31	17	22	7	47	51	10	29	41	23	27	29	18	58	41	45	42	34	15	37	20	53	42	12	12	46	40	29	49	59	22	10	31	51	29	17	39	11	29	19	24	46	21	36	2	23	40	31	48	53	34	34	15	16	31	45	47	20	46	16	47	47	32	50	21	35	47	26	55	42	26	14	20	15	16	23	49	48	48	50	42	37	29	25	36	47	55	46	48	67	51	17	31	26	29	0	9	9	8	49	56	41	67	26	42	41	31	38	51	17	57	14	36	43	44	21	9	46	28	13	33	55	18	48	15	57	21	28	39	20	34	22	29	6	22	
45	23	32	31	17	45	7	37	9	25	43	36	42	67	23	57	24	8	29	16	53	55	16	25	40	16	20	19	17	59	32	52	43	43	10	28	24	53	47	4	15	37	40	34	44	58	27	16	37	60	24	25	38	19	37	29	21	47	21	40	8	31	48	22	55	50	25	37	24	23	35	52	41	14	45	22	51	50	41	57	14	35	47	33	57	49	36	13	17	22	6	16	41	39	41	46	35	47	37	31	32	54	57	38	40	68	56	23	22	35	20	9	0	3	14	41	55	42	68	18	44	49	24	43	55	26	56	14	29	50	36	24	14	53	19	14	42	55	9	41	22	55	28	19	34	30	37	22	21	5	21	
44	19	29	29	20	42	9	34	12	22	42	33	41	63	25	54	22	8	27	17	50	52	18	22	36	14	18	20	20	55	31	50	39	40	14	27	26	49	44	2	17	36	36	31	41	55	24	13	34	58	21	22	34	17	35	28	18	44	25	36	8	29	45	21	52	46	25	34	24	20	31	49	38	17	42	24	47	47	39	54	12	32	44	30	53	46	35	9	21	24	7	14	39	38	39	43	33	45	35	28	29	51	53	36	38	65	53	25	22	34	19	9	3	0	12	39	52	38	65	16	40	47	22	40	52	25	53	17	27	48	34	26	11	50	18	17	41	52	8	39	19	52	25	18	31	29	34	25	19	3	24	
54	16	21	38	28	37	21	23	23	15	50	21	50	58	26	47	28	20	15	12	40	43	17	24	34	22	26	31	26	51	41	38	35	28	22	37	27	46	34	14	20	46	33	21	45	51	14	2	24	46	25	10	32	5	23	17	19	38	30	28	7	17	33	32	41	48	36	26	13	9	23	38	43	27	39	23	39	39	27	43	19	28	40	19	48	35	24	10	28	21	19	21	48	48	45	46	38	33	23	17	32	40	48	45	46	60	43	23	33	21	29	8	14	12	0	47	49	33	60	25	34	35	28	30	43	13	49	22	33	36	43	29	2	39	29	21	29	47	20	45	8	50	14	29	34	19	26	30	28	9	30	
8	38	49	10	52	44	36	57	38	43	2	64	4	58	64	59	19	34	58	56	67	64	57	28	35	25	21	28	54	51	9	75	43	70	48	14	65	45	61	37	56	9	39	53	20	48	49	46	55	89	24	56	34	53	65	65	32	47	59	51	47	62	73	19	72	29	20	50	61	52	50	72	15	47	39	63	59	56	71	74	28	39	44	55	53	68	71	37	53	63	35	26	4	8	6	22	12	78	66	53	22	74	55	3	2	60	68	64	21	66	21	49	41	39	47	0	44	46	60	23	50	77	19	59	65	60	47	54	15	74	5	64	46	74	22	55	74	49	32	6	52	40	54	22	23	67	50	60	20	43	58	
52	33	32	42	72	13	57	38	60	34	46	49	48	14	76	19	38	54	48	61	36	30	67	30	15	44	43	58	72	7	47	49	15	53	66	48	77	5	32	52	68	51	16	35	24	4	38	47	36	66	34	49	17	51	50	60	33	14	77	27	55	51	51	48	42	15	54	28	59	45	31	45	29	69	10	72	26	22	56	43	43	21	11	40	12	42	61	43	73	71	54	42	48	52	38	22	33	63	51	39	27	46	14	44	42	16	35	73	52	54	48	56	55	52	49	44	0	19	16	45	21	57	38	34	30	54	3	69	36	50	44	78	48	47	48	69	60	7	51	38	47	5	43	48	24	63	28	77	44	53	77	
55	19	13	41	59	6	45	19	49	17	49	30	50	25	60	15	33	43	29	44	21	18	50	22	12	35	37	50	58	18	46	32	4	34	53	45	60	14	16	39	53	50	7	16	30	19	20	30	17	49	27	30	11	33	31	41	22	5	62	8	39	32	33	43	26	26	49	9	41	27	12	29	33	56	11	56	13	10	37	29	33	8	8	21	14	25	42	29	59	54	42	33	49	52	41	29	34	44	32	20	24	30	15	45	44	26	22	56	47	35	42	41	42	38	33	46	19	0	26	38	3	39	33	16	18	35	17	54	33	32	44	62	31	30	42	53	41	14	40	41	29	22	24	42	23	44	9	63	38	38	62	
68	45	40	58	85	22	70	42	74	44	62	53	64	2	87	16	53	68	54	71	35	27	77	44	29	58	58	73	85	9	63	49	25	55	79	64	87	16	33	65	79	67	28	41	40	12	47	57	41	66	48	57	31	60	54	67	47	21	89	32	66	57	52	63	40	31	69	34	67	54	38	45	45	82	23	82	26	23	59	41	57	32	20	46	12	42	66	55	86	81	67	56	64	68	54	38	49	65	55	46	42	45	12	60	58	0	32	83	68	59	63	67	68	65	60	60	16	26	0	60	26	58	53	37	28	61	13	81	52	50	60	89	58	46	63	80	63	13	65	54	55	20	50	63	40	70	34	89	59	65	89	
28	21	34	13	31	39	13	41	17	26	25	45	25	58	41	53	7	11	39	33	55	55	34	16	31	3	2	12	32	50	15	59	36	52	25	11	42	44	49	14	33	20	32	37	28	49	31	25	40	70	11	35	29	31	46	43	16	41	37	39	24	42	56	6	58	36	11	37	39	31	36	57	24	26	36	40	50	48	51	60	6	30	40	38	50	53	49	16	32	40	12	5	23	22	23	30	18	58	47	36	18	59	51	20	22	60	57	41	9	46	4	26	18	16	25	23	45	38	60	0	41	59	7	45	55	39	47	31	12	57	18	41	24	58	4	32	54	47	9	23	31	43	35	4	21	45	37	38	3	19	37	
58	21	13	44	60	8	48	17	51	18	52	28	54	25	60	13	36	45	28	45	18	14	51	25	15	38	40	53	60	18	49	29	7	32	54	48	61	16	13	41	54	54	11	15	33	21	20	31	15	46	30	30	15	34	29	40	25	7	63	6	40	31	30	46	23	29	52	8	40	27	11	25	36	58	14	56	9	7	35	25	36	11	10	20	14	21	41	31	61	54	44	36	53	55	44	33	37	42	30	20	27	26	14	48	47	26	18	57	50	33	45	42	44	40	34	50	21	3	26	41	0	36	36	13	15	34	19	56	37	29	48	63	32	27	45	55	39	15	43	44	29	24	24	45	26	43	8	64	41	40	64	
85	39	29	69	60	45	57	21	59	34	80	14	81	58	51	42	59	56	20	38	23	31	45	49	49	55	59	67	58	54	73	10	43	7	55	70	51	52	25	50	49	78	45	25	67	57	28	34	23	11	53	25	48	30	13	24	45	43	59	31	41	18	6	65	19	65	70	31	28	27	29	13	67	61	50	46	32	36	9	19	53	42	46	22	48	16	17	43	60	43	55	54	79	80	74	67	66	8	12	24	56	14	47	75	75	58	27	46	67	14	63	41	49	47	35	77	57	39	58	59	36	0	59	23	30	23	55	53	62	8	74	54	36	13	63	51	9	51	55	74	28	61	24	63	57	25	31	59	61	44	60	
26	20	32	9	38	33	21	39	24	25	21	45	22	51	47	48	0	18	39	38	52	50	40	11	24	8	5	19	39	43	14	57	31	52	33	12	48	37	45	20	39	19	27	35	21	42	31	27	38	70	6	36	23	34	46	46	13	36	44	35	29	43	55	10	55	28	16	34	42	33	33	55	17	34	30	46	45	43	52	58	10	25	34	37	44	51	51	18	39	46	19	8	20	21	17	23	11	59	47	35	11	57	45	16	17	53	54	47	14	47	9	31	24	22	28	19	38	33	53	7	36	59	0	42	51	41	40	38	5	56	15	48	26	56	10	38	55	41	16	17	33	36	35	10	13	48	34	45	5	25	44	
67	23	11	52	58	21	49	7	52	19	62	17	63	36	55	21	42	47	19	39	10	13	46	31	27	42	45	56	57	31	57	16	20	19	52	55	55	29	4	42	49	62	23	9	45	34	16	27	6	33	36	23	26	28	17	31	29	20	60	8	37	21	17	51	13	42	57	9	32	21	9	13	47	57	27	50	10	13	22	15	39	20	23	11	25	9	29	32	58	48	46	40	62	64	54	45	47	29	18	13	37	14	24	57	57	37	13	51	54	22	50	38	43	40	30	59	34	16	37	45	13	23	42	0	13	26	32	52	45	16	56	57	29	14	49	51	26	28	45	54	23	37	17	49	36	34	9	60	46	38	60	
73	34	22	59	71	22	60	20	63	30	67	29	69	28	68	12	51	58	32	52	7	1	59	39	30	52	54	67	70	25	64	21	22	29	65	63	68	26	8	53	62	69	26	21	48	29	28	40	19	38	44	36	30	41	29	43	39	19	72	16	50	33	25	60	12	43	66	18	45	34	20	17	51	69	28	63	5	9	33	13	50	26	22	24	18	14	41	43	71	61	57	50	68	71	59	47	52	38	30	25	43	17	17	64	63	28	4	64	64	34	59	51	55	52	43	65	30	18	28	55	15	30	51	13	0	39	27	65	52	22	63	70	42	18	59	63	36	23	56	59	36	35	30	59	42	46	18	73	55	50	73	
67	24	21	50	37	41	34	19	36	21	63	11	63	60	30	46	41	33	7	15	34	39	22	34	41	35	40	45	35	53	54	28	38	17	32	50	30	49	30	28	26	59	38	19	54	55	15	13	20	33	36	5	39	7	12	6	29	41	36	28	18	6	23	45	33	56	49	26	6	9	23	29	53	37	44	25	36	38	14	35	32	33	43	15	49	27	10	23	37	22	32	34	61	61	57	55	50	20	12	14	42	31	48	57	58	61	38	25	46	9	43	17	26	25	13	60	54	35	61	39	34	23	41	26	39	0	53	30	45	26	56	32	14	29	42	28	16	50	33	57	8	56	10	42	43	9	26	36	41	21	37	
55	34	31	45	73	12	58	36	61	34	49	47	51	11	76	16	40	55	46	61	33	26	67	31	16	45	45	60	73	4	50	47	14	51	67	51	77	3	30	53	68	54	16	33	27	2	38	46	34	64	35	48	18	51	48	59	34	12	77	25	55	50	49	50	39	18	56	26	58	45	30	43	32	70	10	72	24	19	54	40	44	21	9	39	9	39	60	43	74	71	55	43	51	55	41	25	36	61	49	38	29	43	10	47	45	13	32	73	55	52	50	57	56	53	49	47	3	17	13	47	19	55	40	32	27	53	0	70	39	47	47	78	48	44	50	69	58	4	52	41	46	8	42	50	26	62	26	78	46	53	77	
57	36	43	44	7	58	18	45	16	37	56	41	55	79	10	69	38	20	35	15	61	65	8	39	54	30	33	27	5	72	45	58	55	47	6	40	11	66	57	18	4	48	53	43	58	72	36	25	46	62	38	30	51	24	42	29	35	60	7	51	15	36	53	35	62	64	35	48	25	30	45	58	55	9	59	11	61	61	44	64	28	48	60	41	69	56	36	26	7	13	19	30	53	50	54	60	49	48	42	39	46	60	69	51	53	81	65	12	33	39	33	14	14	17	22	54	69	54	81	31	56	53	38	52	65	30	70	0	43	56	49	10	23	59	32	2	44	68	22	54	29	69	35	32	49	29	48	8	34	16	8	
22	23	35	7	43	33	26	42	29	28	17	49	18	50	52	48	5	23	43	43	54	52	45	13	24	13	9	22	44	42	12	60	31	55	37	12	53	36	47	25	44	17	27	38	17	40	34	32	41	74	9	41	23	38	50	50	17	36	49	37	34	47	58	12	58	25	17	36	47	37	36	58	12	38	29	51	47	44	56	60	15	26	34	41	44	54	56	23	44	51	24	13	17	18	12	19	6	63	51	38	10	59	45	12	13	52	55	52	16	51	12	36	29	27	33	15	36	33	52	12	37	62	5	45	52	45	39	43	0	59	11	53	31	59	13	43	59	40	20	12	37	34	39	13	12	53	36	50	9	30	49	
82	36	24	66	63	38	57	17	60	31	77	15	77	50	55	34	56	56	21	41	15	23	48	46	43	54	57	67	61	46	71	2	37	9	58	68	56	45	17	50	52	76	39	21	61	49	25	34	18	16	50	26	42	32	14	28	43	36	62	25	43	20	3	64	11	59	69	25	31	27	24	5	63	63	44	50	24	28	13	11	51	36	39	19	40	8	23	42	63	47	55	52	76	78	70	61	62	16	14	21	52	6	39	72	72	50	18	50	66	17	62	43	50	48	36	74	50	32	50	57	29	8	56	16	22	26	47	56	59	0	71	58	36	5	61	54	16	43	55	70	28	54	23	61	52	30	25	62	59	45	63	
11	34	46	5	47	42	31	54	33	39	7	60	7	58	59	58	15	29	54	51	65	62	52	25	33	21	16	23	49	51	5	72	41	67	43	9	60	45	59	32	51	7	37	49	20	48	45	42	52	85	20	51	33	48	61	60	28	46	54	48	42	58	70	14	69	30	15	47	57	48	47	69	15	42	38	58	57	54	67	71	23	37	43	52	53	65	66	33	48	58	30	21	5	8	7	23	11	74	62	50	20	71	54	2	4	60	66	59	16	62	16	44	36	34	43	5	44	44	60	18	48	74	15	56	63	56	47	49	11	71	0	59	41	71	17	50	70	49	27	7	48	40	50	17	21	63	47	55	15	38	53	
67	44	49	54	13	66	28	50	26	44	66	44	65	87	3	76	48	30	39	18	66	71	11	49	62	40	43	37	10	80	55	60	63	49	16	50	3	74	62	28	9	58	62	49	68	80	42	31	51	62	48	34	60	29	44	30	44	67	7	57	22	38	55	45	66	73	45	55	26	36	52	61	65	18	68	8	67	68	45	68	38	56	68	46	77	60	37	34	12	11	29	40	63	60	64	70	59	48	44	44	56	63	77	61	63	89	70	8	43	41	43	21	24	26	29	64	78	62	89	41	63	54	48	57	70	32	78	10	53	58	59	0	30	62	42	9	45	76	32	64	34	78	40	42	58	29	55	6	44	25	8	
52	14	20	36	28	36	20	23	23	14	48	22	48	57	28	46	26	19	16	13	39	42	19	22	33	20	25	30	27	49	39	38	33	29	22	35	29	44	34	13	21	44	31	20	43	50	13	2	23	47	23	11	30	7	23	19	17	37	31	27	8	18	34	30	41	46	34	25	15	9	22	38	41	27	38	24	38	38	28	43	18	26	38	19	46	35	25	8	29	23	18	19	47	46	43	44	36	34	24	17	30	40	46	43	44	58	43	25	31	23	28	9	14	11	2	46	48	31	58	24	32	36	26	29	42	14	48	23	31	36	41	30	0	39	27	22	30	46	18	43	8	48	14	27	32	21	25	31	26	9	31	
82	37	24	66	66	35	59	17	62	32	76	18	77	46	59	30	56	58	24	44	11	19	52	46	42	55	58	68	64	42	71	3	34	14	61	68	60	42	14	52	55	76	38	21	60	46	27	37	18	20	50	29	41	35	17	32	43	33	66	23	46	23	8	64	6	56	70	24	35	30	23	1	62	66	42	54	20	24	18	6	52	35	37	20	36	5	28	43	66	51	57	53	76	78	69	60	61	21	18	22	51	1	35	72	71	46	14	55	67	21	63	46	53	50	39	74	47	30	46	58	27	13	56	14	18	29	44	59	59	5	71	62	39	0	62	57	21	40	56	69	31	51	25	62	51	34	24	66	59	48	67	
26	25	38	12	31	42	14	45	16	30	24	48	23	62	42	57	10	12	42	35	59	59	35	20	34	7	5	9	32	54	13	63	40	56	26	8	43	47	53	16	34	17	36	41	30	52	35	29	44	74	15	38	32	34	50	46	20	45	37	43	26	46	60	3	62	38	7	41	42	35	40	61	25	26	40	41	54	52	55	64	10	34	44	42	54	57	53	20	32	41	13	9	21	19	22	32	19	62	50	40	21	63	55	19	21	63	61	42	5	50	1	28	19	18	29	22	48	42	63	4	45	63	10	49	59	42	50	32	13	61	17	42	27	62	0	33	58	51	10	22	35	46	39	0	24	48	41	38	4	22	36	
58	35	42	45	9	57	19	44	17	36	57	39	56	79	9	68	38	21	33	13	60	64	6	39	53	30	34	29	7	71	46	56	55	45	8	41	10	65	55	18	2	49	53	42	59	71	35	23	44	60	38	28	51	23	40	27	35	59	8	49	14	34	51	36	60	64	36	47	23	29	44	56	55	12	59	9	60	60	42	62	29	48	60	39	68	54	34	25	9	11	20	31	54	51	55	60	50	45	40	38	46	58	68	52	54	80	64	10	34	37	34	13	14	17	21	55	69	53	80	32	55	51	38	51	63	28	69	2	43	54	50	9	22	57	33	0	42	67	23	55	27	69	34	33	49	26	47	9	35	15	9	
81	36	28	65	51	47	50	22	52	32	77	11	77	62	42	47	55	49	15	29	30	37	36	47	50	50	55	61	49	57	69	18	45	7	47	65	42	55	29	44	40	74	46	25	66	60	25	29	24	17	50	19	48	23	10	15	42	46	50	33	34	12	12	60	27	65	65	32	19	22	29	21	66	52	52	37	36	40	4	27	48	41	49	20	51	21	8	38	51	34	48	49	76	76	71	66	63	4	9	22	54	22	51	72	72	63	34	37	62	7	58	33	42	41	29	74	60	41	63	54	39	9	55	26	36	16	58	44	59	16	70	45	30	21	58	42	0	54	49	71	22	63	20	58	55	16	32	50	56	38	51	
57	32	28	47	72	9	57	32	61	32	51	43	53	11	74	12	41	55	43	59	29	22	65	31	16	45	46	60	72	3	52	42	12	47	66	52	75	4	26	52	67	56	15	30	30	6	35	44	30	60	36	45	18	48	44	56	34	8	76	21	53	47	45	51	34	22	57	23	55	42	26	38	34	69	11	70	19	15	50	36	44	19	7	35	5	35	56	42	73	68	54	43	53	57	43	28	38	57	45	35	30	39	6	49	47	13	27	71	55	49	50	55	55	52	47	49	7	14	13	47	15	51	41	28	23	50	4	68	40	43	49	76	46	40	51	67	54	0	52	43	43	12	39	51	28	59	23	77	46	52	76	
36	22	34	22	22	42	5	39	9	26	34	41	33	63	32	56	16	2	34	25	55	56	25	20	36	8	11	12	23	55	23	56	40	48	17	18	33	49	49	5	24	27	37	36	37	54	29	20	39	66	17	30	34	25	42	36	18	45	28	40	16	37	52	13	57	43	16	38	32	27	36	55	33	18	41	31	51	50	47	59	7	33	44	36	54	51	43	13	23	31	3	9	31	30	32	38	27	53	42	33	25	57	55	29	31	65	58	32	13	41	11	18	9	8	20	32	51	40	65	9	43	55	16	45	56	33	52	22	20	55	27	32	18	56	10	23	49	52	0	32	27	50	31	10	28	38	38	29	12	12	28	
14	34	45	10	53	38	36	53	39	39	8	60	10	52	64	53	17	34	55	55	62	59	57	24	29	25	21	30	55	45	12	70	37	67	48	16	65	39	56	37	56	14	33	48	14	42	46	44	51	85	21	53	29	50	61	62	28	41	60	46	46	59	69	20	67	23	23	45	59	49	45	68	9	49	33	63	54	50	67	69	27	34	38	52	48	63	68	35	54	63	35	25	10	14	0	16	7	75	62	50	17	69	49	6	4	54	63	64	23	63	21	48	41	39	45	6	38	41	54	23	44	74	17	54	59	57	41	54	12	70	7	64	43	69	22	55	71	43	32	0	49	34	50	22	18	65	45	61	20	42	59	
59	16	15	43	35	34	29	16	31	13	55	13	55	54	32	41	33	28	7	16	32	36	23	25	33	28	32	39	34	47	46	30	31	21	30	43	32	42	27	22	26	51	31	15	46	48	8	6	17	39	28	3	31	5	15	14	21	34	36	23	15	10	25	38	33	48	42	21	12	1	17	30	45	35	37	27	33	33	20	35	25	25	36	11	43	27	18	15	35	25	26	26	53	53	49	47	42	26	15	10	33	32	43	49	50	55	36	28	40	14	36	15	22	19	8	52	47	29	55	31	29	28	33	23	36	8	46	29	37	28	48	34	8	31	35	27	22	43	27	49	0	48	6	35	35	17	21	37	33	17	37	
48	34	35	39	72	16	55	41	59	35	42	52	44	18	76	24	36	53	50	62	41	34	67	29	15	42	41	56	72	12	44	53	18	56	65	45	77	9	37	51	68	47	17	38	20	8	40	47	39	70	32	51	17	52	53	62	33	17	77	30	55	54	55	46	46	11	51	31	61	47	34	49	25	68	11	73	31	26	59	48	42	22	14	43	17	46	64	43	73	72	53	41	44	48	34	18	30	66	54	42	25	50	19	40	38	20	39	74	50	57	46	57	55	52	50	40	5	22	20	43	24	61	36	37	35	56	8	69	34	54	40	78	48	51	46	69	63	12	50	34	48	0	45	46	22	65	31	77	42	53	76	
61	16	10	45	41	30	34	9	37	11	57	9	57	49	38	36	35	33	5	22	26	30	29	26	31	31	35	44	40	42	49	24	27	17	36	46	38	38	21	27	32	54	28	9	45	44	5	12	10	35	30	6	29	11	11	16	22	30	43	18	21	9	21	41	27	46	46	16	16	5	12	24	45	41	34	33	27	28	17	29	28	23	32	5	38	21	19	19	42	31	32	30	55	56	50	46	43	24	12	4	34	26	38	51	52	50	30	34	43	13	39	21	28	25	14	54	43	24	50	35	24	24	35	17	30	10	42	35	39	23	50	40	14	25	39	34	20	39	31	50	6	45	0	39	35	19	16	43	37	23	43	
26	25	38	12	31	42	14	45	16	30	24	48	23	62	42	57	10	12	42	35	59	59	35	20	34	7	5	9	32	54	13	63	40	56	26	8	43	47	53	16	34	17	36	41	30	52	35	29	44	74	15	38	32	34	50	46	20	45	37	43	26	46	60	3	62	38	7	41	42	35	40	61	25	26	40	41	54	52	55	64	10	34	44	42	54	57	53	20	32	41	13	9	21	19	22	32	19	62	50	40	21	63	55	19	21	63	61	42	5	50	1	28	19	18	29	22	48	42	63	4	45	63	10	49	59	42	50	32	13	61	17	42	27	62	0	33	58	51	10	22	35	46	39	0	24	48	41	38	4	22	36	
31	19	28	19	51	21	34	35	37	23	25	44	27	38	57	36	13	31	40	45	44	41	49	10	12	20	19	33	51	30	24	53	19	50	44	24	58	24	38	30	49	28	15	31	11	28	30	32	34	68	10	38	11	38	45	49	15	24	56	28	37	44	52	23	49	15	29	27	47	34	28	50	10	47	17	55	36	33	51	51	20	16	22	35	32	45	53	24	51	54	31	19	26	29	18	12	10	59	46	33	2	51	33	22	21	40	45	56	28	48	23	39	34	31	34	23	24	23	40	21	26	57	13	36	42	43	26	49	12	52	21	58	32	51	24	49	55	28	28	18	35	22	35	24	0	52	27	57	19	33	56	
73	33	30	57	36	50	38	27	39	30	70	17	70	69	26	54	48	38	15	14	41	47	20	42	50	42	46	49	33	62	60	32	47	20	33	56	26	58	38	32	24	65	47	28	63	64	24	20	29	33	44	14	48	14	17	3	37	50	34	37	21	12	26	51	39	65	54	35	5	18	32	34	62	38	54	21	45	47	16	40	39	42	52	23	58	33	8	30	36	18	36	41	68	67	65	64	58	19	17	23	50	36	57	64	65	70	45	21	52	13	49	20	30	29	19	67	63	44	70	45	43	25	48	34	46	9	62	29	53	30	63	29	21	34	48	26	16	59	38	65	17	65	19	48	52	0	35	34	47	26	35	
58	16	5	43	54	15	42	10	45	12	53	21	54	33	53	20	34	40	20	37	18	18	44	22	18	34	36	49	53	26	48	25	13	25	47	46	53	23	11	35	46	53	14	7	36	28	12	23	8	41	27	22	17	26	22	32	21	14	56	2	33	23	25	43	21	34	49	0	32	19	3	22	38	52	20	48	13	13	28	24	32	11	17	12	22	18	33	25	54	46	39	32	53	55	45	36	37	35	23	12	27	24	22	48	48	34	20	49	46	26	41	34	37	34	26	50	28	9	34	37	8	31	34	9	18	26	26	48	36	25	47	55	25	24	41	47	32	23	38	45	21	31	16	41	27	35	0	57	38	33	56	
63	44	51	50	8	67	24	53	22	45	62	48	61	88	8	77	45	27	42	21	69	73	14	48	62	37	40	33	6	80	51	64	64	53	12	46	9	74	64	26	10	54	62	51	66	80	44	33	54	67	46	37	60	32	48	35	44	68	1	59	23	42	59	41	69	72	41	57	31	38	53	65	62	13	68	13	69	70	50	71	36	57	69	48	78	63	42	34	7	16	26	38	59	56	61	68	56	53	48	47	54	67	78	57	59	89	73	13	39	45	39	22	22	25	30	60	77	63	89	38	64	59	45	60	73	36	78	8	50	62	55	6	31	66	38	9	50	77	29	61	37	77	43	38	57	34	57	0	41	24	2	
25	22	35	10	34	38	16	42	19	27	22	46	22	57	44	53	5	14	41	36	56	55	37	16	30	5	1	13	35	49	13	60	36	54	28	9	45	43	49	17	36	17	32	38	26	47	33	27	41	72	11	37	28	33	48	45	16	41	40	39	27	44	57	5	59	33	11	38	42	33	37	58	21	29	35	43	50	48	53	61	8	30	39	39	50	54	52	18	35	43	15	7	20	20	20	28	15	60	48	37	17	60	50	17	19	59	58	44	9	48	4	29	21	19	28	20	44	38	59	3	41	61	5	46	55	41	46	34	9	59	15	44	26	59	4	35	56	46	12	20	33	42	37	4	19	47	38	41	0	22	39	
48	19	28	32	20	42	12	32	14	21	45	31	45	63	23	53	25	12	24	13	48	51	15	24	37	17	21	23	20	55	35	47	39	37	14	30	24	50	42	6	15	39	37	29	44	55	22	11	32	55	23	19	35	14	32	24	19	44	24	35	4	26	43	25	50	48	28	33	20	18	30	47	41	18	43	21	46	46	36	52	15	32	44	28	53	44	32	10	21	21	10	17	43	42	42	45	36	42	32	26	31	49	53	40	41	65	51	22	25	30	23	6	5	3	9	43	53	38	65	19	40	44	25	38	50	21	53	16	30	45	38	25	9	48	22	15	38	52	12	42	17	53	23	22	33	26	33	24	22	0	24	
61	43	51	49	6	66	23	53	20	45	60	48	59	87	10	77	44	25	43	22	69	73	15	47	61	36	39	31	4	79	49	65	63	54	11	44	11	74	65	25	11	52	61	51	65	79	44	33	54	68	45	38	59	32	49	36	43	68	1	59	23	43	60	39	70	71	39	56	32	38	53	66	61	11	67	14	69	69	51	72	35	56	68	49	77	64	43	33	5	17	25	37	57	54	59	67	55	54	49	47	53	68	77	55	57	89	73	15	37	46	37	22	21	24	30	58	77	62	89	37	64	60	44	60	73	37	77	8	49	63	53	8	31	67	36	9	51	76	28	59	37	76	43	36	56	35	56	2	39	24	0	

