2  150
14	73	51	90	97	27	69	41	8	74	60	39	94	6	17	56	27	83	61	75	94	98	19	45	85	5	96	4	2	20	39	70	26	18	4	90	59	34	16	35	82	97	39	28	36	87	53	11	91	64	36	21	79	54	71	80	79	35	50	83	24	6	25	81	6	94	51	41	73	79	83	80	69	72	83	61	30	61	68	44	73	35	90	76	3	95	58	28	65	94	97	37	68	84	56	85	23	22	58	66	92	20	14	70	17	81	69	32	20	16	30	77	27	68	35	28	29	59	97	71	23	68	8	73	39	68	19	43	11	23	85	17	88	71	93	75	40	11	65	61	69	89	46	15	68	37	74	91	35	34	
42	68	99	44	47	26	56	23	44	99	70	23	79	73	46	100	46	43	16	49	30	98	56	74	65	38	80	19	1	10	15	65	89	58	4	12	68	60	53	68	97	72	66	51	79	42	69	25	40	2	89	88	12	19	72	15	74	4	11	94	1	57	79	47	73	56	16	65	16	65	83	74	89	60	29	38	16	59	74	20	79	56	69	24	53	31	26	12	4	52	74	46	48	30	52	29	74	56	78	1	25	61	13	68	68	39	56	20	9	90	94	10	13	89	33	53	81	67	44	15	24	95	50	60	8	59	75	15	6	31	98	18	22	96	23	26	25	64	10	33	69	25	77	75	28	62	21	77	19	88	
4843	2318	3312	2066	6177	2049	2827	7468	262	4479	2266	2310	3677	1490	1698	3355	908	6105	6746	4942	1378	1519	7339	6409	6578	3412	4040	1095	2976	160	5804	6348	3335	1213	1267	1571	6247	2945	6251	2729	795	5389	3290	6249	5408	942	2556	915	7005	1373	2727	4236	5581	1870	6641	1499	533	634	4436	4743	4657	2533	4487	5580	4076	6128	2485	1838	2180	6894	6233	6056	6252	1036	6500	7195	5422	380	4057	2210	7268	5488	5595	1801	2875	7070	1775	314	2185	106	4035	373	1996	6249	4396	278	6091	6942	1932	4929	4558	6368	4873	5569	1978	7435	2962	4007	1553	715	5328	4266	5030	2858	4379	2610	2562	5979	5667	3200	4912	1196	6595	934	2722	4884	4308	3418	2121	4946	5053	3825	6499	1520	3568	6384	4288	7308	1673	1366	3974	3089	4800	6204	4789	4204	6038	2552	3931	2593	
0	38	67	59	74	53	26	71	94	35	29	63	52	75	70	74	14	33	63	37	54	70	57	67	35	11	21	47	17	57	49	39	17	61	52	37	68	68	25	56	71	57	8	53	34	72	67	56	29	58	60	26	58	45	23	31	62	37	52	55	67	20	47	34	69	70	66	70	25	43	30	76	80	73	14	45	42	54	71	71	67	49	41	63	41	70	39	36	56	51	74	74	49	19	61	49	69	66	41	21	57	37	14	42	83	69	22	11	64	15	57	57	72	53	57	64	60	90	62	42	41	31	15	75	70	62	59	54	49	42	66	76	29	51	75	68	64	32	29	31	75	37	54	73	13	73	52	73	55	40	15	
38	0	42	27	62	31	42	41	67	17	9	25	49	47	41	51	24	29	25	1	19	62	21	44	8	27	25	42	34	49	25	32	24	51	24	3	33	50	14	22	60	26	30	44	20	60	41	60	32	26	46	39	42	53	16	39	39	32	15	34	62	22	52	36	51	33	35	32	13	25	34	44	56	39	27	26	14	19	65	57	33	26	16	25	26	43	49	2	18	26	41	41	45	26	53	17	67	28	8	29	63	46	27	7	62	66	17	28	57	24	53	59	34	19	37	67	25	63	28	36	47	44	29	48	66	29	28	34	14	5	54	41	29	40	59	59	33	12	13	32	57	6	16	57	30	46	59	61	54	45	28	
67	42	0	18	25	13	51	12	26	32	49	43	31	10	8	8	57	35	44	42	28	30	27	2	37	59	45	28	52	26	19	29	50	23	18	46	24	10	47	24	26	18	58	23	32	24	2	43	39	18	17	48	14	46	48	43	4	32	32	12	33	47	41	38	11	32	12	48	51	24	40	18	13	22	52	21	29	28	34	19	21	18	28	47	25	5	46	45	48	17	19	21	30	47	26	26	40	51	34	46	47	45	53	48	19	37	46	55	28	52	31	40	34	26	10	45	24	23	21	28	41	49	51	9	37	18	16	12	30	38	22	25	39	21	19	28	13	37	40	38	16	37	46	17	53	7	47	26	34	39	51	
59	27	18	0	42	13	51	13	39	23	35	25	40	20	14	26	47	33	25	26	10	46	9	20	24	49	38	34	47	37	13	30	42	36	8	30	11	28	35	6	42	2	50	32	25	41	16	53	38	1	30	47	25	52	37	44	16	32	14	16	48	39	48	39	29	17	8	31	38	20	39	17	30	14	44	19	17	10	49	37	9	13	17	29	23	17	50	30	30	11	15	15	37	40	39	10	54	33	20	41	57	48	45	31	37	52	36	47	42	43	43	50	20	8	18	58	6	36	5	32	46	50	45	21	52	3	2	17	13	22	37	17	36	29	37	43	6	26	30	37	34	23	28	35	47	20	55	43	44	44	44	
74	62	25	42	0	32	52	37	35	47	66	68	23	31	33	21	69	42	68	61	52	8	51	22	55	69	54	26	57	18	37	35	60	13	39	65	49	15	61	48	3	42	68	21	45	2	28	29	44	42	16	49	20	37	61	44	26	37	55	28	13	57	32	40	14	58	37	74	67	38	44	42	23	47	61	36	48	52	11	5	47	36	46	72	37	29	41	64	72	37	44	46	26	55	14	47	19	76	54	53	32	41	62	68	19	16	59	65	11	63	19	25	60	49	25	27	49	33	47	31	36	47	59	30	15	43	40	28	52	58	8	50	45	23	7	8	38	53	55	43	11	56	69	8	61	29	34	2	22	36	59	
53	31	13	13	32	0	40	19	40	18	36	37	26	22	17	21	43	22	38	30	20	34	21	14	24	45	31	21	39	24	6	18	36	23	8	34	24	19	33	17	31	12	45	18	19	30	13	39	27	13	17	36	12	38	34	32	9	20	23	3	35	33	34	27	20	31	15	44	38	10	28	25	26	26	38	8	17	20	37	26	21	5	15	41	12	16	38	33	40	5	25	26	23	34	26	15	41	45	23	33	43	36	39	37	31	39	33	42	29	39	29	36	34	18	6	44	20	36	19	19	33	38	38	22	39	16	12	3	20	27	25	29	26	15	28	30	14	24	27	26	26	25	38	26	40	19	41	31	31	31	38	
26	42	51	51	52	40	0	60	77	29	37	65	28	61	57	57	28	18	65	41	51	47	53	51	35	27	18	26	10	34	38	22	21	39	43	43	62	50	30	51	48	49	23	32	26	50	52	30	13	50	39	4	39	19	29	8	47	19	50	40	42	21	21	13	50	67	55	73	35	31	12	65	62	65	19	32	37	51	47	50	60	38	35	67	28	56	13	42	61	40	65	65	26	17	38	44	43	70	40	13	31	11	20	49	64	44	27	22	41	23	33	32	69	49	41	38	55	74	56	23	16	5	15	61	45	54	50	39	46	44	44	68	15	32	54	44	53	31	29	14	55	38	59	53	17	59	26	50	30	16	17	
71	41	12	13	37	19	60	0	26	35	49	34	42	8	3	16	60	42	35	40	23	43	21	15	38	62	50	39	58	38	22	37	54	35	19	44	13	22	48	19	38	15	62	34	37	36	9	55	47	14	29	56	25	57	50	52	14	40	27	20	46	51	52	47	23	21	5	38	52	29	48	6	18	9	56	27	30	23	46	31	11	22	30	39	31	7	57	43	42	20	7	8	41	52	39	24	52	42	33	52	59	55	57	44	26	50	49	60	40	56	43	52	23	21	20	58	17	22	14	38	52	58	56	9	49	11	12	21	26	36	34	12	46	32	30	40	7	39	43	46	27	37	40	29	58	8	58	38	46	50	56	
94	67	26	39	35	40	77	26	0	59	74	59	52	19	25	20	84	61	60	66	49	43	47	27	63	85	72	52	78	47	45	55	77	42	43	70	38	28	73	45	38	40	85	46	59	35	27	62	66	40	39	74	38	68	74	69	31	58	53	38	48	74	63	64	27	45	31	62	77	50	66	25	14	32	79	48	55	49	46	32	36	44	54	64	52	24	70	69	67	43	29	30	53	74	45	50	54	67	59	73	66	69	79	71	16	51	73	82	44	79	51	58	46	48	36	62	43	3	40	54	65	74	78	18	50	37	38	39	52	62	38	33	66	45	28	42	33	63	67	65	25	62	66	28	80	20	67	37	54	63	78	
35	17	32	23	47	18	29	35	59	0	19	36	31	40	34	40	25	13	36	16	22	46	24	33	8	26	14	25	24	32	13	15	18	35	16	19	33	36	14	22	45	21	27	27	3	45	32	43	17	22	31	25	27	36	15	24	28	14	21	21	45	15	34	20	37	38	30	44	20	9	18	40	45	38	21	11	8	22	48	42	32	14	6	38	10	34	33	18	34	15	38	39	27	17	36	15	49	42	12	18	46	30	21	24	50	49	14	24	40	20	36	41	40	20	23	49	26	55	27	19	30	29	21	40	49	26	23	20	17	16	39	41	14	24	44	43	28	6	8	16	43	11	31	42	23	38	42	46	36	28	21	
29	9	49	35	66	36	37	49	74	19	0	34	49	55	49	57	15	28	34	9	28	65	30	50	11	18	19	43	28	51	30	32	17	54	31	8	42	55	7	31	64	34	21	46	21	64	48	59	29	35	50	34	46	51	8	36	45	31	25	39	63	16	50	34	56	42	43	41	4	28	31	53	62	48	19	30	19	28	67	61	42	31	20	34	29	50	46	7	27	31	50	50	45	20	55	25	68	37	15	24	62	43	19	13	68	67	10	19	59	15	54	58	44	28	41	66	34	71	37	37	45	40	22	55	68	38	36	38	23	14	58	50	26	43	63	62	41	13	11	30	62	12	25	61	22	54	57	65	54	43	21	
63	25	43	25	68	37	65	34	59	36	34	0	63	42	36	50	49	49	1	26	16	71	16	45	30	52	48	56	58	61	33	49	49	61	29	26	21	53	39	20	67	26	55	55	39	66	40	76	53	25	55	61	50	72	41	60	41	50	15	40	72	47	69	56	54	14	31	7	38	38	54	34	52	27	52	39	28	16	74	62	23	34	31	5	41	40	69	27	10	33	30	29	59	50	63	23	78	8	24	52	79	66	52	22	60	76	42	53	67	49	66	73	14	19	43	81	18	56	21	52	65	66	54	43	77	24	27	41	19	22	62	26	50	52	62	68	29	34	37	52	59	27	10	60	55	42	76	68	67	63	53	
52	49	31	40	23	26	28	42	52	31	49	63	0	41	39	33	49	22	63	47	46	18	47	29	40	49	34	6	34	5	29	16	40	10	33	51	50	24	43	43	20	38	46	8	28	21	33	13	23	39	14	26	17	15	43	21	28	18	48	24	15	38	10	18	25	58	39	70	49	25	22	48	38	51	40	24	36	46	19	22	47	28	33	66	22	36	18	50	64	30	49	50	4	35	9	39	18	70	42	32	17	18	41	56	38	18	41	44	12	43	5	10	60	43	23	18	46	50	45	12	13	24	37	40	19	42	38	23	43	47	15	54	25	11	26	16	39	37	38	22	28	42	61	25	39	38	16	21	5	12	38	
75	47	10	20	31	22	61	8	19	40	55	42	41	0	6	10	65	44	43	47	30	38	29	12	44	67	54	38	61	36	26	39	58	32	24	51	21	18	54	26	33	21	67	33	41	30	8	53	49	21	27	58	24	56	55	53	13	42	34	21	41	55	51	48	18	29	12	46	58	32	50	10	10	17	60	30	36	30	41	26	19	26	35	47	34	5	57	50	50	24	13	15	40	56	35	30	48	50	40	56	57	55	61	52	18	45	54	64	36	60	41	49	31	29	20	54	25	15	22	38	51	59	60	1	45	19	19	22	33	43	30	19	48	31	24	35	14	44	48	48	20	43	48	23	62	3	57	32	44	50	60	
70	41	8	14	33	17	57	3	25	34	49	36	39	6	0	13	59	40	37	41	24	39	23	11	38	61	48	36	56	35	21	35	53	32	18	44	16	19	48	20	34	15	61	31	35	32	6	52	45	14	26	54	22	54	49	49	11	37	28	17	42	50	49	44	19	25	6	41	52	27	45	9	16	13	55	25	30	24	43	28	13	20	29	41	29	4	54	44	44	19	10	12	38	51	35	24	49	45	34	51	56	52	56	45	23	46	48	58	37	55	40	48	26	22	17	54	19	21	16	35	49	55	55	7	46	13	13	18	27	36	31	16	44	29	27	36	8	38	42	44	23	37	42	25	57	6	55	34	43	47	55	
74	51	8	26	21	21	57	16	20	40	57	50	33	10	13	0	65	41	50	50	36	28	35	7	45	66	52	32	58	28	27	35	57	24	26	54	29	9	55	32	23	26	66	26	40	20	10	45	46	26	19	54	17	49	55	48	12	38	40	19	32	55	43	44	9	38	18	55	60	31	46	20	5	26	59	29	37	36	31	16	27	26	36	54	32	9	50	53	56	25	23	24	33	54	27	34	38	58	43	53	49	49	60	56	11	36	54	63	27	60	33	41	40	34	17	45	31	17	28	34	45	54	58	8	35	25	24	20	38	46	21	29	46	25	14	26	20	45	48	44	10	45	54	13	60	7	49	22	36	44	58	
14	24	57	47	69	43	28	60	84	25	15	49	49	65	59	65	0	27	49	23	41	66	43	57	22	3	15	43	18	52	38	33	9	56	41	23	55	60	11	43	66	45	6	48	25	67	57	55	26	46	53	26	50	45	10	30	53	31	39	45	64	11	46	31	61	57	54	56	11	33	27	64	70	61	9	35	29	41	68	65	54	39	29	49	33	59	40	22	42	40	62	62	45	14	56	36	67	52	28	17	57	37	8	28	75	67	10	6	60	6	54	56	58	40	48	63	47	80	49	37	40	32	13	65	68	50	47	45	36	28	60	63	24	45	68	63	52	20	16	27	67	24	40	66	11	63	52	67	53	39	11	
33	29	35	33	42	22	18	42	61	13	28	49	22	44	40	41	27	0	49	28	33	39	35	34	21	27	12	16	17	25	20	6	18	28	25	31	44	35	21	33	39	31	26	20	9	40	35	31	5	32	26	14	25	24	21	11	31	4	34	23	37	16	22	7	36	49	37	56	27	13	6	48	47	47	19	14	20	33	41	38	42	20	18	51	10	38	20	30	47	22	47	47	18	13	29	26	40	55	25	12	34	17	20	36	50	40	19	23	33	21	27	30	51	31	25	38	37	58	38	10	17	17	17	44	41	36	32	22	29	29	33	50	4	18	42	36	35	17	17	4	41	24	44	40	19	42	30	40	26	15	17	
63	25	44	25	68	38	65	35	60	36	34	1	63	43	37	50	49	49	0	26	17	72	17	46	30	52	48	57	58	62	34	49	49	62	30	26	22	54	39	20	68	26	55	56	40	67	41	76	53	26	55	61	50	72	41	60	42	50	15	41	73	47	69	56	55	15	32	7	38	39	55	35	53	28	52	39	29	17	75	63	24	35	31	4	42	41	69	27	9	33	31	30	60	50	64	24	79	7	25	53	80	67	52	22	61	77	42	53	67	49	67	74	15	20	43	82	19	57	22	53	66	66	54	44	77	25	28	42	20	22	63	27	51	53	63	69	30	34	37	53	60	27	10	61	55	43	77	68	68	64	53	
37	1	42	26	61	30	41	40	66	16	9	26	47	47	41	50	23	28	26	0	19	61	21	43	7	26	23	41	33	48	24	31	23	50	23	4	33	49	13	22	59	25	29	43	19	59	40	59	31	26	45	38	41	52	15	38	38	30	15	33	61	21	50	35	50	33	35	33	13	23	32	44	55	39	26	25	13	19	64	56	33	25	15	26	25	42	48	3	20	25	41	41	43	25	52	16	65	29	7	28	62	45	26	8	61	64	16	27	56	23	52	57	34	19	36	65	25	63	28	35	46	43	28	47	65	29	28	33	14	5	53	41	28	39	58	58	33	11	12	31	56	5	17	56	29	46	58	60	52	43	27	
54	19	28	10	52	20	51	23	49	22	28	16	46	30	24	36	41	33	17	19	0	54	2	30	19	44	36	40	46	44	17	33	38	44	12	22	14	37	29	4	51	10	45	38	25	50	26	59	38	10	38	47	33	55	31	45	25	34	4	23	55	35	52	40	38	16	18	24	32	22	39	25	40	20	41	22	14	0	57	46	14	17	16	20	25	27	53	21	20	16	22	22	42	38	47	7	61	25	13	40	63	50	41	21	47	60	31	43	50	39	49	56	18	2	26	64	6	45	9	35	49	51	42	31	60	11	12	24	5	14	46	22	36	35	46	51	16	22	25	37	44	17	18	44	43	30	60	51	50	47	41	
70	62	30	46	8	34	47	43	43	46	65	71	18	38	39	28	66	39	72	61	54	0	54	27	54	67	51	23	53	14	39	33	57	11	42	65	54	20	60	51	5	45	64	19	44	8	33	21	41	45	16	45	21	31	60	39	30	35	57	30	5	55	26	36	19	62	42	77	66	37	40	48	30	52	58	36	49	54	3	11	51	38	46	75	36	35	35	64	74	38	50	51	21	52	10	49	11	79	55	50	25	36	59	69	27	8	58	62	6	60	13	18	65	51	28	19	52	41	51	29	31	42	55	36	7	47	44	30	54	59	8	55	42	22	15	3	43	52	54	40	18	56	72	15	57	35	27	6	16	30	56	
57	21	27	9	51	21	53	21	47	24	30	16	47	29	23	35	43	35	17	21	2	54	0	30	21	46	38	41	48	45	18	34	40	44	13	24	12	37	32	3	51	9	48	39	27	50	25	60	40	9	38	49	33	57	34	47	25	35	5	24	56	38	53	42	38	14	17	23	34	23	41	23	39	18	43	23	16	2	58	46	12	18	18	20	26	26	55	24	21	17	20	20	43	40	47	9	62	24	15	42	64	52	43	23	46	60	34	45	50	41	50	57	16	4	26	65	4	44	7	37	51	52	44	30	60	10	11	24	7	16	46	19	38	36	46	51	15	24	28	39	43	19	19	44	46	29	61	51	51	48	43	
67	44	2	20	22	14	51	15	27	33	50	45	29	12	11	7	57	34	46	43	30	27	30	0	38	59	45	26	51	24	20	28	50	20	20	47	27	7	47	26	23	20	59	21	33	21	5	41	39	20	15	47	12	44	48	42	5	31	34	12	30	47	39	37	8	35	15	51	52	24	39	20	12	25	52	22	31	30	31	17	24	19	29	50	25	7	45	46	51	18	22	23	28	47	24	28	37	54	36	46	45	43	53	50	17	34	47	56	25	53	29	37	37	28	9	43	26	23	24	27	40	47	51	11	34	21	18	12	32	40	19	28	39	19	16	25	16	38	41	38	13	39	48	14	53	9	45	23	32	38	51	
35	8	37	24	55	24	35	38	63	8	11	30	40	44	38	45	22	21	30	7	19	54	21	38	0	25	18	34	28	41	18	24	19	43	19	10	33	43	10	21	53	23	26	36	12	53	36	51	24	24	39	31	35	45	12	31	33	23	17	27	54	17	43	28	44	35	32	37	14	17	25	42	51	38	22	19	8	19	57	50	32	19	9	31	18	38	41	9	26	20	39	40	36	20	45	14	58	35	6	22	55	38	22	15	56	57	12	24	49	19	45	50	36	18	30	58	25	59	27	28	38	36	24	44	58	27	25	27	13	8	47	40	21	32	52	51	30	4	7	24	50	3	23	50	25	42	51	54	45	36	23	
11	27	59	49	69	45	27	62	85	26	18	52	49	67	61	66	3	27	52	26	44	67	46	59	25	0	15	43	17	52	40	34	9	56	43	26	58	62	14	46	67	47	4	48	26	68	58	55	26	48	54	25	51	45	12	30	55	32	41	47	64	12	46	31	63	59	56	59	14	35	27	67	72	63	9	37	32	44	68	66	57	41	31	52	34	61	39	25	45	42	64	64	45	14	57	39	67	55	30	17	57	36	8	31	76	67	12	5	61	6	54	56	61	43	49	63	50	82	52	38	40	31	12	67	68	52	49	46	38	31	61	65	24	46	69	64	54	22	19	27	68	27	43	67	10	65	52	68	53	39	11	
21	25	45	38	54	31	18	50	72	14	19	48	34	54	48	52	15	12	48	23	36	51	38	45	18	15	0	28	10	37	27	18	6	41	31	25	48	47	12	36	51	36	13	33	13	52	45	41	11	37	39	14	36	32	11	17	41	16	35	33	49	4	32	16	48	52	44	56	18	21	12	55	58	53	7	23	22	36	53	50	47	28	20	49	19	48	26	24	44	29	53	54	30	2	41	29	52	53	24	4	43	24	8	31	61	52	9	11	45	9	39	41	54	34	35	49	41	68	42	22	26	20	6	53	53	41	38	32	31	26	45	55	9	31	54	48	42	14	11	12	53	21	41	52	8	51	39	52	38	25	6	
47	42	28	34	26	21	26	39	52	25	43	56	6	38	36	32	43	16	57	41	40	23	41	26	34	43	28	0	30	9	23	10	34	13	27	44	45	24	37	37	23	33	41	6	22	25	30	19	18	34	13	23	14	18	37	17	25	12	41	19	21	32	13	13	24	52	35	64	43	18	17	45	37	46	34	17	30	40	25	24	43	22	27	60	15	33	18	43	57	24	45	46	2	29	13	33	25	64	36	27	23	17	35	49	38	24	35	39	17	37	11	17	55	37	19	25	40	49	40	6	13	22	32	37	25	37	33	18	37	40	18	50	19	7	28	20	34	30	31	16	29	36	54	26	34	35	20	25	11	11	33	
17	34	52	47	57	39	10	58	78	24	28	58	34	61	56	58	18	17	58	33	46	53	48	51	28	17	10	30	0	39	35	23	11	43	40	34	58	52	21	46	54	45	13	36	21	55	52	39	12	46	43	9	41	28	19	14	48	20	45	40	49	12	30	16	53	62	53	66	25	29	13	64	64	62	9	30	32	46	54	54	56	36	30	59	26	55	22	33	53	38	62	63	31	8	43	39	51	63	34	6	40	20	10	40	67	51	17	12	47	13	39	40	64	44	42	47	50	75	52	25	24	14	5	61	53	50	47	39	41	36	48	65	12	35	58	50	51	24	21	14	58	31	51	56	6	59	35	55	37	23	7	
57	49	26	37	18	24	34	38	47	32	51	61	5	36	35	28	52	25	62	48	44	14	45	24	41	52	37	9	39	0	27	19	43	5	31	52	47	19	46	41	14	36	50	5	30	16	28	17	27	37	9	31	13	21	46	26	24	21	47	21	12	41	16	22	19	55	36	68	52	25	26	44	32	47	44	23	36	44	16	16	44	27	34	65	23	31	24	51	63	28	45	46	8	38	4	38	17	69	42	36	21	24	45	57	32	16	44	48	8	46	5	13	57	41	19	20	44	44	43	15	19	29	41	35	16	39	35	20	43	47	9	50	28	9	20	11	36	38	40	25	22	43	60	19	43	33	21	16	8	18	42	
49	25	19	13	37	6	38	22	45	13	30	33	29	26	21	27	38	20	34	24	17	39	18	20	18	40	27	23	35	27	0	17	31	28	5	28	24	25	27	14	36	11	40	22	14	35	18	42	25	12	22	34	17	39	28	31	15	19	19	9	39	29	35	26	26	30	17	41	32	7	26	28	32	27	34	6	11	17	42	32	22	1	9	37	10	21	37	27	35	2	26	27	25	29	30	10	45	41	17	29	46	35	34	31	37	43	27	37	34	33	32	39	32	14	12	47	18	42	18	19	33	37	34	26	43	16	12	9	15	21	30	30	23	18	34	35	15	18	21	24	32	19	33	32	36	24	43	37	33	31	33	
39	32	29	30	35	18	22	37	55	15	32	49	16	39	35	35	33	6	49	31	33	33	34	28	24	34	18	10	23	19	17	0	25	22	22	34	41	29	27	31	32	28	32	14	12	33	30	27	10	29	20	18	18	22	27	14	25	2	34	18	31	22	19	9	29	47	33	56	33	10	10	43	41	44	26	11	21	33	35	31	39	17	18	52	7	33	20	33	48	19	43	44	12	20	23	25	35	56	26	18	31	18	26	39	43	34	25	30	27	27	21	26	49	30	19	34	35	52	35	4	16	20	24	38	35	33	29	17	29	31	26	47	10	12	35	30	32	20	21	9	35	26	45	33	26	36	27	33	21	14	24	
17	24	50	42	60	36	21	54	77	18	17	49	40	58	53	57	9	18	49	23	38	57	40	50	19	9	6	34	11	43	31	25	0	47	35	24	51	52	10	39	57	40	8	39	17	58	50	47	17	41	44	18	42	37	8	22	46	22	36	38	55	2	37	22	53	54	48	56	14	26	18	59	63	56	3	28	25	38	59	56	50	32	24	49	25	53	31	22	43	34	57	57	36	5	47	32	58	52	25	8	49	29	3	29	67	58	7	5	51	3	45	47	56	37	40	54	43	73	45	28	32	24	5	58	59	45	42	37	32	27	51	59	15	37	60	54	46	15	12	18	59	22	40	58	6	56	44	58	44	30	4	
61	51	23	36	13	23	39	35	42	35	54	61	10	32	32	24	56	28	62	50	44	11	44	20	43	56	41	13	43	5	28	22	47	0	31	54	45	15	49	41	10	35	54	8	33	11	26	21	31	36	6	36	11	26	49	30	21	24	47	20	11	44	21	27	15	54	34	68	55	26	30	41	28	45	48	25	37	44	13	11	43	27	35	65	25	28	29	53	64	28	42	44	12	42	3	38	17	69	44	40	25	29	49	58	27	15	47	52	5	50	9	17	56	41	18	22	43	39	41	18	24	34	45	31	15	38	34	20	43	48	5	48	32	11	15	8	34	41	43	30	17	45	61	14	48	29	25	11	12	23	46	
52	24	18	8	39	8	43	19	43	16	31	29	33	24	18	26	41	25	30	23	12	42	13	20	19	43	31	27	40	31	5	22	35	31	0	27	19	26	29	10	39	6	43	26	18	37	17	46	30	7	25	39	20	44	31	36	15	24	15	11	43	32	40	31	27	25	13	36	34	12	31	24	31	22	37	11	11	12	45	34	17	5	11	33	15	19	42	26	32	3	22	23	30	33	34	8	49	37	16	34	50	40	38	30	37	47	30	40	37	37	36	44	27	10	13	51	13	39	13	24	38	42	38	24	47	11	7	11	12	20	33	25	28	22	35	38	11	20	24	29	33	19	30	33	39	22	48	39	38	36	37	
37	3	46	30	65	34	43	44	70	19	8	26	51	51	44	54	23	31	26	4	22	65	24	47	10	26	25	44	34	52	28	34	24	54	27	0	36	53	13	25	63	29	29	46	22	63	44	62	33	29	49	40	45	55	15	41	42	34	18	37	64	22	53	38	54	35	38	33	12	27	35	47	59	42	26	29	17	22	68	60	36	29	19	26	29	46	50	1	19	29	44	44	47	26	56	20	69	29	11	30	65	48	26	5	65	68	17	27	59	23	56	61	36	22	40	69	28	66	31	38	49	45	29	51	69	32	31	37	17	8	57	43	31	43	62	62	36	14	14	33	60	9	17	60	30	49	61	64	56	47	28	
68	33	24	11	49	24	62	13	38	33	42	21	50	21	16	29	55	44	22	33	14	54	12	27	33	58	48	45	58	47	24	41	51	45	19	36	0	34	43	12	50	13	59	42	36	48	21	63	49	12	39	58	34	63	45	55	24	43	17	26	56	49	58	50	35	8	12	25	46	31	50	13	32	6	54	30	26	14	58	44	2	24	27	26	34	20	61	36	29	22	9	8	48	50	48	19	63	29	27	52	68	59	54	35	39	61	45	56	51	52	52	60	10	14	27	67	8	35	6	42	57	61	55	22	60	8	12	27	19	28	46	7	47	39	43	51	11	35	39	48	39	31	28	41	56	22	66	50	55	55	54	
68	50	10	28	15	19	50	22	28	36	55	53	24	18	19	9	60	35	54	49	37	20	37	7	43	62	47	24	52	19	25	29	52	15	26	53	34	0	51	33	15	27	61	17	35	13	13	36	39	27	10	46	10	40	52	41	11	31	41	16	23	50	35	36	1	43	22	59	57	27	39	27	13	32	54	25	36	37	23	9	32	24	34	57	27	15	42	52	58	24	30	31	25	49	18	34	30	61	42	47	40	41	55	56	14	27	50	58	18	55	24	32	45	35	13	36	34	25	32	26	37	46	53	16	27	28	26	16	38	46	12	35	39	17	9	17	23	42	45	38	7	44	55	7	55	15	40	15	27	35	53	
25	14	47	35	61	33	30	48	73	14	7	39	43	54	48	55	11	21	39	13	29	60	32	47	10	14	12	37	21	46	27	27	10	49	29	13	43	51	0	31	59	33	16	41	16	59	46	52	22	34	45	27	41	44	2	29	42	25	27	35	58	9	43	27	52	45	43	46	6	24	24	53	60	49	13	26	18	29	62	56	43	28	18	39	24	48	39	12	32	29	50	50	39	13	50	25	62	42	16	17	55	36	13	19	65	61	3	14	54	10	48	52	47	29	38	60	35	69	38	31	38	33	16	54	62	38	36	35	24	17	53	51	20	38	59	57	41	9	6	23	58	13	30	57	16	52	51	60	48	36	14	
56	22	24	6	48	17	51	19	45	22	31	20	43	26	20	32	43	33	20	22	4	51	3	26	21	46	36	37	46	41	14	31	39	41	10	25	12	33	31	0	47	6	47	36	25	46	22	56	38	6	35	47	30	54	33	44	22	32	8	20	52	37	50	39	34	16	14	26	34	20	39	22	36	17	42	20	14	4	54	42	11	15	16	24	24	23	52	25	24	13	19	19	40	39	43	7	58	28	15	40	60	49	42	25	43	56	33	44	47	40	46	54	18	2	23	61	4	42	6	34	48	50	43	27	57	7	8	21	7	17	42	19	36	32	43	48	12	23	27	37	40	19	22	41	44	26	58	48	48	45	42	
71	60	26	42	3	31	48	38	38	45	64	67	20	33	34	23	66	39	68	59	51	5	51	23	53	67	51	23	54	14	36	32	57	10	39	63	50	15	59	47	0	41	65	18	43	3	29	26	41	42	14	46	18	34	59	40	26	35	54	27	10	55	29	37	15	58	38	74	65	36	41	43	25	48	58	34	46	51	8	6	47	35	44	72	35	30	38	62	71	36	45	47	22	53	10	46	16	76	53	50	29	38	59	67	22	13	57	62	7	60	16	21	60	48	25	24	49	36	47	29	33	44	56	31	12	43	40	27	51	57	6	51	43	21	10	4	39	51	53	40	13	54	69	10	58	30	31	1	19	32	56	
57	26	18	2	42	12	49	15	40	21	34	26	38	21	15	26	45	31	26	25	10	45	9	20	23	47	36	33	45	36	11	28	40	35	6	29	13	27	33	6	41	0	48	30	24	40	16	51	36	1	29	45	24	50	35	42	15	30	14	14	46	37	46	37	28	19	9	32	37	18	37	19	30	16	42	17	15	10	48	36	11	11	16	30	21	17	48	29	30	9	17	17	35	39	38	9	53	34	18	39	55	46	43	30	37	50	35	45	41	41	41	49	21	8	17	56	7	37	7	30	44	48	43	22	51	5	2	15	12	21	36	19	34	27	36	42	7	25	28	35	33	22	28	34	45	20	53	42	43	42	42	
8	30	58	50	68	45	23	62	85	27	21	55	46	67	61	66	6	26	55	29	45	64	48	59	26	4	13	41	13	50	40	32	8	54	43	29	59	61	16	47	65	48	0	46	26	66	58	52	23	49	52	22	50	41	14	27	54	30	43	46	61	11	43	28	61	61	57	62	17	34	24	67	71	64	6	36	33	45	66	64	58	41	32	55	33	61	35	28	48	42	65	65	42	12	54	40	64	58	32	14	53	33	5	34	75	64	13	2	58	6	51	53	63	44	49	60	51	82	53	36	37	27	9	67	65	53	50	46	40	33	59	67	22	44	67	62	55	23	20	24	67	29	46	66	7	65	48	66	50	36	8	
53	44	23	32	21	18	32	34	46	27	46	55	8	33	31	26	48	20	56	43	38	19	39	21	36	48	33	6	36	5	22	14	39	8	26	46	42	17	41	36	18	30	46	0	25	19	25	21	23	31	7	29	9	23	41	24	20	16	41	16	18	36	18	20	18	50	31	62	47	19	23	40	31	43	40	17	30	38	21	18	39	21	28	59	17	28	24	45	57	22	41	42	7	34	9	32	23	63	37	32	25	23	41	51	32	21	39	44	13	42	10	18	52	36	14	25	38	43	37	10	19	28	38	32	22	34	30	15	37	41	12	46	24	3	22	16	31	33	35	22	22	37	54	20	40	30	24	19	12	17	38	
34	20	32	25	45	19	26	37	59	3	21	39	28	41	35	40	25	9	40	19	25	44	27	33	12	26	13	22	21	30	14	12	17	33	18	22	36	35	16	25	43	24	26	25	0	43	32	39	13	25	29	22	25	33	16	20	28	11	25	20	42	14	31	16	36	41	31	47	22	8	14	42	45	40	19	10	11	25	46	40	34	15	9	42	8	35	29	21	37	16	40	41	24	15	34	18	47	46	15	15	42	26	20	28	50	46	14	23	38	20	33	38	43	23	23	46	29	55	30	16	26	26	19	41	47	29	25	20	20	19	37	43	11	22	43	41	29	8	10	13	42	14	35	41	21	38	38	44	33	24	19	
72	60	24	41	2	30	50	36	35	45	64	66	21	30	32	20	67	40	67	59	50	8	50	21	53	68	52	25	55	16	35	33	58	11	37	63	48	13	59	46	3	40	66	19	43	0	26	28	42	40	14	48	18	36	59	42	24	36	53	26	13	56	31	38	12	56	36	72	65	36	42	40	22	46	59	34	46	50	11	4	45	34	44	70	35	28	40	62	70	35	43	44	24	54	12	45	19	74	52	52	32	40	60	66	19	16	57	63	10	61	18	24	58	47	24	27	47	33	45	30	35	46	57	29	15	41	38	26	50	56	6	48	44	21	7	7	37	51	53	41	10	54	68	7	59	28	34	2	21	34	57	
67	41	2	16	28	13	52	9	27	32	48	40	33	8	6	10	57	35	41	40	26	33	25	5	36	58	45	30	52	28	18	30	50	26	17	44	21	13	46	22	29	16	58	25	32	26	0	46	40	16	19	49	16	48	47	44	5	33	30	12	36	47	43	39	14	30	9	46	51	24	41	15	14	19	52	22	28	26	37	22	18	17	27	45	25	3	48	43	46	16	17	18	32	47	29	24	43	49	33	47	50	46	53	46	21	40	46	55	30	52	34	42	32	24	11	48	21	23	19	30	43	50	51	8	40	15	14	13	28	36	25	22	39	23	21	30	10	36	40	39	18	36	44	20	53	6	49	29	36	41	51	
56	60	43	53	29	39	30	55	62	43	59	76	13	53	52	45	55	31	76	59	59	21	60	41	51	55	41	19	39	17	42	27	47	21	46	62	63	36	52	56	26	51	52	21	39	28	46	0	30	52	26	30	30	11	52	25	41	28	60	37	16	45	9	25	36	71	53	83	58	37	29	61	49	64	46	36	48	59	20	30	61	41	46	79	34	48	17	61	76	43	62	63	16	41	18	52	14	83	54	38	4	19	47	67	47	16	49	50	18	50	12	4	73	56	36	8	59	60	59	24	15	25	43	52	17	55	51	36	56	59	24	67	32	24	35	21	52	48	48	29	37	54	73	34	45	50	5	27	9	16	44	
29	32	39	38	44	27	13	47	66	17	29	53	23	49	45	46	26	5	53	31	38	41	40	39	24	26	11	18	12	27	25	10	17	31	30	33	49	39	22	38	41	36	23	23	13	42	40	30	0	37	30	9	29	21	21	7	35	7	38	28	38	15	21	5	40	54	42	61	28	18	1	53	51	52	17	19	25	38	42	41	47	25	22	55	15	43	16	32	50	27	52	52	19	12	31	31	41	59	29	9	32	14	18	39	54	41	19	21	35	20	28	30	56	36	29	38	42	63	43	13	15	12	14	49	42	41	37	27	34	32	36	55	2	22	45	38	41	20	19	1	45	27	48	43	16	47	28	43	27	13	15	
58	26	18	1	42	13	50	14	40	22	35	25	39	21	14	26	46	32	26	26	10	45	9	20	24	48	37	34	46	37	12	29	41	36	7	29	12	27	34	6	42	1	49	31	25	40	16	52	37	0	29	46	24	51	36	43	16	31	14	15	47	38	47	38	28	18	8	32	38	19	38	18	30	15	43	18	16	10	49	36	10	12	17	29	22	17	49	29	30	10	16	16	36	39	38	10	53	34	19	40	56	47	44	31	37	51	35	46	41	42	42	49	21	8	17	57	7	36	6	31	45	49	44	21	51	4	2	16	12	21	37	18	35	28	37	42	6	25	29	36	34	22	28	35	46	20	54	42	44	43	43	
60	46	17	30	16	17	39	29	39	31	50	55	14	27	26	19	53	26	55	45	38	16	38	15	39	54	39	13	43	9	22	20	44	6	25	49	39	10	45	35	14	29	52	7	29	14	19	26	30	29	0	36	5	29	45	31	15	22	41	14	17	42	24	26	11	47	27	61	51	22	30	35	24	38	46	20	32	38	19	11	36	21	30	59	21	22	31	48	58	22	36	38	14	40	9	33	24	63	39	38	30	30	47	53	25	21	43	50	12	47	14	22	49	35	12	28	36	36	35	17	26	35	44	26	22	31	28	13	37	43	8	42	30	8	15	13	28	37	39	28	15	40	55	13	46	24	30	15	17	25	44	
26	39	48	47	49	36	4	56	74	25	34	61	26	58	54	54	26	14	61	38	47	45	49	47	31	25	14	23	9	31	34	18	18	36	39	40	58	46	27	47	46	45	22	29	22	48	49	30	9	46	36	0	36	19	26	5	44	16	47	36	41	18	21	10	47	63	51	69	32	27	8	62	59	61	17	28	33	47	45	47	56	34	31	63	24	52	13	38	58	36	61	61	23	14	35	40	42	67	37	10	31	11	18	46	61	43	24	20	39	21	31	31	65	45	38	38	51	71	52	20	15	5	13	57	44	50	46	35	42	40	41	64	11	29	51	42	50	27	25	10	52	34	55	50	15	55	26	48	29	14	15	
58	42	14	25	20	12	39	25	38	27	46	50	17	24	22	17	50	25	50	41	33	21	33	12	35	51	36	14	41	13	17	18	42	11	20	45	34	10	41	30	18	24	50	9	25	18	16	30	29	24	5	36	0	32	42	31	11	21	36	9	22	39	27	26	11	42	23	56	47	18	29	31	23	34	43	16	28	33	24	15	31	16	26	54	17	19	33	44	53	17	32	33	16	38	14	28	29	58	34	37	34	31	44	48	25	26	40	47	17	45	18	26	45	30	7	33	31	34	30	16	27	36	42	23	27	27	23	8	32	38	13	37	29	7	17	18	23	33	35	27	17	36	50	15	44	21	33	19	20	26	42	
45	53	46	52	37	38	19	57	68	36	51	72	15	56	54	49	45	24	72	52	55	31	57	44	45	45	32	18	28	21	39	22	37	26	44	55	63	40	44	54	34	50	41	23	33	36	48	11	21	51	29	19	32	0	43	15	43	22	56	37	26	36	5	17	40	69	53	79	50	33	20	63	54	64	36	33	43	55	30	37	60	39	41	74	30	51	6	53	71	41	63	64	16	32	24	48	25	79	49	28	12	8	37	60	53	26	41	40	26	40	18	13	72	53	37	19	57	65	57	20	6	14	32	55	28	54	50	36	52	53	30	67	24	25	42	29	52	41	40	21	43	48	68	41	34	53	7	35	15	8	34	
23	16	48	37	61	34	29	50	74	15	8	41	43	55	49	55	10	21	41	15	31	60	34	48	12	12	11	37	19	46	28	27	8	49	31	15	45	52	2	33	59	35	14	41	16	59	47	52	21	36	45	26	42	43	0	28	43	25	29	36	58	7	43	26	53	47	44	48	6	24	23	54	61	51	11	26	19	31	62	57	44	29	19	41	24	50	38	14	34	30	52	52	39	12	50	26	61	44	18	15	54	35	11	21	66	61	2	12	54	8	48	51	49	30	39	59	37	70	39	31	37	31	14	55	62	40	37	36	26	19	53	53	19	38	60	57	42	10	7	22	59	14	32	58	14	53	50	60	47	35	13	
31	39	43	44	44	32	8	52	69	24	36	60	21	53	49	48	30	11	60	38	45	39	47	42	31	30	17	17	14	26	31	14	22	30	36	41	55	41	29	44	40	42	27	24	20	42	44	25	7	43	31	5	31	15	28	0	39	12	45	32	35	21	16	5	42	60	47	68	34	24	5	58	54	58	21	25	31	45	40	41	53	31	29	62	21	47	10	39	57	33	57	58	18	17	30	38	37	66	36	13	26	7	22	46	56	37	26	25	33	25	25	26	62	42	33	33	48	65	49	14	10	6	18	52	39	47	43	31	41	39	35	61	10	23	46	37	46	27	26	7	46	34	55	44	20	50	22	42	23	9	19	
62	39	4	16	26	9	47	14	31	28	45	41	28	13	11	12	53	31	42	38	25	30	25	5	33	55	41	25	48	24	15	25	46	21	15	42	24	11	42	22	26	15	54	20	28	24	5	41	35	16	15	44	11	43	43	39	0	28	29	7	32	43	38	34	12	32	12	47	47	19	36	20	17	23	48	17	25	25	33	20	21	14	24	46	21	8	43	41	46	13	21	22	27	43	25	23	39	50	31	42	45	41	48	45	22	37	42	51	27	48	29	37	34	23	6	44	22	27	20	25	38	45	47	13	36	17	14	8	27	35	21	26	35	18	20	27	12	33	36	34	18	33	44	18	49	11	44	26	32	36	47	
37	32	32	32	37	20	19	40	58	14	31	50	18	42	37	38	31	4	50	30	34	35	35	31	23	32	16	12	20	21	19	2	22	24	24	34	43	31	25	32	35	30	30	16	11	36	33	28	7	31	22	16	21	22	25	12	28	0	34	20	33	20	19	7	32	49	35	57	31	12	8	46	44	46	23	13	21	34	37	34	41	19	18	52	9	36	19	32	48	21	45	46	14	18	25	26	36	56	26	16	31	16	24	39	46	36	23	27	29	25	23	27	51	31	21	35	36	55	37	6	15	18	21	41	37	35	31	19	30	31	29	49	8	14	38	32	34	19	20	6	38	26	46	36	23	39	27	36	22	13	21	
52	15	32	14	55	23	50	27	53	21	25	15	48	34	28	40	39	34	15	15	4	57	5	34	17	41	35	41	45	47	19	34	36	47	15	18	17	41	27	8	54	14	43	41	25	53	30	60	38	14	41	47	36	56	29	45	29	34	0	26	58	34	53	41	42	18	22	22	29	23	39	29	44	24	39	24	13	4	60	49	18	20	16	18	26	31	54	18	17	18	26	25	44	37	49	8	64	22	11	39	64	51	39	17	51	62	29	41	53	37	51	58	19	6	29	66	10	50	13	37	50	51	41	35	62	15	16	27	4	10	49	25	36	37	50	54	20	21	24	37	47	14	14	48	42	34	61	55	53	48	40	
55	34	12	16	28	3	40	20	38	21	39	40	24	21	17	19	45	23	41	33	23	30	24	12	27	47	33	19	40	21	9	18	38	20	11	37	26	16	35	20	27	14	46	16	20	26	12	37	28	15	14	36	9	37	36	32	7	20	26	0	32	35	32	27	17	34	16	47	41	12	28	26	25	27	40	10	20	23	34	23	23	8	18	44	13	15	37	36	43	8	26	27	21	35	23	18	38	48	26	34	41	35	41	40	29	36	35	44	26	40	26	34	36	21	3	41	22	35	21	18	32	38	39	21	36	18	14	1	23	30	22	30	27	13	25	27	15	26	29	26	23	28	41	23	41	18	39	28	28	30	39	
67	62	33	48	13	35	42	46	48	45	63	72	15	41	42	32	64	37	73	61	55	5	56	30	54	64	49	21	49	12	39	31	55	11	43	64	56	23	58	52	10	46	61	18	42	13	36	16	38	47	17	41	22	26	58	35	32	33	58	32	0	53	21	33	23	65	45	79	64	37	37	51	35	55	55	35	48	55	4	16	54	38	46	76	35	38	31	63	75	39	53	54	19	50	8	50	6	80	55	47	19	31	56	69	32	4	56	59	5	58	10	12	67	53	29	14	54	46	53	27	26	38	52	40	4	49	45	31	54	59	11	58	40	21	20	6	45	51	52	37	23	55	72	20	54	39	22	11	12	26	53	
20	22	47	39	57	33	21	51	74	15	16	47	38	55	50	55	11	16	47	21	35	55	38	47	17	12	4	32	12	41	29	22	2	44	32	22	49	50	9	37	55	37	11	36	14	56	47	45	15	38	42	18	39	36	7	21	43	20	34	35	53	0	36	20	51	51	46	54	14	23	16	56	60	54	5	25	22	35	57	54	47	29	21	47	22	50	30	21	41	31	54	55	34	4	45	29	56	51	23	7	47	28	5	28	64	56	5	8	49	5	43	45	53	34	38	53	41	70	43	26	30	24	7	55	57	42	39	35	30	25	49	56	13	34	57	52	44	13	10	16	56	20	39	55	8	53	43	56	42	29	6	
47	52	41	48	32	34	21	52	63	34	50	69	10	51	49	43	46	22	69	50	52	26	53	39	43	46	32	13	30	16	35	19	37	21	40	53	58	35	43	50	29	46	43	18	31	31	43	9	21	47	24	21	27	5	43	16	38	19	53	32	21	36	0	16	35	65	48	76	49	30	19	58	48	60	37	30	41	52	26	32	56	35	38	72	27	46	9	52	68	37	58	59	11	32	18	45	21	76	46	29	11	10	38	59	48	22	40	41	21	40	12	10	68	49	32	17	53	60	53	16	6	16	34	50	24	50	46	31	49	50	25	63	23	20	36	24	48	39	39	20	38	46	65	35	36	48	7	30	9	7	35	
34	36	38	39	40	27	13	47	64	20	34	56	18	48	44	44	31	7	56	35	40	36	42	37	28	31	16	13	16	22	26	9	22	27	31	38	50	36	27	39	37	37	28	20	16	38	39	25	5	38	26	10	26	17	26	5	34	7	41	27	33	20	16	0	37	55	42	63	33	19	4	52	49	53	22	20	27	40	37	38	48	26	25	58	16	42	13	36	54	28	52	53	14	17	26	33	36	62	32	14	27	10	23	43	51	36	24	26	30	25	23	25	58	38	28	32	43	61	44	10	10	11	19	47	37	42	38	26	36	36	32	56	7	19	42	34	41	24	23	4	42	31	51	40	21	45	23	38	22	8	20	
69	51	11	29	14	20	50	23	27	37	56	54	25	18	19	9	61	36	55	50	38	19	38	8	44	63	48	24	53	19	26	29	53	15	27	54	35	1	52	34	15	28	61	18	36	12	14	36	40	28	11	47	11	40	53	42	12	32	42	17	23	51	35	37	0	44	23	60	57	28	40	28	13	33	55	26	37	38	23	8	32	25	35	58	28	15	42	53	59	25	30	32	25	49	18	35	30	62	43	48	40	42	56	57	14	27	51	59	18	56	24	32	46	36	14	36	35	25	33	27	37	46	53	17	26	29	26	17	39	47	12	36	40	18	8	17	24	43	46	38	6	45	56	6	56	15	40	14	27	36	54	
70	33	32	17	58	31	67	21	45	38	42	14	58	29	25	38	57	49	15	33	16	62	14	35	35	59	52	52	62	55	30	47	54	54	25	35	8	43	45	16	58	19	61	50	41	56	30	71	54	18	47	63	42	69	47	60	32	49	18	34	65	51	65	55	44	0	20	17	46	36	55	20	40	13	57	36	30	16	66	52	11	30	32	19	40	29	68	35	24	28	16	15	55	54	57	23	71	22	29	56	75	65	57	33	48	69	47	59	59	55	60	68	2	18	35	75	12	42	12	49	63	66	58	31	69	15	19	34	21	28	54	12	52	47	51	60	19	38	41	53	48	32	23	50	60	30	73	58	62	61	57	
66	35	12	8	37	15	55	5	31	30	43	31	39	12	6	18	54	37	32	35	18	42	17	15	32	56	44	35	53	36	17	33	48	34	13	38	12	22	43	14	38	9	57	31	31	36	9	53	42	8	27	51	23	53	44	47	12	35	22	16	45	46	48	42	23	20	0	36	47	24	43	10	22	11	51	22	24	18	46	32	9	17	24	36	26	9	53	38	38	15	10	11	37	47	37	18	51	39	28	47	57	51	51	39	29	49	43	54	39	50	41	49	22	16	16	56	13	27	10	34	48	53	51	13	49	7	7	17	21	30	34	14	41	28	31	39	2	33	37	41	28	31	36	29	53	12	55	38	44	46	51	
70	32	48	31	74	44	73	38	62	44	41	7	70	46	41	55	56	56	7	33	24	77	23	51	37	59	56	64	66	68	41	56	56	68	36	33	25	59	46	26	74	32	62	62	47	72	46	83	61	32	61	69	56	79	48	68	47	57	22	47	79	54	76	63	60	17	36	0	45	46	62	37	57	30	59	46	36	24	81	68	27	41	38	7	49	45	76	34	14	40	33	32	67	57	70	31	85	6	32	60	87	74	59	28	65	83	49	60	73	56	73	80	16	27	49	88	25	59	26	59	73	73	61	48	83	30	33	48	27	29	69	29	58	59	68	74	35	42	44	60	64	34	16	66	62	47	84	74	75	71	60	
25	13	51	38	67	38	35	52	77	20	4	38	49	58	52	60	11	27	38	13	32	66	34	52	14	14	18	43	25	52	32	33	14	55	34	12	46	57	6	34	65	37	17	47	22	65	51	58	28	38	51	32	47	50	6	34	47	31	29	41	64	14	49	33	57	46	47	45	0	29	29	56	65	52	16	31	22	32	68	62	46	33	23	38	30	53	44	11	31	34	53	53	45	18	56	28	68	41	19	22	61	42	16	17	70	67	8	15	60	12	54	58	48	31	43	66	38	74	41	37	44	38	20	58	68	41	39	40	27	18	59	54	26	44	65	63	44	14	12	29	64	15	29	63	19	56	56	66	54	42	18	
43	25	24	20	38	10	31	29	50	9	28	38	25	32	27	31	33	13	39	23	22	37	23	24	17	35	21	18	29	25	7	10	26	26	12	27	31	27	24	20	36	18	34	19	8	36	24	37	18	19	22	27	18	33	24	24	19	12	23	12	37	23	30	19	28	36	24	46	29	0	19	35	37	34	28	2	11	22	40	33	29	7	8	41	3	27	31	26	39	9	33	34	21	23	28	15	42	46	17	23	41	28	29	31	41	41	23	31	32	28	29	35	39	19	14	43	24	47	25	13	27	30	27	32	41	23	19	11	19	22	30	37	16	15	35	34	22	15	17	17	34	18	36	33	29	30	38	37	30	25	27	
30	34	40	39	44	28	12	48	66	18	31	54	22	50	45	46	27	6	55	32	39	40	41	39	25	27	12	17	13	26	26	10	18	30	31	35	50	39	24	39	41	37	24	23	14	42	41	29	1	38	30	8	29	20	23	5	36	8	39	28	37	16	19	4	40	55	43	62	29	19	0	53	52	53	18	20	26	39	41	41	48	26	23	56	16	44	15	33	52	28	52	53	18	13	30	32	40	60	30	10	31	12	19	41	54	40	21	22	34	21	27	29	57	37	30	36	43	63	44	12	14	11	15	49	41	42	38	27	35	34	35	56	4	22	45	37	41	21	20	2	45	28	49	43	17	47	26	42	26	12	16	
76	44	18	17	42	25	65	6	25	40	53	34	48	10	9	20	64	48	35	44	25	48	23	20	42	67	55	45	64	44	28	43	59	41	24	47	13	27	53	22	43	19	67	40	42	40	15	61	53	18	35	62	31	63	54	58	20	46	29	26	51	56	58	52	28	20	10	37	56	35	53	0	21	7	61	33	34	25	51	36	11	27	35	39	37	13	63	47	42	26	4	5	47	57	44	28	58	42	37	58	65	61	62	47	28	55	54	64	46	61	49	57	21	25	26	63	19	22	16	44	58	63	62	12	55	14	17	27	30	39	40	8	51	38	34	45	12	44	47	51	31	41	41	33	64	12	64	43	52	56	61	
80	56	13	30	23	26	62	18	14	45	62	52	38	10	16	5	70	47	53	55	40	30	39	12	51	72	58	37	64	32	32	41	63	28	31	59	32	13	60	36	25	30	71	31	45	22	14	49	51	30	24	59	23	54	61	54	17	44	44	25	35	60	48	49	13	40	22	57	65	37	52	21	0	27	65	35	43	40	34	19	29	31	42	57	38	13	56	58	60	30	24	25	38	60	31	39	41	61	48	59	53	55	66	61	7	38	60	69	31	65	37	45	42	38	22	49	35	11	32	39	50	59	64	9	38	29	28	25	42	51	25	30	51	30	15	29	24	51	54	50	12	50	58	15	66	10	53	25	40	49	64	
73	39	22	14	47	26	65	9	32	38	48	27	51	17	13	26	61	47	28	39	20	52	18	25	38	63	53	46	62	47	27	44	56	45	22	42	6	32	49	17	48	16	64	43	40	46	19	64	52	15	38	61	34	64	51	58	23	46	24	27	55	54	60	53	33	13	11	30	52	34	53	7	27	0	59	33	31	20	56	41	6	27	32	32	37	17	64	42	36	25	3	2	49	55	48	24	62	35	33	56	68	62	59	41	35	59	51	62	50	58	52	61	14	20	28	67	14	29	11	45	59	64	60	18	59	11	15	28	25	34	44	3	50	40	40	50	12	41	44	51	36	37	34	38	61	18	67	48	55	57	59	
14	27	52	44	61	38	19	56	79	21	19	52	40	60	55	59	9	19	52	26	41	58	43	52	22	9	7	34	9	44	34	26	3	48	37	26	54	54	13	42	58	42	6	40	19	59	52	46	17	43	46	17	43	36	11	21	48	23	39	40	55	5	37	22	55	57	51	59	16	28	18	61	65	59	0	30	27	41	59	57	53	34	26	52	27	55	30	25	46	36	59	60	36	5	48	35	58	55	28	8	48	28	1	32	69	58	10	4	52	4	45	47	59	39	42	54	46	75	48	29	31	23	3	60	59	47	44	39	35	30	52	61	15	38	61	55	49	18	15	18	60	25	43	59	3	58	43	59	44	30	2	
45	26	21	19	36	8	32	27	48	11	30	39	24	30	25	29	35	14	39	25	22	36	23	22	19	37	23	17	30	23	6	11	28	25	11	29	30	25	26	20	34	17	36	17	10	34	22	36	19	18	20	28	16	33	26	25	17	13	24	10	35	25	30	20	26	36	22	46	31	2	20	33	35	33	30	0	13	22	38	31	28	6	10	42	4	25	31	28	40	8	32	33	20	25	26	15	41	46	19	25	40	29	31	33	39	39	25	34	30	30	28	34	38	19	12	42	24	45	24	13	27	31	29	30	40	22	18	9	19	23	28	36	18	14	33	32	21	17	19	18	32	20	37	31	31	28	37	35	29	25	29	
42	14	29	17	48	17	37	30	55	8	19	28	36	36	30	37	29	20	29	13	14	49	16	31	8	32	22	30	32	36	11	21	25	37	11	17	26	36	18	14	46	15	33	30	11	46	28	48	25	16	32	33	28	43	19	31	25	21	13	20	48	22	41	27	37	30	24	36	22	11	26	34	43	31	27	13	0	14	51	43	25	12	2	31	14	30	40	16	27	12	32	32	32	24	39	7	54	35	6	26	52	38	28	20	48	52	19	30	43	26	40	47	32	12	23	55	18	51	20	24	37	37	28	36	53	20	17	20	9	10	41	34	22	27	45	45	22	9	13	24	43	8	24	43	30	34	48	47	41	35	28	
54	19	28	10	52	20	51	23	49	22	28	16	46	30	24	36	41	33	17	19	0	54	2	30	19	44	36	40	46	44	17	33	38	44	12	22	14	37	29	4	51	10	45	38	25	50	26	59	38	10	38	47	33	55	31	45	25	34	4	23	55	35	52	40	38	16	18	24	32	22	39	25	40	20	41	22	14	0	57	46	14	17	16	20	25	27	53	21	20	16	22	22	42	38	47	7	61	25	13	40	63	50	41	21	47	60	31	43	50	39	49	56	18	2	26	64	6	45	9	35	49	51	42	31	60	11	12	24	5	14	46	22	36	35	46	51	16	22	25	37	44	17	18	44	43	30	60	51	50	47	41	
71	65	34	49	11	37	47	46	46	48	67	74	19	41	43	31	68	41	75	64	57	3	58	31	57	68	53	25	54	16	42	35	59	13	45	68	58	23	62	54	8	48	66	21	46	11	37	20	42	49	19	45	24	30	62	40	33	37	60	34	4	57	26	37	23	66	46	81	68	40	41	51	34	56	59	38	51	57	0	15	55	41	49	78	38	38	35	66	77	42	53	55	23	54	12	52	8	82	58	51	23	36	60	72	30	5	60	63	8	62	14	16	68	55	31	16	56	44	54	31	31	42	57	40	4	50	47	33	57	62	12	59	44	24	18	6	46	54	56	41	21	59	75	18	59	38	26	9	16	31	57	
71	57	19	37	5	26	50	31	32	42	61	62	22	26	28	16	65	38	63	56	46	11	46	17	50	66	50	24	54	16	32	31	56	11	34	60	44	9	56	42	6	36	64	18	40	4	22	30	41	36	11	47	15	37	57	41	20	34	49	23	16	54	32	38	8	52	32	68	62	33	41	36	19	41	57	31	43	46	15	0	41	31	41	66	32	24	40	59	66	31	39	40	24	52	13	42	22	70	49	50	34	40	58	63	16	19	55	61	12	59	19	26	54	43	20	30	43	30	41	28	35	45	55	25	18	37	34	23	46	53	6	44	42	19	4	10	33	48	50	40	7	51	64	4	58	23	35	6	22	34	56	
67	33	21	9	47	21	60	11	36	32	42	23	47	19	13	27	54	42	24	33	14	51	12	24	32	57	47	43	56	44	22	39	50	43	17	36	2	32	43	11	47	11	58	39	34	45	18	61	47	10	36	56	31	60	44	53	21	41	18	23	54	47	56	48	32	11	9	27	46	29	48	11	29	6	53	28	25	14	55	41	0	22	26	28	32	17	59	36	31	20	8	7	45	49	46	18	60	31	27	50	65	57	53	35	37	58	44	55	48	51	50	58	13	14	25	65	7	33	5	40	54	59	54	20	58	6	10	24	19	28	43	8	45	36	40	48	8	34	38	46	37	30	29	38	55	19	63	47	52	52	53	
49	26	18	13	36	5	38	22	44	14	31	34	28	26	20	26	39	20	35	25	17	38	18	19	19	41	28	22	36	27	1	17	32	27	5	29	24	24	28	15	35	11	41	21	15	34	17	41	25	12	21	34	16	39	29	31	14	19	20	8	38	29	35	26	25	30	17	41	33	7	26	27	31	27	34	6	12	17	41	31	22	0	10	38	10	20	37	28	36	2	26	27	25	30	29	11	44	42	18	30	45	35	35	32	37	42	28	38	33	34	31	39	32	14	11	46	18	41	18	18	33	37	34	26	43	16	12	8	16	22	29	30	24	17	33	34	15	19	22	24	31	20	34	31	36	24	42	36	33	31	34	
41	16	28	17	46	15	35	30	54	6	20	31	33	35	29	36	29	18	31	15	16	46	18	29	9	31	20	27	30	34	9	18	24	35	11	19	27	34	18	16	44	16	32	28	9	44	27	46	22	17	30	31	26	41	19	29	24	18	16	18	46	21	38	25	35	32	24	38	23	8	23	35	42	32	26	10	2	16	49	41	26	10	0	33	11	30	38	18	30	11	33	33	30	23	37	9	51	38	8	24	49	35	27	23	47	50	19	29	41	25	38	44	34	14	21	52	20	51	21	21	34	35	27	35	50	21	18	18	11	13	38	35	20	24	43	43	22	9	12	21	41	10	27	41	29	33	46	45	38	32	26	
63	25	47	29	72	41	67	39	64	38	34	5	66	47	41	54	49	51	4	26	20	75	20	50	31	52	49	60	59	65	37	52	49	65	33	26	26	57	39	24	72	30	55	59	42	70	45	79	55	29	59	63	54	74	41	62	46	52	18	44	76	47	72	58	58	19	36	7	38	41	56	39	57	32	52	42	31	20	78	66	28	38	33	0	44	45	71	27	7	37	35	34	62	51	67	26	82	4	26	54	82	68	52	21	65	80	42	53	71	49	70	77	18	23	47	84	23	61	25	55	68	68	54	48	81	29	31	45	22	23	66	31	52	55	66	72	34	36	38	55	63	28	9	65	55	47	79	72	71	66	53	
41	26	25	23	37	12	28	31	52	10	29	41	22	34	29	32	33	10	42	25	25	36	26	25	18	34	19	15	26	23	10	7	25	25	15	29	34	27	24	24	35	21	33	17	8	35	25	34	15	22	21	24	17	30	24	21	21	9	26	13	35	22	27	16	28	40	26	49	30	3	16	37	38	37	27	4	14	25	38	32	32	10	11	44	0	28	28	28	41	12	36	37	18	21	26	18	40	49	20	21	38	25	27	34	42	39	23	30	30	27	26	32	42	22	15	40	27	48	28	10	24	27	26	34	39	26	22	12	22	24	29	40	14	14	35	33	25	16	18	14	34	20	38	33	28	32	35	36	27	21	26	
70	43	5	17	29	16	56	7	24	34	50	40	36	5	4	9	59	38	41	42	27	35	26	7	38	61	48	33	55	31	21	33	53	28	19	46	20	15	48	23	30	17	61	28	35	28	3	48	43	17	22	52	19	51	50	47	8	36	31	15	38	50	46	42	15	29	9	45	53	27	44	13	13	17	55	25	30	27	38	24	17	20	30	45	28	0	51	45	47	19	15	16	35	50	31	26	45	49	35	50	52	50	55	48	20	42	49	58	33	55	36	45	31	25	14	50	22	20	19	33	46	53	54	5	42	16	15	16	29	38	27	20	43	26	22	32	11	39	42	42	19	38	45	21	56	3	52	30	39	44	54	
39	49	46	50	41	38	13	57	70	33	46	69	18	57	54	50	40	20	69	48	53	35	55	45	41	39	26	18	22	24	37	20	31	29	42	50	61	42	39	52	38	48	35	24	29	40	48	17	16	49	31	13	33	6	38	10	43	19	54	37	31	30	9	13	42	68	53	76	44	31	15	63	56	64	30	31	40	53	35	40	59	37	38	71	28	51	0	49	67	39	63	64	17	26	27	46	31	75	45	23	18	2	31	56	56	32	36	34	30	34	21	19	70	50	37	25	55	67	56	19	5	8	27	56	33	53	49	36	49	49	34	67	19	25	45	33	52	36	36	17	46	44	64	44	28	54	13	39	19	7	28	
36	2	45	30	64	33	42	43	69	18	7	27	50	50	44	53	22	30	27	3	21	64	24	46	9	25	24	43	33	51	27	33	22	53	26	1	36	52	12	25	62	29	28	45	21	62	43	61	32	29	48	38	44	53	14	39	41	32	18	36	63	21	52	36	53	35	38	34	11	26	33	47	58	42	25	28	16	21	66	59	36	28	18	27	28	45	49	0	20	28	44	43	46	25	54	19	68	30	10	28	64	46	25	7	64	67	15	26	58	22	54	59	37	22	39	68	28	66	31	37	47	44	28	51	68	32	31	36	17	7	56	43	29	42	61	61	36	13	13	32	59	8	18	59	28	49	60	63	55	45	27	
56	18	48	30	72	40	61	42	67	34	27	10	64	50	44	56	42	47	9	20	20	74	21	51	26	45	44	57	53	63	35	48	43	64	32	19	29	58	32	24	71	30	48	57	37	70	46	76	50	30	58	58	53	71	34	57	46	48	17	43	75	41	68	54	59	24	38	14	31	39	52	42	60	36	46	40	27	20	77	66	31	36	30	7	41	47	67	20	0	35	38	38	60	45	66	25	80	10	22	48	79	64	45	14	67	79	36	46	69	42	68	74	24	23	46	82	25	64	28	52	64	63	48	51	79	31	32	44	20	18	66	36	48	54	67	71	36	30	32	50	64	23	2	65	49	50	76	72	69	62	47	
51	26	17	11	37	5	40	20	43	15	31	33	30	24	19	25	40	22	33	25	16	38	17	18	20	42	29	24	38	28	2	19	34	28	3	29	22	24	29	13	36	9	42	22	16	35	16	43	27	10	22	36	17	41	30	33	13	21	18	8	39	31	37	28	25	28	15	40	34	9	28	26	30	25	36	8	12	16	42	31	20	2	11	37	12	19	39	28	35	0	24	25	26	31	30	10	45	41	18	32	47	37	37	32	36	43	29	39	34	36	33	40	31	13	11	48	16	40	16	20	35	39	36	24	44	14	10	8	15	22	30	28	25	19	33	35	13	20	23	26	31	20	33	31	38	22	44	36	34	32	36	
74	41	19	15	44	25	65	7	29	38	50	30	49	13	10	23	62	47	31	41	22	50	20	22	39	64	53	45	62	45	26	43	57	42	22	44	9	30	50	19	45	17	65	41	40	43	17	62	52	16	36	61	32	63	52	57	21	45	26	26	53	54	58	52	30	16	10	33	53	33	52	4	24	3	59	32	32	22	53	39	8	26	33	35	36	15	63	44	38	24	0	1	47	55	46	25	60	38	34	56	66	61	60	43	32	57	51	62	47	58	50	59	17	21	26	65	15	26	12	44	58	63	60	15	57	12	15	27	26	36	42	5	50	38	37	47	11	41	45	50	33	38	37	36	62	15	65	45	53	56	59	
74	41	21	15	46	26	65	8	30	39	50	29	50	15	12	24	62	47	30	41	22	51	20	23	40	64	54	46	63	46	27	44	57	44	23	44	8	31	50	19	47	17	65	42	41	44	18	63	52	16	38	61	33	64	52	58	22	46	25	27	54	55	59	53	32	15	11	32	53	34	53	5	25	2	60	33	32	22	55	40	7	27	33	34	37	16	64	43	38	25	1	0	48	56	47	25	61	37	34	57	68	62	60	43	33	58	52	63	49	59	52	60	16	21	27	66	15	27	12	45	59	64	60	16	58	12	15	28	26	36	43	4	51	39	38	49	12	42	45	51	35	38	36	37	62	17	66	46	54	57	60	
49	45	30	37	26	23	26	41	53	27	45	59	4	40	38	33	45	18	60	43	42	21	43	28	36	45	30	2	31	8	25	12	36	12	30	47	48	25	39	40	22	35	42	7	24	24	32	16	19	36	14	23	16	16	39	18	27	14	44	21	19	34	11	14	25	55	37	67	45	21	18	47	38	49	36	20	32	42	23	24	45	25	30	62	18	35	17	46	60	26	47	48	0	31	12	36	22	67	38	28	20	16	37	52	39	22	37	40	15	39	9	14	57	40	21	22	43	50	42	8	12	21	33	39	23	39	35	20	40	43	17	52	21	9	28	19	37	33	34	18	29	38	57	27	36	37	18	24	8	10	34	
19	26	47	40	55	34	17	52	74	17	20	50	35	56	51	54	14	13	50	25	38	52	40	47	20	14	2	29	8	38	29	20	5	42	33	26	50	49	13	39	53	39	12	34	15	54	47	41	12	39	40	14	38	32	12	17	43	18	37	35	50	4	32	17	49	54	47	57	18	23	13	57	60	55	5	25	24	38	54	52	49	30	23	51	21	50	26	25	45	31	55	56	31	0	42	31	53	55	26	3	43	24	6	32	63	53	10	9	46	8	40	42	56	36	37	49	43	70	44	24	26	20	4	56	54	44	40	34	33	28	47	58	10	32	55	50	45	16	13	13	55	23	43	54	6	53	39	54	39	25	4	
61	53	26	39	14	26	38	39	45	36	55	63	9	35	35	27	56	29	64	52	47	10	47	24	45	57	41	13	43	4	30	23	47	3	34	56	48	18	50	43	10	38	54	9	34	12	29	18	31	38	9	35	14	24	50	30	25	25	49	23	8	45	18	26	18	57	37	70	56	28	30	44	31	48	48	26	39	47	12	13	46	29	37	67	26	31	27	54	66	30	46	47	12	42	0	41	14	72	46	40	22	27	49	60	29	13	48	52	4	50	6	14	59	44	21	19	45	42	44	19	22	33	45	34	13	41	37	22	45	50	6	51	32	12	17	7	37	42	44	30	19	47	63	17	48	32	22	12	9	22	46	
49	17	26	10	47	15	44	24	50	15	25	23	39	30	24	34	36	26	24	16	7	49	9	28	14	39	29	33	39	38	10	25	32	38	8	20	19	34	25	7	46	9	40	32	18	45	24	52	31	10	33	40	28	48	26	38	23	26	8	18	50	29	45	33	35	23	18	31	28	15	32	28	39	24	35	15	7	7	52	42	18	11	9	26	18	26	46	19	25	10	25	25	36	31	41	0	56	31	9	33	56	43	35	22	45	54	26	37	44	33	43	50	25	5	21	58	11	46	13	28	42	43	36	31	54	13	11	19	4	12	41	26	29	29	43	46	16	16	20	30	41	12	22	41	37	29	53	47	44	40	35	
69	67	40	54	19	41	43	52	54	49	68	78	18	48	49	38	67	40	79	65	61	11	62	37	58	67	52	25	51	17	45	35	58	17	49	69	63	30	62	58	16	53	64	23	47	19	43	14	41	53	24	42	29	25	61	37	39	36	64	38	6	56	21	36	30	71	51	85	68	42	40	58	41	62	58	41	54	61	8	22	60	44	51	82	40	45	31	68	80	45	60	61	22	53	14	56	0	86	60	50	16	32	59	74	38	3	59	62	12	61	13	11	73	59	36	8	60	52	59	31	27	38	55	47	4	55	52	37	60	64	17	65	43	26	26	12	52	55	56	40	29	60	78	26	57	45	20	17	14	28	56	
66	28	51	33	76	45	70	42	67	42	37	8	70	50	45	58	52	55	7	29	25	79	24	54	35	55	53	64	63	69	41	56	52	69	37	29	29	61	42	28	76	34	58	63	46	74	49	83	59	34	63	67	58	79	44	66	50	56	22	48	80	51	76	62	62	22	39	6	41	46	60	42	61	35	55	46	35	25	82	70	31	42	38	4	49	49	75	30	10	41	38	37	67	55	72	31	86	0	30	57	87	73	55	24	68	85	45	56	75	52	74	81	21	27	51	89	27	64	29	59	72	72	58	51	85	33	35	49	26	26	71	34	56	60	70	76	38	39	42	59	67	32	12	68	59	51	84	76	75	70	57	
41	8	34	20	54	23	40	33	59	12	15	24	42	40	34	43	28	25	25	7	13	55	15	36	6	30	24	36	34	42	17	26	25	44	16	11	27	42	16	15	53	18	32	37	15	52	33	54	29	19	39	37	34	49	18	36	31	26	11	26	55	23	46	32	43	29	28	32	19	17	30	37	48	33	28	19	6	13	58	49	27	18	8	26	20	35	45	10	22	18	34	34	38	26	46	9	60	30	0	28	58	42	28	14	54	59	18	30	49	25	47	53	30	12	29	61	19	55	22	30	42	41	30	40	59	22	21	26	8	4	47	35	26	33	51	52	26	10	13	28	49	3	19	49	31	39	54	53	47	40	29	
21	29	46	41	53	33	13	52	73	18	24	52	32	56	51	53	17	12	53	28	40	50	42	46	22	17	4	27	6	36	29	18	8	40	34	30	52	47	17	40	50	39	14	32	15	52	47	38	9	40	38	10	37	28	15	13	42	16	39	34	47	7	29	14	48	56	47	60	22	23	10	58	59	56	8	25	26	40	51	50	50	30	24	54	21	50	23	28	48	32	56	57	28	3	40	33	50	57	28	0	40	20	9	35	62	50	13	12	44	11	37	39	58	38	36	46	44	70	46	21	23	16	5	55	51	44	41	34	35	31	45	59	8	30	54	47	45	18	15	10	54	25	45	52	7	53	35	52	36	22	6	
57	63	47	57	32	43	31	59	66	46	62	79	17	57	56	49	57	34	80	62	63	25	64	45	55	57	43	23	40	21	46	31	49	25	50	65	68	40	55	60	29	55	53	25	42	32	50	4	32	56	30	31	34	12	54	26	45	31	64	41	19	47	11	27	40	75	57	87	61	41	31	65	53	68	48	40	52	63	23	34	65	45	49	82	38	52	18	64	79	47	66	68	20	43	22	56	16	87	58	40	0	20	49	70	50	18	52	51	22	51	16	8	77	60	40	8	63	64	63	27	17	26	44	56	20	59	55	40	60	62	28	71	35	28	38	25	57	51	51	32	41	57	77	38	46	54	5	30	13	18	46	
37	46	45	48	41	36	11	55	69	30	43	66	18	55	52	49	37	17	67	45	50	36	52	43	38	36	24	17	20	24	35	18	29	29	40	48	59	41	36	49	38	46	33	23	26	40	46	19	14	47	30	11	31	8	35	7	41	16	51	35	31	28	10	10	42	65	51	74	42	28	12	61	55	62	28	29	38	50	36	40	57	35	35	68	25	50	2	46	64	37	61	62	16	24	27	43	32	73	42	20	20	0	29	53	55	33	33	31	30	31	22	20	67	48	35	27	53	66	53	17	5	6	24	54	34	51	47	34	47	46	33	65	16	24	44	34	50	34	33	14	46	41	61	43	26	52	15	39	19	5	25	
14	27	53	45	62	39	20	57	79	21	19	52	41	61	56	60	8	20	52	26	41	59	43	53	22	8	8	35	10	45	34	26	3	49	38	26	54	55	13	42	59	43	5	41	20	60	53	47	18	44	47	18	44	37	11	22	48	24	39	41	56	5	38	23	56	57	51	59	16	29	19	62	66	59	1	31	28	41	60	58	53	35	27	52	27	55	31	25	45	37	60	60	37	6	49	35	59	55	28	9	49	29	0	32	69	59	10	3	53	3	46	48	59	40	43	55	46	76	48	30	32	24	4	61	60	48	45	40	36	30	53	62	16	39	62	56	49	18	15	19	61	25	43	60	3	59	44	60	45	31	3	
42	7	48	31	68	37	49	44	71	24	13	22	56	52	45	56	28	36	22	8	21	69	23	50	15	31	31	49	40	57	31	39	29	58	30	5	35	56	19	25	67	30	34	51	28	66	46	67	39	31	53	46	48	60	21	46	45	39	17	40	69	28	59	43	57	33	39	28	17	31	41	47	61	41	32	33	20	21	72	63	35	32	23	21	34	48	56	7	14	32	43	43	52	32	60	22	74	24	14	35	70	53	32	0	67	73	22	32	64	28	60	66	34	23	43	74	28	67	31	43	54	51	35	52	73	33	32	40	18	10	61	42	36	47	65	66	37	19	20	39	63	13	12	63	35	51	66	68	61	52	34	
83	62	19	37	19	31	64	26	16	50	68	60	38	18	23	11	75	50	61	61	47	27	46	17	56	76	61	38	67	32	37	43	67	27	37	65	39	14	65	43	22	37	75	32	50	19	21	47	54	37	25	61	25	53	66	56	22	46	51	29	32	64	48	51	14	48	29	65	70	41	54	28	7	35	69	39	48	47	30	16	37	37	47	65	42	20	56	64	67	36	32	33	39	63	29	45	38	68	54	62	50	55	69	67	0	35	64	72	28	69	36	43	49	45	26	46	42	14	39	41	51	60	67	17	34	36	35	29	49	57	23	37	54	32	12	26	31	56	59	53	9	56	65	12	70	17	52	21	39	49	68	
69	66	37	52	16	39	44	50	51	49	67	76	18	45	46	36	67	40	77	64	60	8	60	34	57	67	52	24	51	16	43	34	58	15	47	68	61	27	61	56	13	50	64	21	46	16	40	16	41	51	21	43	26	26	61	37	37	36	62	36	4	56	22	36	27	69	49	83	67	41	40	55	38	59	58	39	52	60	5	19	58	42	50	80	39	42	32	67	79	43	57	58	22	53	13	54	3	85	59	50	18	33	59	73	35	0	59	62	9	61	13	13	71	57	33	11	58	49	57	30	28	39	55	44	1	53	50	35	58	63	15	62	43	25	23	9	49	54	56	40	26	59	76	23	57	42	21	14	14	28	56	
22	17	46	36	59	33	27	49	73	14	10	42	41	54	48	54	10	19	42	16	31	58	34	47	12	12	9	35	17	44	27	25	7	47	30	17	45	50	3	33	57	35	13	39	14	57	46	49	19	35	43	24	40	41	2	26	42	23	29	35	56	5	40	24	51	47	43	49	8	23	21	54	60	51	10	25	19	31	60	55	44	28	19	42	23	49	36	15	36	29	51	52	37	10	48	26	59	45	18	13	52	33	10	22	64	59	0	11	52	7	46	49	49	30	38	57	37	69	39	29	35	29	12	54	60	39	37	34	26	20	51	53	17	36	58	55	41	10	6	20	57	15	33	56	13	52	47	58	45	33	11	
11	28	55	47	65	42	22	60	82	24	19	53	44	64	58	63	6	23	53	27	43	62	45	56	24	5	11	39	12	48	37	30	5	52	40	27	56	58	14	44	62	45	2	44	23	63	55	50	21	46	50	20	47	40	12	25	51	27	41	44	59	8	41	26	59	59	54	60	15	31	22	64	69	62	4	34	30	43	63	61	55	38	29	53	30	58	34	26	46	39	62	63	40	9	52	37	62	56	30	12	51	31	3	32	72	62	11	0	56	4	49	51	60	42	46	58	48	79	50	33	35	26	7	64	63	50	47	43	37	31	56	64	19	42	65	59	52	21	17	22	64	26	44	63	5	62	47	63	48	34	6	
64	57	28	42	11	29	41	40	44	40	59	67	12	36	37	27	60	33	67	56	50	6	50	25	49	61	45	17	47	8	34	27	51	5	37	59	51	18	54	47	7	41	58	13	38	10	30	18	35	41	12	39	17	26	54	33	27	29	53	26	5	49	21	30	18	59	39	73	60	32	34	46	31	50	52	30	43	50	8	12	48	33	41	71	30	33	30	58	69	34	47	49	15	46	4	44	12	75	49	44	22	30	53	64	28	9	52	56	0	54	8	14	61	47	24	18	48	42	47	23	25	36	49	35	10	43	40	25	49	54	6	53	36	16	16	3	39	46	48	33	19	50	67	16	51	33	23	9	11	25	50	
15	24	52	43	63	39	23	56	79	20	15	49	43	60	55	60	6	21	49	23	39	60	41	53	19	6	9	37	13	46	33	27	3	50	37	23	52	55	10	40	60	41	6	42	20	61	52	50	20	42	47	21	45	40	8	25	48	25	37	40	58	5	40	25	56	55	50	56	12	28	21	61	65	58	4	30	26	39	62	59	51	34	25	49	27	55	34	22	42	36	58	59	39	8	50	33	61	52	25	11	51	31	3	28	69	61	7	4	54	0	48	50	56	38	43	57	44	75	46	31	34	27	7	60	62	46	43	40	33	27	54	60	18	39	62	57	48	17	13	21	62	22	40	60	7	58	47	61	47	33	6	
57	53	31	43	19	29	33	43	51	36	54	66	5	41	40	33	54	27	67	52	49	13	50	29	45	54	39	11	39	5	32	21	45	9	36	56	52	24	48	46	16	41	51	10	33	18	34	12	28	42	14	31	18	18	48	25	29	23	51	26	10	43	12	23	24	60	41	73	54	29	27	49	37	52	45	28	40	49	14	19	50	31	38	70	26	36	21	54	68	33	50	52	9	40	6	43	13	74	47	37	16	22	46	60	36	13	46	49	8	48	0	8	62	46	25	15	49	48	48	17	17	28	42	40	14	44	41	25	47	51	13	56	30	14	24	12	41	42	43	27	26	47	65	23	44	38	16	17	3	17	43	
57	59	40	50	25	36	32	52	58	41	58	73	10	49	48	41	56	30	74	57	56	18	57	37	50	56	41	17	40	13	39	26	47	17	44	61	60	32	52	54	21	49	53	18	38	24	42	4	30	49	22	31	26	13	51	26	37	27	58	34	12	45	10	25	32	68	49	80	58	35	29	57	45	61	47	34	47	56	16	26	58	39	44	77	32	45	19	59	74	40	59	60	14	42	14	50	11	81	53	39	8	20	48	66	43	13	49	51	14	50	8	0	70	53	33	8	56	56	56	22	16	26	44	48	14	52	48	33	54	57	20	64	32	21	31	17	49	46	47	29	33	53	71	30	46	46	9	23	5	17	45	
72	34	34	20	60	34	69	23	46	40	44	14	60	31	26	40	58	51	15	34	18	65	16	37	36	61	54	55	64	57	32	49	56	56	27	36	10	45	47	18	60	21	63	52	43	58	32	73	56	21	49	65	45	72	49	62	34	51	19	36	67	53	68	58	46	2	22	16	48	39	57	21	42	14	59	38	32	18	68	54	13	32	34	18	42	31	70	37	24	31	17	16	57	56	59	25	73	21	30	58	77	67	59	34	49	71	49	60	61	56	62	70	0	20	38	77	14	43	14	51	66	68	60	32	71	18	21	37	23	30	56	13	54	49	53	62	21	40	43	55	50	34	24	52	61	32	75	60	65	63	59	
53	19	26	8	49	18	49	21	48	20	28	19	43	29	22	34	40	31	20	19	2	51	4	28	18	43	34	37	44	41	14	30	37	41	10	22	14	35	29	2	48	8	44	36	23	47	24	56	36	8	35	45	30	53	30	42	23	31	6	21	53	34	49	38	36	18	16	27	31	19	37	25	38	20	39	19	12	2	55	43	14	14	14	23	22	25	50	22	23	13	21	21	40	36	44	5	59	27	12	38	60	48	40	23	45	57	30	42	47	38	46	53	20	0	23	61	6	44	9	33	47	48	41	29	57	10	10	21	5	14	43	22	34	32	44	48	14	21	24	35	41	16	20	42	42	28	57	49	48	44	40	
57	37	10	18	25	6	41	20	36	23	41	43	23	20	17	17	48	25	43	36	26	28	26	9	30	49	35	19	42	19	12	19	40	18	13	40	27	13	38	23	25	17	49	14	23	24	11	36	29	17	12	38	7	37	39	33	6	21	29	3	29	38	32	28	14	35	16	49	43	14	30	26	22	28	42	12	23	26	31	20	25	11	21	47	15	14	37	39	46	11	26	27	21	37	21	21	36	51	29	36	40	35	43	43	26	33	38	46	24	43	25	33	38	23	0	39	24	33	23	18	32	38	41	19	34	20	16	3	26	33	19	31	29	12	22	25	16	29	32	28	20	31	44	20	43	17	39	25	27	30	41	
64	67	45	58	27	44	38	58	62	49	66	81	18	54	54	45	63	38	82	65	64	19	65	43	58	63	49	25	47	20	47	34	54	22	51	69	67	36	60	61	24	56	60	25	46	27	48	8	38	57	28	38	33	19	59	33	44	35	66	41	14	53	17	32	36	75	56	88	66	43	36	63	49	67	54	42	55	64	16	30	65	46	52	84	40	50	25	68	82	48	65	66	22	49	19	58	8	89	61	46	8	27	55	74	46	11	57	58	18	57	15	8	77	61	39	0	64	60	63	30	23	33	51	53	13	59	56	40	62	65	24	70	40	29	34	20	56	55	55	37	37	61	79	34	53	51	12	25	13	24	52	
60	25	24	6	49	20	55	17	43	26	34	18	46	25	19	31	47	37	19	25	6	52	4	26	25	50	41	40	50	44	18	35	43	43	13	28	8	34	35	4	49	7	51	38	29	47	21	59	42	7	36	51	31	57	37	48	22	36	10	22	54	41	53	43	35	12	13	25	38	24	43	19	35	14	46	24	18	6	56	43	7	18	20	23	27	22	55	28	25	16	15	15	43	43	45	11	60	27	19	44	63	53	46	28	42	58	37	48	48	44	49	56	14	6	24	64	0	40	3	37	51	54	47	26	58	6	8	23	11	20	44	15	40	35	43	49	11	27	31	41	40	23	23	41	49	25	61	49	51	49	46	
90	63	23	36	33	36	74	22	3	55	71	56	50	15	21	17	80	58	57	63	45	41	44	23	59	82	68	49	75	44	42	52	73	39	39	66	35	25	69	42	36	37	82	43	55	33	23	60	63	36	36	71	34	65	70	65	27	55	50	35	46	70	60	61	25	42	27	59	74	47	63	22	11	29	75	45	51	45	44	30	33	41	51	61	48	20	67	66	64	40	26	27	50	70	42	46	52	64	55	70	64	66	76	67	14	49	69	79	42	75	48	56	43	44	33	60	40	0	36	51	62	71	75	15	48	34	34	36	49	58	36	30	62	42	26	40	30	60	63	61	23	59	62	26	77	17	65	35	51	60	74	
62	28	21	5	47	19	56	14	40	27	37	21	45	22	16	28	49	38	22	28	9	51	7	24	27	52	42	40	52	43	18	35	45	41	13	31	6	32	38	6	47	7	53	37	30	45	19	59	43	6	35	52	30	57	39	49	20	37	13	21	53	43	53	44	33	12	10	26	41	25	44	16	32	11	48	24	20	9	54	41	5	18	21	25	28	19	56	31	28	16	12	12	42	44	44	13	59	29	22	46	63	53	48	31	39	57	39	50	47	46	48	56	14	9	23	63	3	36	0	37	51	55	49	23	57	3	7	22	14	23	42	13	41	34	41	48	8	29	33	42	38	25	26	39	50	22	60	47	50	49	48	
42	36	28	32	31	19	23	38	54	19	37	52	12	38	35	34	37	10	53	35	35	29	37	27	28	38	22	6	25	15	19	4	28	18	24	38	42	26	31	34	29	30	36	10	16	30	30	24	13	31	17	20	16	20	31	14	25	6	37	18	27	26	16	10	27	49	34	59	37	13	12	44	39	45	29	13	24	35	31	28	40	18	21	55	10	33	19	37	52	20	44	45	8	24	19	28	31	59	30	21	27	17	30	43	41	30	29	33	23	31	17	22	51	33	18	30	37	51	37	0	14	20	27	38	31	34	30	17	32	35	23	48	13	9	32	26	33	24	25	11	32	30	49	30	29	36	24	30	17	12	27	
41	47	41	46	36	33	16	52	65	30	45	65	13	51	49	45	40	17	66	46	49	31	51	40	38	40	26	13	24	19	33	16	32	24	38	49	57	37	38	48	33	44	37	19	26	35	43	15	15	45	26	15	27	6	37	10	38	15	50	32	26	30	6	10	37	63	48	73	44	27	14	58	50	59	31	27	37	49	31	35	54	33	34	68	24	46	5	47	64	35	58	59	12	26	22	42	27	72	42	23	17	5	32	54	51	28	35	35	25	34	17	16	66	47	32	23	51	62	51	14	0	11	28	50	29	49	44	31	46	46	29	62	18	20	40	29	47	34	34	15	41	41	61	38	30	48	12	34	14	2	29	
31	44	49	50	47	38	5	58	74	29	40	66	24	59	55	54	32	17	66	43	51	42	52	47	36	31	20	22	14	29	37	20	24	34	42	45	61	46	33	50	44	48	27	28	26	46	50	25	12	49	35	5	36	14	31	6	45	18	51	38	38	24	16	11	46	66	53	73	38	30	11	63	59	64	23	31	37	51	42	45	59	37	35	68	27	53	8	44	63	39	63	64	21	20	33	43	38	72	41	16	26	6	24	51	60	39	29	26	36	27	28	26	68	48	38	33	54	71	55	20	11	0	19	58	40	53	49	37	46	45	39	67	15	28	50	40	52	32	30	13	51	39	60	48	21	56	21	45	25	11	21	
15	29	51	45	59	38	15	56	78	21	22	54	37	60	55	58	13	17	54	28	42	55	44	51	24	12	6	32	5	41	34	24	5	45	38	29	55	53	16	43	56	43	9	38	19	57	51	43	14	44	44	13	42	32	14	18	47	21	41	39	52	7	34	19	53	58	51	61	20	27	15	62	64	60	3	29	28	42	57	55	54	34	27	54	26	54	27	28	48	36	60	60	33	4	45	36	55	58	30	5	44	24	4	35	67	55	12	7	49	7	42	44	60	41	41	51	47	75	49	27	28	19	0	60	56	48	45	38	37	32	50	62	13	36	59	53	49	20	17	15	59	27	46	57	2	58	40	57	41	27	1	
75	48	9	21	30	22	61	9	18	40	55	43	40	1	7	8	65	44	44	47	31	36	30	11	44	67	53	37	61	35	26	38	58	31	24	51	22	16	54	27	31	22	67	32	41	29	8	52	49	21	26	57	23	55	55	52	13	41	35	21	40	55	50	47	17	31	13	48	58	32	49	12	9	18	60	30	36	31	40	25	20	26	35	48	34	5	56	51	51	24	15	16	39	56	34	31	47	51	40	55	56	54	61	52	17	44	54	64	35	60	40	48	32	29	19	53	26	15	23	38	50	58	60	0	43	20	19	21	34	43	29	20	48	30	22	34	15	45	48	47	19	43	49	21	62	2	56	31	43	49	60	
70	66	37	52	15	39	45	49	50	49	68	77	19	45	46	35	68	41	77	65	60	7	60	34	58	68	53	25	53	16	43	35	59	15	47	69	60	27	62	57	12	51	65	22	47	15	40	17	42	51	22	44	27	28	62	39	36	37	62	36	4	57	24	37	26	69	49	83	68	41	41	55	38	59	59	40	53	60	4	18	58	43	50	81	39	42	33	68	79	44	57	58	23	54	13	54	4	85	59	51	20	34	60	73	34	1	60	63	10	62	14	14	71	57	34	13	58	48	57	31	29	40	56	43	0	53	50	35	59	64	15	62	44	26	22	9	49	55	56	41	25	60	77	22	58	42	23	13	15	30	57	
62	29	18	3	43	16	54	11	37	26	38	24	42	19	13	25	50	36	25	29	11	47	10	21	27	52	41	37	50	39	16	33	45	38	11	32	8	28	38	7	43	5	53	34	29	41	15	55	41	4	31	50	27	54	40	47	17	35	15	18	49	42	50	42	29	15	7	30	41	23	42	14	29	11	47	22	20	11	50	37	6	16	21	29	26	16	53	32	31	14	12	12	39	44	41	13	55	33	22	44	59	51	48	33	36	53	39	50	43	46	44	52	18	10	20	59	6	34	3	34	49	53	48	20	53	0	4	19	15	24	38	14	39	31	37	44	5	29	33	40	34	26	29	35	50	19	57	43	47	46	47	
59	28	16	2	40	12	50	12	38	23	36	27	38	19	13	24	47	32	28	28	12	44	11	18	25	49	38	33	47	35	12	29	42	34	7	31	12	26	36	8	40	2	50	30	25	38	14	51	37	2	28	46	23	50	37	43	14	31	16	14	45	39	46	38	26	19	7	33	39	19	38	17	28	15	44	18	17	12	47	34	10	12	18	31	22	15	49	31	32	10	15	15	35	40	37	11	52	35	21	41	55	47	45	32	35	50	37	47	40	43	41	48	21	10	16	56	8	34	7	30	44	49	45	19	50	4	0	15	14	23	35	18	35	27	35	41	5	27	30	36	32	24	30	33	46	18	53	40	43	42	44	
54	34	12	17	28	3	39	21	39	20	38	41	23	22	18	20	45	22	42	33	24	30	24	12	27	46	32	18	39	20	9	17	37	20	11	37	27	16	35	21	27	15	46	15	20	26	13	36	27	16	13	35	8	36	36	31	8	19	27	1	31	35	31	26	17	34	17	48	40	11	27	27	25	28	39	9	20	24	33	23	24	8	18	45	12	16	36	36	44	8	27	28	20	34	22	19	37	49	26	34	40	34	40	40	29	35	34	43	25	40	25	33	37	21	3	40	23	36	22	17	31	37	38	21	35	19	15	0	23	30	21	31	26	12	25	27	16	26	29	25	23	28	41	23	41	19	38	28	27	29	38	
49	14	30	13	52	20	46	26	52	17	23	19	43	33	27	38	36	29	20	14	5	54	7	32	13	38	31	37	41	43	15	29	32	43	12	17	19	38	24	7	51	12	40	37	20	50	28	56	34	12	37	42	32	52	26	41	27	30	4	23	54	30	49	36	39	21	21	27	27	19	35	30	42	25	35	19	9	5	57	46	19	16	11	22	22	29	49	17	20	15	26	26	40	33	45	4	60	26	8	35	60	47	36	18	49	58	26	37	49	33	47	54	23	5	26	62	11	49	14	32	46	46	37	34	59	15	14	23	0	9	45	27	31	33	47	50	19	17	20	33	45	11	17	45	38	32	57	51	48	43	36	
42	5	38	22	58	27	44	36	62	16	14	22	47	43	36	46	28	29	22	5	14	59	16	40	8	31	26	40	36	47	21	31	27	48	20	8	28	46	17	17	57	21	33	41	19	56	36	59	32	21	43	40	38	53	19	39	35	31	10	30	59	25	50	36	47	28	30	29	18	22	34	39	51	34	30	23	10	14	62	53	28	22	13	23	24	38	49	7	18	22	36	36	43	28	50	12	64	26	4	31	62	46	30	10	57	63	20	31	54	27	51	57	30	14	33	65	20	58	23	35	46	45	32	43	64	24	23	30	9	0	51	36	30	38	55	56	28	13	15	32	53	5	15	53	33	42	58	58	52	44	31	
66	54	22	37	8	25	44	34	38	39	58	62	15	30	31	21	60	33	63	53	46	8	46	19	47	61	45	18	48	9	30	26	51	5	33	57	46	12	53	42	6	36	59	12	37	6	25	24	36	37	8	41	13	30	53	35	21	29	49	22	11	49	25	32	12	54	34	69	59	30	35	40	25	44	52	28	41	46	12	6	43	29	38	66	29	27	34	56	66	30	42	43	17	47	6	41	17	71	47	45	28	33	53	61	23	15	51	56	6	54	13	20	56	43	19	24	44	36	42	23	29	39	50	29	15	38	35	21	45	51	0	47	37	15	11	5	34	45	47	34	13	48	63	10	52	27	29	7	16	28	51	
76	41	25	17	50	29	68	12	33	41	50	26	54	19	16	29	63	50	27	41	22	55	19	28	40	65	55	50	65	50	30	47	59	48	25	43	7	35	51	19	51	19	67	46	43	48	22	67	55	18	42	64	37	67	53	61	26	49	25	30	58	56	63	56	36	12	14	29	54	37	56	8	30	3	61	36	34	22	59	44	8	30	35	31	40	20	67	43	36	28	5	4	52	58	51	26	65	34	35	59	71	65	62	42	37	62	53	64	53	60	56	64	13	22	31	70	15	30	13	48	62	67	62	20	62	14	18	31	27	36	47	0	53	43	43	53	15	43	46	54	39	38	34	41	64	21	70	51	58	60	62	
29	29	39	36	45	26	15	46	66	14	26	50	25	48	44	46	24	4	51	28	36	42	38	39	21	24	9	19	12	28	23	10	15	32	28	31	47	39	20	36	43	34	22	24	11	44	39	32	2	35	30	11	29	24	19	10	35	8	36	27	40	13	23	7	40	52	41	58	26	16	4	51	51	50	15	18	22	36	44	42	45	24	20	52	14	43	19	29	48	25	50	51	21	10	32	29	43	56	26	8	35	16	16	36	54	43	17	19	36	18	30	32	54	34	29	40	40	62	41	13	18	15	13	48	44	39	35	26	31	30	37	53	0	22	46	40	39	17	16	3	46	24	45	44	15	46	30	44	29	16	13	
51	40	21	29	23	15	32	32	45	24	43	52	11	31	29	25	45	18	53	39	35	22	36	19	32	46	31	7	35	9	18	12	37	11	22	43	39	17	38	32	21	27	44	3	22	21	23	24	22	28	8	29	7	25	38	23	18	14	37	13	21	34	20	19	18	47	28	59	44	15	22	38	30	40	38	14	27	35	24	19	36	17	24	55	14	26	25	42	54	19	38	39	9	32	12	29	26	60	33	30	28	24	39	47	32	25	36	42	16	39	14	21	49	32	12	29	35	42	34	9	20	28	36	30	26	31	27	12	33	38	15	43	22	0	23	19	28	30	32	20	23	34	51	21	38	28	26	22	15	18	36	
75	59	19	37	7	28	54	30	28	44	63	62	26	24	27	14	68	42	63	58	46	15	46	16	52	69	54	28	58	20	34	35	60	15	35	62	43	9	59	43	10	36	67	22	43	7	21	35	45	37	15	51	17	42	60	46	20	38	50	25	20	57	36	42	8	51	31	68	65	35	45	34	15	40	61	33	45	46	18	4	40	33	43	66	35	22	45	61	67	33	37	38	28	55	17	43	26	70	51	54	38	44	62	65	12	23	58	65	16	62	24	31	53	44	22	34	43	26	41	32	40	50	59	22	22	37	35	25	47	55	11	43	46	23	0	14	32	50	53	44	3	53	65	2	61	21	40	9	27	39	59	
68	59	28	43	8	30	44	40	42	43	62	68	16	35	36	26	63	36	69	58	51	3	51	25	51	64	48	20	50	11	35	30	54	8	38	62	51	17	57	48	4	42	62	16	41	7	30	21	38	42	13	42	18	29	57	37	27	32	54	27	6	52	24	34	17	60	39	74	63	34	37	45	29	50	55	32	45	51	6	10	48	34	43	72	33	32	33	61	71	35	47	49	19	50	7	46	12	76	52	47	25	34	56	66	26	9	55	59	3	57	12	17	62	48	25	20	49	40	48	26	29	40	53	34	9	44	41	27	50	56	5	53	40	19	14	0	40	49	51	37	17	53	68	14	55	33	26	5	14	28	53	
64	33	13	6	38	14	53	7	33	28	41	29	39	14	8	20	52	35	30	33	16	43	15	16	30	54	42	34	51	36	15	32	46	34	11	36	11	23	41	12	39	7	55	31	29	37	10	52	41	6	28	50	23	52	42	46	12	34	20	15	45	44	48	41	24	19	2	35	44	22	41	12	24	12	49	21	22	16	46	33	8	15	22	34	25	11	52	36	36	13	11	12	37	45	37	16	52	38	26	45	57	50	49	37	31	49	41	52	39	48	41	49	21	14	16	56	11	30	8	33	47	52	49	15	49	5	5	16	19	28	34	15	39	28	32	40	0	31	35	39	29	29	34	30	51	14	55	39	43	45	49	
32	12	37	26	53	24	31	39	63	6	13	34	37	44	38	45	20	17	34	11	22	52	24	38	4	22	14	30	24	38	18	20	15	41	20	14	35	42	9	23	51	25	23	33	8	51	36	48	20	25	37	27	33	41	10	27	33	19	21	26	51	13	39	24	43	38	33	42	14	15	21	44	51	41	18	17	9	22	54	48	34	19	9	36	16	39	36	13	30	20	41	42	33	16	42	16	55	39	10	18	51	34	18	19	56	54	10	21	46	17	42	46	40	21	29	55	27	60	29	24	34	32	20	45	55	29	27	26	17	13	45	43	17	30	50	49	31	0	3	19	49	7	28	48	21	43	47	52	42	32	19	
29	13	40	30	55	27	29	43	67	8	11	37	38	48	42	48	16	17	37	12	25	54	28	41	7	19	11	31	21	40	21	21	12	43	24	14	39	45	6	27	53	28	20	35	10	53	40	48	19	29	39	25	35	40	7	26	36	20	24	29	52	10	39	23	46	41	37	44	12	17	20	47	54	44	15	19	13	25	56	50	38	22	12	38	18	42	36	13	32	23	45	45	34	13	44	20	56	42	13	15	51	33	15	20	59	56	6	17	48	13	43	47	43	24	32	55	31	63	33	25	34	30	17	48	56	33	30	29	20	15	47	46	16	32	53	51	35	3	0	19	52	10	30	51	18	46	46	54	43	32	16	
31	32	38	37	43	26	14	46	65	16	30	52	22	48	44	44	27	4	53	31	37	40	39	38	24	27	12	16	14	25	24	9	18	30	29	33	48	38	23	37	40	35	24	22	13	41	39	29	1	36	28	10	27	21	22	7	34	6	37	26	37	16	20	4	38	53	41	60	29	17	2	51	50	51	18	18	24	37	41	40	46	24	21	55	14	42	17	32	50	26	50	51	18	13	30	30	40	59	28	10	32	14	19	39	53	40	20	22	33	21	27	29	55	35	28	37	41	61	42	11	15	13	15	47	41	40	36	25	33	32	34	54	3	20	44	37	39	19	19	0	44	27	47	42	18	45	27	41	26	13	16	
75	57	16	34	11	26	55	27	25	43	62	59	28	20	23	10	67	41	60	56	44	18	43	13	50	68	53	29	58	22	32	35	59	17	33	60	39	7	58	40	13	33	67	22	42	10	18	37	45	34	15	52	17	43	59	46	18	38	47	23	23	56	38	42	6	48	28	64	64	34	45	31	12	36	60	32	43	44	21	7	37	31	41	63	34	19	46	59	64	31	33	35	29	55	19	41	29	67	49	54	41	46	61	63	9	26	57	64	19	62	26	33	50	41	20	37	40	23	38	32	41	51	59	19	25	34	32	23	45	53	13	39	46	23	3	17	29	49	52	44	0	51	62	3	61	18	42	12	29	40	59	
37	6	37	23	56	25	38	37	62	11	12	27	42	43	37	45	24	24	27	5	17	56	19	39	3	27	21	36	31	43	19	26	22	45	19	9	31	44	13	19	54	22	29	37	14	54	36	54	27	22	40	34	36	48	14	34	33	26	14	28	55	20	46	31	45	32	31	34	15	18	28	41	50	37	25	20	8	17	59	51	30	20	10	28	20	38	44	8	23	20	38	38	38	23	47	12	60	32	3	25	57	41	25	13	56	59	15	26	50	22	47	53	34	16	31	61	23	59	25	30	41	39	27	43	60	26	24	28	11	5	48	38	24	34	53	53	29	7	10	27	51	0	20	51	28	42	53	55	47	39	26	
54	16	46	28	69	38	59	40	66	31	25	10	61	48	42	54	40	44	10	17	18	72	19	48	23	43	41	54	51	60	33	45	40	61	30	17	28	55	30	22	69	28	46	54	35	68	44	73	48	28	55	55	50	68	32	55	44	46	14	41	72	39	65	51	56	23	36	16	29	36	49	41	58	34	43	37	24	18	75	64	29	34	27	9	38	45	64	18	2	33	37	36	57	43	63	22	78	12	19	45	77	61	43	12	65	76	33	44	67	40	65	71	24	20	44	79	23	62	26	49	61	60	46	49	77	29	30	41	17	15	63	34	45	51	65	68	34	28	30	47	62	20	0	63	46	48	73	69	66	59	45	
73	57	17	35	8	26	53	29	28	42	61	60	25	23	25	13	66	40	61	56	44	15	44	14	50	67	52	26	56	19	32	33	58	14	33	60	41	7	57	41	10	34	66	20	41	7	20	34	43	35	13	50	15	41	58	44	18	36	48	23	20	55	35	40	6	50	29	66	63	33	43	33	15	38	59	31	43	44	18	4	38	31	41	65	33	21	44	59	65	31	36	37	27	54	17	41	26	68	49	52	38	43	60	63	12	23	56	63	16	60	23	30	52	42	20	34	41	26	39	30	38	48	57	21	22	35	33	23	45	53	10	41	44	21	2	14	30	48	51	42	3	51	63	0	60	20	39	9	26	37	58	
13	30	53	47	61	40	17	58	80	23	22	55	39	62	57	60	11	19	55	29	43	57	46	53	25	10	8	34	6	43	36	26	6	48	39	30	56	55	16	44	58	45	7	40	21	59	53	45	16	46	46	15	44	34	14	20	49	23	42	41	54	8	36	21	56	60	53	62	19	29	17	64	66	61	3	31	30	43	59	58	55	36	29	55	28	56	28	28	49	38	62	62	36	6	48	37	57	59	31	7	46	26	3	35	70	57	13	5	51	7	44	46	61	42	43	53	49	77	50	29	30	21	2	62	58	50	46	41	38	33	52	64	15	38	61	55	51	21	18	18	61	28	46	60	0	60	41	59	43	29	2	
73	46	7	20	29	19	59	8	20	38	54	42	38	3	6	7	63	42	43	46	30	35	29	9	42	65	51	35	59	33	24	36	56	29	22	49	22	15	52	26	30	20	65	30	38	28	6	50	47	20	24	55	21	53	53	50	11	39	34	18	39	53	48	45	15	30	12	47	56	30	47	12	10	18	58	28	34	30	38	23	19	24	33	47	32	3	54	49	50	22	15	17	37	53	32	29	45	51	39	53	54	52	59	51	17	42	52	62	33	58	38	46	32	28	17	51	25	17	22	36	48	56	58	2	42	19	18	19	32	42	27	21	46	28	21	33	14	43	46	45	18	42	48	20	60	0	54	30	41	47	58	
52	59	47	55	34	41	26	58	67	42	57	76	16	57	55	49	52	30	77	58	60	27	61	45	51	52	39	20	35	21	43	27	44	25	48	61	66	40	51	58	31	53	48	24	38	34	49	5	28	54	30	26	33	7	50	22	44	27	61	39	22	43	7	23	40	73	55	84	56	38	26	64	53	67	43	37	48	60	26	35	63	42	46	79	35	52	13	60	76	44	65	66	18	39	22	53	20	84	54	35	5	15	44	66	52	21	47	47	23	47	16	9	75	57	39	12	61	65	60	24	12	21	40	56	23	57	53	38	57	58	29	70	30	26	40	26	55	47	46	27	42	53	73	39	41	54	0	32	13	14	41	
73	61	26	43	2	31	50	38	37	46	65	68	21	32	34	22	67	40	68	60	51	6	51	23	54	68	52	25	55	16	37	33	58	11	39	64	50	15	60	48	1	42	66	19	44	2	29	27	43	42	15	48	19	35	60	42	26	36	55	28	11	56	30	38	14	58	38	74	66	37	42	43	25	48	59	35	47	51	9	6	47	36	45	72	36	30	39	63	72	36	45	46	24	54	12	47	17	76	53	52	30	39	60	68	21	14	58	63	9	61	17	23	60	49	25	25	49	35	47	30	34	45	57	31	13	43	40	28	51	58	7	51	44	22	9	5	39	52	54	41	12	55	69	9	59	30	32	0	20	34	58	
55	54	34	44	22	31	30	46	54	36	54	67	5	44	43	36	53	26	68	52	50	16	51	32	45	53	38	11	37	8	33	21	44	12	38	56	55	27	48	48	19	43	50	12	33	21	36	9	27	44	17	29	20	15	47	23	32	22	53	28	12	42	9	22	27	62	44	75	54	30	26	52	40	55	44	29	41	50	16	22	52	33	38	71	27	39	19	55	69	34	53	54	8	39	9	44	14	75	47	36	13	19	45	61	39	14	45	48	11	47	3	5	65	48	27	13	51	51	50	17	14	25	41	43	15	47	43	27	48	52	16	58	29	15	27	14	43	42	43	26	29	47	66	26	43	41	13	20	0	14	42	
40	45	39	44	36	31	16	50	63	28	43	63	12	50	47	44	39	15	64	43	47	30	48	38	36	39	25	11	23	18	31	14	30	23	36	47	55	35	36	45	32	42	36	17	24	34	41	16	13	43	25	14	26	8	35	9	36	13	48	30	26	29	7	8	36	61	46	71	42	25	12	56	49	57	30	25	35	47	31	34	52	31	32	66	21	44	7	45	62	32	56	57	10	25	22	40	28	70	40	22	18	5	31	52	49	28	33	34	25	33	17	17	63	44	30	24	49	60	49	12	2	11	27	49	30	46	42	29	43	44	28	60	16	18	39	28	45	32	32	13	40	39	59	37	29	47	14	34	14	0	28	
15	28	51	44	59	38	17	56	78	21	21	53	38	60	55	58	11	17	53	27	41	56	43	51	23	11	6	33	7	42	33	24	4	46	37	28	54	53	14	42	56	42	8	38	19	57	51	44	15	43	44	15	42	34	13	19	47	21	40	39	53	6	35	20	54	57	51	60	18	27	16	61	64	59	2	29	28	41	57	56	53	34	26	53	26	54	28	27	47	36	59	60	34	4	46	35	56	57	29	6	46	25	3	34	68	56	11	6	50	6	43	45	59	40	41	52	46	74	48	27	29	21	1	60	57	47	44	38	36	31	51	62	13	36	59	53	49	19	16	16	59	26	45	58	2	58	41	58	42	28	0	

