2  100
42	32	36	61	48	23	71	22	100	64	46	30	87	42	85	7	6	18	12	32	39	48	83	87	10	87	6	86	30	15	69	39	94	94	76	6	60	12	39	89	58	7	100	20	55	41	43	3	37	9	64	44	30	47	68	53	17	42	49	30	69	88	31	37	68	4	27	62	12	61	82	63	94	13	74	25	55	3	22	95	84	30	93	36	71	43	36	68	92	51	52	32	30	23	29	53	9	56	32	24	
42	82	91	98	71	17	86	14	9	93	53	24	56	83	16	72	89	77	78	80	12	8	60	79	70	70	44	71	89	58	86	29	67	52	58	40	80	71	8	95	14	43	67	18	87	84	8	59	88	62	89	29	84	20	72	1	28	41	59	66	7	36	40	54	80	13	82	24	42	41	66	19	46	49	98	99	42	68	93	45	51	71	68	46	41	12	39	68	17	17	60	3	90	31	95	17	53	75	60	74	
181	514	1863	3783	2970	3718	4235	3816	661	4132	2542	901	2029	2368	787	2631	2223	1266	3300	4525	1561	2133	1865	2016	4824	4984	384	3735	1851	550	4816	425	1984	3720	2677	4776	4304	2326	3435	2650	1002	4609	703	282	4729	4810	1823	2983	4172	713	600	1019	2104	1420	4120	1167	526	740	4264	1398	3001	3010	4856	1642	2753	2458	4955	2549	1884	2928	4672	1034	574	3846	3332	3832	1623	4568	1908	3490	3847	2505	4298	2388	4933	2522	4614	4452	2129	3094	4569	745	1465	1467	3570	2281	4070	3120	656	2656	
0	51	49	32	43	78	57	33	51	40	56	45	53	49	25	38	8	70	69	78	47	30	76	69	10	24	65	39	72	83	76	58	74	73	10	74	55	63	76	44	75	36	33	20	45	61	58	61	52	72	50	15	79	55	65	88	76	49	53	65	62	62	60	67	36	59	39	34	58	68	37	43	76	62	44	54	29	61	63	79	54	55	62	48	57	10	11	75	74	33	73	49	50	62	43	68	51	61	69	90	54	
51	0	66	19	61	46	22	54	30	43	53	23	73	64	33	62	43	26	36	47	63	40	36	30	49	40	67	27	29	56	43	76	40	34	41	42	34	61	48	41	39	18	39	52	56	26	19	23	56	32	27	36	53	39	64	70	38	14	61	73	60	25	9	39	53	11	63	17	34	78	17	14	71	71	54	36	22	65	81	65	34	10	68	9	16	41	46	64	58	57	61	70	37	49	60	24	65	19	55	69	10	
49	66	0	51	6	59	54	16	42	23	23	44	7	3	38	12	45	68	55	57	3	28	65	61	39	31	20	39	66	57	59	10	59	63	45	56	40	23	53	26	61	48	27	29	10	55	57	57	15	64	43	46	53	36	23	52	63	53	11	17	22	56	72	50	14	67	11	53	43	19	50	52	34	13	12	38	53	16	15	42	39	62	16	58	59	49	39	37	41	16	37	5	34	34	6	67	4	61	36	56	61	
32	19	51	0	46	51	27	37	27	30	45	18	58	50	14	46	24	39	41	52	48	23	46	40	29	22	57	17	41	59	49	62	46	44	22	47	32	53	51	31	46	6	24	34	42	32	27	31	45	42	24	17	55	35	56	69	47	18	49	62	52	32	28	41	37	27	46	2	33	67	6	12	65	60	41	32	4	55	67	62	31	23	57	16	25	22	26	60	55	40	57	54	31	44	45	37	51	30	51	70	22	
43	61	6	46	0	58	50	10	38	18	22	39	12	6	32	7	39	65	53	56	4	22	62	58	33	25	24	34	63	57	58	16	57	61	39	55	38	25	52	22	59	43	22	23	7	51	53	53	14	61	39	40	52	34	26	54	61	49	12	22	23	53	68	48	8	62	7	48	41	25	44	47	37	18	9	35	47	19	21	43	37	58	20	53	55	43	33	39	41	10	38	8	31	33	1	63	8	57	37	58	57	
78	46	59	51	58	0	25	58	26	43	36	33	65	56	53	64	69	24	10	2	56	50	12	16	70	55	45	38	20	11	3	65	6	13	68	4	23	39	7	38	8	45	47	67	51	20	26	22	44	16	28	64	10	24	41	28	9	34	48	54	39	20	44	11	54	36	64	51	20	59	45	40	39	54	49	24	56	47	67	29	24	35	49	38	29	70	68	32	23	61	29	64	29	25	57	25	55	26	25	25	35	
57	22	54	27	50	25	0	46	12	31	36	13	61	51	32	54	48	15	14	26	50	34	18	12	51	38	49	19	15	34	22	63	19	16	46	21	15	43	26	28	19	21	32	51	44	5	3	4	41	15	10	42	31	20	46	48	19	10	46	57	42	5	23	17	43	15	54	26	13	62	21	15	50	55	42	17	31	48	67	43	15	12	51	13	6	48	48	43	36	50	40	58	20	29	49	13	51	7	34	47	12	
33	54	16	37	10	58	46	0	35	15	26	34	21	16	23	8	29	61	52	56	14	14	61	56	23	15	31	28	60	59	57	25	56	59	29	54	36	31	53	20	58	35	14	14	11	48	49	50	19	59	35	30	54	33	33	59	60	43	20	31	29	49	61	47	3	56	9	39	39	35	36	40	44	28	12	34	38	27	31	48	35	52	28	46	49	33	23	44	45	4	43	17	29	35	10	59	18	53	40	62	51	
51	30	42	27	38	26	12	35	0	20	24	8	49	39	26	42	43	26	18	26	38	24	26	21	44	29	37	12	25	32	25	51	22	24	41	22	5	31	24	16	24	20	22	41	32	13	15	15	29	24	3	38	28	9	34	42	25	15	34	45	31	14	33	15	32	26	43	27	6	50	21	18	41	43	29	6	31	37	54	36	5	22	39	20	17	43	41	35	29	39	32	46	8	19	37	25	39	19	26	43	21	
40	43	23	30	18	43	31	15	20	0	17	20	30	21	19	22	32	46	37	42	19	9	46	41	30	16	28	16	45	45	42	33	41	44	31	39	21	24	39	5	43	25	7	24	13	33	34	35	15	44	21	31	41	18	27	48	45	30	18	32	23	34	49	32	12	43	22	31	24	37	27	29	37	29	11	19	32	25	37	38	20	39	27	34	36	35	28	35	33	19	33	27	14	22	18	45	22	39	29	50	38	
56	53	23	45	22	36	36	26	24	17	0	30	29	20	35	30	49	48	34	34	20	26	43	40	46	33	13	28	46	34	36	29	36	42	48	33	21	8	30	14	39	39	24	39	16	35	39	38	8	43	26	48	30	16	11	32	41	39	12	21	7	36	57	27	22	50	29	46	23	26	40	40	20	20	14	19	48	12	32	22	20	46	15	44	42	52	45	18	19	29	16	28	16	11	21	47	19	43	14	36	46	
45	23	44	18	39	33	13	34	8	20	30	0	51	41	20	42	36	28	24	33	40	21	31	25	38	25	43	6	28	41	32	53	29	28	34	29	13	37	33	18	30	12	19	38	34	16	15	17	33	27	5	30	37	17	41	50	31	9	37	50	37	17	29	23	32	23	42	18	14	55	12	10	48	48	31	14	22	42	58	44	13	18	44	14	15	36	35	43	37	37	40	48	14	27	38	26	42	19	34	51	17	
53	73	7	58	12	65	61	21	49	30	29	51	0	9	44	15	49	75	62	63	10	34	72	68	43	37	24	46	73	63	66	5	65	70	50	63	47	28	59	33	68	55	34	33	17	62	64	64	21	71	50	52	59	43	27	56	70	61	17	17	27	63	80	56	21	74	14	60	50	18	56	59	37	15	19	45	59	20	10	46	47	69	19	65	66	53	43	41	46	20	41	4	41	40	12	74	10	68	42	61	69	
49	64	3	50	6	56	51	16	39	21	20	41	9	0	37	13	45	65	52	54	2	26	62	58	39	30	18	37	64	54	56	12	56	60	45	53	38	20	50	23	58	46	25	29	7	52	54	54	12	61	41	46	50	33	21	49	60	51	8	15	19	53	70	47	14	64	12	52	40	19	48	50	32	12	9	35	52	14	16	39	37	60	14	55	56	49	39	34	38	16	34	8	31	31	6	64	2	58	33	53	59	
25	33	38	14	32	53	32	23	26	19	35	20	44	37	0	31	16	47	44	52	35	10	51	45	18	7	47	14	48	58	51	48	49	49	14	49	30	43	50	22	50	14	12	19	29	37	34	37	34	48	25	12	54	31	46	65	51	26	37	50	42	37	41	42	23	38	32	17	32	54	15	21	56	47	28	29	15	44	53	56	29	34	46	27	34	17	15	53	50	25	51	40	26	38	31	45	38	38	46	66	33	
38	62	12	46	7	64	54	8	42	22	30	42	15	13	31	0	34	69	59	62	12	22	68	63	28	23	31	37	68	64	64	20	63	66	35	61	43	33	58	27	65	44	23	18	13	56	57	57	22	66	43	37	59	40	34	61	67	51	20	29	31	57	70	54	10	65	1	48	46	31	45	49	45	25	15	41	46	27	25	51	42	60	27	55	58	39	28	46	49	5	46	11	36	40	8	67	15	61	44	65	59	
8	43	45	24	39	69	48	29	43	32	49	36	49	45	16	34	0	62	60	69	43	22	67	60	7	16	58	31	63	75	67	54	65	64	2	65	46	56	67	36	66	27	25	17	39	52	49	52	45	63	41	7	70	47	59	80	67	40	47	60	55	53	52	58	31	51	35	26	49	64	28	34	70	57	38	46	21	55	59	71	46	47	56	40	48	4	6	68	66	29	65	45	42	54	39	59	47	52	61	82	46	
70	26	68	39	65	24	15	61	26	46	48	28	75	65	47	69	62	0	17	26	64	49	12	8	65	53	60	34	4	35	21	77	18	11	60	21	27	54	29	42	16	34	47	66	58	13	13	11	54	8	25	55	34	32	57	51	15	21	59	69	54	12	21	23	58	15	69	38	25	74	33	27	59	68	56	30	43	61	80	50	28	16	64	22	13	61	62	52	43	65	49	73	34	39	64	2	65	9	43	49	17	
69	36	55	41	53	10	14	52	18	37	34	24	62	52	44	59	60	17	0	11	52	42	9	8	62	47	45	29	13	20	7	63	5	8	58	6	16	38	13	32	6	35	40	59	46	9	16	12	41	9	19	55	18	19	41	35	8	24	45	54	39	10	35	6	49	27	59	41	13	59	35	30	42	53	44	18	46	46	66	33	17	25	48	28	19	61	59	35	26	56	32	60	23	23	52	17	52	17	26	34	25	
78	47	57	52	56	2	26	56	26	42	34	33	63	54	52	62	69	26	11	0	54	49	15	18	69	55	42	38	22	9	5	63	8	15	67	5	22	36	4	36	10	45	46	66	49	21	28	23	42	18	28	64	8	23	38	25	12	35	46	52	37	21	46	10	53	38	62	51	20	56	45	40	37	52	47	23	56	44	65	26	23	36	47	39	31	70	67	29	20	60	26	62	28	23	55	27	53	28	22	23	37	
47	63	3	48	4	56	50	14	38	19	20	40	10	2	35	12	43	64	52	54	0	25	61	58	37	28	19	36	63	54	56	13	55	60	43	53	37	21	50	22	58	45	24	27	6	51	53	53	12	61	39	44	50	33	22	50	60	50	8	17	20	52	69	46	12	63	11	50	40	21	46	48	33	14	8	35	50	15	18	40	36	59	15	54	55	47	37	35	38	14	34	8	30	31	4	63	4	57	33	54	58	
30	40	28	23	22	50	34	14	24	9	26	21	34	26	10	22	22	49	42	49	25	0	50	45	21	6	37	15	49	53	49	38	47	48	21	46	26	34	46	14	48	21	2	17	19	37	36	38	24	48	24	21	49	26	36	57	50	29	27	40	32	38	47	39	13	43	23	25	29	44	22	26	47	37	18	25	25	34	43	48	26	38	36	32	36	25	19	45	43	17	43	30	21	31	21	47	28	40	38	60	37	
76	36	65	46	62	12	18	61	26	46	43	31	72	62	51	68	67	12	9	15	61	50	0	6	69	55	54	36	8	23	9	72	7	2	65	11	25	48	18	41	5	40	48	68	56	14	19	15	50	4	26	61	23	28	50	40	3	28	55	63	48	13	33	15	58	26	68	45	22	68	40	34	50	63	53	27	50	55	75	40	26	26	58	31	21	67	66	43	34	65	40	70	32	33	61	13	61	17	35	38	26	
69	30	61	40	58	16	12	56	21	41	40	25	68	58	45	63	60	8	8	18	58	45	6	0	63	49	52	30	5	27	13	69	10	4	59	13	20	46	20	36	8	34	43	62	52	8	12	8	47	3	21	55	25	25	48	43	8	22	52	61	46	7	28	14	53	20	63	39	18	66	33	27	50	60	50	23	44	53	72	41	21	20	56	24	15	60	60	43	34	60	40	66	27	31	57	9	58	11	34	41	20	
10	49	39	29	33	70	51	23	44	30	46	38	43	39	18	28	7	65	62	69	37	21	69	63	0	15	54	32	66	75	69	48	67	67	9	66	47	53	67	35	68	32	24	10	34	55	52	55	42	66	43	13	70	47	55	78	69	44	43	55	51	56	57	59	26	56	29	31	50	58	33	39	66	51	34	46	27	50	53	69	46	52	52	45	52	12	3	65	64	23	63	39	42	53	33	63	41	56	59	81	51	
24	40	31	22	25	55	38	15	29	16	33	25	37	30	7	23	16	53	47	55	28	6	55	49	15	0	42	19	53	60	54	41	52	53	15	51	32	40	52	20	53	21	9	13	24	41	40	42	29	52	28	16	55	32	42	64	55	32	32	45	38	42	48	44	16	45	24	24	35	49	23	28	53	42	23	31	22	39	46	54	31	41	41	34	40	19	12	51	49	17	49	33	27	38	25	51	32	44	45	66	40	
65	67	20	57	24	45	49	31	37	28	13	43	24	18	47	31	58	60	45	42	19	37	54	52	54	42	0	41	58	40	46	22	47	53	58	43	34	6	38	26	49	52	35	46	20	48	52	50	13	55	40	58	36	29	4	32	51	52	11	9	6	49	71	38	28	64	31	59	36	13	53	53	13	10	20	32	60	4	23	22	33	60	5	57	55	62	53	17	23	33	18	25	29	21	23	60	16	56	19	36	59	
39	27	39	17	34	38	19	28	12	16	28	6	46	37	14	37	31	34	29	38	36	15	36	30	32	19	41	0	34	44	36	49	34	34	29	34	16	36	36	15	35	11	13	32	29	22	21	23	29	33	10	26	40	18	39	52	36	14	34	47	35	23	33	27	26	28	37	18	18	52	12	12	48	45	27	16	20	39	54	45	15	23	42	18	21	31	30	43	38	32	40	43	14	27	34	32	38	25	34	54	22	
72	29	66	41	63	20	15	60	25	45	46	28	73	64	48	68	63	4	13	22	63	49	8	5	66	53	58	34	0	31	17	75	14	7	61	18	26	51	25	41	12	35	47	66	57	12	13	11	52	4	25	57	30	30	54	48	11	23	57	67	52	11	25	19	58	18	68	39	23	72	35	29	56	66	55	28	45	58	78	47	26	19	61	25	15	62	63	48	40	64	45	71	32	36	62	5	63	10	40	45	19	
83	56	57	59	57	11	34	59	32	45	34	41	63	54	58	64	75	35	20	9	54	53	23	27	75	60	40	44	31	0	14	62	17	24	73	14	28	35	8	40	19	53	51	70	50	29	36	32	42	27	35	70	4	27	36	17	20	44	46	49	36	30	55	17	55	47	64	59	26	53	53	48	32	50	48	29	63	43	63	20	29	45	45	48	39	76	72	24	17	62	22	62	32	24	56	36	53	37	21	14	45	
76	43	59	49	58	3	22	57	25	42	36	32	66	56	51	64	67	21	7	5	56	49	9	13	69	54	46	36	17	14	0	66	3	10	66	3	22	40	9	37	5	43	46	66	51	17	24	19	44	13	26	62	13	24	42	31	6	32	49	55	40	17	41	10	54	33	64	49	19	60	43	37	41	55	49	23	53	48	68	31	23	32	50	36	26	68	66	33	25	61	31	64	28	25	57	22	55	23	26	28	32	
58	76	10	62	16	65	63	25	51	33	29	53	5	12	48	20	54	77	63	63	13	38	72	69	48	41	22	49	75	62	66	0	66	71	54	63	49	27	58	35	68	58	37	38	19	63	66	66	22	72	52	56	58	44	26	54	70	63	17	14	26	65	82	57	25	76	19	64	51	14	60	62	34	12	21	47	63	19	5	44	48	72	17	67	68	58	48	39	45	25	40	9	42	40	16	75	11	70	41	59	71	
74	40	59	46	57	6	19	56	22	41	36	29	65	56	49	63	65	18	5	8	55	47	7	10	67	52	47	34	14	17	3	66	0	7	63	3	20	40	11	36	2	40	44	64	50	14	21	16	44	10	24	60	15	23	43	33	5	29	48	56	41	14	38	9	53	30	63	46	17	60	40	34	43	55	48	22	50	48	68	33	21	29	50	33	23	66	64	35	26	60	32	63	27	26	56	19	55	20	27	31	29	
73	34	63	44	61	13	16	59	24	44	42	28	70	60	49	66	64	11	8	15	60	48	2	4	67	53	53	34	7	24	10	71	7	0	63	11	23	46	18	39	5	38	46	65	54	12	16	12	49	3	24	59	23	26	49	41	4	26	53	62	47	11	31	14	56	24	66	43	20	67	38	32	50	61	52	25	48	54	74	40	24	24	56	29	19	64	64	42	34	63	39	68	30	31	60	12	60	15	34	38	24	
10	41	45	22	39	68	46	29	41	31	48	34	50	45	14	35	2	60	58	67	43	21	65	59	9	15	58	29	61	73	66	54	63	63	0	63	45	55	65	35	64	25	24	17	39	50	47	50	45	61	39	5	69	46	58	79	65	38	47	60	54	51	50	57	31	49	36	24	47	64	26	32	69	57	38	44	19	54	59	70	44	45	56	38	46	4	7	67	64	29	64	45	41	53	39	57	47	50	60	81	44	
74	42	56	47	55	4	21	54	22	39	33	29	63	53	49	61	65	21	6	5	53	46	11	13	66	51	43	34	18	14	3	63	3	11	63	0	19	37	7	34	6	41	43	63	48	16	23	18	41	13	24	60	12	21	39	30	8	30	46	53	38	16	41	7	51	33	61	47	16	57	41	36	39	52	46	20	51	45	65	29	20	31	47	34	25	66	64	31	23	58	29	61	25	23	54	22	52	23	24	28	32	
55	34	40	32	38	23	15	36	5	21	21	13	47	38	30	43	46	27	16	22	37	26	25	20	47	32	34	16	26	28	22	49	20	23	45	19	0	28	20	16	22	25	24	44	31	14	18	17	26	23	8	42	24	5	31	37	24	20	31	42	27	15	37	12	33	30	43	32	3	47	26	23	36	41	29	2	36	33	52	31	1	26	36	25	21	48	44	30	24	40	27	45	7	14	37	26	38	21	21	38	26	
63	61	23	53	25	39	43	31	31	24	8	37	28	20	43	33	56	54	38	36	21	34	48	46	53	40	6	36	51	35	40	27	40	46	55	37	28	0	32	22	43	47	31	45	19	41	46	44	11	48	34	55	31	23	3	29	45	47	12	15	1	43	65	32	27	57	32	54	29	20	48	48	13	15	19	26	56	8	28	18	27	54	10	52	49	59	51	13	18	33	13	28	23	15	24	53	18	49	14	33	53	
76	48	53	51	52	7	26	53	24	39	30	33	59	50	50	58	67	29	13	4	50	46	18	20	67	52	38	36	25	8	9	58	11	18	65	7	20	32	0	33	13	44	43	63	45	22	29	25	38	21	27	62	5	20	34	22	15	36	42	47	32	23	48	9	49	40	58	51	18	52	45	40	32	47	43	21	55	40	60	22	21	38	42	40	32	68	65	24	16	57	22	58	25	19	51	29	49	30	18	21	38	
44	41	26	31	22	38	28	20	16	5	14	18	33	23	22	27	36	42	32	36	22	14	41	36	35	20	26	15	41	40	37	35	36	39	35	34	16	22	33	0	38	25	11	30	16	29	31	31	14	39	17	34	35	13	25	43	40	28	19	32	21	30	47	27	17	41	27	32	19	37	27	27	34	30	13	14	34	24	39	34	15	36	26	32	33	39	33	31	29	24	29	30	9	17	21	41	24	35	24	46	36	
75	39	61	46	59	8	19	58	24	43	39	30	68	58	50	65	66	16	6	10	58	48	5	8	68	53	49	35	12	19	5	68	2	5	64	6	22	43	13	38	0	40	46	65	52	14	20	15	46	8	25	60	18	25	45	36	2	29	51	59	43	14	36	11	55	28	65	45	19	63	40	34	45	58	50	24	50	50	71	35	23	28	53	32	22	66	65	38	29	62	35	66	29	28	58	17	57	19	30	33	28	
36	18	48	6	43	45	21	35	20	25	39	12	55	46	14	44	27	34	35	45	45	21	40	34	32	21	52	11	35	53	43	58	40	38	25	41	25	47	44	25	40	0	21	34	39	26	21	25	40	36	17	21	49	28	50	62	41	12	44	57	46	26	26	35	34	24	44	7	26	62	1	7	59	55	37	25	10	50	63	55	25	20	52	13	20	26	29	54	49	38	51	51	25	38	42	32	48	25	45	63	19	
33	39	27	24	22	47	32	14	22	7	24	19	34	25	12	23	25	47	40	46	24	2	48	43	24	9	35	13	47	51	46	37	44	46	24	43	24	31	43	11	46	21	0	19	18	35	34	36	22	46	22	23	46	23	34	55	47	28	25	38	30	36	46	36	13	42	23	26	27	43	22	25	44	35	16	22	26	32	42	45	23	37	34	31	35	28	21	42	40	18	40	30	18	29	21	45	27	38	35	57	36	
20	52	29	34	23	67	51	14	41	24	39	38	33	29	19	18	17	66	59	66	27	17	68	62	10	13	46	32	66	70	66	38	64	65	17	63	44	45	63	30	65	34	19	0	25	54	53	55	33	65	41	21	65	42	47	72	67	45	34	45	43	55	61	56	17	58	19	36	47	48	35	41	58	42	26	42	33	42	43	62	43	53	43	47	53	21	10	58	58	13	56	29	38	47	23	64	32	57	53	75	52	
45	56	10	42	7	51	44	11	32	13	16	34	17	7	29	13	39	58	46	49	6	19	56	52	34	24	20	29	57	50	51	19	50	54	39	48	31	19	45	16	52	39	18	25	0	45	47	47	8	55	33	40	46	27	21	48	54	43	8	21	18	46	62	41	8	57	13	44	34	25	40	42	32	18	2	29	44	16	24	38	30	52	17	48	49	43	33	33	35	14	32	14	24	26	6	57	8	51	30	51	51	
61	26	55	32	51	20	5	48	13	33	35	16	62	52	37	56	52	13	9	21	51	37	14	8	55	41	48	22	12	29	17	63	14	12	50	16	14	41	22	29	14	26	35	54	45	0	7	3	41	11	13	47	27	19	44	44	15	15	46	56	41	1	26	13	45	18	56	31	12	61	26	20	48	55	43	16	36	48	67	40	15	16	50	18	10	52	52	41	33	52	38	59	21	27	50	12	52	8	32	43	16	
58	19	57	27	53	26	3	49	15	34	39	15	64	54	34	57	49	13	16	28	53	36	19	12	52	40	52	21	13	36	24	66	21	16	47	23	18	46	29	31	20	21	34	53	47	7	0	4	44	15	13	43	34	23	49	51	20	9	49	60	46	6	19	20	46	11	57	26	17	65	21	15	54	59	45	20	31	52	70	47	19	9	55	12	3	48	49	47	40	52	44	61	24	32	52	11	55	4	38	50	9	
61	23	57	31	53	22	4	50	15	35	38	17	64	54	37	57	52	11	12	23	53	38	15	8	55	42	50	23	11	32	19	66	16	12	50	18	17	44	25	31	15	25	36	55	47	3	4	0	43	11	14	46	30	21	47	47	16	13	48	59	44	2	23	16	47	15	58	30	14	64	25	19	51	58	45	19	35	50	69	43	17	13	53	16	7	52	52	44	36	53	41	61	23	30	52	9	54	5	35	46	13	
52	56	15	45	14	44	41	19	29	15	8	33	21	12	34	22	45	54	41	42	12	24	50	47	42	29	13	29	52	42	44	22	44	49	45	41	26	11	38	14	46	40	22	33	8	41	44	43	0	50	31	45	38	22	13	39	48	42	5	17	10	42	61	35	16	55	21	46	29	22	41	42	24	15	7	24	47	10	25	29	26	50	12	47	46	49	40	24	26	22	23	20	20	19	13	53	11	48	22	43	50	
72	32	64	42	61	16	15	59	24	44	43	27	71	61	48	66	63	8	9	18	61	48	4	3	66	52	55	33	4	27	13	72	10	3	61	13	23	48	21	39	8	36	46	65	55	11	15	11	50	0	24	57	26	27	51	43	7	24	55	64	48	10	28	16	56	21	66	41	20	68	36	30	52	63	52	25	46	55	75	43	24	21	58	26	16	63	63	45	36	63	42	69	30	33	60	9	61	12	36	41	22	
50	27	43	24	39	28	10	35	3	21	26	5	50	41	25	43	41	25	19	28	39	24	26	21	43	28	40	10	25	35	26	52	24	24	39	24	8	34	27	17	25	17	22	41	33	13	13	14	31	24	0	36	31	12	37	45	26	12	36	47	34	14	31	17	33	24	43	24	8	52	18	15	43	46	31	9	28	39	56	39	8	20	42	17	15	42	40	38	32	39	35	47	10	22	38	24	41	17	29	45	19	
15	36	46	17	40	64	42	30	38	31	48	30	52	46	12	37	7	55	55	64	44	21	61	55	13	16	58	26	57	70	62	56	60	59	5	60	42	55	62	34	60	21	23	21	40	47	43	46	45	57	36	0	66	43	58	77	61	33	48	61	54	47	45	53	32	44	38	19	44	65	21	28	68	58	39	41	14	55	61	68	41	40	57	33	42	5	11	65	63	31	63	48	38	51	40	53	48	46	58	79	39	
79	53	53	55	52	10	31	54	28	41	30	37	59	50	54	59	70	34	18	8	50	49	23	25	70	55	36	40	30	4	13	58	15	23	69	12	24	31	5	35	18	49	46	65	46	27	34	30	38	26	31	66	0	23	32	17	20	40	42	46	32	28	53	14	51	45	59	55	22	50	49	45	29	46	44	24	60	39	59	18	24	43	41	45	37	72	68	21	13	58	19	58	28	19	51	34	49	35	17	16	43	
55	39	36	35	34	24	20	33	9	18	16	17	43	33	31	40	47	32	19	23	33	26	28	25	47	32	29	18	30	27	24	44	23	26	46	21	5	23	20	13	25	28	23	42	27	19	23	21	22	27	12	43	23	0	26	34	27	24	27	37	22	20	42	14	30	34	40	35	7	42	29	27	31	36	25	3	38	29	48	27	4	31	31	29	26	49	44	26	20	37	23	41	5	10	33	31	33	26	17	35	30	
65	64	23	56	26	41	46	33	34	27	11	41	27	21	46	34	59	57	41	38	22	36	50	48	55	42	4	39	54	36	42	26	43	49	58	39	31	3	34	25	45	50	34	47	21	44	49	47	13	51	37	58	32	26	0	28	48	50	13	13	4	46	68	35	29	61	33	57	32	17	51	51	11	14	21	29	59	7	27	18	30	57	9	55	52	62	54	13	19	35	14	28	26	17	25	56	19	52	15	33	56	
88	70	52	69	54	28	48	59	42	48	32	50	56	49	65	61	80	51	35	25	50	57	40	43	78	64	32	52	48	17	31	54	33	41	79	30	37	29	22	43	36	62	55	72	48	44	51	47	39	43	45	77	17	34	28	0	37	56	41	40	30	45	70	31	55	62	61	69	36	43	63	60	20	41	47	37	73	36	54	10	37	60	37	61	54	82	76	15	14	62	15	57	38	26	53	52	47	52	19	5	60	
76	38	63	47	61	9	19	60	25	45	41	31	70	60	51	67	67	15	8	12	60	50	3	8	69	55	51	36	11	20	6	70	5	4	65	8	24	45	15	40	2	41	47	67	54	15	20	16	48	7	26	61	20	27	48	37	0	29	53	61	46	14	35	13	57	28	67	46	21	65	41	35	48	60	52	26	51	53	73	37	25	28	55	32	23	67	66	40	31	64	37	68	31	30	60	16	60	19	32	35	28	
49	14	53	18	49	34	10	43	15	30	39	9	61	51	26	51	40	21	24	35	50	29	28	22	44	32	52	14	23	44	32	63	29	26	38	30	20	47	36	28	29	12	28	45	43	15	9	13	42	24	12	33	40	24	50	56	29	0	47	59	46	14	19	26	41	13	52	17	20	64	12	5	56	58	41	21	22	51	67	51	20	8	54	5	8	39	41	50	44	47	47	57	23	34	48	19	52	12	41	56	8	
53	61	11	49	12	48	46	20	34	18	12	37	17	8	37	20	47	59	45	46	8	27	55	52	43	32	11	34	57	46	49	17	48	53	47	46	31	12	42	19	51	44	25	34	8	46	49	48	5	55	36	48	42	27	13	41	53	47	0	13	11	47	66	39	17	60	20	50	34	18	46	47	24	10	9	29	51	7	20	31	31	55	9	52	51	51	42	26	29	22	26	16	25	23	12	58	7	53	25	45	55	
65	73	17	62	22	54	57	31	45	32	21	50	17	15	50	29	60	69	54	52	17	40	63	61	55	45	9	47	67	49	55	14	56	62	60	53	42	15	47	32	59	57	38	45	21	56	60	59	17	64	47	61	46	37	13	40	61	59	13	0	15	58	78	48	29	71	28	64	44	5	59	59	20	3	22	40	64	8	14	31	41	67	5	64	63	64	54	26	32	32	27	19	37	30	21	68	13	64	29	45	67	
62	60	22	52	23	39	42	29	31	23	7	37	27	19	42	31	55	54	39	37	20	32	48	46	51	38	6	35	52	36	40	26	41	47	54	38	27	1	32	21	43	46	30	43	18	41	46	44	10	48	34	54	32	22	4	30	46	46	11	15	0	43	65	32	26	57	31	53	29	20	47	47	14	14	17	25	55	7	27	20	27	53	9	51	48	58	50	15	19	32	14	26	23	15	23	53	17	49	15	34	53	
62	25	56	32	53	20	5	49	14	34	36	17	63	53	37	57	53	12	10	21	52	38	13	7	56	42	49	23	11	30	17	65	14	11	51	16	15	43	23	30	14	26	36	55	46	1	6	2	42	10	14	47	28	20	46	45	14	14	47	58	43	0	25	14	47	17	57	31	13	62	26	20	49	56	44	18	36	49	68	41	16	15	52	18	9	53	53	42	34	53	39	60	22	28	52	10	53	7	33	44	15	
60	9	72	28	68	44	23	61	33	49	57	29	80	70	41	70	52	21	35	46	69	47	33	28	57	48	71	33	25	55	41	82	38	31	50	41	37	65	48	47	36	26	46	61	62	26	19	23	61	28	31	45	53	42	68	70	35	19	66	78	65	25	0	39	60	8	70	26	36	83	25	21	73	77	60	39	31	70	87	66	38	11	73	15	16	50	54	67	59	65	63	76	41	52	67	19	71	18	57	69	11	
67	39	50	41	48	11	17	47	15	32	27	23	56	47	42	54	58	23	6	10	46	39	15	14	59	44	38	27	19	17	10	57	9	14	57	7	12	32	9	27	11	35	36	56	41	13	20	16	35	16	17	53	14	14	35	31	13	26	39	48	32	14	39	0	44	31	54	41	9	52	35	30	36	47	39	13	46	39	60	27	13	29	42	30	23	59	56	29	21	51	26	54	18	17	47	22	46	21	20	30	29	
36	53	14	37	8	54	43	3	32	12	22	32	21	14	23	10	31	58	49	53	12	13	58	53	26	16	28	26	58	55	54	25	53	56	31	51	33	27	49	17	55	34	13	17	8	45	46	47	16	56	33	32	51	30	29	55	57	41	17	29	26	47	60	44	0	55	10	39	36	33	36	39	41	26	8	31	38	24	30	45	32	50	25	45	47	35	25	41	41	7	39	17	26	31	8	57	16	50	36	58	49	
59	11	67	27	62	36	15	56	26	43	50	23	74	64	38	65	51	15	27	38	63	43	26	20	56	45	64	28	18	47	33	76	30	24	49	33	30	57	40	41	28	24	42	58	57	18	11	15	55	21	24	44	45	34	61	62	28	13	60	71	57	17	8	31	55	0	65	25	28	76	23	17	65	70	54	31	30	63	80	58	30	4	66	11	8	49	53	59	51	60	55	71	34	44	61	13	65	10	49	61	5	
39	63	11	46	7	64	54	9	43	22	29	42	14	12	32	1	35	69	59	62	11	23	68	63	29	24	31	37	68	64	64	19	63	66	36	61	43	32	58	27	65	44	23	19	13	56	57	58	21	66	43	38	59	40	33	61	67	52	20	28	31	57	70	54	10	65	0	48	46	30	46	49	44	25	15	41	47	26	24	51	42	61	27	55	58	40	29	46	48	6	45	10	36	40	8	68	15	61	44	65	60	
34	17	53	2	48	51	26	39	27	31	46	18	60	52	17	48	26	38	41	51	50	25	45	39	31	24	59	18	39	59	49	64	46	43	24	47	32	54	51	32	45	7	26	36	44	31	26	30	46	41	24	19	55	35	57	69	46	17	50	64	53	31	26	41	39	25	48	0	33	68	6	11	66	61	42	32	5	56	68	62	32	22	59	15	24	24	28	61	56	42	58	56	32	45	47	35	53	29	52	70	21	
58	34	43	33	41	20	13	39	6	24	23	14	50	40	32	46	49	25	13	20	40	29	22	18	50	35	36	18	23	26	19	51	17	20	47	16	3	29	18	19	19	26	27	47	34	12	17	14	29	20	8	44	22	7	32	36	21	20	34	44	29	13	36	9	36	28	46	33	0	49	27	23	37	43	32	5	37	36	55	31	4	25	38	25	19	50	47	30	24	43	27	48	10	15	40	24	40	20	21	37	25	
68	78	19	67	25	59	62	35	50	37	26	55	18	19	54	31	64	74	59	56	21	44	68	66	58	49	13	52	72	53	60	14	60	67	64	57	47	20	52	37	63	62	43	48	25	61	65	64	22	68	52	65	50	42	17	43	65	64	18	5	20	62	83	52	33	76	30	68	49	0	64	64	23	7	26	45	69	13	12	34	46	72	10	69	68	68	58	29	36	35	30	21	42	35	25	73	17	69	33	48	72	
37	17	50	6	44	45	21	36	21	27	40	12	56	48	15	45	28	33	35	45	46	22	40	33	33	23	53	12	35	53	43	60	40	38	26	41	26	48	45	27	40	1	22	35	40	26	21	25	41	36	18	21	49	29	51	63	41	12	46	59	47	26	25	35	36	23	46	6	27	64	0	6	60	56	38	26	10	51	64	56	25	19	54	12	20	27	30	55	50	40	52	53	26	39	44	31	49	24	46	64	18	
43	14	52	12	47	40	15	40	18	29	40	10	59	50	21	49	34	27	30	40	48	26	34	27	39	28	53	12	29	48	37	62	34	32	32	36	23	48	40	27	34	7	25	41	42	20	15	19	42	30	15	28	45	27	51	60	35	5	47	59	47	20	21	30	39	17	49	11	23	64	6	0	58	57	40	24	16	51	66	54	23	13	54	6	13	33	36	53	47	43	50	55	24	37	46	25	51	18	44	60	12	
76	71	34	65	37	39	50	44	41	37	20	48	37	32	56	45	70	59	42	37	33	47	50	50	66	53	13	48	56	32	41	34	43	50	69	39	36	13	32	34	45	59	44	58	32	48	54	51	24	52	43	68	29	31	11	20	48	56	24	20	14	49	73	36	41	65	44	66	37	23	60	58	0	22	32	34	68	17	34	11	36	62	18	61	57	73	65	7	16	46	10	38	34	21	36	59	30	56	16	25	62	
62	71	13	60	18	54	55	28	43	29	20	48	15	12	47	25	57	68	53	52	14	37	63	60	51	42	10	45	66	50	55	12	55	61	57	52	41	15	47	30	58	55	35	42	18	55	59	58	15	63	46	58	46	36	14	41	60	58	10	3	14	56	77	47	26	70	25	61	43	7	56	57	22	0	19	38	62	7	13	32	40	66	5	62	61	61	51	27	33	29	28	16	35	29	18	67	10	62	29	46	65	
44	54	12	41	9	49	42	12	29	11	14	31	19	9	28	15	38	56	44	47	8	18	53	50	34	23	20	27	55	48	49	21	48	52	38	46	29	19	43	13	50	37	16	26	2	43	45	45	7	52	31	39	44	25	21	47	52	41	9	22	17	44	60	39	8	54	15	42	32	26	38	40	32	19	0	26	43	16	26	37	28	50	18	45	46	42	33	32	34	15	31	16	22	24	8	55	10	49	29	50	49	
54	36	38	32	35	24	17	34	6	19	19	14	45	35	29	41	46	30	18	23	35	25	27	23	46	31	32	16	28	29	23	47	22	25	44	20	2	26	21	14	24	25	22	42	29	16	20	19	24	25	9	41	24	3	29	37	26	21	29	40	25	18	39	13	31	31	41	32	5	45	26	24	34	38	26	0	36	31	50	30	1	28	34	26	23	47	43	29	23	38	26	43	5	13	34	28	35	24	20	38	27	
29	22	53	4	47	56	31	38	31	32	48	22	59	52	15	46	21	43	46	56	50	25	50	44	27	22	60	20	45	63	53	63	50	48	19	51	36	56	55	34	50	10	26	33	44	36	31	35	47	46	28	14	60	38	59	73	51	22	51	64	55	36	31	46	38	30	47	5	37	69	10	16	68	62	43	36	0	57	68	65	35	27	60	20	30	19	24	63	59	40	61	55	34	48	46	41	53	34	55	74	26	
61	65	16	55	19	47	48	27	37	25	12	42	20	14	44	27	55	61	46	44	15	34	55	53	50	39	4	39	58	43	48	19	48	54	54	45	33	8	40	24	50	50	32	42	16	48	52	50	10	55	39	55	39	29	7	36	53	51	7	8	7	49	70	39	24	63	26	56	36	13	51	51	17	7	16	31	57	0	20	25	33	59	2	56	54	58	50	20	26	29	21	21	28	22	19	60	12	55	22	40	58	
63	81	15	67	21	67	67	31	54	37	32	58	10	16	53	25	59	80	66	65	18	43	75	72	53	46	23	54	78	63	68	5	68	74	59	65	52	28	60	39	71	63	42	43	24	67	70	69	25	75	56	61	59	48	27	54	73	67	20	14	27	68	87	60	30	80	24	68	55	12	64	66	34	13	26	50	68	20	0	45	51	76	18	72	72	63	53	40	46	30	41	14	46	42	21	79	15	74	42	59	75	
79	65	42	62	43	29	43	48	36	38	22	44	46	39	56	51	71	50	33	26	40	48	40	41	69	54	22	45	47	20	31	44	33	40	70	29	31	18	22	34	35	55	45	62	38	40	47	43	29	43	39	68	18	27	18	10	37	51	31	31	20	41	66	27	45	58	51	62	31	34	56	54	11	32	37	30	65	25	45	0	31	55	27	56	50	73	67	5	7	52	5	46	31	17	43	50	37	49	10	14	55	
54	34	39	31	37	24	15	35	5	20	20	13	47	37	29	42	46	28	17	23	36	26	26	21	46	31	33	15	26	29	23	48	21	24	44	20	1	27	21	15	23	25	23	43	30	15	19	17	26	24	8	41	24	4	30	37	25	20	31	41	27	16	38	13	32	30	42	32	4	46	25	23	36	40	28	1	35	33	51	31	0	26	36	25	21	47	44	30	24	39	27	44	6	14	36	27	37	22	21	38	26	
55	10	62	23	58	35	12	52	22	39	46	18	69	60	34	60	47	16	25	36	59	38	26	20	52	41	60	23	19	45	32	72	29	24	45	31	26	54	38	36	28	20	37	53	52	16	9	13	50	21	20	40	43	31	57	60	28	8	55	67	53	15	11	29	50	4	61	22	25	72	19	13	62	66	50	28	27	59	76	55	26	0	62	7	6	46	49	56	48	55	52	66	30	40	57	14	60	8	46	59	1	
62	68	16	57	20	49	51	28	39	27	15	44	19	14	46	27	56	64	48	47	15	36	58	56	52	41	5	42	61	45	50	17	50	56	56	47	36	10	42	26	53	52	34	43	17	50	55	53	12	58	42	57	41	31	9	37	55	54	9	5	9	52	73	42	25	66	27	59	38	10	54	54	18	5	18	34	60	2	18	27	36	62	0	59	57	60	51	22	28	30	23	20	31	25	19	63	12	58	24	41	61	
48	9	58	16	53	38	13	46	20	34	44	14	65	55	27	55	40	22	28	39	54	32	31	24	45	34	57	18	25	48	36	67	33	29	38	34	25	52	40	32	32	13	31	47	48	18	12	16	47	26	17	33	45	29	55	61	32	5	52	64	51	18	15	30	45	11	55	15	25	69	12	6	61	62	45	26	20	56	72	56	25	7	59	0	9	39	42	55	49	50	52	61	28	39	52	20	56	14	46	61	6	
57	16	59	25	55	29	6	49	17	36	42	15	66	56	34	58	48	13	19	31	55	36	21	15	52	40	55	21	15	39	26	68	23	19	46	25	21	49	32	33	22	20	35	53	49	10	3	7	46	16	15	42	37	26	52	54	23	8	51	63	48	9	16	23	47	8	58	24	19	68	20	13	57	61	46	23	30	54	72	50	21	6	57	9	0	47	49	50	42	53	47	63	26	35	54	11	57	4	41	53	6	
10	41	49	22	43	70	48	33	43	35	52	36	53	49	17	39	4	61	61	70	47	25	67	60	12	19	62	31	62	76	68	58	66	64	4	66	48	59	68	39	66	26	28	21	43	52	48	52	49	63	42	5	72	49	62	82	67	39	51	64	58	53	50	59	35	49	40	24	50	68	27	33	73	61	42	47	19	58	63	73	47	46	60	39	47	0	10	70	68	33	68	49	44	56	43	59	51	52	63	84	45	
11	46	39	26	33	68	48	23	41	28	45	35	43	39	15	28	6	62	59	67	37	19	66	60	3	12	53	30	63	72	66	48	64	64	7	64	44	51	65	33	65	29	21	10	33	52	49	52	40	63	40	11	68	44	54	76	66	41	42	54	50	53	54	56	25	53	29	28	47	58	30	36	65	51	33	43	24	50	53	67	44	49	51	42	49	10	0	63	62	23	61	39	39	50	33	60	41	53	57	79	48	
75	64	37	60	39	32	43	44	35	35	18	43	41	34	53	46	68	52	35	29	35	45	43	43	65	51	17	43	48	24	33	39	35	42	67	31	30	13	24	31	38	54	42	58	33	41	47	44	24	45	38	65	21	26	13	15	40	50	26	26	15	42	67	29	41	59	46	61	30	29	55	53	7	27	32	29	63	20	40	5	30	56	22	55	50	70	63	0	8	47	3	41	29	16	38	51	32	49	9	19	55	
74	58	41	55	41	23	36	45	29	33	19	37	46	38	50	49	66	43	26	20	38	43	34	34	64	49	23	38	40	17	25	45	26	34	64	23	24	18	16	29	29	49	40	58	35	33	40	36	26	36	32	63	13	20	19	14	31	44	29	32	19	34	59	21	41	51	48	56	24	36	50	47	16	33	34	23	59	26	46	7	24	48	28	49	42	68	62	8	0	48	5	45	24	11	40	43	36	42	5	17	48	
33	57	16	40	10	61	50	4	39	19	29	37	20	16	25	5	29	65	56	60	14	17	65	60	23	17	33	32	64	62	61	25	60	63	29	58	40	33	57	24	62	38	18	13	14	52	52	53	22	63	39	31	58	37	35	62	64	47	22	32	32	53	65	51	7	60	6	42	43	35	40	43	46	29	15	38	40	29	30	52	39	55	30	50	53	33	23	47	48	0	46	16	33	39	10	63	18	57	43	65	55	
73	61	37	57	38	29	40	43	32	33	16	40	41	34	51	46	65	49	32	26	34	43	40	40	63	49	18	40	45	22	31	40	32	39	64	29	27	13	22	29	35	51	40	56	32	38	44	41	23	42	35	63	19	23	14	15	37	47	26	27	14	39	63	26	39	55	45	58	27	30	52	50	10	28	31	26	61	21	41	5	27	52	23	52	47	68	61	3	5	46	0	41	26	13	37	48	32	46	6	19	52	
49	70	5	54	8	64	58	17	46	27	28	48	4	8	40	11	45	73	60	62	8	30	70	66	39	33	25	43	71	62	64	9	63	68	45	61	45	28	58	30	66	51	30	29	14	59	61	61	20	69	47	48	58	41	28	57	68	57	16	19	26	60	76	54	17	71	10	56	48	21	53	55	38	16	16	43	55	21	14	46	44	66	20	61	63	49	39	41	45	16	41	0	38	39	9	71	9	65	41	61	65	
50	37	34	31	31	29	20	29	8	14	16	14	41	31	26	36	42	34	23	28	30	21	32	27	42	27	29	14	32	32	28	42	27	30	41	25	7	23	25	9	29	25	18	38	24	21	24	23	20	30	10	38	28	5	26	38	31	23	25	37	23	22	41	18	26	34	36	32	10	42	26	24	34	35	22	5	34	28	46	31	6	30	31	28	26	44	39	29	24	33	26	38	0	13	30	33	31	27	20	40	30	
62	49	34	44	33	25	29	35	19	22	11	27	40	31	38	40	54	39	23	23	31	31	33	31	53	38	21	27	36	24	25	40	26	31	53	23	14	15	19	17	28	38	29	47	26	27	32	30	19	33	22	51	19	10	17	26	30	34	23	30	15	28	52	17	31	44	40	45	15	35	39	37	21	29	24	13	48	22	42	17	14	40	25	39	35	56	50	16	11	39	13	39	13	0	32	38	30	35	7	28	40	
43	60	6	45	1	57	49	10	37	18	21	38	12	6	31	8	39	64	52	55	4	21	61	57	33	25	23	34	62	56	57	16	56	60	39	54	37	24	51	21	58	42	21	23	6	50	52	52	13	60	38	40	51	33	25	53	60	48	12	21	23	52	67	47	8	61	8	47	40	25	44	46	36	18	8	34	46	19	21	43	36	57	19	52	54	43	33	38	40	10	37	9	30	32	0	62	8	56	36	57	56	
68	24	67	37	63	25	13	59	25	45	47	26	74	64	45	67	59	2	17	27	63	47	13	9	63	51	60	32	5	36	22	75	19	12	57	22	26	53	29	41	17	32	45	64	57	12	11	9	53	9	24	53	34	31	56	52	16	19	58	68	53	10	19	22	57	13	68	35	24	73	31	25	59	67	55	28	41	60	79	50	27	14	63	20	11	59	60	51	43	63	48	71	33	38	62	0	64	7	43	50	15	
51	65	4	51	8	55	51	18	39	22	19	42	10	2	38	15	47	65	52	53	4	28	61	58	41	32	16	38	63	53	55	11	55	60	47	52	38	18	49	24	57	48	27	32	8	52	55	54	11	61	41	48	49	33	19	47	60	52	7	13	17	53	71	46	16	65	15	53	40	17	49	51	30	10	10	35	53	12	15	37	37	60	12	56	57	51	41	32	36	18	32	9	31	30	8	64	0	59	32	52	60	
61	19	61	30	57	26	7	53	19	39	43	19	68	58	38	61	52	9	17	28	57	40	17	11	56	44	56	25	10	37	23	70	20	15	50	23	21	49	30	35	19	25	38	57	51	8	4	5	48	12	17	46	35	26	52	52	19	12	53	64	49	7	18	21	50	10	61	29	20	69	24	18	56	62	49	24	34	55	74	49	22	8	58	14	4	52	53	49	42	57	46	65	27	35	56	7	59	0	40	51	9	
69	55	36	51	37	25	34	40	26	29	14	34	42	33	46	44	61	43	26	22	33	38	35	34	59	45	19	34	40	21	26	41	27	34	60	24	21	14	18	24	30	45	35	53	30	32	38	35	22	36	29	58	17	17	15	19	32	41	25	29	15	33	57	20	36	49	44	52	21	33	46	44	16	29	29	20	55	22	42	10	21	46	24	46	41	63	57	9	5	43	6	41	20	7	36	43	32	40	0	22	46	
90	69	56	70	58	25	47	62	43	50	36	51	61	53	66	65	82	49	34	23	54	60	38	41	81	66	36	54	45	14	28	59	31	38	81	28	38	33	21	46	33	63	57	75	51	43	50	46	43	41	45	79	16	35	33	5	35	56	45	45	34	44	69	30	58	61	65	70	37	48	64	60	25	46	50	38	74	40	59	14	38	59	41	61	53	84	79	19	17	65	19	61	40	28	57	50	52	51	22	0	59	
54	10	61	22	57	35	12	51	21	38	46	17	69	59	33	59	46	17	25	37	58	37	26	20	51	40	59	22	19	45	32	71	29	24	44	32	26	53	38	36	28	19	36	52	51	16	9	13	50	22	19	39	43	30	56	60	28	8	55	67	53	15	11	29	49	5	60	21	25	72	18	12	62	65	49	27	26	58	75	55	26	1	61	6	6	45	48	55	48	55	52	65	30	40	56	15	60	9	46	59	0	

