2  100
42	97	45	8	11	47	90	4	1	26	45	30	22	43	21	13	69	30	23	75	8	42	74	30	99	54	36	86	91	39	87	68	79	51	84	98	72	95	67	44	53	10	19	96	70	44	60	60	63	47	74	34	55	65	41	60	95	58	3	17	10	20	2	42	38	37	34	46	95	48	63	27	62	52	29	21	30	25	95	7	3	88	68	14	84	89	49	36	58	49	30	99	83	22	5	99	4	25	3	47	
24	97	28	35	14	21	94	79	12	91	42	26	98	45	54	93	93	53	9	44	52	67	24	37	19	43	27	70	15	29	82	58	7	25	38	63	47	27	7	8	24	32	48	3	15	52	60	12	80	83	62	88	91	92	70	2	30	70	29	98	60	100	36	6	93	6	96	21	52	20	44	11	82	34	87	41	70	80	92	80	48	100	78	86	43	45	29	29	32	84	99	44	85	33	10	80	36	4	37	37	
3731	4573	2787	2904	103	3536	3025	2926	1671	2216	1678	3407	50	580	2615	3696	1453	4349	2236	1151	2163	2659	2632	4242	4315	3021	1409	1830	4694	3663	1005	2671	635	3675	3627	4170	191	360	4971	4442	1440	4892	2328	874	2362	928	539	108	1209	1049	1718	2472	4238	1918	1784	608	721	2909	4492	4845	1330	2977	1745	1392	798	1904	170	4411	538	4849	3155	4102	1641	1871	3563	1545	4933	581	284	1741	2758	4372	4744	2145	4110	4472	1001	1583	3538	2061	3797	2493	4757	4904	4904	1683	4421	4852	1637	1957	
0	39	76	30	13	85	70	70	80	60	68	25	50	21	60	3	23	45	48	53	48	12	68	56	73	48	49	39	43	72	41	43	46	68	52	41	26	48	67	39	88	60	66	50	65	60	82	48	81	45	34	15	47	39	63	21	8	43	26	70	60	41	42	50	80	33	63	43	79	57	51	76	62	40	50	56	51	26	45	55	62	4	69	52	51	34	66	28	21	9	76	73	53	45	72	36	14	44	91	39	69	
39	0	36	9	33	51	34	50	44	21	31	22	14	33	21	37	33	12	15	45	14	27	32	28	46	14	36	17	11	32	37	25	18	40	38	15	13	21	37	34	49	22	29	12	32	52	43	38	43	6	14	26	7	4	44	17	32	34	13	31	47	23	9	32	46	6	50	39	46	20	34	37	33	4	24	18	13	15	27	22	35	37	55	32	13	11	32	15	25	34	48	36	42	18	33	20	28	20	54	33	54	
76	36	0	45	68	26	25	50	16	15	12	54	26	65	15	73	64	36	29	59	34	63	18	32	37	34	51	47	37	7	59	44	41	33	50	38	50	35	28	57	13	20	13	25	23	64	6	55	7	31	47	63	29	38	47	54	68	54	50	5	56	44	38	45	24	42	57	60	26	20	47	1	43	35	43	19	24	51	44	26	34	73	60	43	25	45	20	50	58	70	36	11	54	42	3	51	64	45	22	55	57	
30	9	45	0	24	56	43	50	50	29	38	13	20	24	29	28	24	19	19	41	22	18	38	30	48	22	33	20	18	41	31	23	24	42	35	15	5	22	40	29	57	31	36	19	37	48	51	34	51	15	15	19	16	11	43	9	23	30	5	40	45	20	15	31	51	3	48	33	51	27	32	45	40	10	29	26	20	11	25	26	37	28	54	31	20	12	37	12	16	25	50	43	38	23	41	21	19	24	61	27	53	
13	33	68	24	0	75	67	57	70	52	59	14	42	8	53	10	10	43	39	40	46	8	58	45	61	46	36	39	41	65	28	31	45	56	39	31	21	37	56	26	79	56	57	42	55	47	75	35	73	39	33	18	40	35	50	17	6	30	21	63	47	29	39	38	69	27	50	30	68	48	38	68	62	33	50	48	43	25	33	45	50	9	56	40	42	32	56	27	10	4	64	64	40	44	65	37	5	44	81	26	56	
85	51	26	56	75	0	51	34	9	33	21	60	36	69	34	82	68	56	37	51	55	73	18	29	20	55	45	66	56	32	55	44	62	20	43	44	61	37	18	55	21	44	23	38	20	52	26	49	20	48	64	76	44	54	34	65	77	50	61	26	44	46	56	40	5	54	44	55	6	30	41	27	67	47	66	32	38	66	42	30	26	82	45	38	37	61	19	66	65	77	17	17	46	63	28	69	71	66	11	53	42	
70	34	25	43	67	51	0	70	42	24	33	56	33	67	23	68	67	25	37	73	21	59	39	47	59	21	63	33	26	18	68	54	25	53	64	45	46	46	49	66	36	13	32	30	43	79	28	67	32	28	36	55	28	32	65	50	65	64	46	25	72	53	28	58	49	40	74	70	50	32	60	24	18	35	24	29	29	43	55	39	53	69	78	57	32	36	40	42	59	67	59	35	68	26	23	37	62	29	47	64	76	
70	50	50	50	57	34	70	0	38	45	38	45	39	49	46	67	48	61	36	21	62	59	31	23	14	62	21	68	60	53	30	28	68	17	18	35	54	29	21	31	52	58	38	43	27	19	54	22	49	51	64	67	48	55	7	56	62	26	54	46	12	31	59	20	30	50	11	29	28	37	19	51	80	46	73	41	43	61	26	31	17	66	11	19	40	60	30	62	49	61	17	38	18	68	49	70	56	70	45	31	8	
80	44	16	50	70	9	42	38	0	24	13	56	30	66	25	77	64	48	31	52	46	67	12	27	24	46	45	58	48	23	55	41	53	22	43	39	55	33	18	53	14	35	15	31	16	55	17	49	12	40	57	70	37	47	37	59	72	49	55	17	47	43	48	39	8	48	47	55	10	23	41	17	58	41	57	25	31	59	40	25	26	77	49	37	30	54	14	59	60	73	21	8	47	54	18	61	67	58	10	52	46	
60	21	15	29	52	33	24	45	24	0	12	38	11	50	1	57	49	23	15	49	22	47	16	23	35	22	40	33	24	13	46	31	29	29	40	24	34	22	25	44	28	13	10	9	19	55	22	43	21	16	32	48	13	23	40	38	53	41	34	10	48	31	23	34	29	26	49	47	30	8	36	16	36	19	33	5	8	36	31	14	28	57	54	33	10	30	17	35	43	54	35	16	44	30	12	37	48	33	34	42	51	
68	31	12	38	59	21	33	38	13	12	0	44	17	55	13	65	54	35	20	47	34	55	6	20	26	34	39	45	35	15	47	32	41	21	38	28	43	24	16	45	20	23	2	18	11	51	18	43	14	27	44	57	24	34	34	47	60	42	43	8	43	33	35	33	17	35	44	48	18	11	35	13	47	28	45	12	18	46	32	14	22	65	48	31	17	41	8	46	49	62	25	5	42	42	11	49	55	45	23	43	45	
25	22	54	13	14	60	56	45	56	38	44	0	28	11	39	22	11	33	25	31	36	14	43	30	47	36	25	33	31	51	20	18	38	42	28	16	13	22	42	17	65	44	43	29	40	38	60	25	59	28	27	22	28	25	38	12	17	20	13	48	37	15	29	25	54	16	40	22	54	34	26	54	54	21	43	34	30	21	19	30	36	22	46	26	28	25	41	23	5	17	50	49	30	37	51	33	11	38	66	16	46	
50	14	26	20	42	36	33	39	30	11	17	28	0	39	12	48	38	22	4	39	22	38	18	16	32	22	30	31	22	24	35	20	29	26	31	13	25	12	23	33	37	20	15	3	18	46	32	34	31	13	28	40	9	18	33	29	43	31	25	20	39	20	21	25	31	18	41	37	32	6	27	26	40	11	34	6	4	29	21	8	22	48	46	24	1	25	17	29	32	44	34	22	35	29	23	34	38	32	40	31	44	
21	33	65	24	8	69	67	49	66	50	55	11	39	0	50	18	2	43	35	32	46	14	53	39	54	46	28	42	41	63	20	25	47	50	31	26	22	32	50	18	76	55	53	40	49	39	71	27	69	39	36	24	39	35	43	19	14	23	22	59	39	23	39	31	63	27	42	22	62	44	31	65	64	32	52	45	41	28	27	40	44	17	48	33	39	34	51	30	8	12	58	60	32	46	62	40	9	47	76	18	48	
60	21	15	29	53	34	23	46	25	1	13	39	12	50	0	57	50	22	16	50	21	48	17	24	36	21	41	32	23	12	47	32	28	31	41	25	34	23	26	45	28	11	11	10	20	56	22	45	22	16	32	48	13	22	41	38	53	42	34	10	49	32	23	35	30	26	51	48	31	9	38	15	35	19	32	6	9	36	32	16	29	58	55	34	11	30	18	35	43	55	37	17	46	29	12	36	48	32	34	43	53	
3	37	73	28	10	82	68	67	77	57	65	22	48	18	57	0	20	43	45	50	47	10	65	53	70	47	46	38	41	69	38	40	45	65	49	38	23	45	64	36	85	58	63	48	62	57	80	45	79	42	33	14	44	37	60	19	5	40	23	68	57	38	40	47	77	31	60	40	76	54	48	73	61	38	49	54	48	25	42	52	59	1	66	49	48	32	63	27	17	6	73	70	50	44	70	35	11	43	88	36	66	
23	33	64	24	10	68	67	48	64	49	54	11	38	2	50	20	0	44	35	30	47	16	52	38	53	47	26	42	42	62	18	24	48	48	30	26	22	31	49	16	75	55	52	39	48	37	71	25	68	39	37	26	39	35	41	20	16	21	22	59	37	22	40	29	62	27	40	20	61	44	29	65	64	32	53	44	40	29	25	39	42	19	46	31	39	34	50	31	8	14	56	59	30	47	61	41	11	47	75	17	46	
45	12	36	19	43	56	25	61	48	23	35	33	22	43	22	43	44	0	25	57	3	35	39	38	55	3	48	10	2	30	50	38	6	49	50	28	22	32	45	47	49	16	33	19	40	65	42	51	43	9	11	31	13	8	55	26	40	47	22	32	60	36	4	45	52	17	62	52	53	27	47	36	21	16	11	24	19	18	39	31	45	44	67	44	21	11	39	17	35	43	56	40	54	7	33	14	38	10	57	45	66	
48	15	29	19	39	37	37	36	31	15	20	25	4	35	16	45	35	25	0	35	25	36	19	13	31	25	26	32	24	28	31	16	31	25	27	9	24	8	22	29	40	24	18	7	18	42	36	29	34	15	29	38	11	19	30	28	41	27	24	24	36	16	22	21	32	17	38	32	32	8	23	30	44	11	36	10	8	29	17	7	20	46	43	20	5	26	18	29	29	42	33	24	31	31	26	35	35	34	42	27	41	
53	45	59	41	40	51	73	21	52	49	47	31	39	32	50	50	30	57	35	0	59	44	42	27	31	59	9	61	56	61	12	19	63	30	9	29	43	27	34	14	66	60	46	43	37	7	65	6	61	48	56	53	46	49	17	43	46	11	43	55	8	21	54	14	46	42	11	10	44	41	12	60	78	41	69	44	43	51	18	34	26	49	16	16	41	53	40	53	34	44	35	50	5	63	58	62	40	65	61	14	17	
48	14	34	22	46	55	21	62	46	22	34	36	22	46	21	47	47	3	25	59	0	38	38	38	55	0	50	12	5	28	52	39	7	49	51	29	25	33	45	49	47	14	32	19	39	66	39	53	41	10	14	34	13	11	56	29	43	49	25	30	61	37	7	46	51	19	63	54	52	26	48	34	19	17	11	23	18	21	41	31	45	47	68	45	21	14	38	20	38	46	56	38	55	8	30	17	41	11	55	47	67	
12	27	63	18	8	73	59	59	67	47	55	14	38	14	48	10	16	35	36	44	38	0	55	44	61	38	39	30	33	59	32	32	37	56	42	28	13	35	55	30	75	49	53	38	53	51	70	39	69	33	25	10	34	27	52	9	5	34	13	58	51	29	31	39	67	21	54	34	67	44	40	63	53	28	41	44	38	17	34	42	50	10	60	41	38	24	54	19	10	8	64	60	44	36	60	28	5	35	78	30	60	
68	32	18	38	58	18	39	31	12	16	6	43	18	53	17	65	52	39	19	42	38	55	0	15	19	38	34	48	39	22	43	29	45	15	33	26	43	21	10	41	24	29	7	20	5	45	23	38	19	30	46	58	26	36	28	47	60	37	43	15	38	30	38	28	13	36	38	43	14	12	30	19	52	29	49	15	20	47	28	12	16	65	42	26	18	43	2	48	48	60	19	8	37	46	18	51	54	49	23	39	39	
56	28	32	30	45	29	47	23	27	23	20	30	16	39	24	53	38	38	13	27	38	44	15	0	18	38	19	45	37	33	27	14	44	12	18	15	34	8	11	26	39	35	19	19	10	32	38	23	34	28	42	49	25	32	17	37	48	22	34	27	25	16	36	13	24	29	26	28	23	15	15	33	56	24	50	18	20	41	13	8	7	53	31	11	17	39	13	42	35	48	20	23	22	45	30	48	42	48	37	24	29	
73	46	37	48	61	20	59	14	24	35	26	47	32	54	36	70	53	55	31	31	55	61	19	18	0	55	27	63	54	41	38	29	61	6	25	33	52	26	10	38	38	48	27	35	16	32	40	30	35	45	60	67	41	50	14	55	65	33	52	34	24	32	53	23	16	47	24	37	14	28	24	38	71	42	66	32	36	59	27	24	11	69	25	21	33	57	18	60	52	64	3	25	27	62	37	66	59	65	31	36	22	
48	14	34	22	46	55	21	62	46	22	34	36	22	46	21	47	47	3	25	59	0	38	38	38	55	0	50	12	5	28	52	39	7	49	51	29	25	33	45	49	47	14	32	19	39	66	39	53	41	10	14	34	13	11	56	29	43	49	25	30	61	37	7	46	51	19	63	54	52	26	48	34	19	17	11	23	18	21	41	31	45	47	68	45	21	14	38	20	38	46	56	38	55	8	30	17	41	11	55	47	67	
49	36	51	33	36	45	63	21	45	40	39	25	30	28	41	46	26	48	26	9	50	39	34	19	27	50	0	53	47	52	10	10	54	25	3	20	35	17	27	10	58	51	38	33	29	16	57	4	53	39	47	47	37	40	14	36	41	5	35	46	12	13	45	6	40	33	15	10	38	32	4	52	69	32	60	35	34	43	9	25	19	45	21	8	31	44	32	45	29	40	31	42	5	54	49	54	35	56	55	9	21	
39	17	47	20	39	66	33	68	58	33	45	33	31	42	32	38	42	10	32	61	12	30	48	45	63	12	53	0	9	41	52	42	7	57	55	33	20	38	54	49	60	27	43	28	49	69	52	55	54	18	5	24	22	13	61	22	35	50	20	42	64	39	10	50	61	19	67	54	62	36	51	46	23	21	11	33	28	13	44	39	52	39	73	50	30	8	48	11	34	38	65	50	58	6	43	4	34	5	67	48	72	
43	11	37	18	41	56	26	60	48	24	35	31	22	41	23	41	42	2	24	56	5	33	39	37	54	5	47	9	0	32	48	36	7	48	49	27	20	31	45	45	50	18	33	19	40	63	43	50	44	9	10	29	13	7	54	24	38	46	20	33	58	34	2	43	52	15	61	50	53	27	45	37	22	15	12	24	19	16	38	30	44	42	66	43	21	9	39	15	33	41	56	40	53	7	34	13	36	10	57	44	65	
72	32	7	41	65	32	18	53	23	13	15	51	24	63	12	69	62	30	28	61	28	59	22	33	41	28	52	41	32	0	59	44	34	37	51	37	46	35	32	57	19	14	15	22	26	66	11	56	14	27	41	59	25	33	50	50	65	54	46	7	58	44	32	46	30	38	59	60	32	20	48	6	36	31	37	18	21	46	44	26	37	70	63	44	23	40	23	46	55	67	41	16	56	36	4	45	60	39	29	55	61	
41	37	59	31	28	55	68	30	55	46	47	20	35	20	47	38	18	50	31	12	52	32	43	27	38	52	10	52	48	59	0	15	55	35	13	23	33	24	37	2	67	55	46	38	38	19	65	8	61	42	46	41	40	41	25	32	34	5	33	54	19	15	46	15	50	33	22	2	49	39	14	60	71	34	61	41	39	41	15	33	29	37	28	17	36	43	41	43	22	32	41	50	13	55	57	52	28	56	65	4	28	
43	25	44	23	31	44	54	28	41	31	32	18	20	25	32	40	24	38	16	19	39	32	29	14	29	39	10	42	36	44	15	0	44	25	12	9	26	9	25	13	53	41	31	23	25	26	50	13	47	29	37	39	26	30	21	28	35	10	26	39	22	3	34	8	38	23	25	16	37	24	9	45	58	21	49	26	24	33	2	18	18	40	31	9	22	34	27	35	22	35	32	36	16	44	42	43	29	46	51	11	30	
46	18	41	24	45	62	25	68	53	29	41	38	29	47	28	45	48	6	31	63	7	37	45	44	61	7	54	7	7	34	55	44	0	55	56	34	25	38	51	52	54	20	39	25	46	70	46	57	48	16	12	31	19	14	61	28	42	53	25	37	66	41	9	51	58	22	68	57	59	33	53	40	16	22	5	30	25	20	45	37	51	46	74	50	27	13	45	18	39	45	62	45	60	1	37	11	40	4	62	51	72	
68	40	33	42	56	20	53	17	22	29	21	42	26	50	31	65	48	49	25	30	49	56	15	12	6	49	25	57	48	37	35	25	55	0	22	28	47	20	5	35	36	42	21	29	10	33	37	28	32	39	54	61	35	44	15	50	60	30	47	30	25	27	47	20	15	41	25	35	13	22	21	34	65	36	60	26	30	53	23	18	6	65	27	17	27	51	13	54	47	60	8	21	25	56	33	60	54	59	30	33	24	
52	38	50	35	39	43	64	18	43	40	38	28	31	31	41	49	30	50	27	9	51	42	33	18	25	51	3	55	49	51	13	12	56	22	0	22	38	18	25	13	57	51	37	34	28	15	56	5	52	41	50	50	38	42	11	39	44	8	38	45	9	15	47	5	38	35	12	12	36	32	3	51	70	34	62	35	35	46	10	25	17	48	18	7	32	46	31	47	32	43	28	41	4	56	49	56	38	58	53	13	18	
41	15	38	15	31	44	45	35	39	24	28	16	13	26	25	38	26	28	9	29	29	28	26	15	33	29	20	33	27	37	23	9	34	28	22	0	19	7	26	20	49	32	26	15	24	36	45	23	42	19	28	33	17	20	28	22	33	19	19	33	31	8	25	17	38	14	34	25	38	18	18	39	48	12	39	19	16	26	11	14	22	38	40	17	14	25	25	27	21	33	36	33	26	34	35	34	27	36	50	18	39	
26	13	50	5	21	61	46	54	55	34	43	13	25	22	34	23	22	22	24	43	25	13	43	34	52	25	35	20	20	46	33	26	25	47	38	19	0	26	45	30	62	35	41	24	42	50	56	37	55	19	14	14	21	14	47	4	19	32	0	44	48	23	18	34	56	7	50	35	56	32	35	50	42	14	30	31	25	8	28	31	41	24	57	35	25	12	42	10	13	21	55	48	41	24	46	19	16	25	66	29	56	
48	21	35	22	37	37	46	29	33	22	24	22	12	32	23	45	31	32	8	27	33	35	21	8	26	33	17	38	31	35	24	9	38	20	18	7	26	0	19	22	44	33	22	15	17	33	41	21	38	23	34	40	19	25	22	29	40	19	26	30	27	9	29	12	31	21	29	25	31	15	15	36	52	17	44	17	16	33	9	9	15	45	35	12	13	31	19	34	27	40	29	28	23	39	33	41	34	41	44	20	33	
67	37	28	40	56	18	49	21	18	25	16	42	23	50	26	64	49	45	22	34	45	55	10	11	10	45	27	54	45	32	37	25	51	5	25	26	45	19	0	36	32	38	16	26	5	37	32	31	27	36	51	60	32	41	19	48	59	32	45	25	29	27	44	21	13	39	29	37	12	18	23	29	61	33	56	22	26	51	24	15	8	64	32	19	24	48	8	51	47	60	11	17	29	52	28	57	53	55	27	34	29	
39	34	57	29	26	55	66	31	53	44	45	17	33	18	45	36	16	47	29	14	49	30	41	26	38	49	10	49	45	57	2	13	52	35	13	20	30	22	36	0	65	53	44	35	37	21	63	9	60	39	43	39	37	38	25	29	32	5	30	52	21	13	43	15	49	30	24	5	48	37	14	58	68	31	58	39	36	38	13	31	28	35	30	17	34	41	39	40	20	30	41	49	14	52	55	49	26	53	63	2	30	
88	49	13	57	79	21	36	52	14	28	20	65	37	76	28	85	75	49	40	66	47	75	24	39	38	47	58	60	50	19	67	53	54	36	57	49	62	44	32	65	0	33	22	37	29	69	8	62	6	44	60	76	41	51	51	66	80	62	62	17	61	54	51	52	22	54	61	68	25	31	54	13	54	47	56	31	36	64	52	35	40	85	63	50	37	58	26	63	69	82	36	16	61	55	16	64	75	58	12	64	60	
60	22	20	31	56	44	13	58	35	13	23	44	20	55	11	58	55	16	24	60	14	49	29	35	48	14	51	27	18	14	55	41	20	42	51	32	35	33	38	53	33	0	22	17	32	66	25	54	28	16	28	47	16	21	53	39	54	51	35	18	60	40	19	45	40	28	61	57	42	20	48	20	23	23	22	16	16	34	42	26	41	59	66	44	19	27	29	33	47	57	48	27	56	21	17	31	51	25	42	51	64	
66	29	13	36	57	23	32	38	15	10	2	43	15	53	11	63	52	33	18	46	32	53	7	19	27	32	38	43	33	15	46	31	39	21	37	26	41	22	16	44	22	22	0	16	11	51	19	42	16	25	41	55	21	31	34	45	58	41	41	8	43	32	33	32	19	33	44	47	20	9	34	14	45	26	43	10	16	44	31	13	22	63	48	30	15	39	8	44	47	60	26	7	41	40	11	46	53	43	25	42	45	
50	12	25	19	42	38	30	43	31	9	18	29	3	40	10	48	39	19	7	43	19	38	20	19	35	19	33	28	19	22	38	23	25	29	34	15	24	15	26	35	37	17	16	0	21	49	32	37	31	10	25	39	6	15	37	29	43	34	24	20	43	22	18	28	33	16	45	39	34	8	30	25	37	9	30	6	1	27	24	11	26	48	50	27	2	23	20	27	33	44	37	23	38	26	22	31	38	29	41	33	48	
65	32	23	37	55	20	43	27	16	19	11	40	18	49	20	62	48	40	18	37	39	53	5	10	16	39	29	49	40	26	38	25	46	10	28	24	42	17	5	37	29	32	11	21	0	40	28	33	24	31	46	56	27	36	23	45	57	33	42	19	32	26	39	23	14	35	33	39	14	13	25	24	55	28	50	16	21	47	24	10	11	62	37	21	19	43	3	47	45	58	16	13	32	47	22	52	51	50	26	35	34	
60	52	64	48	47	52	79	19	55	55	51	38	46	39	56	57	37	65	42	7	66	51	45	32	32	66	16	69	63	66	19	26	70	33	15	36	50	33	37	21	69	66	51	49	40	0	69	13	64	55	63	60	53	56	18	51	53	18	50	59	8	29	61	20	48	49	8	17	46	46	18	65	85	48	76	50	50	59	25	40	29	56	11	21	47	60	43	60	41	51	35	53	10	71	62	69	47	72	63	22	13	
82	43	6	51	75	26	28	54	17	22	18	60	32	71	22	80	71	42	36	65	39	70	23	38	40	39	57	52	43	11	65	50	46	37	56	45	56	41	32	63	8	25	19	32	28	69	0	61	5	38	53	70	35	44	51	61	75	60	56	12	61	50	44	51	26	48	62	66	28	27	53	6	46	41	48	26	31	58	50	32	39	80	64	49	32	51	25	57	65	77	39	15	60	47	10	56	70	51	19	61	62	
48	38	55	34	35	49	67	22	49	43	43	25	34	27	45	45	25	51	29	6	53	39	38	23	30	53	4	55	50	56	8	13	57	28	5	23	37	21	31	9	62	54	42	37	33	13	61	0	57	42	49	47	40	43	17	37	41	5	37	50	12	15	48	10	44	35	15	7	42	36	8	56	72	35	62	38	38	45	12	29	23	44	21	12	35	46	36	46	29	39	34	46	5	57	53	56	35	59	58	9	21	
81	43	7	51	73	20	32	49	12	21	14	59	31	69	22	79	68	43	34	61	41	69	19	34	35	41	53	54	44	14	61	47	48	32	52	42	55	38	27	60	6	28	16	31	24	64	5	57	0	38	54	70	35	44	47	60	74	56	55	11	56	48	44	47	20	48	57	62	22	25	49	8	50	41	50	25	30	58	46	29	35	79	59	45	30	52	21	57	63	75	33	11	56	49	10	58	69	52	15	58	56	
45	6	31	15	39	48	28	51	40	16	27	28	13	39	16	42	39	9	15	48	10	33	30	28	45	10	39	18	9	27	42	29	16	39	41	19	19	23	36	39	44	16	25	10	31	55	38	42	38	0	16	32	4	6	45	23	38	38	19	27	50	27	8	35	43	12	52	43	44	18	37	31	29	7	21	15	10	19	30	21	35	43	58	35	12	13	30	19	31	40	47	32	45	16	28	21	34	19	50	37	56	
34	14	47	15	33	64	36	64	57	32	44	27	28	36	32	33	37	11	29	56	14	25	46	42	60	14	47	5	10	41	46	37	12	54	50	28	14	34	51	43	60	28	41	25	46	63	53	49	54	16	0	19	19	10	57	17	30	45	14	42	59	34	9	45	59	14	62	48	60	33	47	47	28	18	16	31	25	8	39	36	49	34	68	45	27	3	45	6	28	33	62	48	53	11	43	6	28	10	66	42	67	
15	26	63	19	18	76	55	67	70	48	57	22	40	24	48	14	26	31	38	53	34	10	58	49	67	34	47	24	29	59	41	39	31	61	50	33	14	40	60	39	76	47	55	39	56	60	70	47	70	32	19	0	34	25	60	11	12	42	14	58	59	36	27	47	71	22	62	43	71	46	48	63	47	29	35	45	39	12	41	46	55	15	68	48	40	19	57	13	18	16	69	62	52	30	60	21	15	29	80	38	68	
47	7	29	16	40	44	28	48	37	13	24	28	9	39	13	44	39	13	11	46	13	34	26	25	41	13	37	22	13	25	40	26	19	35	38	17	21	19	32	37	41	16	21	6	27	53	35	40	35	4	19	34	0	9	42	25	40	36	21	24	47	25	12	32	39	13	49	42	40	14	34	29	32	7	25	11	6	22	27	17	31	45	55	31	8	17	26	22	31	42	43	29	42	20	25	25	36	23	47	35	53	
39	4	38	11	35	54	32	55	47	23	34	25	18	35	22	37	35	8	19	49	11	27	36	32	50	11	40	13	7	33	41	30	14	44	42	20	14	25	41	38	51	21	31	15	36	56	44	43	44	6	10	25	9	0	48	18	33	38	14	33	52	27	5	37	49	8	54	43	50	23	39	38	30	8	19	21	15	13	31	26	39	37	60	37	17	7	35	12	27	35	52	38	46	14	34	16	30	16	56	37	59	
63	44	47	43	50	34	65	7	37	40	34	38	33	43	41	60	41	55	30	17	56	52	28	17	14	56	14	61	54	50	25	21	61	15	11	28	47	22	19	25	51	53	34	37	23	18	51	17	47	45	57	60	42	48	0	49	55	20	47	43	10	24	52	13	30	43	10	24	28	32	12	48	74	39	67	36	37	54	19	26	12	59	13	12	35	54	26	55	42	54	18	36	12	62	46	63	49	64	45	24	11	
21	17	54	9	17	65	50	56	59	38	47	12	29	19	38	19	20	26	28	43	29	9	47	37	55	29	36	22	24	50	32	28	28	50	39	22	4	29	48	29	66	39	45	29	45	51	61	37	60	23	17	11	25	18	49	0	14	32	4	49	49	25	22	36	60	12	51	34	59	36	37	54	45	19	33	35	29	9	30	34	44	19	58	37	29	15	46	11	11	17	58	52	42	27	51	21	12	27	70	29	57	
8	32	68	23	6	77	65	62	72	53	60	17	43	14	53	5	16	40	41	46	43	5	60	48	65	43	41	35	38	65	34	35	42	60	44	33	19	40	59	32	80	54	58	43	57	53	75	41	74	38	30	12	40	33	55	14	0	36	19	63	53	33	36	43	72	26	56	36	71	49	43	69	58	33	46	49	44	22	37	47	54	5	62	44	43	29	58	24	13	3	68	65	46	41	65	32	6	40	83	32	62	
43	34	54	30	30	50	64	26	49	41	42	20	31	23	42	40	21	47	27	11	49	34	37	22	33	49	5	50	46	54	5	10	53	30	8	19	32	19	32	5	62	51	41	34	33	18	60	5	56	38	45	42	36	38	20	32	36	0	32	49	17	11	43	10	45	31	20	6	43	34	9	55	68	31	58	36	35	40	10	28	24	39	26	12	32	42	35	42	24	34	36	45	10	53	52	51	30	54	59	4	26	
26	13	50	5	21	61	46	54	55	34	43	13	25	22	34	23	22	22	24	43	25	13	43	34	52	25	35	20	20	46	33	26	25	47	38	19	0	26	45	30	62	35	41	24	42	50	56	37	55	19	14	14	21	14	47	4	19	32	0	44	48	23	18	34	56	7	50	35	56	32	35	50	42	14	30	31	25	8	28	31	41	24	57	35	25	12	42	10	13	21	55	48	41	24	46	19	16	25	66	29	56	
70	31	5	40	63	26	25	46	17	10	8	48	20	59	10	68	59	32	24	55	30	58	15	27	34	30	46	42	33	7	54	39	37	30	45	33	44	30	25	52	17	18	8	20	19	59	12	50	11	27	42	58	24	33	43	49	63	49	44	0	52	39	33	40	23	37	53	55	25	15	42	6	41	30	40	14	19	46	39	21	30	68	56	38	20	40	16	46	53	65	34	9	50	38	3	46	58	42	24	50	54	
60	47	56	45	47	44	72	12	47	48	43	37	39	39	49	57	37	60	36	8	61	51	38	25	24	61	12	64	58	58	19	22	66	25	9	31	48	27	29	21	61	60	43	43	32	8	61	12	56	50	59	59	47	52	10	49	53	17	48	52	0	25	56	15	40	45	3	18	38	39	13	57	79	43	71	43	43	55	20	33	21	56	9	15	41	56	36	57	41	51	28	45	7	66	55	66	47	68	55	21	9	
41	23	44	20	29	46	53	31	43	31	33	15	20	23	32	38	22	36	16	21	37	29	30	16	32	37	13	39	34	44	15	3	41	27	15	8	23	9	27	13	54	40	32	22	26	29	50	15	48	27	34	36	25	27	24	25	33	11	23	39	25	0	32	11	40	20	27	17	39	24	12	45	56	19	47	26	23	31	5	18	21	37	33	12	21	31	28	32	20	32	35	37	18	41	42	41	26	43	53	11	32	
42	9	38	15	39	56	28	59	48	23	35	29	21	39	23	40	40	4	22	54	7	31	38	36	53	7	45	10	2	32	46	34	9	47	47	25	18	29	44	43	51	19	33	18	39	61	44	48	44	8	9	27	12	5	52	22	36	43	18	33	56	32	0	41	51	13	59	48	52	26	43	37	25	13	14	23	18	15	36	29	43	41	65	41	20	8	38	13	31	39	55	40	51	9	34	13	34	11	57	42	63	
50	32	45	31	38	40	58	20	39	34	33	25	25	31	35	47	29	45	21	14	46	39	28	13	23	46	6	50	43	46	15	8	51	20	5	17	34	12	21	15	52	45	32	28	23	20	51	10	47	35	45	47	32	37	13	36	43	10	34	40	15	11	41	0	34	31	17	15	33	26	2	46	65	28	56	29	29	41	6	19	13	47	23	2	26	42	26	43	30	42	26	36	10	51	43	51	36	53	49	13	22	
80	46	24	51	69	5	49	30	8	29	17	54	31	63	30	77	62	52	32	46	51	67	13	24	16	51	40	61	52	30	50	38	58	15	38	38	56	31	13	49	22	40	19	33	14	48	26	44	20	43	59	71	39	49	30	60	72	45	56	23	40	40	51	34	0	49	40	50	2	25	36	25	64	42	62	28	33	61	37	25	21	76	41	32	32	57	13	61	59	72	13	13	41	59	25	65	66	62	15	48	38	
33	6	42	3	27	54	40	50	48	26	35	16	18	27	26	31	27	17	17	42	19	21	36	29	47	19	33	19	15	38	33	23	22	41	35	14	7	21	39	30	54	28	33	16	35	49	48	35	48	12	14	22	13	8	43	12	26	31	7	37	45	20	13	31	49	0	48	35	49	24	32	42	38	7	27	23	17	12	25	24	36	31	54	31	17	11	35	13	19	28	49	40	39	22	38	20	22	23	58	29	53	
63	50	57	48	50	44	74	11	47	49	44	40	41	42	51	60	40	62	38	11	63	54	38	26	24	63	15	67	61	59	22	25	68	25	12	34	50	29	29	24	61	61	44	45	33	8	62	15	57	52	62	62	49	54	10	51	56	20	50	53	3	27	59	17	40	48	0	20	38	41	15	58	82	46	74	45	45	58	23	35	22	59	6	17	43	59	37	60	44	54	27	46	10	68	56	68	50	70	55	24	6	
43	39	60	33	30	55	70	29	55	47	48	22	37	22	48	40	20	52	32	10	54	34	43	28	37	54	10	54	50	60	2	16	57	35	12	25	35	25	37	5	68	57	47	39	39	17	66	7	62	43	48	43	42	43	24	34	36	6	35	55	18	17	48	15	50	35	20	0	49	40	14	61	73	36	63	42	40	43	16	34	29	39	26	18	38	46	41	45	25	34	41	51	11	57	58	54	30	58	65	6	27	
79	46	26	51	68	6	50	28	10	30	18	54	32	62	31	76	61	53	32	44	52	67	14	23	14	52	38	62	53	32	49	37	59	13	36	38	56	31	12	48	25	42	20	34	14	46	28	42	22	44	60	71	40	50	28	59	71	43	56	25	38	39	52	33	2	49	38	49	0	26	34	27	65	43	63	29	34	61	36	25	19	76	39	31	32	57	14	61	59	71	11	15	39	60	27	65	65	63	17	46	36	
57	20	20	27	48	30	32	37	23	8	11	34	6	44	9	54	44	27	8	41	26	44	12	15	28	26	32	36	27	20	39	24	33	22	32	18	32	15	18	37	31	20	9	8	13	46	27	36	25	18	33	46	14	23	32	36	49	34	32	15	39	24	26	26	25	24	41	40	26	0	28	21	42	17	37	3	8	35	24	6	20	54	46	25	6	31	12	35	38	50	29	16	36	34	18	39	44	37	34	35	43	
51	34	47	32	38	41	60	19	41	36	35	26	27	31	38	48	29	47	23	12	48	40	30	15	24	48	4	51	45	48	14	9	53	21	3	18	35	15	23	14	54	48	34	30	25	18	53	8	49	37	47	48	34	39	12	37	43	9	35	42	13	12	43	2	36	32	15	14	34	28	0	48	67	30	58	31	31	43	7	22	15	47	21	4	28	43	28	44	30	42	27	38	8	53	45	53	37	55	50	12	20	
76	37	1	45	68	27	24	51	17	16	13	54	26	65	15	73	65	36	30	60	34	63	19	33	38	34	52	46	37	6	60	45	40	34	51	39	50	36	29	58	13	20	14	25	24	65	6	56	8	31	47	63	29	38	48	54	69	55	50	6	57	45	37	46	25	42	58	61	27	21	48	0	42	35	43	20	25	51	45	27	36	74	61	44	26	45	21	50	59	70	37	12	55	42	3	50	64	45	23	56	59	
62	33	43	40	62	67	18	80	58	36	47	54	40	64	35	61	64	21	44	78	19	53	52	56	71	19	69	23	22	36	71	58	16	65	70	48	42	52	61	68	54	23	45	37	55	85	46	72	50	29	28	47	32	30	74	45	58	68	42	41	79	56	25	65	64	38	82	73	65	42	67	42	0	37	12	39	36	36	60	48	63	62	87	64	39	30	53	34	55	61	72	50	74	17	40	26	57	18	65	66	85	
40	4	35	10	33	47	35	46	41	19	28	21	11	32	19	38	32	16	11	41	17	28	29	24	42	17	32	21	15	31	34	21	22	36	34	12	14	17	33	31	47	23	26	9	28	48	41	35	41	7	18	29	7	8	39	19	33	31	14	30	43	19	13	28	42	7	46	36	43	17	30	35	37	0	27	16	10	18	23	18	31	38	51	28	10	15	28	18	24	35	44	33	38	22	31	24	29	24	51	30	50	
50	24	43	29	50	66	24	73	57	33	45	43	34	52	32	49	53	11	36	69	11	41	49	50	66	11	60	11	12	37	61	49	5	60	62	39	30	44	56	58	56	22	43	30	50	76	48	62	50	21	16	35	25	19	67	33	46	58	30	40	71	47	14	56	62	27	74	63	63	37	58	43	12	27	0	34	30	24	51	42	57	50	79	56	32	18	49	22	44	49	67	49	66	5	40	14	45	6	65	56	78	
56	18	19	26	48	32	29	41	25	5	12	34	6	45	6	54	44	24	10	44	23	44	15	18	32	23	35	33	24	18	41	26	30	26	35	19	31	17	22	39	31	16	10	6	16	50	26	38	25	15	31	45	11	21	36	35	49	36	31	14	43	26	23	29	28	23	45	42	29	3	31	20	39	16	34	0	5	34	26	10	24	54	49	28	5	29	15	34	38	50	33	17	39	31	16	36	44	34	35	37	47	
51	13	24	20	43	38	29	43	31	8	18	30	4	41	9	48	40	19	8	43	18	38	20	20	36	18	34	28	19	21	39	24	25	30	35	16	25	16	26	36	36	16	16	1	21	50	31	38	30	10	25	39	6	15	37	29	44	35	25	19	43	23	18	29	33	17	45	40	34	8	31	25	36	10	30	5	0	28	25	12	26	49	50	28	2	23	20	28	34	45	37	23	39	26	21	31	39	29	41	34	49	
26	15	51	11	25	66	43	61	59	36	46	21	29	28	36	25	29	18	29	51	21	17	47	41	59	21	43	13	16	46	41	33	20	53	46	26	8	33	51	38	64	34	44	27	47	59	58	45	58	19	8	12	22	13	54	9	22	40	8	46	55	31	15	41	61	12	58	43	61	35	43	51	36	18	24	34	28	0	35	36	48	26	64	42	29	7	47	2	20	25	61	51	49	19	48	12	20	18	69	37	64	
45	27	44	25	33	42	55	26	40	31	32	19	21	27	32	42	25	39	17	18	41	34	28	13	27	41	9	44	38	44	15	2	45	23	10	11	28	9	24	13	52	42	31	24	24	25	50	12	46	30	39	41	27	31	19	30	37	10	28	39	20	5	36	6	37	25	23	16	36	24	7	45	60	23	51	26	25	35	0	18	17	42	29	7	22	36	26	37	24	37	31	36	14	45	42	45	31	47	51	11	28	
55	22	26	26	45	30	39	31	25	14	14	30	8	40	16	52	39	31	7	34	31	42	12	8	24	31	25	39	30	26	33	18	37	18	25	14	31	9	15	31	35	26	13	11	10	40	32	29	29	21	36	46	17	26	26	34	47	28	31	21	33	18	29	19	25	24	35	34	25	6	22	27	48	18	42	10	12	36	18	0	14	52	39	18	9	33	11	36	35	48	26	19	30	38	24	42	41	40	36	29	37	
62	35	34	37	50	26	53	17	26	28	22	36	22	44	29	59	42	45	20	26	45	50	16	7	11	45	19	52	44	37	29	18	51	6	17	22	41	15	8	28	40	41	22	26	11	29	39	23	35	35	49	55	31	39	12	44	54	24	41	30	21	21	43	13	21	36	22	29	19	20	15	36	63	31	57	24	26	48	17	14	0	58	26	11	24	46	14	49	41	53	14	24	21	52	34	55	47	55	35	27	23	
4	37	73	28	9	82	69	66	77	57	65	22	48	17	58	1	19	44	46	49	47	10	65	53	69	47	45	39	42	70	37	40	46	65	48	38	24	45	64	35	85	59	63	48	62	56	80	44	79	43	34	15	45	37	59	19	5	39	24	68	56	37	41	47	76	31	59	39	76	54	47	74	62	38	50	54	49	26	42	52	58	0	65	48	48	33	63	28	17	5	72	70	49	45	70	36	10	44	88	35	65	
69	55	60	54	56	45	78	11	49	54	48	46	46	48	55	66	46	67	43	16	68	60	42	31	25	68	21	73	66	63	28	31	74	27	18	40	57	35	32	30	63	66	48	50	37	11	64	21	59	58	68	68	55	60	13	58	62	26	57	56	9	33	65	23	41	54	6	26	39	46	21	61	87	51	79	49	50	64	29	39	26	65	0	23	48	65	40	66	50	60	28	49	16	74	59	74	56	76	56	30	3	
52	32	43	31	40	38	57	19	37	33	31	26	24	33	34	49	31	44	20	16	45	41	26	11	21	45	8	50	43	44	17	9	50	17	7	17	35	12	19	17	50	44	30	27	21	21	49	12	45	35	45	48	31	37	12	37	44	12	35	38	15	12	41	2	32	31	17	18	31	25	4	44	64	28	56	28	28	42	7	18	11	48	23	0	25	42	24	43	31	43	24	34	11	51	41	51	38	53	47	15	21	
51	13	25	20	42	37	32	40	30	10	17	28	1	39	11	48	39	21	5	41	21	38	18	17	33	21	31	30	21	23	36	22	27	27	32	14	25	13	24	34	37	19	15	2	19	47	32	35	30	12	27	40	8	17	35	29	43	32	25	20	41	21	20	26	32	17	43	38	32	6	28	26	39	10	32	5	2	29	22	9	24	48	48	25	0	24	18	29	33	44	35	22	36	28	22	33	38	31	40	32	46	
34	11	45	12	32	61	36	60	54	30	41	25	25	34	30	32	34	11	26	53	14	24	43	39	57	14	44	8	9	40	43	34	13	51	46	25	12	31	48	41	58	27	39	23	43	60	51	46	52	13	3	19	17	7	54	15	29	42	12	40	56	31	8	42	57	11	59	46	57	31	43	45	30	15	18	29	23	7	36	33	46	33	65	42	24	0	43	5	26	32	59	46	50	12	41	9	27	13	64	39	64	
66	32	20	37	56	19	40	30	14	17	8	41	17	51	18	63	50	39	18	40	38	54	2	13	18	38	32	48	39	23	41	27	45	13	31	25	42	19	8	39	26	29	8	20	3	43	25	36	21	30	45	57	26	35	26	46	58	35	42	16	36	28	38	26	13	35	37	41	14	12	28	21	53	28	49	15	20	47	26	11	14	63	40	24	18	43	0	47	46	59	18	10	35	46	19	51	53	49	25	37	37	
28	15	50	12	27	66	42	62	59	35	46	23	29	30	35	27	31	17	29	53	20	19	48	42	60	20	45	11	15	46	43	35	18	54	47	27	10	34	51	40	63	33	44	27	47	60	57	46	57	19	6	13	22	12	55	11	24	42	10	46	57	32	13	43	61	13	60	45	61	35	44	50	34	18	22	34	28	2	37	36	49	28	66	43	29	5	47	0	23	27	62	51	51	17	47	10	23	16	69	39	65	
21	25	58	16	10	65	59	49	60	43	49	5	32	8	43	17	8	35	29	34	38	10	48	35	52	38	29	34	33	55	22	22	39	47	32	21	13	27	47	20	69	47	47	33	45	41	65	29	63	31	28	18	31	27	42	11	13	24	13	53	41	20	31	30	59	19	44	25	59	38	30	59	55	24	44	38	34	20	24	35	41	17	50	31	33	26	46	23	0	12	55	54	34	38	55	33	6	38	71	20	50	
9	34	70	25	4	77	67	61	73	54	62	17	44	12	55	6	14	43	42	44	46	8	60	48	64	46	40	38	41	67	32	35	45	60	43	33	21	40	60	30	82	57	60	44	58	51	77	39	75	40	33	16	42	35	54	17	3	34	21	65	51	32	39	42	72	28	54	34	71	50	42	70	61	35	49	50	45	25	37	48	53	5	60	43	44	32	59	27	12	0	68	66	44	44	67	36	6	43	84	30	60	
76	48	36	50	64	17	59	17	21	35	25	50	34	58	37	73	56	56	33	35	56	64	19	20	3	56	31	65	56	41	41	32	62	8	28	36	55	29	11	41	36	48	26	37	16	35	39	34	33	47	62	69	43	52	18	58	68	36	55	34	28	35	55	26	13	49	27	41	11	29	27	37	72	44	67	33	37	61	31	26	14	72	28	24	35	59	18	62	55	68	0	24	30	63	36	68	62	66	28	40	25	
73	36	11	43	64	17	35	38	8	16	5	49	22	60	17	70	59	40	24	50	38	60	8	23	25	38	42	50	40	16	50	36	45	21	41	33	48	28	17	49	16	27	7	23	13	53	15	46	11	32	48	62	29	38	36	52	65	45	48	9	45	37	40	36	13	40	46	51	15	16	38	12	50	33	49	17	23	51	36	19	24	70	49	34	22	46	10	51	54	66	24	0	45	46	12	53	60	49	18	47	46	
53	42	54	38	40	46	68	18	47	44	42	30	35	32	46	50	30	54	31	5	55	44	37	22	27	55	5	58	53	56	13	16	60	25	4	26	41	23	29	14	61	56	41	38	32	10	60	5	56	45	53	52	42	46	12	42	46	10	41	50	7	18	51	10	41	39	10	11	39	36	8	55	74	38	66	39	39	49	14	30	21	49	16	11	36	50	35	51	34	44	30	45	0	60	53	59	40	62	56	14	16	
45	18	42	23	44	63	26	68	54	30	42	37	29	46	29	44	47	7	31	63	8	36	46	45	62	8	54	6	7	36	55	44	1	56	56	34	24	39	52	52	55	21	40	26	47	71	47	57	49	16	11	30	20	14	62	27	41	53	24	38	66	41	9	51	59	22	68	57	60	34	53	42	17	22	5	31	26	19	45	38	52	45	74	51	28	12	46	17	38	44	63	46	60	0	39	10	39	3	63	50	72	
72	33	3	41	65	28	23	49	18	12	11	51	23	62	12	70	61	33	26	58	30	60	18	30	37	30	49	43	34	4	57	42	37	33	49	35	46	33	28	55	16	17	11	22	22	62	10	53	10	28	43	60	25	34	46	51	65	52	46	3	55	42	34	43	25	38	56	58	27	18	45	3	40	31	40	16	21	48	42	24	34	70	59	41	22	41	19	47	55	67	36	12	53	39	0	47	60	42	25	53	57	
36	20	51	21	37	69	37	70	61	37	49	33	34	40	36	35	41	14	35	62	17	28	51	48	66	17	54	4	13	45	52	43	11	60	56	34	19	41	57	49	64	31	46	31	52	69	56	56	58	21	6	21	25	16	63	21	32	51	19	46	66	41	13	51	65	20	68	54	65	39	53	50	26	24	14	36	31	12	45	42	55	36	74	51	33	9	51	10	33	36	68	53	59	10	47	0	32	8	71	48	73	
14	28	64	19	5	71	62	56	67	48	55	11	38	9	48	11	11	38	35	40	41	5	54	42	59	41	35	34	36	60	28	29	40	54	38	27	16	34	53	26	75	51	53	38	51	47	70	35	69	34	28	15	36	30	49	12	6	30	16	58	47	26	34	36	66	22	50	30	65	44	37	64	57	29	45	44	39	20	31	41	47	10	56	38	38	27	53	23	6	6	62	60	40	39	60	32	0	39	77	26	56	
44	20	45	24	44	66	29	70	58	33	45	38	32	47	32	43	47	10	34	65	11	35	49	48	65	11	56	5	10	39	56	46	4	59	58	36	25	41	55	53	58	25	43	29	50	72	51	59	52	19	10	29	23	16	64	27	40	54	25	42	68	43	11	53	62	23	70	58	63	37	55	45	18	24	6	34	29	18	47	40	55	44	76	53	31	13	49	16	38	43	66	49	62	3	42	8	39	0	66	52	75	
91	54	22	61	81	11	47	45	10	34	23	66	40	76	34	88	75	57	42	61	55	78	23	37	31	55	55	67	57	29	65	51	62	30	53	50	66	44	27	63	12	42	25	41	26	63	19	58	15	50	66	80	47	56	45	70	83	59	66	24	55	53	57	49	15	58	55	65	17	34	50	23	65	51	65	35	41	69	51	36	35	88	56	47	40	64	25	69	71	84	28	18	56	63	25	71	77	66	0	62	53	
39	33	55	27	26	53	64	31	52	42	43	16	31	18	43	36	17	45	27	14	47	30	39	24	36	47	9	48	44	55	4	11	51	33	13	18	29	20	34	2	64	51	42	33	35	22	61	9	58	37	42	38	35	37	24	29	32	4	29	50	21	11	42	13	48	29	24	6	46	35	12	56	66	30	56	37	34	37	11	29	27	35	30	15	32	39	37	39	20	30	40	47	14	50	53	48	26	52	62	0	30	
69	54	57	53	56	42	76	8	46	51	45	46	44	48	53	66	46	66	41	17	67	60	39	29	22	67	21	72	65	61	28	30	72	24	18	39	56	33	29	30	60	64	45	48	34	13	62	21	56	56	67	68	53	59	11	57	62	26	56	54	9	32	63	22	38	53	6	27	36	43	20	59	85	50	78	47	49	64	28	37	23	65	3	21	46	64	37	65	50	60	25	46	16	72	57	73	56	75	53	30	0	

