2  70
53	43	67	7	37	93	51	56	63	40	73	61	62	31	50	38	23	35	9	69	59	77	28	88	19	7	22	31	99	81	30	97	14	63	90	17	64	32	85	58	75	71	22	65	43	56	42	74	52	4	23	91	3	7	62	74	28	100	16	12	16	92	73	42	30	29	35	87	49	89	
91	65	99	84	68	60	19	92	4	82	24	68	77	26	7	62	10	54	44	7	71	1	41	89	29	43	2	69	43	12	31	72	70	7	70	1	68	92	76	7	63	5	35	67	73	96	31	89	53	10	45	14	55	19	31	26	57	43	18	38	73	39	89	68	83	18	13	71	99	60	
1484	1547	422	3105	2457	2466	934	2641	2529	528	1350	953	130	1241	1743	1544	2922	1312	2936	3215	2067	719	73	2523	1523	1511	2166	1151	1548	2526	1791	611	2938	904	308	2943	195	2670	2436	3269	2547	1506	2710	3238	2703	454	1908	140	1287	1164	3499	1442	3373	912	590	2270	1896	1386	3497	3190	2407	428	1094	2376	401	1805	2687	1539	209	391	
0	61	27	34	66	67	69	59	32	71	57	48	32	52	53	65	84	25	31	28	61	73	57	65	57	45	64	55	51	63	15	23	21	33	16	66	22	70	32	77	55	46	6	95	62	94	49	78	83	32	38	63	74	56	31	65	77	71	32	56	50	39	64	17	41	90	69	59	57	54	32	
61	0	36	31	5	8	54	22	31	24	38	38	38	23	7	51	31	35	29	32	29	12	9	31	20	32	17	27	35	32	52	39	41	27	48	30	39	44	34	18	5	47	54	37	28	35	21	36	32	47	29	55	13	21	31	24	16	19	33	7	15	44	29	45	33	34	8	8	11	15	32	
27	36	0	22	41	43	47	42	19	43	33	25	26	25	29	43	57	7	12	10	35	48	35	39	40	20	37	28	41	49	16	3	5	9	12	51	12	46	6	50	32	26	20	68	47	68	22	51	55	16	24	43	49	28	17	38	51	44	6	30	30	19	37	9	31	63	44	37	30	35	21	
34	31	22	0	36	35	66	24	3	50	49	44	7	36	24	62	61	16	11	12	47	42	24	51	23	37	42	41	18	29	33	22	24	17	30	32	14	61	26	49	25	48	30	68	28	67	32	61	60	39	3	63	43	38	5	47	47	47	26	30	16	41	49	25	8	65	39	26	33	20	2	
66	5	41	36	0	6	54	25	37	23	40	41	43	26	13	52	27	41	34	38	30	7	13	32	24	36	17	29	39	35	58	44	46	33	54	32	44	44	39	13	11	50	60	31	31	30	25	34	28	51	34	57	7	23	36	24	10	16	38	11	20	48	30	51	38	30	3	12	14	19	38	
67	8	43	35	6	0	61	20	36	29	46	46	42	31	14	58	32	42	35	38	36	7	10	38	19	40	23	35	34	29	60	46	48	34	55	26	44	50	42	18	11	55	61	35	25	33	29	40	34	55	32	63	8	28	36	30	13	22	41	15	18	52	36	52	35	35	6	8	19	15	36	
69	54	47	66	54	61	0	74	63	34	16	22	72	32	53	4	45	54	55	56	24	59	60	23	72	28	38	26	81	84	54	50	51	49	53	83	60	12	41	51	55	23	64	59	80	60	35	30	41	37	66	8	59	33	62	31	57	41	41	47	62	30	25	54	73	50	56	61	42	65	65	
59	22	42	24	25	20	74	0	27	47	57	55	29	42	21	71	52	38	31	34	50	27	13	53	2	48	39	47	15	10	57	44	46	34	53	9	38	66	44	38	19	62	54	54	6	52	38	58	53	57	21	74	28	41	28	46	33	41	43	27	13	57	51	49	20	55	26	13	32	9	26	
32	31	19	3	37	36	63	27	0	49	47	41	9	34	23	59	60	12	8	8	45	43	25	49	25	34	41	39	22	32	30	19	20	14	26	35	11	59	23	49	25	45	27	68	31	67	30	59	59	35	6	60	43	36	1	45	47	46	22	29	18	38	47	22	12	64	39	27	32	22	2	
71	24	43	50	23	29	34	47	49	0	24	30	57	19	28	33	14	46	43	46	13	26	33	12	45	28	8	17	58	57	58	47	49	38	55	55	52	23	39	17	28	38	64	27	53	28	21	11	12	46	49	39	25	15	48	5	22	7	38	21	38	39	11	53	55	20	24	33	17	39	50	
57	38	33	49	40	46	16	57	47	24	0	8	56	15	36	13	37	39	39	40	11	46	44	12	55	13	24	10	64	67	43	36	37	32	40	67	45	13	27	40	39	15	51	51	64	52	19	25	34	26	50	17	45	17	45	19	44	30	27	31	45	19	13	40	57	43	42	45	26	48	49	
48	38	25	44	41	46	22	55	41	30	8	0	49	15	35	18	44	31	33	33	17	48	43	20	53	7	28	13	60	65	34	28	29	26	32	65	37	22	19	44	38	9	42	57	62	58	17	33	41	18	44	19	48	19	39	24	48	34	19	31	42	10	19	32	52	50	44	44	27	46	43	
32	38	26	7	43	42	72	29	9	57	56	49	0	43	31	68	68	19	16	16	54	49	31	58	27	43	49	48	19	31	34	25	26	23	30	34	15	68	31	56	32	53	28	75	31	74	39	68	68	42	9	68	50	45	10	54	54	55	30	37	23	46	56	26	9	72	46	33	40	26	7	
52	23	25	36	26	31	32	42	34	19	15	15	43	0	21	29	33	29	27	29	11	33	29	15	40	10	14	5	49	52	39	28	30	21	36	51	34	25	20	30	23	24	45	45	48	45	4	26	31	27	36	32	33	4	33	13	33	21	19	16	30	22	13	34	43	39	29	30	12	33	36	
53	7	29	24	13	14	53	21	23	28	36	35	31	21	0	50	37	27	21	25	29	20	8	32	19	28	20	26	30	31	45	31	34	20	41	30	31	44	28	25	3	43	47	44	27	43	18	39	37	41	22	53	20	20	23	26	24	24	27	7	10	39	30	38	27	41	16	9	11	12	25	
65	51	43	62	52	58	4	71	59	33	13	18	68	29	50	0	45	50	51	52	22	58	58	21	69	25	36	24	77	81	50	46	47	45	49	80	56	12	37	50	52	19	60	59	77	60	32	30	41	33	63	6	57	30	58	29	55	40	38	44	58	26	23	50	70	50	55	58	40	62	61	
84	31	57	61	27	32	45	52	60	14	37	44	68	33	37	45	0	59	55	58	27	26	40	25	51	42	20	31	66	61	72	61	63	51	69	58	65	33	53	14	36	52	78	14	57	15	35	15	4	60	59	51	25	29	59	20	20	13	52	30	46	54	24	67	64	5	26	39	28	46	61	
25	35	7	16	41	42	54	38	12	46	39	31	19	29	27	50	59	0	7	4	39	48	32	43	36	26	39	33	34	44	19	6	8	8	15	46	6	52	12	51	30	34	19	70	42	69	25	55	58	23	18	50	48	32	11	42	51	46	12	31	26	26	42	11	24	65	44	34	32	31	14	
31	29	12	11	34	35	55	31	8	43	39	33	16	27	21	51	55	7	0	3	38	41	25	42	29	26	35	32	29	37	26	13	15	6	22	39	9	51	15	46	23	37	25	64	35	63	23	53	54	28	12	52	42	29	6	39	45	42	14	25	19	30	40	18	19	60	37	27	27	24	10	
28	32	10	12	38	38	56	34	8	46	40	33	16	29	25	52	58	4	3	0	40	45	29	44	32	27	38	34	30	40	23	10	12	8	19	42	6	53	15	49	27	36	22	68	38	67	25	55	57	27	14	52	45	32	7	41	48	45	14	29	22	30	42	15	20	63	41	31	30	27	10	
61	29	35	47	30	36	24	50	45	13	11	17	54	11	29	22	27	39	38	40	0	35	37	4	48	16	13	6	59	61	48	38	40	32	45	59	45	15	29	29	31	25	55	41	57	41	15	17	24	33	46	27	35	9	44	8	33	19	29	23	39	27	2	44	53	33	32	37	18	41	47	
73	12	48	42	7	7	59	27	43	26	46	48	49	33	20	58	26	48	41	45	35	0	18	36	26	43	21	35	42	36	65	51	54	40	61	32	51	49	46	11	17	57	67	27	32	25	32	36	28	58	40	62	1	29	43	28	6	19	45	18	25	55	34	58	42	28	4	16	21	23	43	
57	9	35	24	13	10	60	13	25	33	44	43	31	29	8	58	40	32	25	29	37	18	0	39	12	36	26	33	26	24	51	37	39	26	47	22	34	52	35	26	5	51	51	44	20	43	26	44	41	48	22	61	18	27	25	32	23	28	34	13	7	46	37	43	25	43	15	2	18	6	26	
65	31	39	51	32	38	23	53	49	12	12	20	58	15	32	21	25	43	42	44	4	36	39	0	51	20	15	10	62	63	52	42	44	36	49	62	49	12	33	28	34	28	59	39	59	39	19	13	21	37	50	27	36	13	48	8	34	18	33	26	42	30	2	48	57	30	33	40	21	44	51	
57	20	40	23	24	19	72	2	25	45	55	53	27	40	19	69	51	36	29	32	48	26	12	51	0	46	38	45	15	12	55	42	44	32	51	11	36	64	42	37	17	60	52	54	8	52	36	56	52	55	19	72	27	39	26	44	32	40	41	25	11	55	49	47	19	54	25	12	30	7	25	
45	32	20	37	36	40	28	48	34	28	13	7	43	10	28	25	42	26	26	27	16	43	36	20	46	0	24	10	53	58	31	23	24	20	29	58	32	26	14	40	31	14	39	55	55	55	11	33	39	18	38	26	43	14	33	22	43	31	14	25	35	12	19	28	45	48	39	38	22	39	36	
64	17	37	42	17	23	38	39	41	8	24	28	49	14	20	36	20	39	35	38	13	21	26	15	38	24	0	15	50	50	53	41	43	31	49	48	45	27	33	16	20	37	58	31	46	31	15	19	18	42	41	41	21	9	40	7	20	7	32	13	30	36	13	47	47	25	18	25	9	31	42	
55	27	28	41	29	35	26	47	39	17	10	13	48	5	26	24	31	33	32	34	6	35	33	10	45	10	15	0	55	57	42	32	34	26	39	56	39	19	23	31	28	22	49	45	53	45	9	23	29	28	41	27	35	6	38	11	35	21	22	20	35	22	8	38	48	37	32	34	16	38	41	
51	35	41	18	39	34	81	15	22	58	64	60	19	49	30	77	66	34	29	30	59	42	26	62	15	53	50	55	0	13	52	41	42	34	48	17	32	74	44	52	30	65	47	69	14	68	45	70	67	57	16	79	43	49	23	57	48	54	44	37	20	59	60	44	10	69	40	27	42	20	20	
63	32	49	29	35	29	84	10	32	57	67	65	31	52	31	81	61	44	37	40	61	36	24	63	12	58	50	57	13	0	62	50	52	42	59	5	43	76	52	47	29	71	59	63	4	61	48	68	63	65	26	84	37	51	33	56	42	51	51	37	22	66	61	54	22	64	35	24	42	19	31	
15	52	16	33	58	60	54	57	30	58	43	34	34	39	45	50	72	19	26	23	48	65	51	52	55	31	53	42	52	62	0	13	11	25	4	65	19	56	19	67	48	31	10	84	61	84	37	65	70	17	36	48	65	43	29	53	68	60	20	47	45	24	51	8	41	78	61	53	46	50	31	
23	39	3	22	44	46	50	44	19	47	36	28	25	28	31	46	61	6	13	10	38	51	37	42	42	23	41	32	41	50	13	0	2	11	9	52	10	49	9	54	34	28	17	72	49	71	25	55	59	17	25	45	52	32	17	42	54	48	9	34	32	21	41	6	31	66	47	39	34	37	21	
21	41	5	24	46	48	51	46	20	49	37	29	26	30	34	47	63	8	15	12	40	54	39	44	44	24	43	34	42	52	11	2	0	13	7	54	11	50	10	56	37	29	15	74	50	73	27	57	61	16	26	46	54	34	19	44	56	50	11	36	34	21	42	4	32	68	50	41	36	39	22	
33	27	9	17	33	34	49	34	14	38	32	26	23	21	20	45	51	8	6	8	32	40	26	36	32	20	31	26	34	42	25	11	13	0	21	43	13	45	10	43	23	31	27	61	39	60	17	47	50	23	18	46	40	24	13	33	43	38	9	22	21	24	34	17	25	56	36	28	23	26	16	
16	48	12	30	54	55	53	53	26	55	40	32	30	36	41	49	69	15	22	19	45	61	47	49	51	29	49	39	48	59	4	9	7	21	0	61	16	54	16	63	44	30	11	80	57	80	33	62	67	16	32	47	61	40	25	49	64	56	16	43	41	23	48	4	38	74	57	49	43	46	28	
66	30	51	32	32	26	83	9	35	55	67	65	34	51	30	80	58	46	39	42	59	32	22	62	11	58	48	56	17	5	65	52	54	43	61	0	46	74	53	43	28	72	62	59	4	57	48	66	60	67	29	83	33	50	36	54	38	48	52	36	22	67	60	57	25	60	32	22	41	18	34	
22	39	12	14	44	44	60	38	11	52	45	37	15	34	31	56	65	6	9	6	45	51	34	49	36	32	45	39	32	43	19	10	11	13	16	46	0	58	18	55	33	39	16	74	42	73	31	61	63	27	17	55	52	37	10	47	55	51	18	35	27	32	48	12	22	70	47	37	36	32	12	
70	44	46	61	44	50	12	66	59	23	13	22	68	25	44	12	33	52	51	53	15	49	52	12	64	26	27	19	74	76	56	49	50	45	54	74	58	0	40	40	46	27	65	47	72	48	29	18	29	39	61	18	48	25	57	20	46	30	40	38	54	32	14	54	68	38	46	52	33	57	61	
32	34	6	26	39	42	41	44	23	39	27	19	31	20	28	37	53	12	15	15	29	46	35	33	42	14	33	23	44	52	19	9	10	10	16	53	18	40	0	47	31	21	25	64	49	64	17	46	51	13	28	37	47	24	22	33	48	40	1	28	31	14	32	14	35	58	42	37	27	35	25	
77	18	50	49	13	18	51	38	49	17	40	44	56	30	25	50	14	51	46	49	29	11	26	28	37	40	16	31	52	47	67	54	56	43	63	43	55	40	47	0	24	53	70	18	43	17	30	25	17	57	47	56	10	25	49	21	6	10	46	20	33	52	27	60	51	17	12	25	20	32	50	
55	5	32	25	11	11	55	19	25	28	39	38	32	23	3	52	36	30	23	27	31	17	5	34	17	31	20	28	30	29	48	34	37	23	44	28	33	46	31	24	0	45	49	42	25	41	20	40	37	44	23	55	18	21	25	27	22	24	30	8	10	41	31	40	27	40	14	6	13	10	26	
46	47	26	48	50	55	23	62	45	38	15	9	53	24	43	19	52	34	37	36	25	57	51	28	60	14	37	22	65	71	31	28	29	31	30	72	39	27	21	53	45	0	41	66	68	67	25	41	49	14	49	17	57	28	43	33	57	43	22	40	49	7	28	31	56	58	53	52	36	53	47	
6	54	20	30	60	61	64	54	27	64	51	42	28	45	47	60	78	19	25	22	55	67	51	59	52	39	58	49	47	59	10	17	15	27	11	62	16	65	25	70	49	41	0	89	58	88	43	72	76	27	33	58	67	49	26	59	70	65	26	50	44	34	58	11	37	83	63	53	50	49	28	
95	37	68	68	31	35	59	54	68	27	51	57	75	45	44	59	14	70	64	68	41	27	44	39	54	55	31	45	69	63	84	72	74	61	80	59	74	47	64	18	42	66	89	0	59	2	47	29	18	73	66	65	26	41	67	33	21	24	64	39	52	67	38	78	70	9	29	43	38	50	69	
62	28	47	28	31	25	80	6	31	53	64	62	31	48	27	77	57	42	35	38	57	32	20	59	8	55	46	53	14	4	61	49	50	39	57	4	42	72	49	43	25	68	58	59	0	57	45	64	59	63	25	80	33	47	32	52	38	47	48	33	19	63	57	53	21	60	31	20	38	15	30	
94	35	68	67	30	33	60	52	67	28	52	58	74	45	43	60	15	69	63	67	41	25	43	39	52	55	31	45	68	61	84	71	73	60	80	57	73	48	64	17	41	67	88	2	57	0	46	30	19	73	64	66	25	41	66	33	20	24	63	38	50	67	39	77	68	10	28	41	37	49	68	
49	21	22	32	25	29	35	38	30	21	19	17	39	4	18	32	35	25	23	25	15	32	26	19	36	11	15	9	45	48	37	25	27	17	33	48	31	29	17	30	20	25	43	47	45	46	0	30	33	27	32	35	32	6	29	16	32	22	16	14	26	23	17	32	38	41	28	27	11	29	32	
78	36	51	61	34	40	30	58	59	11	25	33	68	26	39	30	15	55	53	55	17	36	44	13	56	33	19	23	70	68	65	55	57	47	62	66	61	18	46	25	40	41	72	29	64	30	30	0	11	50	60	36	35	23	58	14	31	17	46	32	49	43	14	61	66	20	34	44	28	50	61	
83	32	55	60	28	34	41	53	59	12	34	41	68	31	37	41	4	58	54	57	24	28	41	21	52	39	18	29	67	63	70	59	61	50	67	60	63	29	51	17	37	49	76	18	59	19	33	11	0	57	59	47	27	27	59	17	23	13	50	30	47	51	21	65	64	9	28	40	27	47	61	
32	47	16	39	51	55	37	57	35	46	26	18	42	27	41	33	60	23	28	27	33	58	48	37	55	18	42	28	57	65	17	17	16	23	16	67	27	39	13	57	44	14	27	73	63	73	27	50	57	0	41	31	58	32	34	40	59	49	14	40	44	7	36	18	47	66	54	50	38	49	37	
38	29	24	3	34	32	66	21	6	49	50	44	9	36	22	63	59	18	12	14	46	40	22	50	19	38	41	41	16	26	36	25	26	18	32	29	17	61	28	47	23	49	33	66	25	64	32	60	59	41	0	64	40	37	7	46	44	46	27	28	14	43	48	28	7	63	36	24	32	17	5	
63	55	43	63	57	63	8	74	60	39	17	19	68	32	53	6	51	50	52	52	27	62	61	27	72	26	41	27	79	84	48	45	46	46	47	83	55	18	37	56	55	17	58	65	80	66	35	36	47	31	64	0	62	34	59	34	61	45	38	48	61	24	28	48	71	56	59	62	43	65	62	
74	13	49	43	7	8	59	28	43	25	45	48	50	33	20	57	25	48	42	45	35	1	18	36	27	43	21	35	43	37	65	52	54	40	61	33	52	48	47	10	18	57	67	26	33	25	32	35	27	58	40	62	0	29	43	28	5	18	46	18	26	55	34	58	43	27	4	17	21	24	44	
56	21	28	38	23	28	33	41	36	15	17	19	45	4	20	30	29	32	29	32	9	29	27	13	39	14	9	6	49	51	43	32	34	24	40	50	37	25	24	25	21	28	49	41	47	41	6	23	27	32	37	34	29	0	35	9	29	17	23	14	29	26	11	38	43	34	25	28	9	32	38	
31	31	17	5	36	36	62	28	1	48	45	39	10	33	23	58	59	11	6	7	44	43	25	48	26	33	40	38	23	33	29	17	19	13	25	36	10	57	22	49	25	43	26	67	32	66	29	58	59	34	7	59	43	35	0	44	47	46	21	29	18	36	46	21	13	64	39	28	31	22	3	
65	24	38	47	24	30	31	46	45	5	19	24	54	13	26	29	20	42	39	41	8	28	32	8	44	22	7	11	57	56	53	42	44	33	49	54	47	20	33	21	27	33	59	33	52	33	16	14	17	40	46	34	28	9	44	0	26	11	33	19	36	34	6	48	52	26	25	32	14	38	47	
77	16	51	47	10	13	57	33	47	22	44	48	54	33	24	55	20	51	45	48	33	6	23	34	32	43	20	35	48	42	68	54	56	43	64	38	55	46	48	6	22	57	70	21	38	20	32	31	23	59	44	61	5	29	47	26	0	15	47	20	30	55	32	61	48	22	8	21	21	28	48	
71	19	44	47	16	22	41	41	46	7	30	34	55	21	24	40	13	46	42	45	19	19	28	18	40	31	7	21	54	51	60	48	50	38	56	48	51	30	40	10	24	43	65	24	47	24	22	17	13	49	46	45	18	17	46	11	15	0	39	17	34	43	17	54	51	18	17	27	14	34	48	
32	33	6	26	38	41	41	43	22	38	27	19	30	19	27	38	52	12	14	14	29	45	34	33	41	14	32	22	44	51	20	9	11	9	16	52	18	40	1	46	30	22	26	64	48	63	16	46	50	14	27	38	46	23	21	33	47	39	0	27	30	15	31	15	34	57	41	36	26	34	25	
56	7	30	30	11	15	47	27	29	21	31	31	37	16	7	44	30	31	25	29	23	18	13	26	25	25	13	20	37	37	47	34	36	22	43	36	35	38	28	20	8	40	50	39	33	38	14	32	30	40	28	48	18	14	29	19	20	17	27	0	17	37	23	40	34	35	14	14	5	18	31	
50	15	30	16	20	18	62	13	18	38	45	42	23	30	10	58	46	26	19	22	39	25	7	42	11	35	30	35	20	22	45	32	34	21	41	22	27	54	31	33	10	49	44	52	19	50	26	49	47	44	14	61	26	29	18	36	30	34	30	17	0	44	40	37	17	50	22	9	21	5	18	
39	44	19	41	48	52	30	57	38	39	19	10	46	22	39	26	54	26	30	30	27	55	46	30	55	12	36	22	59	66	24	21	21	24	23	67	32	32	14	52	41	7	34	67	63	67	23	43	51	7	43	24	55	26	36	34	55	43	15	37	44	0	30	24	50	60	51	48	34	48	40	
64	29	37	49	30	36	25	51	47	11	13	19	56	13	30	23	24	42	40	42	2	34	37	2	49	19	13	8	60	61	51	41	42	34	48	60	48	14	32	27	31	28	58	38	57	39	17	14	21	36	48	28	34	11	46	6	32	17	31	23	40	30	0	46	55	30	31	37	18	42	49	
17	45	9	25	51	52	54	49	22	53	40	32	26	34	38	50	67	11	18	15	44	58	43	48	47	28	47	38	44	54	8	6	4	17	4	57	12	54	14	60	40	31	11	78	53	77	32	61	65	18	28	48	58	38	21	48	61	54	15	40	37	24	46	0	34	72	54	45	40	42	24	
41	33	31	8	38	35	73	20	12	55	57	52	9	43	27	70	64	24	19	20	53	42	25	57	19	45	47	48	10	22	41	31	32	25	38	25	22	68	35	51	27	56	37	70	21	68	38	66	64	47	7	71	43	43	13	52	48	51	34	34	17	50	55	34	0	68	40	26	38	19	10	
90	34	63	65	30	35	50	55	64	20	43	50	72	39	41	50	5	65	60	63	33	28	43	30	54	48	25	37	69	64	78	66	68	56	74	60	70	38	58	17	40	58	83	9	60	10	41	20	9	66	63	56	27	34	64	26	22	18	57	35	50	60	30	72	68	0	29	42	33	49	66	
69	8	44	39	3	6	56	26	39	24	42	44	46	29	16	55	26	44	37	41	32	4	15	33	25	39	18	32	40	35	61	47	50	36	57	32	47	46	42	12	14	53	63	29	31	28	28	34	28	54	36	59	4	25	39	25	8	17	41	14	22	51	31	54	40	29	0	13	17	20	40	
59	8	37	26	12	8	61	13	27	33	45	44	33	30	9	58	39	34	27	31	37	16	2	40	12	38	25	34	27	24	53	39	41	28	49	22	37	52	37	25	6	52	53	43	20	41	27	44	40	50	24	62	17	28	28	32	21	27	36	14	9	48	37	45	26	42	13	0	19	7	28	
57	11	30	33	14	19	42	32	32	17	26	27	40	12	11	40	28	32	27	30	18	21	18	21	30	22	9	16	42	42	46	34	36	23	43	41	36	33	27	20	13	36	50	38	38	37	11	28	27	38	32	43	21	9	31	14	21	14	26	5	21	34	18	40	38	33	17	19	0	23	33	
54	15	35	20	19	15	65	9	22	39	48	46	26	33	12	62	46	31	24	27	41	23	6	44	7	39	31	38	20	19	50	37	39	26	46	18	32	57	35	32	10	53	49	50	15	49	29	50	47	49	17	65	24	32	22	38	28	34	34	18	5	48	42	42	19	49	20	7	23	0	22	
32	32	21	2	38	36	65	26	2	50	49	43	7	36	25	61	61	14	10	10	47	43	26	51	25	36	42	41	20	31	31	21	22	16	28	34	12	61	25	50	26	47	28	69	30	68	32	61	61	37	5	62	44	38	3	47	48	48	25	31	18	40	49	24	10	66	40	28	33	22	0	

