2  70
53	76	21	80	68	5	61	47	14	21	72	61	30	82	18	91	5	91	15	41	93	25	74	10	63	40	87	81	30	43	39	62	57	42	44	13	70	74	99	86	72	23	32	3	100	7	51	3	15	73	78	85	65	66	49	77	17	7	93	56	86	58	58	45	65	96	88	29	91	83	
32	98	33	54	95	58	56	4	90	38	33	97	15	15	64	85	16	88	77	56	61	35	67	88	66	66	49	54	28	23	72	30	88	26	92	53	72	25	27	6	57	56	7	48	92	56	33	76	19	42	65	44	37	98	55	12	49	93	30	74	21	54	59	5	23	29	96	99	48	66	
1656	1365	101	1113	1217	1902	1836	106	676	898	894	1966	1962	2489	1706	3274	1238	83	685	321	2998	1822	3458	1687	3474	3120	692	2834	1726	433	3140	472	1828	646	114	1946	2402	2875	694	413	2486	268	1162	2201	2726	2747	3472	1194	3277	589	710	425	1561	934	2580	3359	1611	1893	3092	2555	193	1842	1416	2070	2853	1742	2265	1228	562	1449	
0	65	64	30	63	70	58	32	56	53	67	44	45	53	68	80	53	32	55	46	47	65	58	49	15	58	78	57	35	38	73	24	55	35	59	64	56	88	44	75	68	37	48	69	40	17	36	37	59	33	38	54	51	41	70	28	69	69	62	89	43	69	43	59	60	57	74	67	49	72	74	
65	0	83	35	10	49	77	62	51	16	3	60	71	68	81	46	14	44	41	38	28	39	77	16	50	72	60	14	49	56	30	43	10	30	18	5	66	60	24	29	5	52	63	80	60	51	29	30	73	32	32	16	31	49	84	62	52	75	45	57	36	67	22	63	5	48	39	40	18	54	28	
64	83	0	67	73	44	6	32	33	67	82	25	19	15	8	58	69	45	43	45	55	50	6	75	64	11	42	68	38	31	65	56	78	69	65	78	17	54	62	68	83	35	21	8	27	53	68	60	10	63	54	67	51	36	7	36	40	16	42	58	47	24	69	21	82	36	57	49	67	40	68	
30	35	67	0	34	53	60	37	44	25	37	42	49	52	68	59	25	22	38	29	24	45	60	19	15	57	64	29	28	35	48	11	25	5	32	34	53	70	17	49	39	31	46	68	39	18	6	11	58	5	16	26	29	32	71	35	54	65	45	69	25	62	13	53	30	43	52	47	21	56	48	
63	10	73	34	0	38	68	55	41	10	9	51	62	58	71	36	9	38	31	29	19	28	68	17	49	62	49	6	41	48	20	39	14	30	8	5	56	50	19	19	9	44	54	70	52	47	28	26	63	29	27	9	22	40	74	56	42	64	34	47	28	57	21	53	13	38	29	30	13	43	18	
70	49	44	53	38	0	41	44	16	37	47	32	42	33	39	14	39	38	16	25	30	10	41	49	61	34	11	35	35	35	23	49	49	52	31	44	29	17	38	25	46	35	32	38	37	53	50	42	35	48	37	36	24	29	41	48	4	30	8	18	29	21	47	24	50	14	13	8	40	5	26	
58	77	6	60	68	41	0	26	28	61	77	18	13	10	11	55	63	38	38	39	50	46	0	69	58	7	40	63	32	25	61	50	72	63	60	73	12	52	56	63	77	29	15	11	21	47	61	54	6	57	48	61	46	30	12	30	37	16	37	56	41	22	63	17	76	31	54	45	61	38	64	
32	62	32	37	55	44	26	0	27	45	62	12	13	20	36	57	47	17	31	27	35	43	26	49	32	25	49	49	13	8	56	26	54	40	47	58	24	61	38	58	63	11	15	36	7	21	39	33	26	35	29	46	34	16	38	4	41	37	36	62	26	37	43	27	59	29	52	43	44	43	58	
56	51	33	44	41	16	28	27	0	35	50	16	27	18	30	29	37	24	9	15	25	18	28	45	49	21	22	36	20	19	33	37	47	44	32	46	16	33	32	35	50	19	17	29	20	39	42	34	23	39	28	35	19	14	33	31	14	24	10	34	19	18	41	12	50	3	27	18	36	16	35	
53	16	67	25	10	37	61	45	35	0	17	43	54	51	65	38	2	28	25	21	11	27	61	12	39	55	48	4	32	39	24	29	12	21	8	12	50	51	9	25	17	35	46	65	43	37	19	16	57	20	17	1	15	32	68	46	39	59	31	49	20	53	12	48	15	33	31	29	4	41	24	
67	3	82	37	9	47	77	62	50	17	0	60	71	67	80	43	15	45	40	38	28	37	77	18	52	71	57	14	49	56	27	45	13	32	17	4	65	57	25	26	1	52	63	79	60	53	31	32	73	34	33	16	31	49	83	63	51	73	43	54	37	66	24	62	9	47	36	38	19	52	25	
44	60	25	42	51	32	18	12	16	43	60	0	11	10	26	46	45	20	23	21	32	34	18	50	42	15	37	45	13	7	48	32	54	44	43	55	12	48	37	50	60	10	4	26	5	31	42	35	16	38	30	43	29	11	28	17	29	25	26	50	23	25	45	14	58	19	43	34	43	31	50	
45	71	19	49	62	42	13	13	27	54	71	11	0	11	23	56	56	28	34	33	43	45	13	60	46	14	45	56	22	14	59	38	64	52	54	66	15	57	47	61	71	19	10	24	10	35	51	44	14	47	39	54	40	21	25	17	39	26	37	60	34	29	54	20	68	30	54	45	53	40	61	
53	68	15	52	58	33	10	20	18	51	67	10	11	0	16	47	53	30	28	29	40	37	10	59	52	5	34	53	24	17	52	42	63	54	50	63	4	46	46	54	67	20	6	16	14	41	52	45	6	48	39	51	36	20	18	25	29	16	28	49	32	18	54	9	66	22	45	36	51	30	54	
68	81	8	68	71	39	11	36	30	65	80	26	23	16	0	52	67	46	40	44	54	46	11	74	68	11	35	66	40	33	61	59	77	70	62	76	15	47	61	63	80	36	22	1	30	57	68	60	10	64	55	65	49	36	2	40	34	9	38	51	47	17	69	17	80	33	52	45	66	34	64	
80	46	58	59	36	14	55	57	29	38	43	46	56	47	52	0	40	48	26	34	35	14	55	50	70	48	18	35	46	48	16	58	49	57	30	41	43	14	42	17	42	46	46	51	50	63	55	48	49	53	44	37	30	41	54	60	18	43	20	11	37	34	50	38	49	27	7	13	42	17	18	
53	14	69	25	9	39	63	47	37	2	15	45	56	53	67	40	0	30	28	24	13	29	63	10	39	58	50	5	34	41	25	30	10	20	9	11	52	53	10	26	16	37	48	67	45	38	18	17	59	20	18	3	18	34	70	48	41	61	33	50	22	55	12	50	12	35	32	31	4	43	25	
32	44	45	22	38	38	38	17	24	28	45	20	28	30	46	48	30	0	22	14	19	33	38	32	24	35	47	32	6	13	43	13	37	24	32	41	31	56	20	44	46	9	24	46	18	15	23	16	36	18	12	29	19	11	49	17	37	44	29	56	11	41	26	32	41	25	42	34	26	39	44	
55	41	43	38	31	16	38	31	9	25	40	23	34	28	40	26	28	22	0	8	16	11	38	36	45	31	25	26	20	23	25	33	38	37	22	36	25	33	24	27	40	21	25	39	26	37	35	27	33	32	21	25	10	15	43	34	16	33	7	33	13	27	33	22	40	7	21	12	27	18	27	
46	38	45	29	29	25	39	27	15	21	38	21	33	29	44	34	24	14	8	0	10	19	39	30	36	34	34	23	14	19	29	24	33	29	21	33	28	42	17	31	38	16	25	43	23	29	27	19	35	24	13	22	7	11	46	29	25	39	16	42	4	33	26	26	36	14	28	20	22	27	31	
47	28	55	24	19	30	50	35	25	11	28	32	43	40	54	35	13	19	16	10	0	21	50	20	35	44	41	13	21	28	26	23	23	22	13	23	39	46	8	27	28	24	35	54	32	30	19	13	46	18	9	11	6	21	57	36	32	49	23	45	8	43	17	37	26	23	28	23	11	34	26	
65	39	50	45	28	10	46	43	18	27	37	34	45	37	46	14	29	33	11	19	21	0	46	39	55	39	21	25	32	34	15	43	39	43	20	33	33	25	29	17	36	32	35	45	37	48	41	34	40	39	29	26	16	27	49	46	13	38	8	24	22	30	37	29	40	15	9	2	30	15	17	
58	77	6	60	68	41	0	26	28	61	77	18	13	10	11	55	63	38	38	39	50	46	0	69	58	7	40	63	32	25	61	50	72	63	60	73	12	52	56	63	77	29	15	11	21	47	61	54	6	57	48	61	46	30	12	30	37	16	37	56	41	22	63	17	76	31	54	45	61	38	64	
49	16	75	19	17	49	69	49	45	12	18	50	60	59	74	50	10	32	36	30	20	39	69	0	34	64	60	15	37	45	36	27	6	14	19	16	58	63	13	36	20	41	54	73	49	35	13	16	65	16	20	13	25	39	77	49	51	69	42	61	27	63	6	57	11	43	43	41	9	53	35	
15	50	64	15	49	61	58	32	49	39	52	42	46	52	68	70	39	24	45	36	35	55	58	34	0	57	71	43	29	35	61	12	40	20	46	49	54	79	30	62	54	32	46	68	38	11	21	23	58	19	26	40	39	35	70	29	61	67	53	79	33	65	28	55	45	49	63	57	35	63	61	
58	72	11	57	62	34	7	25	21	55	71	15	14	5	11	48	58	35	31	34	44	39	7	64	57	0	33	57	29	22	54	47	67	59	54	67	5	46	51	57	71	25	11	11	19	46	57	50	1	53	44	55	40	25	13	29	30	12	31	49	36	16	59	10	70	25	47	38	56	31	57	
78	60	42	64	49	11	40	49	22	48	57	37	45	34	35	18	50	47	25	34	41	21	40	60	71	33	0	46	43	41	32	59	60	62	41	54	29	12	49	34	57	41	35	34	42	61	60	53	34	58	47	47	35	37	37	53	9	26	18	16	38	18	58	24	61	21	22	19	51	7	35	
57	14	68	29	6	35	63	49	36	4	14	45	56	53	66	35	5	32	26	23	13	25	63	15	43	57	46	0	35	42	21	33	14	25	5	10	51	49	13	21	14	38	48	65	46	41	23	20	58	24	21	3	17	34	69	50	38	60	30	46	22	53	16	48	14	33	28	27	8	40	20	
35	49	38	28	41	35	32	13	20	32	49	13	22	24	40	46	34	6	20	14	21	32	32	37	29	29	43	35	0	7	43	19	42	30	34	45	25	53	25	45	50	3	18	40	12	19	29	22	30	25	17	33	21	5	42	15	34	38	27	53	13	35	31	26	46	21	41	33	31	36	45	
38	56	31	35	48	35	25	8	19	39	56	7	14	17	33	48	41	13	23	19	28	34	25	45	35	22	41	42	7	0	48	25	49	38	40	52	19	52	32	50	57	4	11	33	4	24	36	29	23	32	24	40	26	8	35	12	33	32	28	54	19	31	39	21	53	21	44	35	38	35	50	
73	30	65	48	20	23	61	56	33	24	27	48	59	52	61	16	25	43	25	29	26	15	61	36	61	54	32	21	43	48	0	49	34	45	16	25	49	30	31	2	26	45	49	60	51	56	43	38	56	43	35	23	23	40	64	58	27	53	23	27	31	45	37	44	33	30	10	16	28	28	2	
24	43	56	11	39	49	50	26	37	29	45	32	38	42	59	58	30	13	33	24	23	43	50	27	12	47	59	33	19	25	49	0	33	15	35	41	44	67	20	51	46	22	36	58	29	8	15	13	49	11	14	30	27	24	61	24	49	57	41	67	20	54	21	45	38	37	51	44	26	51	50	
55	10	78	25	14	49	72	54	47	12	13	54	64	63	77	49	10	37	38	33	23	39	72	6	40	67	60	14	42	49	34	33	0	20	19	11	62	63	17	33	14	45	58	77	54	41	19	21	69	22	25	13	28	43	80	54	52	72	43	60	31	65	12	60	5	45	42	41	11	54	32	
35	30	69	5	30	52	63	40	44	21	32	44	52	54	70	57	20	24	37	29	22	43	63	14	20	59	62	25	30	38	45	15	20	0	29	29	54	68	14	46	34	34	48	69	42	22	2	10	60	5	16	22	27	33	72	38	53	66	44	67	25	62	8	54	25	43	50	45	17	55	45	
59	18	65	32	8	31	60	47	32	8	17	43	54	50	62	30	9	32	22	21	13	20	60	19	46	54	41	5	34	40	16	35	19	29	0	13	48	44	15	17	17	37	46	62	44	42	26	22	55	27	21	6	14	32	65	49	34	56	26	41	21	49	20	45	19	29	23	22	12	35	16	
64	5	78	34	5	44	73	58	46	12	4	55	66	63	76	41	11	41	36	33	23	33	73	16	49	67	54	10	45	52	25	41	11	29	13	0	61	55	21	24	5	48	58	75	56	49	28	28	68	30	29	12	27	44	79	59	47	69	39	52	32	62	20	58	8	43	34	35	15	48	23	
56	66	17	53	56	29	12	24	16	50	65	12	15	4	15	43	52	31	25	28	39	33	12	58	54	5	29	51	25	19	49	44	62	54	48	61	0	42	45	51	65	22	8	15	16	43	53	45	7	49	39	50	34	20	18	28	25	13	25	45	31	14	54	5	65	19	41	33	50	26	51	
88	60	54	70	50	17	52	61	33	51	57	48	57	46	47	14	53	56	33	42	46	25	52	63	79	46	12	49	53	52	30	67	63	68	44	55	42	0	54	32	56	52	47	46	53	71	66	59	46	65	54	50	41	47	49	65	19	38	26	5	46	30	62	37	63	31	21	23	54	17	32	
44	24	62	17	19	38	56	38	32	9	25	37	47	46	61	42	10	20	24	17	8	29	56	13	30	51	49	13	25	32	31	20	17	14	15	21	45	54	0	31	26	28	41	60	37	28	12	7	52	12	8	10	14	26	64	38	40	56	31	52	14	50	9	44	21	30	35	31	6	42	31	
75	29	68	49	19	25	63	58	35	25	26	50	61	54	63	17	26	44	27	31	27	17	63	36	62	57	34	21	45	50	2	51	33	46	17	24	51	32	31	0	25	47	51	62	53	57	43	39	58	43	36	23	25	42	66	60	29	55	26	28	33	47	37	47	32	32	12	18	29	30	1	
68	5	83	39	9	46	77	63	50	17	1	60	71	67	80	42	16	46	40	38	28	36	77	20	54	71	57	14	50	57	26	46	14	34	17	5	65	56	26	25	0	53	63	79	61	54	32	33	73	35	34	17	31	49	83	64	50	73	43	53	37	66	25	62	10	47	36	38	20	51	24	
37	52	35	31	44	35	29	11	19	35	52	10	19	20	36	46	37	9	21	16	24	32	29	41	32	25	41	38	3	4	45	22	45	34	37	48	22	52	28	47	53	0	14	36	8	21	32	25	26	28	20	36	23	5	39	13	33	35	26	53	15	33	35	23	49	20	42	33	34	35	47	
48	63	21	46	54	32	15	15	17	46	63	4	10	6	22	46	48	24	25	25	35	35	15	54	46	11	35	48	18	11	49	36	58	48	46	58	8	47	41	51	63	14	0	22	8	35	46	39	12	42	33	47	31	15	24	20	29	21	27	50	26	22	48	12	61	20	44	35	46	31	52	
69	80	8	68	70	38	11	36	29	65	79	26	24	16	1	51	67	46	39	43	54	45	11	73	68	11	34	65	40	33	60	58	77	69	62	75	15	46	60	62	79	36	22	0	30	57	68	60	10	64	54	64	49	36	3	40	33	8	37	50	46	16	69	17	80	32	51	44	65	33	63	
40	60	27	39	52	37	21	7	20	43	60	5	10	14	30	50	45	18	26	23	32	37	21	49	38	19	42	46	12	4	51	29	54	42	44	56	16	53	37	53	61	8	8	30	0	27	41	34	20	36	29	44	30	11	32	12	34	29	30	55	23	30	43	19	58	23	46	37	43	36	53	
17	51	53	18	47	53	47	21	39	37	53	31	35	41	57	63	38	15	37	29	30	48	47	35	11	46	61	41	19	24	56	8	41	22	42	49	43	71	28	57	54	21	35	57	27	0	23	21	47	19	21	38	33	25	59	18	52	56	44	71	25	54	29	44	46	39	57	49	34	54	57	
36	29	68	6	28	50	61	39	42	19	31	42	51	52	68	55	18	23	35	27	19	41	61	13	21	57	60	23	29	36	43	15	19	2	26	28	53	66	12	43	32	32	46	68	41	23	0	8	59	4	14	20	25	32	71	38	51	65	42	65	23	60	7	52	24	41	47	43	15	53	43	
37	30	60	11	26	42	54	33	34	16	32	35	44	45	60	48	17	16	27	19	13	34	54	16	23	50	53	20	22	29	38	13	21	10	22	28	45	59	7	39	33	25	39	60	34	21	8	0	51	5	6	17	18	24	63	33	43	57	34	58	15	52	10	44	26	33	41	36	13	45	38	
59	73	10	58	63	35	6	26	23	57	73	16	14	6	10	49	59	36	33	35	46	40	6	65	58	1	34	58	30	23	56	49	69	60	55	68	7	46	52	58	73	26	12	10	20	47	59	51	0	55	45	57	41	26	12	30	31	12	32	50	38	17	60	11	72	26	48	40	57	32	58	
33	32	63	5	29	48	57	35	39	20	34	38	47	48	64	53	20	18	32	24	18	39	57	16	19	53	58	24	25	32	43	11	22	5	27	30	49	65	12	43	35	28	42	64	36	19	4	5	55	0	11	21	23	28	67	34	49	61	40	63	20	57	10	49	27	38	46	41	16	51	43	
38	32	54	16	27	37	48	29	28	17	33	30	39	39	55	44	18	12	21	13	9	29	48	20	26	44	47	21	17	24	35	14	25	16	21	29	39	54	8	36	34	20	33	54	29	21	14	6	45	11	0	18	13	18	57	29	38	50	29	53	9	46	15	38	29	27	37	31	14	40	36	
54	16	67	26	9	36	61	46	35	1	16	43	54	51	65	37	3	29	25	22	11	26	61	13	40	55	47	3	33	40	23	30	13	22	6	12	50	50	10	23	17	36	47	64	44	38	20	17	57	21	18	0	15	32	68	47	39	59	30	48	20	52	14	47	15	32	29	28	5	40	22	
51	31	51	29	22	24	46	34	19	15	31	29	40	36	49	30	18	19	10	7	6	16	46	25	39	40	35	17	21	26	23	27	28	27	14	27	34	41	14	25	31	23	31	49	30	33	25	18	41	23	13	15	0	18	52	36	26	43	17	40	8	37	23	32	30	17	24	17	17	28	24	
41	49	36	32	40	29	30	16	14	32	49	11	21	20	36	41	34	11	15	11	21	27	30	39	35	25	37	34	5	8	40	24	43	33	32	44	20	47	26	42	49	5	15	36	11	25	32	24	26	28	18	32	18	0	39	18	28	33	21	48	12	30	33	21	46	15	37	28	31	30	42	
70	84	7	71	74	41	12	38	33	68	83	28	25	18	2	54	70	49	43	46	57	49	12	77	70	13	37	69	42	35	64	61	80	72	65	79	18	49	64	66	83	39	24	3	32	59	71	63	12	67	57	68	52	39	0	42	37	11	40	53	49	19	72	20	83	36	55	48	69	37	66	
28	62	36	35	56	48	30	4	31	46	63	17	17	25	40	60	48	17	34	29	36	46	30	49	29	29	53	50	15	12	58	24	54	38	49	59	28	65	38	60	64	13	20	40	12	18	38	33	30	34	29	47	36	18	42	0	45	41	40	66	28	42	43	31	59	33	55	47	44	47	60	
69	52	40	54	42	4	37	41	14	39	51	29	39	29	34	18	41	37	16	25	32	13	37	51	61	30	9	38	34	33	27	49	52	53	34	47	25	19	40	29	50	33	29	33	34	52	51	43	31	49	38	39	26	28	37	45	0	25	9	21	29	17	49	20	53	12	18	12	42	2	30	
69	75	16	65	64	30	16	37	24	59	73	25	26	16	9	43	61	44	33	39	49	38	16	69	67	12	26	60	38	32	53	57	72	66	56	69	13	38	56	55	73	35	21	8	29	56	65	57	12	61	50	59	43	33	11	41	25	0	30	42	42	8	65	12	74	26	44	37	60	26	56	
62	45	42	45	34	8	37	36	10	31	43	26	37	28	38	20	33	29	7	16	23	8	37	42	53	31	18	30	27	28	23	41	43	44	26	39	25	26	31	26	43	26	27	37	30	44	42	34	32	40	29	30	17	21	40	40	9	30	0	26	20	22	40	21	45	7	17	8	33	11	26	
89	57	58	69	47	18	56	62	34	49	54	50	60	49	51	11	50	56	33	42	45	24	56	61	79	49	16	46	53	54	27	67	60	67	41	52	45	5	52	28	53	53	50	50	55	71	65	58	50	63	53	48	40	48	53	66	21	42	26	0	46	34	61	40	60	33	18	22	52	19	29	
43	36	47	25	28	29	41	26	19	20	37	23	34	32	47	37	22	11	13	4	8	22	41	27	33	36	38	22	13	19	31	20	31	25	21	32	31	46	14	33	37	15	26	46	23	25	23	15	38	20	9	20	8	12	49	28	29	42	20	46	0	37	22	30	34	18	31	24	19	31	32	
69	67	24	62	57	21	22	37	18	53	66	25	29	18	17	34	55	41	27	33	43	30	22	63	65	16	18	53	35	31	45	54	65	62	49	62	14	30	50	47	66	33	22	16	30	54	60	52	17	57	46	52	37	30	19	42	17	8	22	34	37	0	59	10	68	20	35	29	54	17	47	
43	22	69	13	21	47	63	43	41	12	24	45	54	54	69	50	12	26	33	26	17	37	63	6	28	59	58	16	31	39	37	21	12	8	20	20	54	62	9	37	25	35	48	69	43	29	7	10	60	10	15	14	23	33	72	43	49	65	40	61	22	59	0	52	17	39	43	39	8	51	37	
59	63	21	53	53	24	17	27	12	48	62	14	20	9	17	38	50	32	22	26	37	29	17	57	55	10	24	48	26	21	44	45	60	54	45	58	5	37	44	47	62	23	12	17	19	44	52	44	11	49	38	47	32	21	20	31	20	12	21	40	30	10	52	0	63	15	37	28	48	21	47	
60	5	82	30	13	50	76	59	50	15	9	58	68	66	80	49	12	41	40	36	26	40	76	11	45	70	61	14	46	53	33	38	5	25	19	8	65	63	21	32	10	49	61	80	58	46	24	26	72	27	29	15	30	46	83	59	53	74	45	60	34	68	17	63	0	48	42	42	15	55	31	
57	48	36	43	38	14	31	29	3	33	47	19	30	22	33	27	35	25	7	14	23	15	31	43	49	25	21	33	21	21	30	37	45	43	29	43	19	31	30	32	47	20	20	32	23	39	41	33	26	38	27	32	17	15	36	33	12	26	7	33	18	20	39	15	48	0	24	15	34	15	32	
74	39	57	52	29	13	54	52	27	31	36	43	54	45	52	7	32	42	21	28	28	9	54	43	63	47	22	28	41	44	10	51	42	50	23	34	41	21	35	12	36	42	44	51	46	57	47	41	48	46	37	29	24	37	55	55	18	44	17	18	31	35	43	37	42	24	0	9	34	18	13	
67	40	49	47	30	8	45	43	18	29	38	34	45	36	45	13	31	34	12	20	23	2	45	41	57	38	19	27	33	35	16	44	41	45	22	35	33	23	31	18	38	33	35	44	37	49	43	36	40	41	31	28	17	28	48	47	12	37	8	22	24	29	39	28	42	15	9	0	32	13	18	
49	18	67	21	13	40	61	44	36	4	19	43	53	51	66	42	4	26	27	22	11	30	61	9	35	56	51	8	31	38	28	26	11	17	12	15	50	54	6	29	20	34	46	65	43	34	15	13	57	16	14	5	17	31	69	44	42	60	33	52	19	54	8	48	15	34	34	32	0	44	28	
72	54	40	56	43	5	38	43	16	41	52	31	40	30	34	17	43	39	18	27	34	15	38	53	63	31	7	40	36	35	28	51	54	55	35	48	26	17	42	30	51	35	31	33	36	54	53	45	32	51	40	40	28	30	37	47	2	26	11	19	31	17	51	21	55	15	18	13	44	0	31	
74	28	68	48	18	26	64	58	35	24	25	50	61	54	64	18	25	44	27	31	26	17	64	35	61	57	35	20	45	50	2	50	32	45	16	23	51	32	31	1	24	47	52	63	53	57	43	38	58	43	36	22	24	42	66	60	30	56	26	29	32	47	37	47	31	32	13	18	28	31	0	

