2  50
42	77	82	72	24	47	52	27	41	95	56	27	33	81	28	90	23	24	83	80	37	61	29	95	85	10	11	29	28	84	58	56	16	89	32	99	15	51	17	55	16	18	82	46	32	58	37	45	86	25	
7	68	99	96	73	68	70	62	81	28	57	67	64	85	68	81	1	89	53	10	45	19	7	13	34	66	95	41	37	10	77	65	32	85	72	5	84	81	26	30	4	57	26	41	65	21	22	5	57	63	
2472	1425	1470	1895	1840	675	2392	1485	860	531	1968	1332	438	337	2113	1966	962	1542	1662	1005	1479	674	1832	1584	433	2151	1167	845	2311	1076	2127	2369	1504	123	1178	2065	1640	840	1709	1225	2480	1622	2026	1158	381	1514	193	1237	590	416	
0	85	59	46	83	69	34	57	71	67	85	60	60	67	10	83	28	46	5	18	29	53	15	60	53	20	58	68	51	65	42	67	72	79	64	60	64	92	59	63	60	17	78	72	16	56	71	37	59	25	90	
85	0	29	45	3	38	54	31	23	24	1	55	65	21	74	12	63	44	82	67	55	33	70	50	50	65	26	17	43	27	42	33	30	18	40	47	30	9	26	47	65	67	8	30	69	30	22	47	40	59	5	
59	29	0	32	26	42	36	2	12	8	29	52	39	24	49	24	44	31	55	43	33	21	44	47	22	41	10	12	15	6	21	36	38	34	16	21	31	34	13	46	39	42	21	38	43	18	29	24	13	35	33	
46	45	32	0	44	23	11	32	43	39	44	21	62	24	37	49	20	1	45	28	19	13	36	18	46	26	24	33	38	38	14	21	26	34	47	50	18	54	22	20	62	31	41	26	33	16	26	17	43	23	51	
83	3	26	44	0	39	53	28	20	21	4	56	62	21	73	9	62	43	80	65	54	32	69	51	47	63	24	15	41	24	41	34	31	20	37	44	31	9	24	48	62	65	5	31	67	29	23	45	37	57	7	
69	38	42	23	39	0	34	43	48	45	37	18	79	20	60	47	41	23	68	51	42	23	59	13	62	49	31	35	54	46	34	5	8	20	59	63	11	47	29	9	79	54	38	8	56	24	16	38	55	46	43	
34	54	36	11	53	34	0	35	47	43	54	29	59	34	26	56	9	12	33	17	9	21	25	27	43	15	30	40	37	42	15	32	37	45	48	49	29	62	29	30	59	20	49	37	22	24	37	13	43	12	60	
57	31	2	32	28	43	35	0	13	10	32	52	37	25	47	26	43	31	53	41	31	21	42	48	20	39	11	14	13	7	20	37	39	36	16	20	31	36	14	47	37	40	23	39	41	19	30	22	12	34	35	
71	23	12	43	20	48	47	13	0	4	24	60	42	28	61	13	56	42	67	55	45	30	56	55	27	53	19	12	22	6	32	42	42	35	17	24	37	25	21	54	42	54	15	42	55	27	32	36	17	47	26	
67	24	8	39	21	45	43	10	4	0	25	57	41	25	57	16	52	38	63	51	41	26	52	52	26	49	15	10	20	3	28	39	39	33	16	23	34	27	17	50	41	50	16	39	51	23	30	32	16	43	27	
85	1	29	44	4	37	54	32	24	25	0	54	66	20	74	14	63	43	82	67	55	32	71	49	51	65	26	18	44	28	42	32	29	17	41	48	29	10	26	46	66	67	9	29	69	29	21	47	41	59	6	
60	55	52	21	56	18	29	52	60	57	54	0	84	35	53	63	32	22	60	44	38	31	53	5	68	43	42	49	60	57	36	22	26	38	68	71	25	64	39	8	84	48	54	26	50	33	33	39	64	41	60	
60	65	39	62	62	79	59	37	42	41	66	84	0	63	52	55	63	62	55	53	50	56	47	81	17	53	48	50	25	38	48	74	76	73	25	18	68	67	51	81	0	49	57	76	49	55	68	46	25	49	68	
67	21	24	24	21	20	34	25	28	25	20	35	63	0	57	28	43	23	65	49	38	13	54	30	45	47	14	15	37	26	25	14	14	12	40	46	10	30	12	27	63	50	19	14	52	11	5	31	38	42	26	
10	74	49	37	73	60	26	47	61	57	74	53	52	57	0	73	21	37	7	9	19	43	5	53	43	11	48	58	41	54	32	58	63	69	54	51	54	82	48	56	52	7	67	63	5	46	61	27	49	15	80	
83	12	24	49	9	47	56	26	13	16	14	63	55	28	73	0	65	48	79	66	55	36	68	58	41	64	26	16	36	19	42	41	40	30	30	37	38	12	27	55	55	66	9	40	67	32	31	46	31	58	13	
28	63	44	20	62	41	9	43	56	52	63	32	63	43	21	65	0	20	28	13	13	30	22	32	49	12	39	49	44	50	23	40	45	54	56	55	38	72	38	35	63	17	58	45	19	33	46	21	51	13	69	
46	44	31	1	43	23	12	31	42	38	43	22	62	23	37	48	20	0	45	28	19	12	36	19	45	26	23	32	38	37	14	20	25	33	47	49	17	53	21	20	62	31	40	25	33	15	25	17	42	23	50	
5	82	55	45	80	68	33	53	67	63	82	60	55	65	7	79	28	45	0	16	27	51	11	60	48	18	55	65	47	61	39	66	70	76	59	55	62	89	56	63	55	14	75	70	13	53	68	34	55	23	87	
18	67	43	28	65	51	17	41	55	51	67	44	53	49	9	66	13	28	16	0	11	35	8	44	42	2	41	51	38	49	24	49	54	60	50	49	45	75	41	47	53	4	60	54	5	38	52	19	45	7	72	
29	55	33	19	54	42	9	31	45	41	55	38	50	38	19	55	13	19	27	11	0	24	17	36	36	9	29	40	31	39	13	39	43	49	43	42	35	63	29	38	50	12	49	43	14	26	41	8	38	4	61	
53	33	21	13	32	23	21	21	30	26	32	31	56	13	43	36	30	12	51	35	24	0	40	26	38	33	11	20	30	26	12	18	22	25	37	41	13	41	9	26	56	36	28	22	38	3	17	17	33	28	38	
15	70	44	36	69	59	25	42	56	52	71	53	47	54	5	68	22	36	11	8	17	40	0	52	38	10	44	53	36	50	29	56	61	66	49	46	52	77	44	55	47	5	63	61	3	42	58	23	44	13	76	
60	50	47	18	51	13	27	48	55	52	49	5	81	30	53	58	32	19	60	44	36	26	52	0	64	42	37	44	56	52	33	17	21	33	64	67	20	59	34	4	81	47	49	21	49	29	28	36	60	40	55	
53	50	22	46	47	62	43	20	27	26	51	68	17	45	43	41	49	45	48	42	36	38	38	64	0	41	31	34	8	23	31	56	59	56	12	7	51	53	34	64	17	39	42	59	39	37	51	30	10	36	53	
20	65	41	26	63	49	15	39	53	49	65	43	53	47	11	64	12	26	18	2	9	33	10	42	41	0	38	49	37	47	22	47	52	58	49	48	43	72	38	45	53	5	58	52	7	35	50	17	44	5	70	
58	26	10	24	24	31	30	11	19	15	26	42	48	14	48	26	39	23	55	41	29	11	44	37	31	38	0	10	23	15	16	26	27	26	27	32	20	33	2	36	48	41	19	27	42	8	19	21	24	33	31	
68	17	12	33	15	35	40	14	12	10	18	49	50	15	58	16	49	32	65	51	40	20	53	44	34	49	10	0	27	12	26	30	29	23	26	32	25	24	11	42	50	50	10	29	52	17	20	31	24	43	22	
51	43	15	38	41	54	37	13	22	20	44	60	25	37	41	36	44	38	47	38	31	30	36	56	8	37	23	27	0	17	24	48	50	49	12	11	43	48	26	56	25	36	35	50	36	29	43	24	7	32	47	
65	27	6	38	24	46	42	7	6	3	28	57	38	26	54	19	50	37	61	49	39	26	50	52	23	47	15	12	17	0	27	40	41	35	14	20	35	31	17	51	38	48	19	41	49	23	32	30	13	41	30	
42	42	21	14	41	34	15	20	32	28	42	36	48	25	32	42	23	14	39	24	13	12	29	33	31	22	16	26	24	27	0	30	34	37	34	35	25	50	16	34	48	25	36	34	26	13	29	5	29	17	48	
67	33	36	21	34	5	32	37	42	39	32	22	74	14	58	41	40	20	66	49	39	18	56	17	56	47	26	30	48	40	30	0	5	16	53	58	5	42	23	14	74	51	32	5	53	19	11	35	50	43	38	
72	30	38	26	31	8	37	39	42	39	29	26	76	14	63	40	45	25	70	54	43	22	61	21	59	52	27	29	50	41	34	5	0	12	54	59	9	39	25	17	76	56	31	0	58	21	9	39	51	48	35	
79	18	34	34	20	20	45	36	35	33	17	38	73	12	69	30	54	33	76	60	49	25	66	33	56	58	26	23	49	35	37	16	12	0	50	56	16	27	24	29	73	62	21	12	64	23	8	43	48	53	23	
64	40	16	47	37	59	48	16	17	16	41	68	25	40	54	30	56	47	59	50	43	37	49	64	12	49	27	26	12	14	34	53	54	50	0	7	48	42	30	63	25	48	32	54	49	35	46	35	5	44	43	
60	47	21	50	44	63	49	20	24	23	48	71	18	46	51	37	55	49	55	49	42	41	46	67	7	48	32	32	11	20	35	58	59	56	7	0	52	49	35	67	18	46	39	59	46	39	51	35	8	43	50	
64	30	31	18	31	11	29	31	37	34	29	25	68	10	54	38	38	17	62	45	35	13	52	20	51	43	20	25	43	35	25	5	9	16	48	52	0	39	17	17	68	47	29	9	49	13	8	30	44	39	36	
92	9	34	54	9	47	62	36	25	27	10	64	67	30	82	12	72	53	89	75	63	41	77	59	53	72	33	24	48	31	50	42	39	27	42	49	39	0	34	56	67	74	14	39	76	38	31	55	43	67	4	
59	26	13	22	24	29	29	14	21	17	26	39	51	12	48	27	38	21	56	41	29	9	44	34	34	38	2	11	26	17	16	23	25	24	30	35	17	34	0	33	51	41	20	25	43	6	17	21	27	33	31	
63	47	46	20	48	9	30	47	54	50	46	8	81	27	56	55	35	20	63	47	38	26	55	4	64	45	36	42	56	51	34	14	17	29	63	67	17	56	33	0	81	50	46	17	52	28	25	37	59	42	52	
60	65	39	62	62	79	59	37	42	41	66	84	0	63	52	55	63	62	55	53	50	56	47	81	17	53	48	50	25	38	48	74	76	73	25	18	68	67	51	81	0	49	57	76	49	55	68	46	25	49	68	
17	67	42	31	65	54	20	40	54	50	67	48	49	50	7	66	17	31	14	4	12	36	5	47	39	5	41	50	36	48	25	51	56	62	48	46	47	74	41	50	49	0	60	56	2	38	54	20	43	8	73	
78	8	21	41	5	38	49	23	15	16	9	54	57	19	67	9	58	40	75	60	49	28	63	49	42	58	19	10	35	19	36	32	31	21	32	39	29	14	20	46	57	60	0	31	62	25	21	41	32	53	12	
72	30	38	26	31	8	37	39	42	39	29	26	76	14	63	40	45	25	70	54	43	22	61	21	59	52	27	29	50	41	34	5	0	12	54	59	9	39	25	17	76	56	31	0	58	21	9	39	51	48	35	
16	69	43	33	67	56	22	41	55	51	69	50	49	52	5	67	19	33	13	5	14	38	3	49	39	7	42	52	36	49	26	53	58	64	49	46	49	76	43	52	49	2	62	58	0	40	56	21	44	10	74	
56	30	18	16	29	24	24	19	27	23	29	33	55	11	46	32	33	15	53	38	26	3	42	29	37	35	8	17	29	23	13	19	21	23	35	39	13	38	6	28	55	38	25	21	40	0	16	19	31	30	35	
71	22	29	26	23	16	37	30	32	30	21	33	68	5	61	31	46	25	68	52	41	17	58	28	51	50	19	20	43	32	29	11	9	8	46	51	8	31	17	25	68	54	21	9	56	16	0	35	43	45	27	
37	47	24	17	45	38	13	22	36	32	47	39	46	31	27	46	21	17	34	19	8	17	23	36	30	17	21	31	24	30	5	35	39	43	35	35	30	55	21	37	46	20	41	39	21	19	35	0	30	12	53	
59	40	13	43	37	55	43	12	17	16	41	64	25	38	49	31	51	42	55	45	38	33	44	60	10	44	24	24	7	13	29	50	51	48	5	8	44	43	27	59	25	43	32	51	44	31	43	30	0	39	43	
25	59	35	23	57	46	12	34	47	43	59	41	49	42	15	58	13	23	23	7	4	28	13	40	36	5	33	43	32	41	17	43	48	53	44	43	39	67	33	42	49	8	53	48	10	30	45	12	39	0	65	
90	5	33	51	7	43	60	35	26	27	6	60	68	26	80	13	69	50	87	72	61	38	76	55	53	70	31	22	47	30	48	38	35	23	43	50	36	4	31	52	68	73	12	35	74	35	27	53	43	65	0	

