2  150
14	6	6	63	29	39	78	32	59	56	59	39	62	56	85	9	9	39	67	46	29	45	65	66	30	39	61	54	32	82	49	35	69	96	58	86	66	76	30	62	79	49	48	66	94	38	62	40	54	32	91	16	41	13	57	84	68	43	27	26	94	72	10	84	41	61	4	83	14	72	24	13	3	42	11	59	67	73	55	99	82	64	27	65	60	19	65	62	98	43	86	71	95	84	93	8	70	7	44	78	33	77	33	89	39	33	73	64	71	15	25	28	98	50	54	88	31	46	63	3	43	98	90	52	63	54	11	93	24	59	33	31	58	8	33	86	23	38	15	67	74	84	37	57	32	21	100	18	81	45	
29	98	52	80	46	76	7	87	79	15	97	55	77	49	3	47	4	92	21	88	69	94	23	66	59	9	44	25	51	28	14	29	44	28	5	78	14	90	11	51	16	43	13	52	37	73	61	40	28	84	25	29	22	10	43	13	62	95	21	25	42	32	9	79	92	67	9	96	5	81	40	79	46	33	24	18	26	90	3	2	91	29	56	23	12	25	35	42	19	20	79	99	64	86	28	40	61	77	98	54	87	76	34	73	94	34	8	41	11	25	77	10	81	87	63	47	33	86	80	35	8	76	61	41	60	86	8	25	40	14	37	87	77	43	14	96	88	85	74	23	11	43	10	9	92	6	24	95	29	81	
2887	3017	700	3614	2892	4452	2008	5102	4845	779	1777	1497	1165	3401	3520	6919	5868	6031	4507	1205	4326	5948	7433	3853	601	760	1259	2039	3330	5612	7376	3058	3471	5391	404	907	959	6074	951	696	6928	2910	627	2372	4044	7234	1754	5486	211	1758	3406	3542	1733	3383	170	7299	3958	6528	4078	5975	4281	921	7064	2566	1430	756	6190	2438	820	3488	1528	1991	4783	1441	6974	5572	7473	1749	6245	5667	3057	6449	6106	6712	4630	5088	7296	5200	508	6186	500	6416	1820	3450	1576	5392	3713	7376	2380	4949	6663	902	432	5877	2159	1889	6127	4870	2192	1689	4430	2312	1917	7284	771	3383	7072	951	1401	7132	637	247	5756	4237	2636	2449	2680	448	740	3703	3330	4483	2415	3688	5764	4816	1176	7211	5984	791	3386	609	2605	749	5019	3784	5601	426	5214	4377	
0	41	73	80	16	68	66	10	47	44	18	58	26	54	78	41	34	95	34	25	27	71	16	65	19	33	67	79	27	28	72	80	30	27	43	7	51	30	75	62	58	46	47	68	14	64	83	64	59	83	54	49	39	51	34	80	68	65	50	67	65	24	52	84	67	37	70	47	69	69	33	39	75	69	10	69	72	48	34	49	60	77	42	47	76	26	20	52	36	69	37	23	59	86	73	52	71	50	57	12	81	68	80	76	53	86	34	31	81	77	34	20	7	52	29	60	53	70	48	60	20	70	43	41	58	74	11	34	1	49	57	67	9	57	35	53	75	67	51	53	39	66	10	24	24	39	10	63	15	75	46	
41	0	45	42	25	28	34	32	15	6	27	26	21	39	48	1	9	55	20	16	21	33	30	23	30	15	46	48	33	19	40	45	35	14	24	36	21	32	34	34	18	25	20	31	31	33	48	29	48	45	29	7	25	20	8	39	29	27	28	35	24	31	11	46	35	9	30	17	31	29	11	7	34	28	36	37	36	19	16	37	28	36	27	12	36	23	33	27	19	58	28	28	21	49	33	15	44	9	33	29	45	40	39	35	12	45	7	32	41	36	8	22	34	12	21	30	32	32	12	32	25	29	30	5	26	33	30	8	39	16	20	26	31	29	9	13	34	25	19	37	38	43	31	19	19	7	37	34	26	48	11	
73	45	0	23	61	29	68	63	30	39	68	19	65	24	5	46	54	37	39	53	65	58	57	42	54	60	14	7	49	45	7	13	48	50	29	66	62	45	44	73	32	27	63	58	59	12	16	63	28	24	19	41	34	25	53	40	26	56	23	11	48	50	40	25	11	54	53	60	21	51	43	52	53	45	64	9	17	27	40	28	17	42	31	53	33	67	55	69	64	30	37	51	53	23	54	30	4	38	16	66	16	5	40	50	42	39	50	45	28	47	53	54	67	35	66	69	21	58	33	13	65	39	31	41	19	46	63	53	72	29	56	44	64	69	43	35	50	42	26	23	41	11	67	61	61	52	64	11	59	4	34	
80	42	23	0	65	15	53	70	32	36	69	22	63	42	20	42	51	16	47	56	63	40	65	27	63	56	36	18	60	51	16	11	60	53	40	73	52	57	24	60	23	38	54	42	66	20	10	49	49	3	31	35	44	29	50	19	12	41	35	16	32	60	32	4	17	50	36	51	10	34	46	48	34	28	72	17	8	32	45	45	21	21	43	45	12	65	64	59	59	52	49	59	40	8	36	28	26	32	30	70	8	24	19	31	33	16	48	56	5	26	50	59	73	29	63	56	36	41	31	26	66	21	44	39	22	26	68	50	78	30	44	28	70	57	45	29	31	26	29	40	57	33	71	61	61	48	72	23	64	26	33	
16	25	61	65	0	52	52	9	33	29	8	44	13	45	65	25	18	79	22	9	14	55	12	48	14	19	57	66	22	16	58	66	26	11	32	12	37	24	59	48	43	34	33	53	10	50	69	49	51	68	42	33	29	37	18	64	53	49	38	54	49	18	36	69	53	21	54	33	54	53	18	23	59	53	13	55	57	34	20	41	46	61	32	31	60	14	16	38	22	62	28	15	43	72	57	37	59	34	45	5	66	56	64	60	37	70	18	25	65	61	18	7	9	36	16	46	42	54	33	47	8	54	34	25	44	58	6	18	14	34	41	51	7	43	20	37	59	51	37	44	34	55	6	10	10	23	14	50	4	63	31	
68	28	29	15	52	0	39	58	22	23	55	17	49	40	29	28	37	27	38	43	49	28	54	13	52	42	39	28	52	40	22	23	53	41	33	62	37	49	15	46	9	32	39	29	55	20	24	35	49	18	27	20	36	21	36	15	3	27	31	18	18	51	17	18	19	35	23	36	8	22	34	33	23	15	61	20	13	23	35	42	17	14	37	30	8	51	55	44	44	55	41	49	25	23	24	16	31	18	29	57	21	27	15	21	18	19	35	49	13	18	36	47	60	15	49	41	33	28	19	25	53	10	39	26	17	16	56	36	66	20	29	15	58	42	32	15	21	13	20	38	51	35	58	47	47	33	61	23	52	33	21	
66	34	68	53	52	39	0	61	46	36	48	51	40	71	69	32	34	59	54	45	39	14	61	26	61	33	75	68	66	52	61	62	69	45	57	64	15	65	31	8	36	58	19	12	61	57	63	5	80	56	58	31	58	49	34	38	43	12	59	56	21	64	30	55	57	31	18	19	48	19	44	30	22	25	65	59	53	49	50	70	52	34	61	22	41	40	65	15	30	89	62	60	15	61	19	41	69	34	62	54	61	65	38	25	27	46	37	66	49	30	35	52	61	35	37	7	63	13	40	60	46	31	63	38	51	28	58	35	65	45	13	25	59	10	43	34	24	27	48	68	72	71	56	42	42	30	66	60	55	72	41	
10	32	63	70	9	58	61	0	37	35	15	48	22	44	67	33	27	85	23	16	23	64	7	56	10	28	57	69	18	18	61	69	21	17	33	3	46	21	67	57	49	35	42	61	5	53	73	58	50	73	44	40	29	41	27	71	58	58	39	57	57	15	43	74	57	30	62	42	59	61	24	31	67	60	4	58	62	38	24	40	50	68	32	40	67	22	11	47	31	60	27	13	52	76	65	42	61	40	47	9	70	58	71	68	44	77	26	22	71	69	26	10	4	43	25	55	43	63	39	50	16	61	33	31	48	65	3	26	8	39	50	58	2	52	25	44	67	58	41	43	30	56	7	19	19	31	5	53	6	65	36	
47	15	30	32	33	22	46	37	0	10	38	11	35	24	33	17	24	48	15	24	35	40	32	26	30	30	30	33	29	19	25	33	30	21	12	41	35	26	35	48	15	12	35	39	33	18	36	41	34	36	13	14	15	5	23	37	21	36	13	21	30	29	16	36	20	24	36	32	21	35	14	22	39	31	39	22	25	3	13	24	13	35	16	26	31	37	32	42	34	43	20	27	31	39	39	7	29	12	17	38	33	25	37	39	18	41	20	26	34	38	23	27	40	11	36	44	17	40	5	17	36	29	18	11	11	35	36	23	46	2	32	29	37	43	13	12	38	28	4	22	30	27	39	31	31	22	40	19	32	33	5	
44	6	39	36	29	23	36	35	10	0	32	20	27	34	42	7	15	51	19	19	27	33	32	21	31	21	41	42	33	19	34	40	35	17	20	39	25	31	31	38	14	21	25	32	33	27	42	32	43	40	23	6	21	14	14	35	24	28	23	29	24	31	9	40	29	15	30	22	26	29	11	13	34	26	38	31	30	13	15	33	22	33	24	16	31	29	33	31	25	53	26	28	22	44	33	9	38	5	27	33	39	34	35	34	11	42	12	31	37	34	14	24	37	7	27	34	27	32	6	27	30	26	26	3	20	31	33	14	43	10	23	24	35	33	9	8	33	23	13	32	36	38	35	24	24	13	39	28	29	42	5	
18	27	68	69	8	55	48	15	38	32	0	50	8	53	72	27	19	83	30	14	9	54	20	50	23	16	65	72	31	24	64	71	34	17	40	17	33	33	61	44	46	42	29	52	19	57	74	46	60	73	49	35	37	43	19	66	57	48	46	60	49	27	38	73	59	21	53	30	59	53	24	23	59	54	19	61	63	41	28	49	52	63	40	30	63	8	25	34	18	71	36	24	42	76	56	41	66	37	53	6	72	62	66	60	38	73	20	34	69	62	19	15	13	40	11	42	50	53	38	54	2	56	42	29	50	59	12	19	17	40	40	52	13	39	25	40	59	52	43	52	42	63	8	8	8	23	20	57	13	70	36	
58	26	19	22	44	17	51	48	11	20	50	0	46	23	22	27	35	38	25	36	46	42	43	26	41	41	24	22	38	30	14	21	38	33	17	52	43	34	32	55	14	16	43	42	44	7	24	46	31	25	10	22	21	7	34	32	15	39	14	9	32	38	21	26	9	35	38	41	12	36	26	33	39	30	50	11	14	10	24	25	2	31	21	34	25	48	42	50	45	39	26	37	35	28	39	11	19	18	12	50	22	14	32	38	24	34	31	34	25	35	34	38	51	16	47	51	16	42	14	9	48	26	22	22	0	33	47	34	57	10	38	29	49	50	25	17	37	27	7	21	35	20	51	43	43	33	50	8	43	22	15	
26	21	65	63	13	49	40	22	35	27	8	46	0	53	68	21	12	77	29	13	1	46	25	43	27	8	63	69	34	24	61	67	38	15	38	24	25	35	53	36	40	40	21	43	24	53	70	38	61	67	47	29	36	40	13	59	51	40	44	56	42	31	32	67	55	14	45	22	53	45	22	16	51	46	26	57	58	38	26	49	48	55	39	23	57	2	30	26	10	71	37	27	34	71	48	36	64	31	51	14	67	60	59	53	32	66	15	36	63	55	13	17	21	34	3	34	48	45	33	52	6	49	42	24	46	51	18	13	25	36	32	44	19	31	22	34	51	45	39	51	45	61	16	4	4	16	27	54	17	68	31	
54	39	24	42	45	40	71	44	24	34	53	23	53	0	29	40	45	58	23	40	53	64	37	49	34	50	13	31	27	29	27	35	25	37	14	46	60	24	55	73	37	13	59	64	39	22	39	66	9	45	13	39	16	21	44	55	38	60	11	26	54	29	40	46	25	46	60	56	35	59	31	45	62	53	44	25	34	21	26	4	23	55	13	50	48	55	34	66	55	18	17	31	55	45	62	30	20	37	12	50	38	20	55	61	43	57	40	23	47	58	43	38	48	36	55	69	7	64	30	16	51	50	11	34	23	56	45	43	52	25	57	52	46	67	32	36	60	50	23	2	17	13	50	48	48	45	44	19	42	24	29	
78	48	5	20	65	29	69	67	33	42	72	22	68	29	0	49	57	33	44	57	68	58	61	42	59	63	18	3	54	49	8	9	53	54	34	71	64	50	43	75	33	32	65	58	63	15	12	64	32	21	23	43	38	28	56	39	26	56	28	13	48	55	41	22	13	57	53	62	21	51	47	55	52	45	68	11	16	30	44	33	20	41	36	55	31	70	59	71	67	34	42	55	54	19	54	33	8	40	20	70	12	10	39	50	44	36	53	49	26	45	56	58	71	37	69	70	26	58	36	17	69	39	36	44	22	45	67	56	76	32	57	44	68	70	46	37	50	42	29	28	46	16	71	64	64	55	69	14	63	7	37	
41	1	46	42	25	28	32	33	17	7	27	27	21	40	49	0	8	56	21	16	21	32	31	23	31	14	47	49	34	20	41	46	37	15	26	36	19	33	34	33	19	27	18	30	31	34	49	28	49	46	30	7	26	21	8	39	29	26	29	36	24	32	11	46	36	8	29	16	32	28	12	6	34	27	36	38	37	20	17	38	29	35	29	10	36	23	34	25	18	59	30	29	20	50	32	16	45	9	34	30	46	41	39	35	11	45	7	33	42	36	8	22	34	13	21	29	34	31	13	34	24	29	31	6	27	32	30	8	40	17	19	25	32	27	10	13	33	25	20	38	40	44	31	19	19	6	37	35	26	49	12	
34	9	54	51	18	37	34	27	24	15	19	35	12	45	57	8	0	64	23	11	12	37	27	31	27	6	54	57	33	19	49	55	36	11	30	30	19	32	42	32	28	31	16	34	27	42	57	31	53	55	36	16	29	29	1	47	38	30	35	44	30	30	20	55	44	3	35	15	41	34	13	4	40	35	31	46	45	27	19	42	37	43	32	13	45	14	30	23	10	64	31	26	25	59	38	24	53	18	41	22	55	49	47	42	19	54	4	33	51	43	1	18	28	21	12	29	39	35	21	41	16	37	35	13	35	40	24	1	33	25	23	33	25	26	12	22	40	33	28	43	41	51	24	10	10	4	32	43	21	57	20	
95	55	37	16	79	27	59	85	48	51	83	38	77	58	33	56	64	0	63	70	76	45	81	36	79	69	51	30	77	67	31	24	77	68	56	89	61	73	28	67	37	55	64	47	82	37	21	55	64	13	47	48	60	45	64	21	26	47	52	32	40	77	44	12	33	63	41	61	26	40	61	61	37	34	87	32	25	48	61	61	38	25	60	56	20	79	81	67	71	67	65	75	48	14	40	43	41	46	47	85	21	39	21	34	45	13	62	73	14	29	64	74	88	43	76	63	52	46	46	43	80	29	61	54	38	31	84	64	94	46	52	36	85	64	60	42	35	34	45	57	73	48	86	75	75	61	88	39	79	40	48	
34	20	39	47	22	38	54	23	15	19	30	25	29	23	44	21	23	63	0	16	30	52	17	40	15	28	35	45	14	6	38	46	16	13	10	26	41	12	49	54	30	12	39	50	19	30	49	50	31	51	20	25	7	18	22	52	37	47	16	34	43	13	28	51	33	25	49	37	37	48	10	25	53	45	25	35	39	15	4	20	26	50	10	32	47	31	17	46	33	41	8	12	41	53	52	22	37	24	24	27	47	34	52	53	30	57	19	12	49	52	21	15	27	25	31	51	20	51	19	26	28	43	12	16	25	49	23	21	32	17	41	43	24	49	11	26	52	42	18	22	18	33	27	25	25	25	25	29	19	41	17	
25	16	53	56	9	43	45	16	24	19	14	36	13	40	57	16	11	70	16	0	13	47	16	39	16	13	51	58	23	11	50	57	26	3	26	20	30	23	50	43	33	28	27	45	16	42	60	42	48	59	35	23	23	29	11	55	44	41	32	45	40	19	27	60	45	14	45	26	45	44	10	15	50	44	20	47	49	26	14	37	38	52	26	24	51	14	19	33	18	58	24	16	35	63	48	28	52	24	39	14	58	48	55	51	28	61	9	24	56	52	10	7	18	27	15	40	36	46	24	40	12	45	29	16	36	49	14	10	23	26	34	42	15	37	11	28	50	42	28	38	32	49	15	8	8	15	21	42	10	56	22	
27	21	65	63	14	49	39	23	35	27	9	46	1	53	68	21	12	76	30	13	0	45	26	42	27	7	63	68	35	24	60	67	38	16	39	25	24	36	53	35	40	40	20	42	25	53	69	37	61	67	47	28	37	40	13	58	50	39	44	55	41	31	31	67	55	13	44	21	53	44	22	15	50	46	27	57	57	38	26	50	48	55	40	22	56	2	30	25	9	71	38	28	34	71	48	36	64	30	51	15	67	60	58	52	31	66	15	37	63	54	12	18	22	34	2	33	48	44	32	52	7	48	42	24	46	50	19	12	26	36	31	43	20	30	22	34	50	44	39	51	45	61	17	5	5	15	28	54	18	68	31	
71	33	58	40	55	28	14	64	40	33	54	42	46	64	58	32	37	45	52	47	45	0	63	16	63	38	66	56	66	52	50	51	68	47	53	67	22	64	17	22	28	52	26	2	63	48	51	11	73	43	51	27	55	42	36	24	32	6	53	46	10	64	25	42	47	34	5	24	37	6	44	32	8	13	68	48	41	43	48	64	44	20	56	24	28	47	66	26	37	81	59	61	12	48	5	34	60	29	54	59	48	55	24	11	22	32	38	64	36	16	37	54	65	29	44	19	57	1	35	52	52	19	59	36	42	14	61	37	70	39	14	13	62	21	42	28	10	15	41	62	70	63	61	46	46	32	69	50	58	62	36	
16	30	57	65	12	54	61	7	32	32	20	43	25	37	61	31	27	81	17	16	26	63	0	53	3	29	50	63	11	13	56	64	14	16	27	9	46	14	64	59	45	29	43	61	2	48	67	58	43	68	38	37	23	36	27	67	54	57	33	52	55	8	41	69	51	30	60	42	54	60	20	31	65	58	7	53	57	33	19	33	44	65	25	40	63	26	5	49	33	53	20	6	51	71	63	38	54	37	41	14	65	51	67	66	42	73	25	15	67	66	26	9	11	39	28	56	36	62	34	43	20	58	26	28	43	63	8	26	15	34	50	56	9	53	22	40	65	55	36	36	23	49	13	21	21	31	7	47	7	58	32	
65	23	42	27	48	13	26	56	26	21	50	26	43	49	42	23	31	36	40	39	42	16	53	0	52	34	50	41	54	41	34	36	56	38	38	59	25	52	10	33	12	38	28	16	54	31	37	22	58	30	35	16	41	27	30	16	16	14	38	30	5	52	12	30	31	29	11	25	21	10	33	26	13	5	59	32	26	28	36	49	27	12	42	21	16	44	55	32	36	65	46	50	13	35	13	19	43	16	38	53	34	39	16	13	11	24	30	52	24	13	31	45	58	15	41	29	41	16	21	35	47	6	44	25	26	9	54	31	63	24	17	3	55	30	31	14	12	2	26	47	56	46	54	41	41	26	60	34	50	46	23	
19	30	54	63	14	52	61	10	30	31	23	41	27	34	59	31	27	79	15	16	27	63	3	52	0	30	47	60	8	12	53	61	12	16	24	12	47	11	63	60	44	26	43	61	5	45	65	58	40	66	35	36	20	33	27	66	52	57	30	49	54	5	40	67	49	30	60	43	52	59	19	31	64	57	9	50	55	31	17	30	42	64	22	40	61	28	3	50	34	50	17	3	51	69	63	36	51	36	38	17	63	49	66	65	41	72	25	12	65	65	26	9	14	38	30	57	33	62	33	41	22	57	24	27	41	62	11	26	18	33	50	55	12	54	21	39	64	55	34	33	20	46	16	23	23	31	10	44	10	55	31	
33	15	60	56	19	42	33	28	30	21	16	41	8	50	63	14	6	69	28	13	7	38	29	34	30	0	60	63	36	24	55	61	40	15	36	31	18	37	45	29	33	37	14	35	28	48	63	30	59	60	42	21	34	35	7	51	44	31	41	50	33	33	24	60	50	6	37	14	46	36	19	8	42	38	32	52	51	33	24	48	43	47	38	14	49	9	33	19	5	69	37	30	26	64	40	30	59	24	47	21	60	55	51	44	23	58	10	37	55	46	7	20	28	27	7	27	45	36	27	47	13	41	40	19	41	43	25	7	32	31	23	36	26	24	18	27	43	36	34	49	45	57	23	9	9	8	33	49	22	63	26	
67	46	14	36	57	39	75	57	30	41	65	24	63	13	18	47	54	51	35	51	63	66	50	50	47	60	0	21	40	41	20	27	38	48	25	59	66	37	54	79	38	23	66	66	52	18	30	70	14	38	17	44	28	26	53	52	36	63	19	21	55	43	45	39	20	55	61	63	31	60	41	53	62	54	57	19	29	27	37	17	22	53	25	57	44	65	47	72	64	16	29	44	59	37	63	34	10	41	13	62	30	12	52	61	47	52	49	36	41	57	52	50	61	40	65	74	15	66	35	14	63	49	23	41	24	56	57	52	65	30	62	53	58	73	41	40	60	51	27	13	31	3	62	59	59	53	57	15	54	12	35	
79	48	7	18	66	28	68	69	33	42	72	22	69	31	3	49	57	30	45	58	68	56	63	41	60	63	21	0	56	50	8	6	55	55	36	72	63	52	41	74	32	33	64	57	65	15	9	63	35	18	25	43	40	29	56	36	24	55	30	13	46	57	41	19	13	57	51	61	19	50	48	55	50	43	70	11	14	31	45	35	20	38	38	55	29	71	61	70	67	37	44	57	53	16	52	33	11	40	22	71	9	12	36	48	43	34	53	51	23	43	56	60	72	37	69	69	28	56	36	19	70	37	38	44	22	43	68	56	78	32	56	43	70	69	47	37	48	41	29	30	49	19	72	65	65	55	71	16	64	10	37	
27	33	49	60	22	52	66	18	29	33	31	38	34	27	54	34	33	77	14	23	35	66	11	54	8	36	40	56	0	14	49	58	3	21	20	20	52	3	64	65	44	22	49	64	13	41	61	62	32	64	31	39	16	31	32	66	51	60	26	46	57	3	42	64	45	35	63	48	50	62	22	36	67	59	17	46	52	29	18	23	39	64	17	44	61	36	7	56	41	42	12	7	54	66	66	36	46	38	33	26	59	44	66	67	44	71	29	4	63	66	31	16	22	39	37	62	28	65	33	36	30	58	18	30	38	63	19	31	26	31	54	57	20	60	24	40	66	56	32	27	12	40	25	30	30	36	17	40	18	50	31	
28	19	45	51	16	40	52	18	19	19	24	30	24	29	49	20	19	67	6	11	24	52	13	41	12	24	41	50	14	0	43	51	17	8	16	22	38	13	51	51	32	18	35	50	14	35	54	48	37	55	26	25	13	22	18	54	40	46	22	39	43	12	28	55	38	21	49	34	41	48	8	21	53	45	20	40	43	20	5	25	31	52	16	30	49	26	14	42	29	47	13	9	40	58	52	24	43	24	29	21	52	40	54	53	30	60	15	13	53	53	18	9	21	26	26	48	26	51	21	31	22	45	18	16	30	50	17	18	27	21	39	43	19	46	10	27	52	43	22	28	21	39	21	19	19	21	21	34	13	47	19	
72	40	7	16	58	22	61	61	25	34	64	14	61	27	8	41	49	31	38	50	60	50	56	34	53	55	20	8	49	43	0	8	48	47	29	65	55	45	36	66	25	26	56	51	57	8	12	56	33	18	18	35	33	21	48	33	18	48	23	5	40	50	33	19	5	49	45	53	13	44	40	47	45	37	63	3	9	23	38	30	12	34	31	47	25	62	54	62	59	36	37	50	46	18	46	25	10	32	16	64	10	8	33	43	36	32	45	45	21	39	48	52	65	29	61	62	22	50	28	12	62	31	32	36	14	38	61	48	70	24	49	37	62	62	39	29	43	35	21	26	43	17	64	57	57	47	63	9	57	12	29	
80	45	13	11	66	23	62	69	33	40	71	21	67	35	9	46	55	24	46	57	67	51	64	36	61	61	27	6	58	51	8	0	57	55	37	73	59	54	35	69	29	35	61	51	65	16	3	58	40	11	26	40	41	28	54	30	19	50	31	12	41	58	38	12	12	54	46	58	15	44	47	52	44	38	71	11	10	31	45	39	19	32	40	52	23	69	63	66	64	43	46	58	48	10	46	30	17	37	25	71	3	15	30	42	40	27	51	53	17	37	54	60	73	34	67	65	31	51	34	21	69	31	40	42	21	37	69	54	78	31	52	38	70	65	46	34	42	35	29	34	52	24	72	64	64	52	72	17	65	16	35	
30	35	48	60	26	53	69	21	30	35	34	38	38	25	53	37	36	77	16	26	38	68	14	56	12	40	38	55	3	17	48	57	0	24	20	23	55	4	65	68	45	22	52	66	16	41	61	65	29	64	30	41	16	32	35	67	52	62	25	45	59	7	44	65	45	38	65	51	50	64	24	39	69	61	20	46	52	29	20	21	39	66	17	47	61	39	10	59	45	39	11	10	56	66	68	37	45	40	32	29	59	43	67	69	46	72	32	4	63	68	34	20	25	41	41	65	26	67	35	36	34	59	16	32	38	65	23	34	29	32	56	59	24	63	26	42	68	58	32	25	9	38	28	33	33	39	20	39	21	48	33	
27	14	50	53	11	41	45	17	21	17	17	33	15	37	54	15	11	68	13	3	16	47	16	38	16	15	48	55	21	8	47	55	24	0	23	21	31	21	49	44	31	25	28	45	16	39	58	42	45	57	32	22	20	26	11	53	41	41	29	43	39	18	25	57	42	14	44	27	43	44	7	15	49	43	21	44	46	24	11	34	35	50	24	24	49	17	19	34	20	55	21	14	35	60	48	25	49	23	36	16	55	45	53	50	26	59	9	22	54	51	10	7	20	25	17	41	33	46	22	37	15	43	26	14	33	47	15	10	25	23	34	40	17	38	8	26	49	40	26	35	30	46	17	11	11	15	22	40	11	53	20	
43	24	29	40	32	33	57	33	12	20	40	17	38	14	34	26	30	56	10	26	39	53	27	38	24	36	25	36	20	16	29	37	20	23	0	36	45	17	47	59	27	2	44	52	29	21	41	53	23	43	10	26	4	12	29	48	32	48	6	25	42	21	28	44	24	31	49	42	30	47	17	30	51	43	34	26	31	10	12	12	18	47	4	36	41	40	25	51	41	33	8	21	42	45	51	19	27	24	13	37	38	24	48	51	30	51	25	16	43	50	29	25	37	24	40	55	10	52	18	16	38	41	6	19	17	47	33	29	42	14	44	41	34	53	17	25	50	40	13	13	18	23	37	34	34	30	34	20	29	31	16	
7	36	66	73	12	62	64	3	41	39	17	52	24	46	71	36	30	89	26	20	25	67	9	59	12	31	59	72	20	22	65	73	23	21	36	0	49	23	70	60	53	38	45	65	7	57	76	61	52	77	47	43	32	44	30	74	62	61	42	61	60	17	47	77	60	33	65	45	62	65	27	34	70	64	3	62	65	42	27	42	53	72	35	43	70	25	13	50	34	62	30	15	55	80	68	46	64	44	50	10	74	61	74	71	48	81	29	24	75	72	29	14	3	46	27	58	45	66	42	53	18	65	36	35	52	69	6	29	6	43	53	62	5	55	29	47	70	62	44	46	32	58	8	22	22	34	3	56	9	68	40	
51	21	62	52	37	37	15	46	35	25	33	43	25	60	64	19	19	61	41	30	24	22	46	25	47	18	66	63	52	38	55	59	55	31	45	49	0	51	34	13	30	46	4	19	46	50	61	12	69	55	49	21	46	39	19	40	40	16	49	50	21	49	22	55	51	16	22	4	44	23	31	16	28	26	50	53	49	39	36	58	45	36	48	9	41	26	50	7	15	78	49	46	13	60	25	32	62	24	53	39	58	58	40	30	19	49	22	52	49	34	20	37	46	26	23	9	53	20	30	51	31	32	51	26	43	31	43	20	50	35	8	25	44	7	29	26	29	26	38	58	59	63	41	27	27	16	51	52	40	66	30	
30	32	45	57	24	49	65	21	26	31	33	34	35	24	50	33	32	73	12	23	36	64	14	52	11	37	37	52	3	13	45	54	4	21	17	23	51	0	61	65	41	19	49	62	16	38	58	61	29	60	27	37	13	28	32	64	48	58	22	42	55	6	40	61	41	35	61	47	47	60	20	35	65	57	20	43	49	26	16	19	36	62	14	43	58	37	10	56	41	39	8	8	52	62	64	33	42	36	29	28	56	40	64	65	42	68	29	1	60	64	31	18	25	37	38	61	24	63	31	33	32	55	14	28	34	61	22	31	29	29	52	55	23	59	22	38	64	54	29	23	9	36	27	31	31	35	20	36	20	46	29	
75	34	44	24	59	15	31	67	35	31	61	32	53	55	43	34	42	28	49	50	53	17	64	10	63	45	54	41	64	51	36	35	65	49	47	70	34	61	0	39	20	46	37	19	65	35	34	27	64	26	42	26	50	35	41	7	18	19	45	33	12	62	23	25	34	39	13	34	23	12	43	37	9	7	70	35	26	37	46	56	32	3	51	31	11	55	65	40	46	70	55	60	21	31	12	28	46	26	44	64	32	42	7	7	22	15	41	61	19	3	42	56	68	24	52	35	48	18	30	40	58	6	53	35	32	3	64	42	74	33	25	9	66	36	41	23	7	8	34	53	65	51	65	52	52	37	71	38	60	48	32	
62	34	73	60	48	46	8	57	48	38	44	55	36	73	75	33	32	67	54	43	35	22	59	33	60	29	79	74	65	51	66	69	68	44	59	60	13	65	39	0	41	60	16	20	58	62	70	12	82	63	62	34	59	52	33	46	49	20	62	62	28	62	34	63	62	29	26	17	54	27	44	30	30	33	61	64	59	52	50	72	57	42	62	22	49	36	63	10	26	92	63	59	20	68	27	44	74	37	65	50	67	70	46	33	31	54	36	65	57	38	34	50	57	39	33	4	66	21	43	64	42	39	65	39	55	36	54	34	61	48	17	32	55	5	43	38	32	34	51	71	73	75	52	38	38	30	62	64	52	77	43	
58	18	32	23	43	9	36	49	15	14	46	14	40	37	33	19	28	37	30	33	40	28	45	12	44	33	38	32	44	32	25	29	45	31	27	53	30	41	20	41	0	26	32	27	46	20	31	31	46	26	23	11	30	15	27	22	10	24	26	20	17	43	9	27	21	26	23	29	14	21	25	24	25	16	52	22	19	17	26	37	16	20	31	23	17	42	46	37	36	53	35	41	21	31	25	8	33	9	26	48	28	28	22	24	11	28	25	41	23	23	27	38	51	6	40	37	29	27	10	24	43	14	33	17	14	20	47	27	57	13	24	15	49	37	23	5	23	13	14	34	45	35	49	38	38	24	53	23	43	36	13	
46	25	27	38	34	32	58	35	12	21	42	16	40	13	32	27	31	55	12	28	40	52	29	38	26	37	23	33	22	18	26	35	22	25	2	38	46	19	46	60	26	0	45	51	31	19	38	53	22	41	8	26	6	11	30	47	30	48	4	23	42	23	28	42	22	33	48	43	28	47	18	31	51	42	36	24	30	9	14	12	17	46	5	37	40	42	27	52	42	32	10	23	43	43	51	18	25	24	11	39	36	22	47	50	30	50	27	18	41	49	30	27	39	23	42	55	8	52	17	14	40	40	7	20	16	46	35	30	44	13	44	41	37	54	19	24	50	39	12	11	19	21	40	36	36	31	37	17	32	29	16	
47	20	63	54	33	39	19	42	35	25	29	43	21	59	65	18	16	64	39	27	20	26	43	28	43	14	66	64	49	35	56	61	52	28	44	45	4	49	37	16	32	45	0	23	42	50	63	17	68	57	48	21	44	39	17	44	42	20	48	51	25	46	23	57	52	13	26	3	46	27	29	14	32	30	46	54	51	38	34	57	45	40	47	9	44	21	47	7	11	78	47	43	16	62	29	32	63	25	52	35	60	58	44	34	21	52	20	49	52	38	17	34	42	27	18	13	52	25	30	52	27	35	50	25	43	34	39	17	46	35	12	28	40	10	27	27	33	30	38	57	57	63	37	23	23	14	47	52	36	66	30	
68	31	58	42	53	29	12	61	39	32	52	42	43	64	58	30	34	47	50	45	42	2	61	16	61	35	66	57	64	50	51	51	66	45	52	65	19	62	19	20	27	51	23	0	61	48	52	8	73	44	51	25	53	42	34	26	32	4	52	47	10	62	23	44	47	31	6	21	37	7	42	30	10	13	65	49	42	42	46	63	43	22	55	21	29	44	64	23	34	81	58	59	10	49	7	33	60	27	54	56	49	55	26	13	21	34	36	62	37	18	35	52	62	28	41	17	56	1	34	51	49	20	58	34	42	16	59	35	67	38	11	13	60	19	40	27	12	16	40	61	68	62	58	44	44	30	66	50	55	62	35	
14	31	59	66	10	55	61	5	33	33	19	44	24	39	63	31	27	82	19	16	25	63	2	54	5	28	52	65	13	14	57	65	16	16	29	7	46	16	65	58	46	31	42	61	0	49	69	58	45	70	39	38	25	37	27	68	55	57	35	53	55	10	41	70	53	30	61	42	55	60	21	31	65	59	5	54	58	34	20	35	46	66	27	40	64	25	6	48	32	55	22	8	51	72	64	39	56	38	42	13	66	53	68	66	43	74	25	17	68	67	26	9	9	40	27	55	38	62	36	45	19	59	28	29	44	63	6	26	13	36	50	56	7	53	23	41	65	56	37	38	25	51	12	20	20	31	6	48	6	60	33	
64	33	12	20	50	20	57	53	18	27	57	7	53	22	15	34	42	37	30	42	53	48	48	31	45	48	18	15	41	35	8	16	41	39	21	57	50	38	35	62	20	19	50	48	49	0	19	52	29	23	10	29	25	13	41	34	17	45	15	4	37	42	28	24	3	42	43	48	13	41	32	40	43	35	55	5	12	15	29	24	5	34	24	41	26	55	46	57	52	34	29	42	41	24	44	18	12	25	10	56	17	8	34	42	30	35	38	37	25	38	41	44	57	23	54	57	15	48	21	6	54	30	24	29	7	37	53	41	62	17	44	34	54	57	31	23	41	32	14	20	36	15	56	49	49	40	55	3	49	15	22	
83	48	16	10	69	24	63	73	36	42	74	24	70	39	12	49	57	21	49	60	69	51	67	37	65	63	30	9	61	54	12	3	61	58	41	76	61	58	34	70	31	38	63	52	69	19	0	59	44	10	30	42	45	31	57	29	21	51	35	15	42	62	40	10	16	57	46	60	17	45	50	55	44	38	74	14	12	34	49	42	23	32	43	54	23	72	66	68	66	46	49	61	49	7	46	33	20	39	28	74	3	19	29	42	42	25	54	57	16	37	57	63	76	36	70	66	34	52	37	25	72	32	44	45	24	37	72	57	82	34	53	38	73	66	49	36	42	36	32	38	55	27	75	67	67	55	75	21	68	19	38	
64	29	63	49	49	35	5	58	41	32	46	46	38	66	64	28	31	55	50	42	37	11	58	22	58	30	70	63	62	48	56	58	65	42	53	61	12	61	27	12	31	53	17	8	58	52	59	0	75	51	53	26	54	44	31	34	38	8	54	51	16	60	25	51	52	28	14	16	43	15	40	27	18	21	62	54	48	44	45	65	47	30	56	18	37	38	61	15	28	84	58	56	10	56	15	36	64	29	57	51	56	60	34	21	22	42	33	61	45	26	32	49	58	30	35	8	58	9	35	55	44	27	59	34	46	24	55	32	62	40	8	20	56	10	38	29	20	22	43	64	68	66	53	39	39	27	63	55	52	67	36	
59	48	28	49	51	49	80	50	34	43	60	31	61	9	32	49	53	64	31	48	61	73	43	58	40	59	14	35	32	37	33	40	29	45	23	52	69	29	64	82	46	22	68	73	45	29	44	75	0	51	22	48	24	31	53	63	46	69	20	33	63	35	50	52	32	55	69	65	42	68	40	54	71	62	49	32	41	30	34	11	31	63	21	60	55	62	39	75	64	10	23	37	65	50	71	39	24	46	19	56	43	25	63	70	52	64	49	28	54	67	52	45	54	45	63	78	16	73	39	23	59	58	18	43	31	65	51	52	58	35	66	61	52	77	41	46	69	59	32	11	20	16	56	56	56	54	49	26	48	26	38	
83	45	24	3	68	18	56	73	36	40	73	25	67	45	21	46	55	13	51	59	67	43	68	30	66	60	38	18	64	55	18	11	64	57	43	77	55	60	26	63	26	41	57	44	70	23	10	51	51	0	34	38	47	32	54	20	16	43	38	18	35	64	35	1	19	53	38	54	14	37	49	51	35	30	75	19	11	35	49	48	24	23	47	49	14	69	68	62	62	54	52	63	43	5	38	31	28	36	33	73	8	26	20	33	37	15	52	60	6	28	54	63	76	33	67	59	39	43	35	29	70	24	47	43	25	28	72	54	82	33	47	31	73	60	48	32	33	29	32	43	60	35	75	64	64	51	76	25	68	27	37	
54	29	19	31	42	27	58	44	13	23	49	10	47	13	23	30	36	47	20	35	47	51	38	35	35	42	17	25	31	26	18	26	30	32	10	47	49	27	42	62	23	8	48	51	39	10	30	53	22	34	0	27	15	9	35	42	25	47	5	15	40	32	28	34	14	37	47	46	22	45	25	36	48	40	45	15	22	9	21	15	10	41	13	39	35	49	36	55	47	30	19	31	43	35	49	17	17	24	4	47	28	13	42	47	31	44	32	26	34	45	35	35	47	23	48	57	6	51	18	5	47	36	13	24	10	43	44	35	53	13	45	38	45	56	25	24	47	37	10	11	26	14	48	43	43	36	45	9	40	21	18	
49	7	41	35	33	20	31	40	14	6	35	22	29	39	43	7	16	48	25	23	28	27	37	16	36	21	44	43	39	25	35	40	41	22	26	43	21	37	26	34	11	26	21	25	38	29	42	26	48	38	27	0	27	18	15	31	22	22	28	30	18	37	3	39	30	15	24	18	25	23	17	13	28	20	43	32	30	18	21	38	24	28	29	12	28	30	39	28	24	58	32	34	16	43	27	10	41	3	31	37	39	37	31	28	5	38	14	37	34	29	16	29	42	6	28	29	32	26	9	30	32	21	32	9	22	25	38	16	47	14	17	18	39	28	15	6	27	18	17	37	42	41	39	27	27	13	44	31	34	44	10	
39	25	34	44	29	36	58	29	15	21	37	21	36	16	38	26	29	60	7	23	37	55	23	41	20	34	28	40	16	13	33	41	16	20	4	32	46	13	50	59	30	6	44	53	25	25	45	54	24	47	15	27	0	15	28	51	35	49	10	29	44	17	30	48	29	31	51	42	34	50	15	30	54	46	30	30	36	13	10	13	23	50	3	37	45	38	21	51	39	34	5	17	44	49	53	22	31	25	17	34	43	28	51	54	32	55	25	12	47	53	28	22	33	26	38	55	13	54	20	20	35	44	5	20	21	50	29	28	38	17	45	44	31	54	17	27	53	43	16	15	15	26	34	32	32	30	30	24	26	35	18	
51	20	25	29	37	21	49	41	5	14	43	7	40	21	28	21	29	45	18	29	40	42	36	27	33	35	26	29	31	22	21	28	32	26	12	44	39	28	35	52	15	11	39	42	37	13	31	44	31	32	9	18	15	0	28	36	19	38	10	16	32	31	19	33	16	29	38	37	18	37	18	27	40	32	43	18	21	2	17	22	8	35	16	30	29	42	35	46	39	39	20	30	34	35	40	8	24	15	13	42	29	20	36	40	21	39	25	28	31	38	28	31	44	14	41	48	14	42	9	12	41	29	18	16	7	35	40	28	50	4	36	30	41	47	18	15	39	29	1	19	30	23	43	36	36	27	43	14	36	28	9	
34	8	53	50	18	36	34	27	23	14	19	34	13	44	56	8	1	64	22	11	13	36	27	30	27	7	53	56	32	18	48	54	35	11	29	30	19	32	41	33	27	30	17	34	27	41	57	31	53	54	35	15	28	28	0	46	38	30	34	43	30	29	19	54	43	3	35	15	40	34	12	4	40	34	31	45	44	26	18	41	36	43	31	13	44	15	30	23	11	63	31	26	24	58	38	23	52	17	40	22	54	48	46	41	19	53	3	32	50	43	1	18	28	21	13	29	38	35	20	40	16	36	34	12	34	39	24	1	33	24	23	32	25	27	11	21	40	32	27	42	40	50	24	11	11	4	32	42	21	56	19	
80	39	40	19	64	15	38	71	37	35	66	32	59	55	39	39	47	21	52	55	58	24	67	16	66	51	52	36	66	54	33	30	67	53	48	74	40	64	7	46	22	47	44	26	68	34	29	34	63	20	42	31	51	36	46	0	17	26	46	31	19	65	27	19	31	45	20	41	20	19	47	43	16	13	74	32	23	38	49	57	32	4	52	37	7	60	69	47	52	68	56	63	27	25	19	30	43	30	43	69	27	40	0	13	27	8	46	63	13	8	47	60	73	28	58	42	48	25	33	39	63	9	54	39	32	10	69	47	79	34	31	15	70	43	45	27	14	14	35	53	66	49	70	58	58	43	75	37	65	44	35	
68	29	26	12	53	3	43	58	21	24	57	15	51	38	26	29	38	26	37	44	50	32	54	16	52	44	36	24	51	40	18	19	52	41	32	62	40	48	18	49	10	30	42	32	55	17	21	38	46	16	25	22	35	19	38	17	0	30	29	15	22	51	19	16	15	37	27	39	5	25	34	35	26	19	61	17	9	22	35	40	15	17	35	33	10	53	54	47	46	52	40	49	28	20	28	16	28	20	26	58	18	24	17	25	21	19	36	48	12	21	38	48	61	17	51	45	31	32	19	22	54	13	37	27	15	20	57	38	67	19	32	18	58	45	33	16	24	16	19	36	49	32	59	48	48	35	62	20	53	30	21	
65	27	56	41	49	27	12	58	36	28	48	39	40	60	56	26	30	47	47	41	39	6	57	14	57	31	63	55	60	46	48	50	62	41	48	61	16	58	19	20	24	48	20	4	57	45	51	8	69	43	47	22	49	38	30	26	30	0	49	44	8	58	20	43	45	27	6	18	35	7	38	26	12	13	61	46	40	39	42	60	41	22	52	17	29	41	60	21	31	78	54	55	6	48	9	30	57	24	51	52	48	53	26	14	17	34	32	59	37	18	31	48	58	24	38	16	53	5	30	48	45	19	54	30	39	16	55	31	63	34	8	12	56	17	36	23	13	14	37	58	64	60	54	40	40	26	62	48	51	60	31	
50	28	23	35	38	31	59	39	13	23	46	14	44	11	28	29	35	52	16	32	44	53	33	38	30	41	19	30	26	22	23	31	25	29	6	42	49	22	45	62	26	4	48	52	35	15	35	54	20	38	5	28	10	10	34	46	29	49	0	20	42	27	29	39	19	36	49	45	26	47	22	34	51	43	40	20	27	10	18	11	14	45	8	39	39	46	31	55	45	29	14	27	44	40	51	19	21	25	7	43	33	18	46	50	32	48	30	21	39	48	33	31	43	24	45	58	4	53	19	10	44	39	8	23	14	46	39	33	48	14	46	41	41	56	22	25	50	39	12	9	21	17	44	40	40	34	41	14	36	25	18	
67	35	11	16	54	18	56	57	21	29	60	9	56	26	13	36	44	32	34	45	55	46	52	30	49	50	21	13	46	39	5	12	45	43	25	61	50	42	33	62	20	23	51	47	53	4	15	51	33	18	15	30	29	16	43	31	15	44	20	0	36	46	28	19	1	44	41	49	10	40	35	42	41	33	59	2	8	19	33	29	7	31	28	42	23	58	50	57	54	37	34	46	41	20	43	20	13	27	14	59	13	9	31	40	31	31	40	42	21	36	43	47	61	24	56	57	20	46	23	10	57	28	29	31	9	35	56	43	66	19	44	33	58	57	34	24	39	31	17	24	41	18	60	52	52	42	59	7	52	15	24	
65	24	48	32	49	18	21	57	30	24	49	32	42	54	48	24	30	40	43	40	41	10	55	5	54	33	55	46	57	43	40	41	59	39	42	60	21	55	12	28	17	42	25	10	55	37	42	16	63	35	40	18	44	32	30	19	22	8	42	36	0	55	15	35	37	28	6	22	27	5	35	26	10	5	60	38	32	33	39	54	33	15	46	19	21	43	57	27	33	71	49	52	8	40	9	23	49	19	43	53	39	45	19	11	13	27	31	55	29	13	31	46	58	18	40	24	46	10	24	41	46	11	49	27	32	10	54	31	63	28	12	4	56	25	33	17	9	6	30	51	60	52	55	41	41	26	61	40	50	52	26	
24	31	50	60	18	51	64	15	29	31	27	38	31	29	55	32	30	77	13	19	31	64	8	52	5	33	43	57	3	12	50	58	7	18	21	17	49	6	62	62	43	23	46	62	10	42	62	60	35	64	32	37	17	31	29	65	51	58	27	46	55	0	40	65	45	32	61	45	50	60	20	33	65	57	14	47	52	28	16	25	39	63	18	41	60	32	4	53	38	45	13	3	52	66	64	35	47	36	34	22	60	45	65	65	42	70	26	7	63	65	28	13	19	38	33	59	29	63	32	37	27	57	19	28	38	62	16	28	23	31	51	55	17	57	22	39	64	54	31	29	15	42	21	26	26	33	14	41	14	51	30	
52	11	40	32	36	17	30	43	16	9	38	21	32	40	41	11	20	44	28	27	31	25	41	12	40	24	45	41	42	28	33	38	44	25	28	47	22	40	23	34	9	28	23	23	41	28	40	25	50	35	28	3	30	19	19	27	19	20	29	28	15	40	0	36	29	18	21	20	23	20	20	16	25	17	47	31	28	19	24	40	23	24	31	14	25	34	42	29	27	58	34	37	15	40	24	10	40	4	31	41	37	36	27	25	2	34	18	40	31	25	19	33	45	5	31	29	33	24	10	30	36	18	34	12	21	22	41	19	51	15	17	15	43	29	18	4	24	14	17	38	45	41	42	30	30	16	47	30	37	44	11	
84	46	25	4	69	18	55	74	36	40	73	26	67	46	22	46	55	12	51	60	67	42	69	30	67	60	39	19	64	55	19	12	65	57	44	77	55	61	25	63	27	42	57	44	70	24	10	51	52	1	34	39	48	33	54	19	16	43	39	19	35	65	36	0	20	54	38	54	14	36	50	52	35	30	76	20	12	36	50	49	25	22	47	49	14	69	69	62	63	55	53	63	43	5	37	32	29	36	34	74	9	27	19	32	37	15	52	61	6	27	55	63	77	33	67	59	40	43	35	30	70	24	48	44	26	28	73	55	82	34	47	31	74	60	49	33	33	29	33	44	60	36	75	65	65	52	77	26	68	28	37	
67	35	11	17	53	19	57	57	20	29	59	9	55	25	13	36	44	33	33	45	55	47	51	31	49	50	20	13	45	38	5	12	45	42	24	60	51	41	34	62	21	22	52	47	53	3	16	52	32	19	14	30	29	16	43	31	15	45	19	1	37	45	29	20	0	44	42	49	11	41	35	42	42	34	58	2	9	18	33	28	7	32	27	42	24	57	50	58	54	37	33	45	42	21	43	20	12	27	13	59	14	8	31	40	31	32	40	41	22	37	43	47	60	24	56	58	19	47	23	9	57	29	28	31	9	35	56	43	66	19	45	33	57	57	34	24	40	31	16	23	40	17	59	52	52	42	59	6	52	15	24	
37	9	54	50	21	35	31	30	24	15	21	35	14	46	57	8	3	63	25	14	13	34	30	29	30	6	55	57	35	21	49	54	38	14	31	33	16	35	39	29	26	33	13	31	30	42	57	28	55	53	37	15	31	29	3	45	37	27	36	44	28	32	18	54	44	0	32	12	40	32	15	2	38	32	34	46	45	27	21	44	37	41	34	10	43	15	33	20	10	65	33	29	22	58	35	24	53	17	41	25	54	49	45	39	17	52	6	35	49	41	4	21	31	20	13	26	40	32	21	41	18	35	37	13	35	37	27	4	36	25	20	30	28	24	14	21	38	31	28	44	43	52	26	13	13	2	35	43	24	57	20	
70	30	53	36	54	23	18	62	36	30	53	38	45	60	53	29	35	41	49	45	44	5	60	11	60	37	61	51	63	49	45	46	65	44	49	65	22	61	13	26	23	48	26	6	61	43	46	14	69	38	47	24	51	38	35	20	27	6	49	41	6	61	21	38	42	32	0	24	32	1	41	31	5	8	65	43	36	39	45	60	39	16	52	22	23	46	63	28	37	77	55	58	10	43	3	30	55	25	49	57	43	50	20	8	19	28	36	61	31	12	36	52	63	25	43	22	52	5	31	47	51	14	55	33	38	10	59	36	68	35	14	8	61	24	39	24	6	10	37	58	66	58	59	45	45	31	66	46	56	57	32	
47	17	60	51	33	36	19	42	32	22	30	41	22	56	62	16	15	61	37	26	21	24	42	25	43	14	63	61	48	34	53	58	51	27	42	45	4	47	34	17	29	43	3	21	42	48	60	16	65	54	46	18	42	37	15	41	39	18	45	49	22	45	20	54	49	12	24	0	43	24	27	12	30	27	46	51	48	36	33	55	43	37	45	6	41	22	46	9	12	75	45	42	14	59	27	29	60	22	50	35	57	55	41	32	18	49	18	48	49	35	16	33	42	24	19	13	50	23	27	49	27	32	48	22	41	32	39	16	46	32	10	25	40	11	25	24	31	27	35	54	55	60	37	23	23	12	47	49	36	63	27	
69	31	21	10	54	8	48	59	21	26	59	12	53	35	21	32	41	26	37	45	53	37	54	21	52	46	31	19	50	41	13	15	50	43	30	62	44	47	23	54	14	28	46	37	55	13	17	43	42	14	22	25	34	18	40	20	5	35	26	10	27	50	23	14	11	40	32	43	0	30	35	38	31	24	61	12	5	21	35	37	12	21	34	37	13	55	54	51	50	48	39	49	33	17	33	17	23	22	23	59	14	19	20	29	25	22	38	46	13	26	40	48	62	19	53	50	28	37	21	19	56	18	35	29	12	24	58	40	68	19	37	23	59	50	34	19	29	21	18	33	47	28	60	50	50	38	62	16	53	25	23	
69	29	51	34	53	22	19	61	35	29	53	36	45	59	51	28	34	40	48	44	44	6	60	10	59	36	60	50	62	48	44	44	64	44	47	65	23	60	12	27	21	47	27	7	60	41	45	15	68	37	45	23	50	37	34	19	25	7	47	40	5	60	20	36	41	32	1	24	30	0	40	30	5	6	65	42	35	38	44	59	37	15	51	22	22	46	62	28	36	75	54	57	10	42	4	28	53	24	48	57	42	49	19	7	18	27	35	60	30	11	35	51	62	23	43	23	51	6	29	45	50	13	54	32	36	9	59	35	68	33	14	7	60	25	38	22	6	9	35	56	65	56	59	45	45	30	66	44	55	56	31	
33	11	43	46	18	34	44	24	14	11	24	26	22	31	47	12	13	61	10	10	22	44	20	33	19	19	41	48	22	8	40	47	24	7	17	27	31	20	43	44	25	18	29	42	21	32	50	40	40	49	25	17	15	18	12	47	34	38	22	35	35	20	20	50	35	15	41	27	35	40	0	15	45	38	26	37	39	16	5	29	27	44	18	22	43	24	22	36	24	50	18	17	32	53	44	18	42	17	29	24	47	38	47	45	22	53	9	21	47	46	12	13	26	19	23	41	26	43	14	30	22	38	21	8	26	42	22	12	32	16	32	35	24	39	2	20	44	35	18	30	28	39	25	18	18	15	27	32	18	46	12	
39	7	52	48	23	33	30	31	22	13	23	33	16	45	55	6	4	61	25	15	15	32	31	26	31	8	53	55	36	21	47	52	39	15	30	34	16	35	37	30	24	31	14	30	31	40	55	27	54	51	36	13	30	27	4	43	35	26	34	42	26	33	16	52	42	2	31	12	38	30	15	0	36	30	35	44	42	26	20	43	35	39	33	9	41	18	34	21	12	64	33	29	20	55	34	22	51	15	40	26	52	47	43	37	15	50	6	35	47	39	5	22	32	18	15	26	39	31	19	40	20	33	36	11	33	35	28	5	37	23	19	28	30	24	13	18	36	29	26	43	43	50	28	15	15	0	36	41	25	55	18	
75	34	53	34	59	23	22	67	39	34	59	39	51	62	52	34	40	37	53	50	50	8	65	13	64	42	62	50	67	53	45	44	69	49	51	70	28	65	9	30	25	51	32	10	65	43	44	18	71	35	48	28	54	40	40	16	26	12	51	41	10	65	25	35	42	38	5	30	31	5	45	36	0	8	70	43	36	42	49	62	40	12	55	28	21	52	67	33	42	78	59	62	16	40	3	32	55	29	51	63	42	51	16	3	23	24	41	65	29	8	41	57	68	28	49	27	54	9	34	48	56	13	58	37	39	7	64	41	73	37	19	10	66	29	43	27	2	11	39	60	69	59	64	51	51	36	71	46	61	57	36	
69	28	45	28	53	15	25	60	31	26	54	30	46	53	45	27	35	34	45	44	46	13	58	5	57	38	54	43	59	45	37	38	61	43	43	64	26	57	7	33	16	42	30	13	59	35	38	21	62	30	40	20	46	32	34	13	19	13	43	33	5	57	17	30	34	32	8	27	24	6	38	30	8	0	64	36	28	33	41	54	31	9	47	24	16	48	60	33	39	69	51	55	13	35	9	24	47	21	42	57	35	43	13	8	16	22	34	57	24	8	35	50	62	20	45	29	46	13	26	39	51	6	49	29	30	5	58	35	68	29	18	2	59	30	36	19	7	3	31	51	61	50	59	45	45	30	65	38	54	49	28	
10	36	64	72	13	61	65	4	39	38	19	50	26	44	68	36	31	87	25	20	27	68	7	59	9	32	57	70	17	20	63	71	20	21	34	3	50	20	70	61	52	36	46	65	5	55	74	62	49	75	45	43	30	43	31	74	61	61	40	59	60	14	47	76	58	34	65	46	61	65	26	35	70	64	0	60	64	40	26	39	51	71	32	44	69	26	10	51	35	59	27	13	55	78	69	45	61	43	48	13	72	59	74	71	48	80	29	21	73	72	30	13	6	46	29	59	43	66	41	51	20	64	33	34	50	69	7	30	9	41	54	62	6	56	28	47	70	61	43	43	29	56	11	23	23	35	1	54	10	65	39	
69	37	9	17	55	20	59	58	22	31	61	11	57	25	11	38	46	32	35	47	57	48	53	32	50	52	19	11	46	40	3	11	46	44	26	62	53	43	35	64	22	24	54	49	54	5	14	54	32	19	15	32	30	18	45	32	17	46	20	2	38	47	31	20	2	46	43	51	12	42	37	44	43	36	60	0	9	20	34	28	9	33	29	44	25	59	51	60	56	36	34	47	43	20	45	22	11	29	14	60	13	7	32	42	33	32	42	42	22	38	45	49	62	26	58	60	20	49	25	10	59	30	29	33	11	37	58	45	67	21	47	35	59	59	36	26	41	33	18	24	41	16	61	54	54	44	60	6	54	13	26	
72	36	17	8	57	13	53	62	25	30	63	14	58	34	16	37	45	25	39	49	57	41	57	26	55	51	29	14	52	43	9	10	52	46	31	65	49	49	26	59	19	30	51	42	58	12	12	48	41	11	22	30	36	21	44	23	9	40	27	8	32	52	28	12	9	45	36	48	5	35	39	42	36	28	64	9	0	24	38	36	13	25	35	42	16	60	56	56	54	45	40	51	38	14	37	21	20	27	22	63	9	16	23	33	30	23	42	48	13	29	45	52	65	24	58	55	27	42	25	18	60	22	36	33	14	29	61	45	71	23	42	28	62	55	38	24	33	26	21	32	48	25	64	55	55	42	65	15	57	21	26	
48	19	27	32	34	23	49	38	3	13	41	10	38	21	30	20	27	48	15	26	38	43	33	28	31	33	27	31	29	20	23	31	29	24	10	42	39	26	37	52	17	9	38	42	34	15	34	44	30	35	9	18	13	2	26	38	22	39	10	19	33	28	19	36	18	27	39	36	21	38	16	26	42	33	40	20	24	0	14	21	11	37	14	30	32	40	32	45	37	39	18	27	34	38	42	9	26	15	13	40	32	22	38	41	22	42	23	25	34	40	26	28	41	14	39	48	14	43	9	14	38	31	16	14	10	37	37	26	47	4	36	32	39	47	16	15	40	30	3	19	28	24	41	34	34	26	41	16	33	30	8	
34	16	40	45	20	35	50	24	13	15	28	24	26	26	44	17	19	61	4	14	26	48	19	36	17	24	37	45	18	5	38	45	20	11	12	27	36	16	46	50	26	14	34	46	20	29	49	45	34	49	21	21	10	17	18	49	35	42	18	33	39	16	24	50	33	21	45	33	35	44	5	20	49	41	26	34	38	14	0	23	26	47	13	28	44	28	19	41	29	45	12	14	36	52	48	19	38	20	25	26	46	35	49	49	26	54	14	16	47	49	17	14	27	21	28	46	22	47	16	26	26	40	16	12	24	45	23	17	33	15	37	39	24	44	7	22	48	38	17	25	22	35	26	22	22	20	26	29	19	42	13	
49	37	28	45	41	42	70	40	24	33	49	25	49	4	33	38	42	61	20	37	50	64	33	49	30	48	17	35	23	25	30	39	21	34	12	42	58	19	56	72	37	12	57	63	35	24	42	65	11	48	15	38	13	22	41	57	40	60	11	29	54	25	40	49	28	44	60	55	37	59	29	43	62	54	39	28	36	21	23	0	25	56	10	49	50	51	29	64	53	21	13	27	55	48	62	30	24	36	14	46	41	23	57	62	43	59	38	18	49	60	41	34	44	35	52	68	9	64	30	18	48	50	7	32	25	57	41	41	48	25	56	52	42	66	30	36	61	51	23	5	13	17	46	45	45	43	40	22	38	28	28	
60	28	17	21	46	17	52	50	13	22	52	2	48	23	20	29	37	38	26	38	48	44	44	27	42	43	22	20	39	31	12	19	39	35	18	53	45	36	32	57	16	17	45	43	46	5	23	47	31	24	10	24	23	8	36	32	15	41	14	7	33	39	23	25	7	37	39	43	12	37	27	35	40	31	51	9	13	11	26	25	0	32	22	36	25	50	43	52	47	38	27	38	37	26	41	13	17	20	11	51	20	13	32	38	25	34	33	35	25	36	36	40	53	18	49	52	16	43	16	8	50	27	23	24	2	34	49	36	59	12	39	30	50	52	27	18	38	28	9	21	35	19	52	45	45	35	52	7	45	20	17	
77	36	42	21	61	14	34	68	35	33	63	31	55	55	41	35	43	25	50	52	55	20	65	12	64	47	53	38	64	52	34	32	66	50	47	72	36	62	3	42	20	46	40	22	66	34	32	30	63	23	41	28	50	35	43	4	17	22	45	31	15	63	24	22	32	41	16	37	21	15	44	39	12	9	71	33	25	37	47	56	32	0	51	33	9	57	66	43	48	69	55	61	23	28	15	28	44	27	43	65	30	41	4	9	24	12	43	61	16	5	44	57	70	25	54	38	47	21	31	39	60	6	53	36	31	6	66	44	76	33	27	11	67	39	42	24	10	10	34	52	65	49	67	54	54	39	72	37	62	46	33	
42	27	31	43	32	37	61	32	16	24	40	21	39	13	36	29	32	60	10	26	40	56	25	42	22	38	25	38	17	16	31	40	17	24	4	35	48	14	51	62	31	5	47	55	27	24	43	56	21	47	13	29	3	16	31	52	35	52	8	28	46	18	31	47	27	34	52	45	34	51	18	33	55	47	32	29	35	14	13	10	22	51	0	39	45	41	23	54	43	31	5	19	46	48	55	23	29	27	15	37	42	26	52	55	34	55	28	13	47	54	31	25	36	27	41	58	10	56	21	19	38	45	2	22	21	51	32	31	41	18	47	45	33	56	20	28	54	44	17	12	14	23	37	35	35	33	33	22	29	33	20	
47	12	53	45	31	30	22	40	26	16	30	34	23	50	55	10	13	56	32	24	22	24	40	21	40	14	57	55	44	30	47	52	47	24	36	43	9	43	31	22	23	37	9	21	40	41	54	18	60	49	39	12	37	30	13	37	33	17	39	42	19	41	14	49	42	10	22	6	37	22	22	9	28	24	44	44	42	30	28	49	36	33	39	0	36	24	43	15	15	69	40	38	12	53	25	23	54	15	43	35	51	49	37	30	12	45	15	44	43	32	14	31	41	18	21	18	44	22	21	42	28	27	42	17	34	29	37	14	46	26	10	22	38	16	21	18	28	23	29	48	51	54	37	22	22	9	45	43	34	57	21	
76	36	33	12	60	8	41	67	31	31	63	25	57	48	31	36	45	20	47	51	56	28	63	16	61	49	44	29	61	49	25	23	61	49	41	70	41	58	11	49	17	40	44	29	64	26	23	37	55	14	35	28	45	29	44	7	10	29	39	23	21	60	25	14	24	43	23	41	13	22	43	41	21	16	69	25	16	32	44	50	25	9	45	36	0	59	63	48	51	61	50	58	29	19	23	25	36	26	36	65	20	32	7	18	25	10	43	57	8	14	44	56	69	24	56	45	41	29	28	32	61	10	47	35	25	14	65	44	75	29	33	17	66	46	41	23	19	15	29	46	59	41	67	55	55	41	70	29	61	37	30	
26	23	67	65	14	51	40	22	37	29	8	48	2	55	70	23	14	79	31	14	2	47	26	44	28	9	65	71	36	26	62	69	39	17	40	25	26	37	55	36	42	42	21	44	25	55	72	38	62	69	49	30	38	42	15	60	53	41	46	58	43	32	34	69	57	15	46	22	55	46	24	18	52	48	26	59	60	40	28	51	50	57	41	24	59	0	31	26	10	73	39	29	36	73	49	38	66	33	53	14	69	62	60	54	33	68	17	38	65	56	14	19	21	36	3	34	50	46	35	54	6	51	44	26	48	53	19	14	25	38	33	45	20	31	24	36	52	46	41	53	46	63	16	6	6	18	27	56	18	70	33	
20	33	55	64	16	55	65	11	32	33	25	42	30	34	59	34	30	81	17	19	30	66	5	55	3	33	47	61	7	14	54	63	10	19	25	13	50	10	65	63	46	27	47	64	6	46	66	61	39	68	36	39	21	35	30	69	54	60	31	50	57	4	42	69	50	33	63	46	54	62	22	34	67	60	10	51	56	32	19	29	43	66	23	43	63	31	0	53	38	49	17	5	54	70	66	38	52	39	39	19	64	49	69	68	44	74	28	11	67	68	29	13	15	41	33	60	34	65	35	42	25	60	24	30	42	65	13	29	19	34	53	58	13	57	24	42	67	57	35	33	19	46	18	26	26	34	10	45	12	56	33	
52	27	69	59	38	44	15	47	42	31	34	50	26	66	71	25	23	67	46	33	25	26	49	32	50	19	72	70	56	42	62	66	59	34	51	50	7	56	40	10	37	52	7	23	48	57	68	15	75	62	55	28	51	46	23	47	47	21	55	57	27	53	29	62	58	20	28	9	51	28	36	21	33	33	51	60	56	45	41	64	52	43	54	15	48	26	53	0	16	85	54	49	19	67	30	39	69	31	59	40	65	65	47	36	26	55	27	56	56	40	24	40	47	33	23	8	59	25	37	58	32	38	57	32	50	37	44	24	51	42	15	31	45	5	34	33	34	33	45	64	64	69	42	28	28	21	52	59	42	73	37	
36	19	64	59	22	44	30	31	34	25	18	45	10	55	67	18	10	71	33	18	9	37	33	36	34	5	64	67	41	29	59	64	45	20	41	34	15	41	46	26	36	42	11	34	32	52	66	28	64	62	47	24	39	39	11	52	46	31	45	54	33	38	27	63	54	10	37	12	50	36	24	12	42	39	35	56	54	37	29	53	47	48	43	15	51	10	38	16	0	74	42	34	26	67	40	34	63	27	51	24	63	59	52	44	26	60	15	42	58	47	12	25	31	30	7	24	50	35	31	51	16	42	45	23	45	43	28	12	35	35	23	37	29	21	23	30	43	38	38	54	50	62	26	12	12	12	36	53	26	67	30	
69	58	30	52	62	55	89	60	43	53	71	39	71	18	34	59	64	67	41	58	71	81	53	65	50	69	16	37	42	47	36	43	39	55	33	62	78	39	70	92	53	32	78	81	55	34	46	84	10	54	30	58	34	39	63	68	52	78	29	37	71	45	58	55	37	65	77	75	48	75	50	64	78	69	59	36	45	39	45	21	38	69	31	69	61	73	49	85	74	0	34	47	73	53	79	48	26	55	27	66	46	28	68	76	61	68	59	38	58	73	62	55	64	53	73	87	25	81	48	30	69	65	29	53	39	72	61	62	68	43	75	68	62	86	51	54	76	66	41	20	30	19	66	67	67	64	59	31	58	27	48	
37	28	37	49	28	41	62	27	20	26	36	26	37	17	42	30	31	65	8	24	38	59	20	46	17	37	29	44	12	13	37	46	11	21	8	30	49	8	55	63	35	10	47	58	22	29	49	58	23	52	19	32	5	20	31	56	40	54	14	34	49	13	34	53	33	33	55	45	39	54	18	33	59	51	27	34	40	18	12	13	27	55	5	40	50	39	17	54	42	34	0	14	48	54	58	27	34	30	21	33	47	32	56	59	37	60	27	7	52	58	30	21	31	31	39	59	16	58	25	24	35	49	6	24	26	55	28	30	36	22	49	49	29	57	20	32	58	48	21	16	10	28	33	33	33	33	27	28	25	38	23	
23	28	51	59	15	49	60	13	27	28	24	37	27	31	55	29	26	75	12	16	28	61	6	50	3	30	44	57	7	9	50	58	10	14	21	15	46	8	60	59	41	23	43	59	8	42	61	56	37	63	31	34	17	30	26	63	49	55	27	46	52	3	37	63	45	29	58	42	49	57	17	29	62	55	13	47	51	27	14	27	38	61	19	38	58	29	5	49	34	47	14	0	49	65	61	33	48	33	34	19	59	45	63	62	39	68	23	9	61	63	25	9	17	35	30	55	30	60	30	37	23	54	20	25	37	59	14	25	21	29	48	52	15	53	19	36	61	52	30	30	18	43	19	23	23	29	13	41	11	52	28	
59	21	53	40	43	25	15	52	31	22	42	35	34	55	54	20	25	48	41	35	34	12	51	13	51	26	59	53	54	40	46	48	56	35	42	55	13	52	21	20	21	43	16	10	51	41	49	10	65	43	43	16	44	34	24	27	28	6	44	41	8	52	15	43	42	22	10	14	33	10	32	20	16	13	55	43	38	34	36	55	37	23	46	12	29	36	54	19	26	73	48	49	0	48	13	25	54	18	46	47	46	49	27	18	12	36	26	53	37	21	25	42	53	19	33	16	48	11	25	44	40	19	49	24	35	18	49	25	58	30	4	12	50	17	30	19	16	14	32	53	59	56	49	34	34	20	56	44	45	57	26	
86	49	23	8	72	23	61	76	39	44	76	28	71	45	19	50	59	14	53	63	71	48	71	35	69	64	37	16	66	58	18	10	66	60	45	80	60	62	31	68	31	43	62	49	72	24	7	56	50	5	35	43	49	35	58	25	20	48	40	20	40	66	40	5	21	58	43	59	17	42	53	55	40	35	78	20	14	38	52	48	26	28	48	53	19	73	70	67	67	53	54	65	48	0	43	35	27	40	34	77	7	25	25	38	41	19	56	62	11	33	58	66	79	37	71	64	40	48	38	30	74	29	49	47	28	33	75	58	85	37	52	36	77	65	52	37	38	34	35	44	61	34	78	68	68	55	79	26	71	26	40	
73	33	54	36	57	24	19	65	39	33	56	39	48	62	54	32	38	40	52	48	48	5	63	13	63	40	63	52	66	52	46	46	68	48	51	68	25	64	12	27	25	51	29	7	64	44	46	15	71	38	49	27	53	40	38	19	28	9	51	43	9	64	24	37	43	35	3	27	33	4	44	34	3	9	69	45	37	42	48	62	41	15	55	25	23	49	66	30	40	79	58	61	13	43	0	32	56	28	51	60	44	52	19	6	22	27	39	64	31	11	39	55	66	27	46	24	55	6	33	49	54	15	57	36	39	9	62	39	71	37	17	10	64	26	42	26	5	12	39	60	69	60	62	48	48	34	70	47	59	58	35	
52	15	30	28	37	16	41	42	7	9	41	11	36	30	33	16	24	43	22	28	36	34	38	19	36	30	34	33	36	24	25	30	37	25	19	46	32	33	28	44	8	18	32	33	39	18	33	36	39	31	17	10	22	8	23	30	16	30	19	20	23	35	10	32	20	24	30	29	17	28	18	22	32	24	45	22	21	9	19	30	13	28	23	23	25	38	38	39	34	48	27	33	25	35	32	0	30	7	21	42	30	26	30	32	13	35	21	33	29	31	23	31	45	5	36	40	23	34	3	19	38	22	25	12	11	28	41	23	50	5	27	22	42	39	17	6	31	21	7	28	37	31	43	33	33	22	45	20	36	34	5	
71	44	4	26	59	31	69	61	29	38	66	19	64	20	8	45	53	41	37	52	64	60	54	43	51	59	10	11	46	43	10	17	45	49	27	64	62	42	46	74	33	25	63	60	56	12	20	64	24	28	17	41	31	24	52	43	28	57	21	13	49	47	40	29	12	53	55	60	23	53	42	51	55	47	61	11	20	26	38	24	17	44	29	54	36	66	52	69	63	26	34	48	54	27	56	30	0	38	13	64	20	4	43	53	43	42	49	41	32	49	52	52	64	35	65	70	18	60	32	12	64	41	28	40	19	48	61	52	70	28	57	46	62	69	42	36	53	44	25	19	38	7	65	60	60	51	62	10	57	4	33	
50	9	38	32	34	18	34	40	12	5	37	18	31	37	40	9	18	46	24	24	30	29	37	16	36	24	41	40	38	24	32	37	40	23	24	44	24	36	26	37	9	24	25	27	38	25	39	29	46	36	24	3	25	15	17	30	20	24	25	27	19	36	4	36	27	17	25	22	22	24	17	15	29	21	43	29	27	15	20	36	20	27	27	15	26	33	39	31	27	55	30	33	18	40	28	7	38	0	28	38	36	33	30	29	6	36	16	36	32	29	18	30	43	3	31	32	29	28	6	27	34	21	30	8	18	25	38	18	48	11	20	19	40	31	15	3	28	18	14	34	41	38	40	28	28	15	44	27	34	41	7	
57	33	16	30	45	29	62	47	17	27	53	12	51	12	20	34	41	47	24	39	51	54	41	38	38	47	13	22	33	29	16	25	32	36	13	50	53	29	44	65	26	11	52	54	42	10	28	57	19	33	4	31	17	13	40	43	26	51	7	14	43	34	31	34	13	41	49	50	23	48	29	40	51	42	48	14	22	13	25	14	11	43	15	43	36	53	39	59	51	27	21	34	46	34	51	21	13	28	0	51	27	10	43	50	34	45	36	29	35	47	39	39	51	26	52	61	5	54	22	4	51	38	15	28	12	45	47	39	56	17	48	41	48	60	29	27	49	39	14	10	26	10	51	47	47	40	48	7	43	17	22	
12	29	66	70	5	57	54	9	38	33	6	50	14	50	70	30	22	85	27	14	15	59	14	53	17	21	62	71	26	21	64	71	29	16	37	10	39	28	64	50	48	39	35	56	13	56	74	51	56	73	47	37	34	42	22	69	58	52	43	59	53	22	41	74	59	25	57	35	59	57	24	26	63	57	13	60	63	40	26	46	51	65	37	35	65	14	19	40	24	66	33	19	47	77	60	42	64	38	51	0	72	61	69	64	41	75	22	29	70	66	21	12	7	41	17	48	47	57	38	53	8	59	39	30	50	62	6	21	11	40	44	55	6	45	25	42	63	55	42	49	37	60	2	12	12	26	13	55	8	68	36	
81	45	16	8	66	21	61	70	33	39	72	22	67	38	12	46	55	21	47	58	67	48	65	34	63	60	30	9	59	52	10	3	59	55	38	74	58	56	32	67	28	36	60	49	66	17	3	56	43	8	28	39	43	29	54	27	18	48	33	13	39	60	37	9	14	54	43	57	14	42	47	52	42	35	72	13	9	32	46	41	20	30	42	51	20	69	64	65	63	46	47	59	46	7	44	30	20	36	27	72	0	18	27	39	39	24	51	55	14	35	54	60	74	33	67	63	33	49	34	23	69	29	42	42	22	34	69	54	79	31	50	36	71	63	46	33	39	33	29	36	54	27	73	64	64	52	73	19	65	19	35	
68	40	5	24	56	27	65	58	25	34	62	14	60	20	10	41	49	39	34	48	60	55	51	39	49	55	12	12	44	40	8	15	43	45	24	61	58	40	42	70	28	22	58	55	53	8	19	60	25	26	13	37	28	20	48	40	24	53	18	9	45	45	36	27	8	49	50	55	19	49	38	47	51	43	59	7	16	22	35	23	13	41	26	49	32	62	49	65	59	28	32	45	49	25	52	26	4	33	10	61	18	0	40	49	38	39	45	39	29	45	48	49	61	31	61	65	16	55	28	8	60	37	26	36	14	44	57	48	67	24	52	42	59	65	38	31	49	40	21	18	37	9	61	56	56	47	59	6	54	8	29	
80	39	40	19	64	15	38	71	37	35	66	32	59	55	39	39	47	21	52	55	58	24	67	16	66	51	52	36	66	54	33	30	67	53	48	74	40	64	7	46	22	47	44	26	68	34	29	34	63	20	42	31	51	36	46	0	17	26	46	31	19	65	27	19	31	45	20	41	20	19	47	43	16	13	74	32	23	38	49	57	32	4	52	37	7	60	69	47	52	68	56	63	27	25	19	30	43	30	43	69	27	40	0	13	27	8	46	63	13	8	47	60	73	28	58	42	48	25	33	39	63	9	54	39	32	10	69	47	79	34	31	15	70	43	45	27	14	14	35	53	66	49	70	58	58	43	75	37	65	44	35	
76	35	50	31	60	21	25	68	39	34	60	38	53	61	50	35	42	34	53	51	52	11	66	13	65	44	61	48	67	53	43	42	69	50	51	71	30	65	7	33	24	50	34	13	66	42	42	21	70	33	47	28	54	40	41	13	25	14	50	40	11	65	25	32	40	39	8	32	29	7	45	37	3	8	71	42	33	41	49	62	38	9	55	30	18	54	68	36	44	76	59	62	18	38	6	32	53	29	50	64	39	49	13	0	23	21	42	65	26	5	42	57	69	28	51	30	53	12	34	46	57	11	57	37	38	5	65	42	75	37	22	10	67	32	43	27	1	11	38	59	69	57	66	52	52	37	72	45	62	55	36	
53	12	42	33	37	18	27	44	18	11	38	24	32	43	44	11	19	45	30	28	31	22	42	11	41	23	47	43	44	30	36	40	46	26	30	48	19	42	22	31	11	30	21	21	43	30	42	22	52	37	31	5	32	21	19	27	21	17	32	31	13	42	2	37	31	17	19	18	25	18	22	15	23	16	48	33	30	22	26	43	25	24	34	12	25	33	44	26	26	61	37	39	12	41	22	13	43	6	34	41	39	38	27	23	0	34	18	42	32	24	19	34	46	7	31	26	36	21	13	33	36	17	37	14	24	21	42	19	51	17	14	13	43	26	20	7	22	13	20	41	47	44	43	30	30	15	49	33	38	46	14	
86	45	39	16	70	19	46	77	41	42	73	34	66	57	36	45	54	13	57	61	66	32	73	24	72	58	52	34	71	60	32	27	72	59	51	81	49	68	15	54	28	50	52	34	74	35	25	42	64	15	44	38	55	39	53	8	19	34	48	31	27	70	34	15	32	52	28	49	22	27	53	50	24	22	80	32	23	42	54	59	34	12	55	45	10	68	74	55	60	68	60	68	36	19	27	35	42	36	45	75	24	39	8	21	34	0	53	68	10	16	54	66	79	34	65	50	50	33	38	41	70	17	57	45	34	18	75	54	85	39	40	23	77	52	51	33	22	22	39	55	69	48	77	65	65	50	80	38	71	43	40	
34	7	50	48	18	35	37	26	20	12	20	31	15	40	53	7	4	62	19	9	15	38	25	30	25	10	49	53	29	15	45	51	32	9	25	29	22	29	41	36	25	27	20	36	25	38	54	33	49	52	32	14	25	25	3	46	36	32	30	40	31	26	18	52	40	6	36	18	38	35	9	6	41	34	29	42	42	23	14	38	33	43	28	15	43	17	28	27	15	59	27	23	26	56	39	21	49	16	36	22	51	45	46	42	18	53	0	29	48	43	3	16	27	19	16	32	35	37	17	37	18	36	30	9	31	39	23	3	33	21	25	32	25	30	8	20	40	32	24	38	37	47	24	12	12	6	30	39	19	53	16	
31	32	45	56	25	49	66	22	26	31	34	34	36	23	49	33	33	73	12	24	37	64	15	52	12	37	36	51	4	13	45	53	4	22	16	24	52	1	61	65	41	18	49	62	17	37	57	61	28	60	26	37	12	28	32	63	48	59	21	42	55	7	40	61	41	35	61	48	46	60	21	35	65	57	21	42	48	25	16	18	35	61	13	44	57	38	11	56	42	38	7	9	53	62	64	33	41	36	29	29	55	39	63	65	42	68	29	0	59	64	31	18	26	37	39	62	23	63	31	32	33	55	13	28	34	61	23	31	30	28	53	55	24	59	23	38	64	54	28	22	8	35	28	32	32	35	21	36	21	45	29	
81	41	28	5	65	13	49	71	34	37	69	25	63	47	26	42	51	14	49	56	63	36	67	24	65	55	41	23	63	53	21	17	63	54	43	75	49	60	19	57	23	41	52	37	68	25	16	45	54	6	34	34	47	31	50	13	12	37	39	21	29	63	31	6	22	49	31	49	13	30	47	47	29	24	73	22	13	34	47	49	25	16	47	43	8	65	67	56	58	58	52	61	37	11	31	29	32	32	35	70	14	29	13	26	32	10	48	59	0	21	50	60	74	29	63	53	40	37	32	31	66	18	48	40	25	22	70	50	79	32	41	25	71	54	45	28	26	23	31	45	60	38	72	61	61	47	74	28	65	32	34	
77	36	47	26	61	18	30	69	38	34	62	35	55	58	45	36	43	29	52	52	54	16	66	13	65	46	57	43	66	53	39	37	68	51	50	72	34	64	3	38	23	49	38	18	67	38	37	26	67	28	45	29	53	38	43	8	21	18	48	36	13	65	25	27	37	41	12	35	26	11	46	39	8	8	72	38	29	40	49	60	36	5	54	32	14	56	68	40	47	73	58	63	21	33	11	31	49	29	47	66	35	45	8	5	24	16	43	64	21	0	44	58	71	27	53	34	51	17	33	44	60	9	56	37	35	3	67	44	76	36	25	10	68	36	44	26	6	10	37	56	68	54	67	54	54	39	73	42	63	51	35	
34	8	53	50	18	36	35	26	23	14	19	34	13	43	56	8	1	64	21	10	12	37	26	31	26	7	52	56	31	18	48	54	34	10	29	29	20	31	42	34	27	30	17	35	26	41	57	32	52	54	35	16	28	28	1	47	38	31	33	43	31	28	19	55	43	4	36	16	40	35	12	5	41	35	30	45	45	26	17	41	36	44	31	14	44	14	29	24	12	62	30	25	25	58	39	23	52	18	39	21	54	48	47	42	19	54	3	31	50	44	0	17	27	21	13	30	38	36	20	40	16	37	33	12	34	40	23	0	32	24	24	33	25	28	11	21	41	33	27	42	39	50	23	10	10	5	31	42	20	56	19	
20	22	54	59	7	47	52	10	27	24	15	38	17	38	58	22	18	74	15	7	18	54	9	45	9	20	50	60	16	9	52	60	20	7	25	14	37	18	56	50	38	27	34	52	9	44	63	49	45	63	35	29	22	31	18	60	48	48	31	47	46	13	33	63	47	21	52	33	48	51	13	22	57	50	13	49	52	28	14	34	40	57	25	31	56	19	13	40	25	55	21	9	42	66	55	31	52	30	39	12	60	49	60	57	34	66	16	18	60	58	17	0	13	32	20	47	35	53	28	41	14	51	27	21	38	55	9	17	19	29	41	48	10	44	15	33	56	47	31	37	27	48	12	13	13	22	14	44	5	56	26	
7	34	67	73	9	60	61	4	40	37	13	51	21	48	71	34	28	88	27	18	22	65	11	58	14	28	61	72	22	21	65	73	25	20	37	3	46	25	68	57	51	39	42	62	9	57	76	58	54	76	47	42	33	44	28	73	61	58	43	61	58	19	45	77	60	31	63	42	62	62	26	32	68	62	6	62	65	41	27	44	53	70	36	41	69	21	15	47	31	64	31	17	53	79	66	45	64	43	51	7	74	61	73	69	46	79	27	26	74	71	27	13	0	45	24	55	46	64	41	53	15	63	37	34	51	67	4	27	5	42	51	60	2	52	28	46	68	60	44	47	34	59	5	19	19	32	7	56	8	68	39	
52	12	35	29	36	15	35	43	11	7	40	16	34	36	37	13	21	43	25	27	34	29	39	15	38	27	40	37	39	26	29	34	41	25	24	46	26	37	24	39	6	23	27	28	40	23	36	30	45	33	23	6	26	14	21	28	17	24	24	24	18	38	5	33	24	20	25	24	19	23	19	18	28	20	46	26	24	14	21	35	18	25	27	18	24	36	41	33	30	53	31	35	19	37	27	5	35	3	26	41	33	31	28	28	7	34	19	37	29	27	21	32	45	0	34	34	28	28	6	25	37	18	30	11	16	24	41	21	51	10	22	18	42	34	17	1	27	17	12	33	41	36	43	31	31	18	47	25	37	39	8	
29	21	66	63	16	49	37	25	36	27	11	47	3	55	69	21	12	76	31	15	2	44	28	41	30	7	65	69	37	26	61	67	41	17	40	27	23	38	52	33	40	42	18	41	27	54	70	35	63	67	48	28	38	41	13	58	51	38	45	56	40	33	31	67	56	13	43	19	53	43	23	15	49	45	29	58	58	39	28	52	49	54	41	21	56	3	33	23	7	73	39	30	33	71	46	36	65	31	52	17	67	61	58	51	31	65	16	39	63	53	13	20	24	34	0	31	50	42	33	53	9	48	44	25	47	50	22	13	28	37	30	43	22	28	23	34	49	43	40	53	47	62	19	7	7	15	30	55	20	69	32	
60	30	69	56	46	41	7	55	44	34	42	51	34	69	70	29	29	63	51	40	33	19	56	29	57	27	74	69	62	48	62	65	65	41	55	58	9	61	35	4	37	55	13	17	55	57	66	8	78	59	57	29	55	48	29	42	45	16	58	57	24	59	29	59	58	26	22	13	50	23	41	26	27	29	59	60	55	48	46	68	52	38	58	18	45	34	60	8	24	87	59	55	16	64	24	40	70	32	61	48	63	65	42	30	26	50	32	62	53	34	30	47	55	34	31	0	62	18	39	59	40	35	61	35	51	32	52	30	59	44	13	28	53	3	39	34	29	30	47	67	69	71	50	36	36	26	60	60	49	73	39	
53	32	21	36	42	33	63	43	17	27	50	16	48	7	26	34	39	52	20	36	48	57	36	41	33	45	15	28	28	26	22	31	26	33	10	45	53	24	48	66	29	8	52	56	38	15	34	58	16	39	6	32	13	14	38	48	31	53	4	20	46	29	33	40	19	40	52	50	28	51	26	39	54	46	43	20	27	14	22	9	16	47	10	44	41	50	34	59	50	25	16	30	48	40	55	23	18	29	5	47	33	16	48	53	36	50	35	23	40	51	38	35	46	28	50	62	0	56	23	9	48	42	10	27	16	49	43	38	51	18	50	44	44	61	27	29	53	43	15	5	21	13	47	44	44	39	43	13	39	22	22	
70	32	58	41	54	28	13	63	40	32	53	42	45	64	58	31	35	46	51	46	44	1	62	16	62	36	66	56	65	51	50	51	67	46	52	66	20	63	18	21	27	52	25	1	62	48	52	9	73	43	51	26	54	42	35	25	32	5	53	46	10	63	24	43	47	32	5	23	37	6	43	31	9	13	66	49	42	43	47	64	43	21	56	22	29	46	65	25	35	81	58	60	11	48	6	34	60	28	54	57	49	55	25	12	21	33	37	63	37	17	36	53	64	28	42	18	56	0	34	51	50	19	58	35	42	15	60	36	68	38	13	13	61	20	41	27	11	15	41	62	69	63	59	45	45	31	67	50	56	62	36	
48	12	33	31	33	19	40	39	5	6	38	14	33	30	36	13	21	46	19	24	32	35	34	21	33	27	35	36	33	21	28	34	35	22	18	42	30	31	30	43	10	17	30	34	36	21	37	35	39	35	18	9	20	9	20	33	19	30	19	23	24	32	10	35	23	21	31	27	21	29	14	19	34	26	41	25	25	9	16	30	16	31	21	21	28	35	35	37	31	48	25	30	25	38	33	3	32	6	22	38	34	28	33	34	13	38	17	31	32	33	20	28	41	6	33	39	23	34	0	21	35	24	24	8	14	30	37	20	47	5	26	24	38	38	13	7	33	23	8	28	35	32	39	30	30	19	42	22	33	36	2	
60	32	13	26	47	25	60	50	17	27	54	9	52	16	17	34	41	43	26	40	52	52	43	35	41	47	14	19	36	31	12	21	36	37	16	53	51	33	40	64	24	14	52	51	45	6	25	55	23	29	5	30	20	12	40	39	22	48	10	10	41	37	30	30	9	41	47	49	19	45	30	40	48	39	51	10	18	14	26	18	8	39	19	42	32	54	42	58	51	30	24	37	44	30	49	19	12	27	4	53	23	8	39	46	33	41	37	32	31	44	40	41	53	25	53	59	9	51	21	0	52	35	19	28	9	42	49	40	59	16	47	38	51	59	30	25	46	36	13	14	30	11	53	48	48	40	51	3	45	16	21	
20	25	65	66	8	53	46	16	36	30	2	48	6	51	69	24	16	80	28	12	7	52	20	47	22	13	63	70	30	22	62	69	34	15	38	18	31	32	58	42	43	40	27	49	19	54	72	44	59	70	47	32	35	41	16	63	54	45	44	57	46	27	36	70	57	18	51	27	56	50	22	20	56	51	20	59	60	38	26	48	50	60	38	28	61	6	25	32	16	69	35	23	40	74	54	38	64	34	51	8	69	60	63	57	36	70	18	33	66	60	16	14	15	37	9	40	48	50	35	52	0	53	40	26	48	56	13	16	19	37	37	49	13	37	22	38	56	49	40	50	42	61	10	5	5	20	21	54	12	68	33	
70	29	39	21	54	10	31	61	29	26	56	26	49	50	39	29	37	29	43	45	48	19	58	6	57	41	49	37	58	45	31	31	59	43	41	65	32	55	6	39	14	40	35	20	59	30	32	27	58	24	36	21	44	29	36	9	13	19	39	28	11	57	18	24	29	35	14	32	18	13	38	33	13	6	64	30	22	31	40	50	27	6	45	27	10	51	60	38	42	65	49	54	19	29	15	22	41	21	38	59	29	37	9	11	17	17	36	55	18	9	37	51	63	18	48	35	42	19	24	35	53	0	47	29	26	6	59	37	69	27	23	7	61	36	36	18	11	5	28	47	59	45	60	48	48	33	65	33	55	43	26	
43	30	31	44	34	39	63	33	18	26	42	22	42	11	36	31	35	61	12	29	42	59	26	44	24	40	23	38	18	18	32	40	16	26	6	36	51	14	53	65	33	7	50	58	28	24	44	59	18	47	13	32	5	18	34	54	37	54	8	29	49	19	34	48	28	37	55	48	35	54	21	36	58	49	33	29	36	16	16	7	23	53	2	42	47	44	24	57	45	29	6	20	49	49	57	25	28	30	15	39	42	26	54	57	37	57	30	13	48	56	33	27	37	30	44	61	10	58	24	19	40	47	0	25	22	53	34	33	42	20	50	48	35	59	22	31	56	46	19	10	12	22	39	37	37	36	34	22	31	32	22	
41	5	41	39	25	26	38	31	11	3	29	22	24	34	44	6	13	54	16	16	24	36	28	25	27	19	41	44	30	16	36	42	32	14	19	35	26	28	35	39	17	20	25	34	29	29	45	34	43	43	24	9	20	16	12	39	27	30	23	31	27	28	12	44	31	13	33	22	29	32	8	11	37	29	34	33	33	14	12	32	24	36	22	17	35	26	30	32	23	53	24	25	24	47	36	12	40	8	28	30	42	36	39	37	14	45	9	28	40	37	12	21	34	11	25	35	27	35	8	28	26	29	25	0	22	34	30	12	39	12	25	27	31	33	6	12	36	27	15	32	34	38	31	21	21	11	35	30	25	44	7	
58	26	19	22	44	17	51	48	11	20	50	0	46	23	22	27	35	38	25	36	46	42	43	26	41	41	24	22	38	30	14	21	38	33	17	52	43	34	32	55	14	16	43	42	44	7	24	46	31	25	10	22	21	7	34	32	15	39	14	9	32	38	21	26	9	35	38	41	12	36	26	33	39	30	50	11	14	10	24	25	2	31	21	34	25	48	42	50	45	39	26	37	35	28	39	11	19	18	12	50	22	14	32	38	24	34	31	34	25	35	34	38	51	16	47	51	16	42	14	9	48	26	22	22	0	33	47	34	57	10	38	29	49	50	25	17	37	27	7	21	35	20	51	43	43	33	50	8	43	22	15	
74	33	46	26	58	16	28	65	35	31	59	33	51	56	45	32	40	31	49	49	50	14	63	9	62	43	56	43	63	50	38	37	65	47	47	69	31	61	3	36	20	46	34	16	63	37	37	24	65	28	43	25	50	35	39	10	20	16	46	35	10	62	22	28	35	37	10	32	24	9	42	35	7	5	69	37	29	37	45	57	34	6	51	29	14	53	65	37	43	72	55	59	18	33	9	28	48	25	45	62	34	44	10	5	21	18	39	61	22	3	40	55	67	24	50	32	49	15	30	42	56	6	53	34	33	0	63	40	72	33	22	7	64	33	40	23	5	7	34	54	65	52	64	50	50	35	70	40	59	50	32	
11	30	63	68	6	56	58	3	36	33	12	47	18	45	67	30	24	84	23	14	19	61	8	54	11	25	57	68	19	17	61	69	23	15	33	6	43	22	64	54	47	35	39	59	6	53	72	55	51	72	44	38	29	40	24	69	57	55	39	56	54	16	41	73	56	27	59	39	58	59	22	28	64	58	7	58	61	37	23	41	49	66	32	37	65	19	13	44	28	61	28	14	49	75	62	41	61	38	47	6	69	57	69	65	42	75	23	23	70	67	23	9	4	41	22	52	43	60	37	49	13	59	34	30	47	63	0	23	9	38	47	56	1	49	24	42	64	56	40	44	32	56	5	16	16	28	8	52	4	65	35	
34	8	53	50	18	36	35	26	23	14	19	34	13	43	56	8	1	64	21	10	12	37	26	31	26	7	52	56	31	18	48	54	34	10	29	29	20	31	42	34	27	30	17	35	26	41	57	32	52	54	35	16	28	28	1	47	38	31	33	43	31	28	19	55	43	4	36	16	40	35	12	5	41	35	30	45	45	26	17	41	36	44	31	14	44	14	29	24	12	62	30	25	25	58	39	23	52	18	39	21	54	48	47	42	19	54	3	31	50	44	0	17	27	21	13	30	38	36	20	40	16	37	33	12	34	40	23	0	32	24	24	33	25	28	11	21	41	33	27	42	39	50	23	10	10	5	31	42	20	56	19	
1	39	72	78	14	66	65	8	46	43	17	57	25	52	76	40	33	94	32	23	26	70	15	63	18	32	65	78	26	27	70	78	29	25	42	6	50	29	74	61	57	44	46	67	13	62	82	62	58	82	53	47	38	50	33	79	67	63	48	66	63	23	51	82	66	36	68	46	68	68	32	37	73	68	9	67	71	47	33	48	59	76	41	46	75	25	19	51	35	68	36	21	58	85	71	50	70	48	56	11	79	67	79	75	51	85	33	30	79	76	32	19	5	51	28	59	51	68	47	59	19	69	42	39	57	72	9	32	0	48	56	65	8	56	33	52	73	65	50	52	38	64	9	23	23	37	9	62	14	74	45	
49	16	29	30	34	20	45	39	2	10	40	10	36	25	32	17	25	46	17	26	36	39	34	24	33	31	30	32	31	21	24	31	32	23	14	43	35	29	33	48	13	13	35	38	36	17	34	40	35	33	13	14	17	4	24	34	19	34	14	19	28	31	15	34	19	25	35	32	19	33	16	23	37	29	41	21	23	4	15	25	12	33	18	26	29	38	34	42	35	43	22	29	30	37	37	5	28	11	17	40	31	24	34	37	17	39	21	28	32	36	24	29	42	10	37	44	18	38	5	16	37	27	20	12	10	33	38	24	48	0	31	27	39	43	15	11	36	26	3	23	32	27	41	32	32	23	42	18	34	32	5	
57	20	56	44	41	29	13	50	32	23	40	38	32	57	57	19	23	52	41	34	31	14	50	17	50	23	62	56	54	39	49	52	56	34	44	53	8	52	25	17	24	44	12	11	50	44	53	8	66	47	45	17	45	36	23	31	32	8	46	44	12	51	17	47	45	20	14	10	37	14	32	19	19	18	54	47	42	36	37	56	39	27	47	10	33	33	53	15	23	75	49	48	4	52	17	27	57	20	48	44	50	52	31	22	14	40	25	53	41	25	24	41	51	22	30	13	50	13	26	47	37	23	50	25	38	22	47	24	56	31	0	16	48	13	30	21	20	18	34	55	59	58	46	32	32	19	55	47	44	60	27	
67	26	44	28	51	15	25	58	29	24	52	29	44	52	44	25	33	36	43	42	43	13	56	3	55	36	53	43	57	43	37	38	59	40	41	62	25	55	9	32	15	41	28	13	56	34	38	20	61	31	38	18	44	30	32	15	18	12	41	33	4	55	15	31	33	30	8	25	23	7	35	28	10	2	62	35	28	32	39	52	30	11	45	22	17	45	58	31	37	68	49	52	12	36	10	22	46	19	41	55	36	42	15	10	13	23	32	55	25	10	33	48	60	18	43	28	44	13	24	38	49	7	48	27	29	7	56	33	65	27	16	0	57	29	33	17	9	2	29	50	59	49	56	43	43	28	62	37	52	49	26	
9	31	64	70	7	58	59	2	37	35	13	49	19	46	68	32	25	85	24	15	20	62	9	55	12	26	58	70	20	19	62	70	24	17	34	5	44	23	66	55	49	37	40	60	7	54	73	56	52	73	45	39	31	41	25	70	58	56	41	58	56	17	43	74	57	28	61	40	59	60	24	30	66	59	6	59	62	39	24	42	50	67	33	38	66	20	13	45	29	62	29	15	50	77	64	42	62	40	48	6	71	59	70	67	43	77	25	24	71	68	25	10	2	42	22	53	44	61	38	51	13	61	35	31	49	64	1	25	8	39	48	57	0	50	25	43	65	57	41	45	32	57	5	17	17	30	7	54	5	66	36	
57	29	69	57	43	42	10	52	43	33	39	50	31	67	70	27	26	64	49	37	30	21	53	30	54	24	73	69	60	46	62	65	63	38	53	55	7	59	36	5	37	54	10	19	53	57	66	10	77	60	56	28	54	47	27	43	45	17	56	57	25	57	29	60	57	24	24	11	50	25	39	24	29	30	56	59	55	47	44	66	52	39	56	16	46	31	57	5	21	86	57	53	17	65	26	39	69	31	60	45	63	65	43	32	26	52	30	59	54	36	28	44	52	34	28	3	61	20	38	59	37	36	59	33	50	33	49	28	56	43	13	29	50	0	37	33	31	31	46	65	67	70	47	33	33	24	57	59	46	73	38	
35	9	43	45	20	32	43	25	13	9	25	25	22	32	46	10	12	60	11	11	22	42	22	31	21	18	41	47	24	10	39	46	26	8	17	29	29	22	41	43	23	19	27	40	23	31	49	38	41	48	25	15	17	18	11	45	33	36	22	34	33	22	18	49	34	14	39	25	34	38	2	13	43	36	28	36	38	16	7	30	27	42	20	21	41	24	24	34	23	51	20	19	30	52	42	17	42	15	29	25	46	38	45	43	20	51	8	23	45	44	11	15	28	17	23	39	27	41	13	30	22	36	22	6	25	40	24	11	33	15	30	33	25	37	0	18	42	33	17	30	30	39	26	18	18	13	29	32	19	46	11	
53	13	35	29	37	15	34	44	12	8	40	17	34	36	37	13	22	42	26	28	34	28	40	14	39	27	40	37	40	27	29	34	42	26	25	47	26	38	23	38	5	24	27	27	41	23	36	29	46	32	24	6	27	15	21	27	16	23	25	24	17	39	4	33	24	21	24	24	19	22	20	18	27	19	47	26	24	15	22	36	18	24	28	18	23	36	42	33	30	54	32	36	19	37	26	6	36	3	27	42	33	31	27	27	7	33	20	38	28	26	21	33	46	1	34	34	29	27	7	25	38	18	31	12	17	23	42	21	52	11	21	17	43	33	18	0	26	16	13	34	42	37	43	32	32	18	47	25	38	39	9	
75	34	50	31	59	21	24	67	38	33	59	37	51	60	50	33	40	35	52	50	50	10	65	12	64	43	60	48	66	52	43	42	68	49	50	70	29	64	7	32	23	50	33	12	65	41	42	20	69	33	47	27	53	39	40	14	24	13	50	39	9	64	24	33	40	38	6	31	29	6	44	36	2	7	70	41	33	40	48	61	38	10	54	28	19	52	67	34	43	76	58	61	16	38	5	31	53	28	49	63	39	49	14	1	22	22	40	64	26	6	41	56	68	27	49	29	53	11	33	46	56	11	56	36	37	5	64	41	73	36	20	9	65	31	42	26	0	10	38	58	68	57	64	51	51	36	71	44	60	55	35	
67	25	42	26	51	13	27	58	28	23	52	27	45	50	42	25	33	34	42	42	44	15	55	2	55	36	51	41	56	43	35	35	58	40	40	62	26	54	8	34	13	39	30	16	56	32	36	22	59	29	37	18	43	29	32	14	16	14	39	31	6	54	14	29	31	31	10	27	21	9	35	29	11	3	61	33	26	30	38	51	28	10	44	23	15	46	57	33	38	66	48	52	14	34	12	21	44	18	39	55	33	40	14	11	13	22	32	54	23	10	33	47	60	17	43	30	43	15	23	36	49	5	46	27	27	7	56	33	65	26	18	2	57	31	33	16	10	0	27	48	58	47	57	44	44	29	62	35	52	46	25	
51	19	26	29	37	20	48	41	4	13	43	7	39	23	29	20	28	45	18	28	39	41	36	26	34	34	27	29	32	22	21	29	32	26	13	44	38	29	34	51	14	12	38	40	37	14	32	43	32	32	10	17	16	1	27	35	19	37	12	17	30	31	17	33	16	28	37	35	18	35	18	26	39	31	43	18	21	3	17	23	9	34	17	29	29	41	35	45	38	41	21	30	32	35	39	7	25	14	14	42	29	21	35	38	20	39	24	28	31	37	27	31	44	12	40	47	15	41	8	13	40	28	19	15	7	34	40	27	50	3	34	29	41	46	17	13	38	27	0	21	31	24	43	35	35	26	43	15	36	29	8	
53	37	23	40	44	38	68	43	22	32	52	21	51	2	28	38	43	57	22	38	51	62	36	47	33	49	13	30	27	28	26	34	25	35	13	46	58	23	53	71	34	11	57	61	38	20	38	64	11	43	11	37	15	19	42	53	36	58	9	24	51	29	38	44	23	44	58	54	33	56	30	43	60	51	43	24	32	19	25	5	21	52	12	48	46	53	33	64	54	20	16	30	53	44	60	28	19	34	10	49	36	18	53	59	41	55	38	22	45	56	42	37	47	33	53	67	5	62	28	14	50	47	10	32	21	54	44	42	52	23	55	50	45	65	30	34	58	48	21	0	18	13	49	47	47	43	43	17	41	23	27	
39	38	41	57	34	51	72	30	30	36	42	35	45	17	46	40	41	73	18	32	45	70	23	56	20	45	31	49	12	21	43	52	9	30	18	32	59	9	65	73	45	19	57	68	25	36	55	68	20	60	26	42	15	30	40	66	49	64	21	41	60	15	45	60	40	43	66	55	47	65	28	43	69	61	29	41	48	28	22	13	35	65	14	51	59	46	19	64	50	30	10	18	59	61	69	37	38	41	26	37	54	37	66	69	47	69	37	8	60	68	39	27	34	41	47	69	21	69	35	30	42	59	12	34	35	65	32	39	38	32	59	59	32	67	30	42	68	58	31	18	0	31	37	40	40	43	29	34	30	41	33	
66	43	11	33	55	35	71	56	27	38	63	20	61	13	16	44	51	48	33	49	61	63	49	46	46	57	3	19	40	39	17	24	38	46	23	58	63	36	51	75	35	21	63	62	51	15	27	66	16	35	14	41	26	23	50	49	32	60	17	18	52	42	41	36	17	52	58	60	28	56	39	50	59	50	56	16	25	24	35	17	19	49	23	54	41	63	46	69	62	19	28	43	56	34	60	31	7	38	10	60	27	9	49	57	44	48	47	35	38	54	50	48	59	36	62	71	13	63	32	11	61	45	22	38	20	52	56	50	64	27	58	49	57	70	39	37	57	47	24	13	31	0	60	57	57	50	56	12	52	10	32	
10	31	67	71	6	58	56	7	39	35	8	51	16	50	71	31	24	86	27	15	17	61	13	54	16	23	62	72	25	21	64	72	28	17	37	8	41	27	65	52	49	40	37	58	12	56	75	53	56	75	48	39	34	43	24	70	59	54	44	60	55	21	42	75	59	26	59	37	60	59	25	28	64	59	11	61	64	41	26	46	52	67	37	37	67	16	18	42	26	66	33	19	49	78	62	43	65	40	51	2	73	61	70	66	43	77	24	28	72	67	23	12	5	43	19	50	47	59	39	53	10	60	39	31	51	64	5	23	9	41	46	56	5	47	26	43	64	57	43	49	37	60	0	14	14	28	12	56	8	69	37	
24	19	61	61	10	47	42	19	31	24	8	43	4	48	64	19	10	75	25	8	5	46	21	41	23	9	59	65	30	19	57	64	33	11	34	22	27	31	52	38	38	36	23	44	20	49	67	39	56	64	43	27	32	36	11	58	48	40	40	52	41	26	30	65	52	13	45	23	50	45	18	15	51	45	23	54	55	34	22	45	45	54	35	22	55	6	26	28	12	67	33	23	34	68	48	33	60	28	47	12	64	56	58	52	30	65	12	32	61	54	10	13	19	31	7	36	44	45	30	48	5	48	37	21	43	50	16	10	23	32	32	43	17	33	18	32	51	44	35	47	40	57	14	0	0	15	24	50	13	64	28	
24	19	61	61	10	47	42	19	31	24	8	43	4	48	64	19	10	75	25	8	5	46	21	41	23	9	59	65	30	19	57	64	33	11	34	22	27	31	52	38	38	36	23	44	20	49	67	39	56	64	43	27	32	36	11	58	48	40	40	52	41	26	30	65	52	13	45	23	50	45	18	15	51	45	23	54	55	34	22	45	45	54	35	22	55	6	26	28	12	67	33	23	34	68	48	33	60	28	47	12	64	56	58	52	30	65	12	32	61	54	10	13	19	31	7	36	44	45	30	48	5	48	37	21	43	50	16	10	23	32	32	43	17	33	18	32	51	44	35	47	40	57	14	0	0	15	24	50	13	64	28	
39	7	52	48	23	33	30	31	22	13	23	33	16	45	55	6	4	61	25	15	15	32	31	26	31	8	53	55	36	21	47	52	39	15	30	34	16	35	37	30	24	31	14	30	31	40	55	27	54	51	36	13	30	27	4	43	35	26	34	42	26	33	16	52	42	2	31	12	38	30	15	0	36	30	35	44	42	26	20	43	35	39	33	9	41	18	34	21	12	64	33	29	20	55	34	22	51	15	40	26	52	47	43	37	15	50	6	35	47	39	5	22	32	18	15	26	39	31	19	40	20	33	36	11	33	35	28	5	37	23	19	28	30	24	13	18	36	29	26	43	43	50	28	15	15	0	36	41	25	55	18	
10	37	64	72	14	61	66	5	40	39	20	50	27	44	69	37	32	88	25	21	28	69	7	60	10	33	57	71	17	21	63	72	20	22	34	3	51	20	71	62	53	37	47	66	6	55	75	63	49	76	45	44	30	43	32	75	62	62	41	59	61	14	47	77	59	35	66	47	62	66	27	36	71	65	1	60	65	41	26	40	52	72	33	45	70	27	10	52	36	59	27	13	56	79	70	45	62	44	48	13	73	59	75	72	49	80	30	21	74	73	31	14	7	47	30	60	43	67	42	51	21	65	34	35	50	70	8	31	9	42	55	62	7	57	29	47	71	62	43	43	29	56	12	24	24	36	0	54	11	66	40	
63	34	11	23	50	23	60	53	19	28	57	8	54	19	14	35	43	39	29	42	54	50	47	34	44	49	15	16	40	34	9	17	39	40	20	56	52	36	38	64	23	17	52	50	48	3	21	55	26	25	9	31	24	14	42	37	20	48	14	7	40	41	30	26	6	43	46	49	16	44	32	41	46	38	54	6	15	16	29	22	7	37	22	43	29	56	45	59	53	31	28	41	44	26	47	20	10	27	7	55	19	6	37	45	33	38	39	36	28	42	42	44	56	25	55	60	13	50	22	3	54	33	22	30	8	40	52	42	62	18	47	37	54	59	32	25	44	35	15	17	34	12	56	50	50	41	54	0	48	14	23	
15	26	59	64	4	52	55	6	32	29	13	43	17	42	63	26	21	79	19	10	18	58	7	50	10	22	54	64	18	13	57	65	21	11	29	9	40	20	60	52	43	32	36	55	6	49	68	52	48	68	40	34	26	36	21	65	53	51	36	52	50	14	37	68	52	24	56	36	53	55	18	25	61	54	10	54	57	33	19	38	45	62	29	34	61	18	12	42	26	58	25	11	45	71	59	36	57	34	43	8	65	54	65	62	38	71	19	21	65	63	20	5	8	37	20	49	39	56	33	45	12	55	31	25	43	59	4	20	14	34	44	52	5	46	19	38	60	52	36	41	30	52	8	13	13	25	11	48	0	61	31	
75	48	4	26	63	33	72	65	33	42	70	22	68	24	7	49	57	40	41	56	68	62	58	46	55	63	12	10	50	47	12	16	48	53	31	68	66	46	48	77	36	29	66	62	60	15	19	67	26	27	21	44	35	28	56	44	30	60	25	15	52	51	44	28	15	57	57	63	25	56	46	55	57	49	65	13	21	30	42	28	20	46	33	57	37	70	56	73	67	27	38	52	57	26	58	34	4	41	17	68	19	8	44	55	46	43	53	45	32	51	56	56	68	39	69	73	22	62	36	16	68	43	32	44	22	50	65	56	74	32	60	49	66	73	46	39	55	46	29	23	41	10	69	64	64	55	66	14	61	0	37	
46	11	34	33	31	21	41	36	5	5	36	15	31	29	37	12	20	48	17	22	31	36	32	23	31	26	35	37	31	19	29	35	33	20	16	40	30	29	32	43	13	16	30	35	33	22	38	36	38	37	18	10	18	9	19	35	21	31	18	24	26	30	11	37	24	20	32	27	23	31	12	18	36	28	39	26	26	8	13	28	17	33	20	21	30	33	33	37	30	48	23	28	26	40	35	5	33	7	22	36	35	29	35	36	14	40	16	29	34	35	19	26	39	8	32	39	22	36	2	21	33	26	22	7	15	32	35	19	45	5	27	26	36	38	11	9	35	25	8	27	33	32	37	28	28	18	40	23	31	37	0	

