2  150
14	75	88	70	3	91	40	68	57	31	61	39	91	54	14	97	82	14	44	59	90	56	82	81	52	4	1	53	10	33	12	77	99	82	42	2	41	9	74	52	89	42	11	14	64	33	26	26	1	57	72	37	93	78	10	69	12	11	20	52	14	7	68	75	2	96	91	14	48	98	61	83	66	63	100	66	17	27	9	76	46	48	78	9	34	25	38	26	65	48	30	36	90	87	43	15	81	68	1	32	69	47	58	15	52	26	57	33	67	19	47	24	13	24	79	46	22	96	100	75	64	79	62	36	67	9	46	95	73	17	41	73	78	61	74	41	90	27	16	42	54	5	74	88	76	86	96	12	96	2	
81	80	40	36	50	76	2	30	39	51	89	27	85	45	77	60	75	97	100	31	13	10	52	96	82	24	88	2	53	59	21	72	23	48	2	13	32	68	80	18	40	60	23	49	6	47	94	81	75	57	81	65	84	46	58	21	11	31	80	3	77	31	89	51	18	24	40	72	48	17	15	58	15	43	44	98	85	67	88	76	45	38	10	25	74	50	1	21	57	47	61	87	99	62	24	97	12	94	18	40	41	17	48	53	88	56	100	54	2	85	44	11	7	97	42	70	26	11	35	57	70	52	18	20	51	79	74	86	6	84	81	11	59	53	48	17	34	1	17	64	42	72	77	71	38	30	10	25	89	10	
3260	218	3697	4873	1129	2289	5283	7114	1415	676	3734	4751	3765	3207	3682	113	928	6328	6011	1252	7439	3134	7057	6629	2155	3916	4933	5716	1912	6156	1086	1317	2927	3582	3857	3561	7211	1009	7248	1380	4751	5378	3826	2978	2050	4420	4966	2102	5037	218	691	6318	2223	4784	3700	6450	5162	5306	5508	1044	5789	7369	4208	7169	4562	7343	6272	7489	6260	2211	5446	3350	3206	7273	5077	4612	6720	3725	4944	6739	4997	2606	4063	1970	5063	5564	116	558	7214	4217	7189	4597	2526	7193	5404	7289	5773	5640	590	4871	5694	411	3292	4645	1432	1721	918	1417	7087	5242	571	2676	6918	4485	302	290	3935	6158	3563	6304	2835	4043	1660	5927	2978	4740	1743	4879	6263	1223	2770	1851	3848	2466	4434	3637	6176	147	3640	3088	5736	3079	3933	217	4099	5463	7348	1481	82	4693	
0	64	63	39	35	68	66	65	38	60	48	38	77	75	11	76	52	50	54	50	59	72	73	34	34	51	13	64	59	24	37	27	53	52	80	57	34	70	69	80	91	61	22	73	61	36	74	63	30	25	78	52	22	26	46	30	45	22	59	70	60	72	57	31	76	53	71	46	17	82	63	91	61	31	38	29	51	68	68	60	29	27	48	68	38	76	14	1	35	60	52	79	16	73	26	79	79	39	89	50	20	69	68	68	77	79	36	21	59	37	59	74	84	43	16	5	83	74	51	60	37	32	55	37	70	38	47	76	40	51	66	44	39	26	41	88	45	32	57	41	62	63	82	74	43	34	79	39	44	36	24	
64	0	53	29	47	7	34	68	25	20	48	62	44	64	62	49	13	13	11	32	74	13	10	29	31	17	50	6	7	40	53	59	30	54	33	70	30	81	38	46	53	14	46	19	69	40	49	44	35	39	26	15	55	46	66	63	34	49	71	37	64	54	10	34	46	11	60	48	56	28	36	54	46	36	25	43	56	5	79	63	41	59	18	66	47	52	55	62	29	10	12	39	47	51	37	51	48	42	52	31	45	21	34	76	35	25	45	50	75	26	9	44	34	28	49	59	56	35	66	75	30	46	59	26	55	65	35	18	66	58	77	34	57	54	22	51	57	33	47	66	36	12	51	53	20	42	26	27	22	59	41	
63	53	0	35	28	50	21	16	45	33	15	31	23	13	53	17	44	47	45	23	27	48	54	46	55	37	55	59	57	46	26	38	23	12	36	23	43	29	19	24	34	64	42	43	19	29	14	9	42	46	40	58	41	37	27	38	25	41	23	20	14	9	57	55	19	46	9	17	46	44	17	33	6	39	45	36	14	58	28	13	37	38	40	13	25	14	48	62	54	43	53	29	51	12	49	19	21	25	31	23	47	36	22	24	31	43	27	42	28	46	44	19	40	31	49	59	21	26	23	27	37	31	12	50	7	33	22	46	32	15	26	25	26	37	47	31	20	42	7	32	17	41	22	13	47	30	41	38	38	30	44	
39	29	35	0	18	32	28	46	10	21	23	34	41	48	34	41	16	17	18	13	48	34	37	11	20	13	26	33	29	15	25	29	15	30	41	44	8	57	32	43	54	34	18	34	45	11	40	30	9	14	38	26	26	17	38	33	10	20	46	32	41	41	28	20	40	18	44	22	27	42	26	54	30	8	10	14	31	34	55	41	12	29	11	46	19	42	27	38	19	23	23	40	23	40	16	44	44	14	52	13	19	30	30	53	38	39	16	21	49	11	22	38	44	4	23	34	49	35	40	49	2	17	35	15	41	36	13	37	37	33	53	10	28	25	13	51	30	8	28	38	25	24	46	42	13	13	39	3	7	30	15	
35	47	28	18	0	48	34	33	27	34	13	15	44	40	26	41	34	36	36	19	32	50	53	25	33	29	27	51	47	20	7	13	22	18	50	28	22	42	36	46	57	52	15	48	31	6	39	28	18	20	50	44	14	10	20	17	15	13	30	36	28	36	46	32	41	36	36	10	18	54	29	57	25	15	27	9	18	52	39	28	11	13	29	35	3	40	20	34	33	39	41	46	24	38	24	44	45	6	55	20	20	42	36	38	46	51	2	13	32	27	39	40	54	18	21	30	48	42	23	33	18	3	22	31	35	18	15	51	19	19	37	14	10	10	30	54	13	20	22	19	29	40	47	39	31	5	51	21	25	12	18	
68	7	50	32	48	0	30	66	30	17	47	63	38	60	66	43	16	18	14	31	73	5	5	34	37	19	55	13	15	44	54	61	29	52	26	68	34	79	33	40	46	21	49	12	67	42	44	41	38	43	19	23	58	49	66	65	34	52	69	32	62	50	17	39	41	15	56	47	59	20	33	47	43	39	30	46	55	9	77	61	44	61	21	63	48	47	58	67	36	9	19	32	52	46	42	46	43	42	45	30	49	15	29	74	28	18	46	53	74	31	10	39	27	30	53	64	51	30	66	73	33	48	57	32	51	66	35	11	67	57	75	35	57	57	27	44	57	36	45	67	32	8	45	48	25	44	19	30	25	60	45	
66	34	21	28	34	30	0	38	36	14	25	44	12	30	59	15	29	33	29	16	47	27	33	38	46	23	54	40	39	43	36	47	13	28	17	43	36	51	4	14	25	47	43	21	40	30	14	12	37	43	19	43	47	40	44	49	21	44	43	4	35	20	41	47	13	30	26	26	51	23	5	25	15	35	36	37	31	38	49	34	37	47	27	34	31	18	52	65	45	24	38	12	51	17	44	18	16	28	23	15	46	15	2	46	12	21	32	45	48	37	26	11	21	24	50	61	23	8	42	47	30	35	31	41	21	47	19	24	47	33	47	21	39	44	36	22	35	36	18	47	5	22	19	18	35	32	20	30	27	42	42	
65	68	16	46	33	66	38	0	57	49	22	27	38	15	54	32	58	61	59	37	13	64	70	56	65	51	60	74	71	53	28	38	38	16	53	10	53	13	36	39	47	78	48	59	5	37	29	25	50	53	57	71	43	43	20	36	37	46	9	37	5	22	72	64	34	60	15	24	48	60	33	46	22	47	57	42	15	73	11	5	44	38	53	5	30	28	51	64	64	58	67	44	57	26	57	33	36	33	45	37	53	53	39	8	47	59	33	46	13	57	59	34	56	43	54	61	32	43	15	12	47	36	11	61	19	29	34	62	27	14	10	36	26	39	59	45	20	51	21	26	34	57	36	26	59	37	58	50	51	28	51	
38	25	45	10	27	30	36	57	0	25	34	42	49	58	37	50	13	12	15	23	59	34	34	4	10	15	25	27	22	15	34	36	24	41	45	55	5	68	40	51	61	26	21	36	56	21	49	40	10	14	41	17	31	22	48	41	20	24	56	40	52	51	20	11	49	14	54	33	31	45	35	62	40	12	0	20	42	30	66	51	17	36	10	57	29	52	30	37	9	22	15	47	22	50	12	53	52	24	59	23	20	33	37	64	44	42	26	25	59	1	20	47	49	14	24	34	58	42	50	60	9	25	46	5	51	45	23	38	46	44	63	20	38	31	3	58	40	8	38	47	34	25	55	52	5	21	42	7	8	39	16	
60	20	33	21	34	17	14	49	25	0	30	48	26	44	55	29	15	19	15	15	56	16	21	28	35	10	47	26	25	36	39	47	12	35	20	51	26	62	18	28	37	32	38	14	50	28	29	24	30	35	17	29	45	37	49	51	19	40	52	18	45	34	26	36	27	16	40	31	48	21	16	37	26	29	25	33	38	24	60	44	32	47	14	46	33	32	48	59	34	10	24	22	44	31	36	32	30	28	35	14	40	8	15	57	19	18	32	41	57	26	11	25	24	17	44	55	37	18	49	56	23	34	40	29	35	51	19	17	51	40	58	20	42	43	24	34	40	28	27	51	15	8	33	33	22	30	18	21	17	45	36	
48	48	15	23	13	47	25	22	34	30	0	19	33	27	38	29	36	39	38	16	26	47	52	33	42	30	40	53	50	32	12	24	18	6	42	22	30	34	26	34	46	56	27	43	22	15	26	16	28	32	44	49	26	22	19	25	14	26	23	27	17	23	50	41	30	38	23	2	31	48	20	45	13	25	34	21	8	53	32	17	23	24	31	23	9	28	33	46	42	38	45	37	36	25	35	32	33	11	43	17	32	37	27	29	37	46	12	26	27	34	39	29	46	21	34	43	35	32	18	27	25	15	11	39	22	22	12	46	22	10	29	14	13	22	36	43	10	28	9	22	20	38	35	27	36	16	45	27	29	17	30	
38	62	31	34	15	63	44	27	42	48	19	0	52	40	27	48	50	51	52	33	21	64	68	40	47	45	35	67	63	33	9	11	36	19	61	19	37	32	45	54	64	68	25	62	23	22	45	35	33	33	63	59	17	21	8	8	29	22	21	46	23	40	62	45	49	52	37	18	22	67	40	64	32	30	42	22	17	68	30	24	25	11	44	31	15	46	25	37	47	54	56	56	33	43	37	50	52	20	62	34	30	56	47	30	57	65	17	21	21	42	54	48	66	34	29	35	52	52	13	22	34	17	19	46	38	3	29	65	3	16	28	28	6	13	45	62	10	34	28	4	39	55	53	44	46	21	64	37	41	3	30	
77	44	23	41	44	38	12	38	49	26	33	52	0	26	70	6	41	45	41	28	50	34	40	51	59	35	66	50	50	56	45	56	25	33	16	46	48	51	8	2	13	57	55	27	42	41	9	16	50	55	22	55	58	51	49	58	33	55	46	8	37	16	52	60	4	42	24	34	62	24	15	13	20	48	49	48	36	47	49	36	49	56	39	33	41	11	63	76	58	35	50	7	63	12	57	7	4	38	11	27	58	23	11	45	11	24	42	56	51	50	37	4	19	36	62	73	12	8	46	50	43	46	35	53	19	55	30	30	54	38	48	33	46	54	49	10	41	49	23	54	15	32	7	13	47	43	23	43	40	50	54	
75	64	13	48	40	60	30	15	58	44	27	40	26	0	64	19	56	60	57	36	28	58	63	59	68	49	67	70	68	59	37	48	36	22	42	25	56	26	27	26	33	76	55	51	20	42	17	20	55	59	48	70	52	50	33	48	38	53	24	28	17	10	69	68	22	58	4	29	57	50	27	32	18	52	58	48	23	68	25	16	50	48	52	9	37	15	60	73	67	54	65	33	64	14	62	19	23	38	31	36	59	45	31	21	37	50	39	54	29	59	55	23	45	44	61	70	18	33	29	27	50	43	20	63	8	41	35	54	40	23	24	38	36	48	60	31	30	55	20	39	28	52	22	13	59	43	48	51	51	39	57	
11	62	53	34	26	66	59	54	37	55	38	27	70	64	0	68	49	49	51	43	48	69	71	33	35	47	14	64	59	22	27	16	46	42	74	46	32	59	61	72	83	61	16	69	50	28	65	54	27	23	72	52	12	18	35	19	38	14	48	62	50	62	57	32	67	51	61	36	7	76	55	83	52	26	37	21	41	67	57	50	22	16	44	57	29	67	7	10	35	57	52	72	15	64	25	70	71	31	81	44	17	64	61	57	71	74	27	13	48	36	56	66	78	38	13	8	74	67	40	49	33	24	44	37	61	27	40	71	29	41	55	37	28	16	40	80	35	29	48	30	54	59	73	65	42	26	73	35	41	25	21	
76	49	17	41	41	43	15	32	50	29	29	48	6	19	68	0	44	48	44	28	44	40	46	52	61	38	66	55	54	55	42	53	26	29	23	40	49	44	11	7	16	62	54	33	36	40	3	13	50	55	29	58	55	50	44	55	32	54	40	11	31	10	56	61	2	45	17	31	60	31	15	16	16	47	50	47	31	52	43	30	48	53	42	27	38	4	62	75	59	39	53	13	62	6	57	3	4	37	14	28	58	28	14	39	17	31	40	55	45	51	41	4	25	37	61	71	8	14	41	44	43	44	30	55	13	51	29	36	50	33	42	33	43	52	51	13	37	49	20	49	16	37	5	6	50	42	29	44	42	46	54	
52	13	44	16	34	16	29	58	13	15	36	50	41	56	49	44	0	4	2	21	63	20	21	17	21	6	38	17	13	27	41	45	20	43	34	58	17	70	33	43	52	20	33	23	58	27	43	36	22	26	29	14	42	33	53	50	22	36	60	33	53	47	13	24	42	2	52	36	43	32	29	52	38	23	13	30	45	18	68	53	28	45	5	57	34	46	42	50	20	9	9	37	35	45	26	47	45	29	50	20	32	21	30	65	34	29	32	37	63	14	7	40	37	16	36	47	52	33	55	63	17	33	48	16	48	52	24	24	53	47	66	22	44	41	11	49	45	20	37	54	28	12	48	47	9	29	30	14	9	46	28	
50	13	47	17	36	18	33	61	12	19	39	51	45	60	49	48	4	0	4	24	65	22	22	16	19	10	37	15	11	27	43	46	24	46	38	61	17	73	37	47	56	16	33	26	61	29	47	40	22	26	32	10	42	33	56	51	24	36	62	37	57	50	10	21	46	3	56	38	43	35	33	56	41	23	12	31	48	18	71	56	28	46	7	60	36	50	42	49	17	12	5	41	34	49	24	51	49	31	54	24	32	25	34	69	38	33	34	37	66	13	10	44	40	18	36	46	56	37	57	66	18	34	51	13	51	54	27	27	55	50	69	25	46	42	9	53	47	20	41	55	32	15	52	50	7	30	33	14	10	48	28	
54	11	45	18	36	14	29	59	15	15	38	52	41	57	51	44	2	4	0	22	64	18	19	19	23	7	40	15	12	29	42	47	21	44	33	60	19	72	33	43	51	18	35	22	60	29	43	37	24	28	28	14	44	35	55	52	23	38	61	33	55	47	12	25	42	1	53	37	45	31	30	52	38	25	15	32	46	16	70	54	30	47	7	58	36	47	44	52	21	7	9	37	37	45	27	47	45	31	50	22	34	20	30	67	33	28	34	39	65	16	5	40	36	17	38	49	52	33	56	65	19	35	49	17	48	54	25	23	55	48	67	24	46	43	13	49	46	22	38	55	29	10	48	47	10	31	28	16	11	48	30	
50	32	23	13	19	31	16	37	23	15	16	33	28	36	43	28	21	24	22	0	42	31	36	24	33	14	38	37	34	27	24	32	3	22	31	38	21	49	19	30	41	41	27	29	37	14	26	17	21	27	30	34	32	24	34	36	5	28	39	20	32	28	35	33	27	23	32	16	35	34	13	41	17	19	23	21	24	37	47	31	21	32	17	35	18	29	36	48	32	22	30	29	35	27	29	31	30	13	39	1	30	23	18	44	28	32	17	29	43	24	23	25	35	9	33	45	36	24	34	43	15	20	26	28	28	36	4	32	36	26	45	5	27	29	24	38	25	21	16	36	12	22	33	29	23	17	31	16	15	30	26	
59	74	27	48	32	73	47	13	59	56	26	21	50	28	48	44	63	65	64	42	0	72	77	57	65	57	56	79	76	52	25	32	44	20	63	4	54	11	46	51	59	82	45	68	8	38	41	35	51	52	67	75	38	40	13	29	41	42	4	47	13	34	76	64	46	65	27	26	43	70	42	59	31	48	59	41	18	79	9	14	43	32	58	18	30	40	46	58	65	65	71	56	53	38	56	45	48	34	57	43	50	62	49	10	58	69	33	42	1	59	65	46	67	47	50	56	45	53	8	1	49	34	16	63	31	21	39	71	19	15	7	40	22	34	61	57	18	52	29	18	43	64	48	38	62	37	68	52	55	23	50	
72	13	48	34	50	5	27	64	34	16	47	64	34	58	69	40	20	22	18	31	72	0	5	38	42	21	59	18	20	48	55	63	29	52	21	68	37	78	30	36	41	26	52	7	66	44	41	39	42	47	14	28	60	51	66	67	35	54	69	29	61	47	23	44	37	19	54	47	62	15	31	42	42	42	34	48	55	14	76	60	46	63	24	62	49	44	61	71	40	11	24	28	56	44	46	42	39	44	41	30	52	12	26	72	24	13	48	55	73	35	13	36	22	32	56	67	47	26	66	73	35	50	56	36	49	67	35	6	68	57	74	36	58	59	31	40	57	40	43	68	30	10	42	45	29	46	14	33	28	61	48	
73	10	54	37	53	5	33	70	34	21	52	68	40	63	71	46	21	22	19	36	77	5	0	38	41	24	60	14	17	49	59	66	33	57	26	73	39	83	36	42	47	22	54	13	71	47	47	44	43	48	19	26	63	54	70	70	39	57	74	35	66	53	20	44	43	19	60	52	64	20	36	48	47	44	34	51	59	9	81	65	49	66	26	67	53	50	63	72	40	14	22	34	57	49	47	48	45	47	46	35	54	17	32	78	30	18	51	58	78	36	15	41	27	35	58	68	53	32	70	78	38	53	61	36	55	71	39	11	72	62	79	40	62	62	32	45	61	41	49	72	36	13	47	51	30	49	19	35	30	65	50	
34	29	46	11	25	34	38	56	4	28	33	40	51	59	33	52	17	16	19	24	57	38	38	0	9	18	21	31	26	11	32	33	25	40	49	53	3	67	42	53	63	29	17	40	55	19	50	41	7	10	45	20	27	19	46	38	21	21	55	42	51	52	24	9	50	18	55	32	27	48	37	64	41	9	4	17	41	34	64	51	15	33	14	57	27	53	26	33	8	26	19	50	18	51	8	55	54	23	62	24	16	36	40	63	47	46	24	22	58	3	24	49	52	15	20	30	60	45	48	58	9	23	45	5	52	42	24	41	43	43	62	21	36	28	7	61	39	5	39	44	36	28	57	53	9	20	46	8	11	36	12	
34	31	55	20	33	37	46	65	10	35	42	47	59	68	35	61	21	19	23	33	65	42	41	9	0	25	21	31	25	15	40	39	34	49	55	62	12	75	50	61	71	27	22	45	64	28	59	50	14	14	51	18	33	26	53	44	30	26	63	50	60	61	23	3	59	22	64	41	31	54	45	72	50	17	10	25	50	35	73	60	22	39	20	65	35	62	29	33	1	31	19	57	19	60	10	64	62	31	70	33	19	43	48	71	55	51	32	27	66	9	29	57	58	24	22	30	68	52	56	66	18	31	54	5	61	49	33	46	50	52	71	30	43	34	10	69	47	13	48	51	44	33	65	62	12	28	51	17	18	44	17	
51	17	37	13	29	19	23	51	15	10	30	45	35	49	47	38	6	10	7	14	57	21	24	18	25	0	38	22	19	27	36	42	13	36	30	52	17	64	27	37	47	26	31	21	52	23	37	29	21	26	26	20	39	30	48	46	16	33	53	27	47	40	20	26	36	8	45	30	40	30	23	47	31	20	15	27	39	23	62	46	25	42	4	50	29	40	40	50	23	10	16	32	35	38	26	41	39	24	45	14	31	18	24	59	29	27	27	34	57	16	9	34	34	11	35	46	46	28	49	57	14	29	41	19	41	48	17	24	48	41	60	17	39	38	14	44	39	19	31	49	22	11	42	40	12	25	27	12	7	41	27	
13	50	55	26	27	55	54	60	25	47	40	35	66	67	14	66	38	37	40	38	56	59	60	21	21	38	0	51	46	11	32	24	41	45	68	53	21	67	58	69	80	48	12	60	57	26	63	53	17	12	65	39	18	17	43	29	33	14	55	58	55	62	44	18	65	40	63	37	13	69	51	80	51	19	25	18	45	54	64	55	17	24	34	62	30	66	10	12	22	47	39	67	3	63	12	69	69	29	78	39	8	56	56	64	65	66	27	14	56	24	45	63	71	31	6	9	73	62	47	57	24	24	49	24	61	36	36	62	38	46	62	33	34	21	27	77	40	19	48	39	51	49	71	65	30	24	66	26	31	32	12	
64	6	59	33	51	13	40	74	27	26	53	67	50	70	64	55	17	15	15	37	79	18	14	31	31	22	51	0	5	42	58	62	36	59	39	75	32	87	44	52	59	8	48	25	75	44	55	50	37	41	32	13	58	49	70	67	38	51	76	44	70	60	7	33	52	14	66	53	58	33	43	60	52	38	27	46	61	5	84	69	44	62	22	72	51	58	57	63	29	16	12	45	49	57	39	57	55	46	58	36	47	27	40	82	41	31	49	52	80	28	15	50	40	33	51	60	62	42	71	80	33	50	64	27	61	69	40	24	70	64	82	39	61	57	24	57	62	35	53	71	42	18	57	59	22	46	32	30	26	63	43	
59	7	57	29	47	15	39	71	22	25	50	63	50	68	59	54	13	11	12	34	76	20	17	26	25	19	46	5	0	37	54	57	33	56	40	72	27	84	43	52	60	7	43	26	72	40	54	48	32	36	33	8	53	44	67	62	35	46	73	43	67	59	2	28	52	11	64	49	53	35	41	61	50	34	22	42	58	9	82	66	39	57	18	70	48	57	52	58	24	15	7	46	44	56	34	57	54	42	59	34	42	28	40	79	42	33	45	47	77	23	13	50	41	29	46	55	62	42	68	77	29	46	61	22	60	65	37	26	66	60	79	36	57	53	19	58	58	30	50	67	40	18	57	58	17	42	33	26	21	59	38	
24	40	46	15	20	44	43	53	15	36	32	33	56	59	22	55	27	27	29	27	52	48	49	11	15	27	11	42	37	0	26	24	30	38	56	49	10	62	47	58	69	40	7	49	51	17	53	43	6	1	53	30	18	11	39	29	23	11	50	47	48	53	35	12	55	29	55	30	16	57	41	69	42	8	15	11	38	45	60	48	9	24	23	55	23	56	15	23	15	36	30	56	8	53	4	59	58	21	67	28	5	45	45	59	54	54	20	12	52	14	34	53	60	19	9	19	63	51	43	53	13	17	42	15	52	34	26	51	36	39	58	22	29	19	18	66	34	8	39	37	40	38	61	55	20	16	54	15	20	29	2	
37	53	26	25	7	54	36	28	34	39	12	9	45	37	27	42	41	43	42	24	25	55	59	32	40	36	32	58	54	26	0	12	27	14	53	22	29	35	38	47	58	59	20	53	25	13	39	28	25	27	54	51	15	15	13	13	20	18	24	39	23	35	53	38	42	43	34	10	20	58	31	58	25	22	34	15	13	59	33	23	18	12	35	30	6	40	23	36	40	45	48	48	29	37	30	44	45	11	56	25	25	47	38	32	49	56	8	18	25	34	45	41	57	25	26	33	47	44	16	26	25	9	17	38	33	12	20	56	12	14	31	19	3	11	37	55	8	27	22	13	31	45	47	38	38	12	55	28	32	6	24	
27	59	38	29	13	61	47	38	36	47	24	11	56	48	16	53	45	46	47	32	32	63	66	33	39	42	24	62	57	24	12	0	36	26	63	30	30	43	49	58	70	62	16	61	34	19	50	40	25	24	63	53	6	13	19	5	28	12	32	50	33	47	56	36	54	48	45	22	11	67	42	69	37	23	36	15	25	64	41	33	18	0	40	41	15	52	14	26	39	52	51	59	22	49	28	56	57	19	67	33	20	55	49	41	60	65	15	12	32	35	51	53	68	31	19	24	59	55	24	33	28	13	28	38	45	11	29	64	13	25	39	27	12	4	39	67	18	27	33	14	42	53	59	50	40	17	64	32	36	9	22	
53	30	23	15	22	29	13	38	24	12	18	36	25	36	46	26	20	24	21	3	44	29	33	25	34	13	41	36	33	30	27	36	0	23	28	39	23	50	17	28	39	40	30	26	39	17	25	16	24	29	27	34	35	27	37	39	8	31	41	17	33	27	34	34	25	22	31	18	38	31	11	39	17	22	24	24	26	35	48	33	24	36	16	36	21	28	39	51	33	20	29	26	37	26	31	29	28	16	37	2	33	20	15	45	25	29	20	32	45	25	21	23	32	10	36	48	34	21	37	44	17	23	28	29	27	39	7	29	39	28	46	8	30	32	25	36	28	23	17	39	10	20	31	28	24	20	28	17	16	33	29	
52	54	12	30	18	52	28	16	41	35	6	19	33	22	42	29	43	46	44	22	20	52	57	40	49	36	45	59	56	38	14	26	23	0	45	16	37	27	28	35	45	63	33	48	15	21	25	17	34	38	47	55	30	28	16	26	21	31	17	29	11	21	56	48	30	45	19	8	35	51	23	45	13	31	41	27	3	59	25	10	29	26	38	17	15	26	37	51	48	44	51	38	42	23	41	31	33	17	43	22	38	41	30	23	40	49	18	31	21	41	45	29	49	28	39	48	33	35	14	21	31	21	5	45	19	21	19	51	21	5	23	20	14	26	43	42	8	35	10	20	23	43	34	25	43	22	48	34	35	18	36	
80	33	36	41	50	26	17	53	45	20	42	61	16	42	74	23	34	38	33	31	63	21	26	49	55	30	68	39	40	56	53	63	28	45	0	59	47	66	17	16	20	47	58	14	56	46	25	28	50	55	7	46	63	55	61	66	36	59	59	16	50	32	42	57	20	34	39	43	66	8	22	21	32	49	45	52	48	35	64	50	51	63	35	49	48	27	67	79	54	26	41	9	64	28	56	24	20	44	19	30	60	13	15	61	5	8	48	60	64	47	28	19	4	37	64	75	28	10	59	63	43	51	48	49	34	64	34	15	64	50	63	37	56	60	44	18	52	48	35	64	22	23	22	29	43	48	7	41	37	59	56	
57	70	23	44	28	68	43	10	55	51	22	19	46	25	46	40	58	61	60	38	4	68	73	53	62	52	53	75	72	49	22	30	39	16	59	0	50	13	42	47	56	78	42	63	5	34	37	31	47	49	62	70	36	37	11	27	36	39	2	43	9	30	72	60	42	60	24	22	41	66	38	55	27	44	55	37	13	75	11	10	40	30	53	15	26	36	44	56	61	60	67	52	50	34	52	41	44	30	54	38	47	57	44	11	54	65	29	39	5	55	61	42	63	43	47	54	42	49	6	5	45	31	11	59	27	19	34	67	17	11	9	36	19	32	57	53	14	48	25	16	38	60	44	34	58	34	63	48	50	21	46	
34	30	43	8	22	34	36	53	5	26	30	37	48	56	32	49	17	17	19	21	54	37	39	3	12	17	21	32	27	10	29	30	23	37	47	50	0	64	39	51	61	31	16	39	52	16	48	38	5	9	44	22	25	17	43	35	18	19	52	40	48	49	25	12	48	19	52	29	26	47	34	62	38	7	5	15	38	35	61	48	12	30	13	53	24	50	25	33	11	26	20	48	18	48	9	52	51	20	59	21	15	35	38	59	45	45	21	20	55	5	24	46	50	12	19	30	57	43	45	55	6	20	42	8	49	40	21	41	41	40	59	18	33	26	8	59	36	3	36	41	33	28	54	50	10	17	44	5	10	34	11	
70	81	29	57	42	79	51	13	68	62	34	32	51	26	59	44	70	73	72	49	11	78	83	67	75	64	67	87	84	62	35	43	50	27	66	13	64	0	49	51	59	90	56	72	12	47	41	39	60	62	70	83	49	51	24	40	49	53	11	50	17	34	84	74	47	72	27	35	54	74	47	58	35	57	68	51	25	86	2	17	53	43	65	17	39	40	57	69	75	71	79	57	64	38	66	45	48	43	57	50	61	66	52	5	61	73	42	53	11	68	72	47	69	55	61	67	44	56	19	10	58	44	22	72	31	32	46	76	30	23	4	48	32	45	70	57	28	61	34	29	47	70	48	38	71	47	71	61	63	34	60	
69	38	19	32	36	33	4	36	40	18	26	45	8	27	61	11	33	37	33	19	46	30	36	42	50	27	58	44	43	47	38	49	17	28	17	42	39	49	0	11	22	50	46	24	39	33	11	11	41	46	21	47	50	43	44	51	24	47	42	1	33	16	45	51	9	34	24	27	53	24	6	22	15	39	40	40	31	42	48	32	40	49	31	32	33	14	55	67	49	28	42	10	54	13	48	14	12	30	20	18	50	18	3	44	12	23	34	48	47	41	30	7	21	27	53	64	19	7	42	46	34	37	31	45	19	48	21	27	48	33	46	24	40	46	40	19	35	40	18	48	7	26	15	15	39	35	21	34	31	43	46	
80	46	24	43	46	40	14	39	51	28	34	54	2	26	72	7	43	47	43	30	51	36	42	53	61	37	69	52	52	58	47	58	28	35	16	47	51	51	11	0	11	59	57	29	43	43	10	18	52	57	23	57	60	53	51	60	35	58	47	10	38	17	54	62	5	44	24	36	64	25	17	11	21	50	51	51	37	49	50	37	51	58	41	34	43	11	65	78	60	37	52	7	65	13	59	7	3	41	9	30	61	25	13	46	12	25	44	58	52	52	39	5	19	38	64	75	11	10	48	51	45	48	36	56	20	56	32	31	56	39	49	35	48	56	51	8	43	51	25	55	18	34	5	13	50	46	24	45	42	52	57	
91	53	34	54	57	46	25	47	61	37	46	64	13	33	83	16	52	56	51	41	59	41	47	63	71	47	80	59	60	69	58	70	39	45	20	56	61	59	22	11	0	67	68	34	51	55	19	29	63	68	27	65	71	65	61	71	46	69	55	21	47	25	62	73	15	52	32	48	75	27	28	1	32	61	61	62	48	55	58	46	62	70	51	42	54	19	77	90	70	45	60	14	76	22	70	14	12	52	2	41	72	32	23	54	18	29	55	70	60	62	47	17	20	49	75	86	15	18	57	59	56	59	46	66	28	67	44	35	66	49	57	47	59	68	61	2	54	62	36	66	29	42	11	21	59	57	27	55	52	63	68	
61	14	64	34	52	21	47	78	26	32	56	68	57	76	61	62	20	16	18	41	82	26	22	29	27	26	48	8	7	40	59	62	40	63	47	78	31	90	50	59	67	0	47	33	78	46	61	55	36	39	40	9	57	48	72	67	41	50	79	50	73	66	6	30	59	18	72	55	56	41	48	68	57	38	26	46	65	13	88	73	43	62	24	77	53	65	55	60	26	22	11	53	46	63	36	64	62	48	66	40	44	35	47	85	49	39	51	51	83	26	20	57	48	35	48	57	69	49	74	83	34	51	68	24	67	70	43	32	71	67	86	42	63	57	22	65	64	34	57	72	47	25	65	65	21	47	40	31	27	64	41	
22	46	42	18	15	49	43	48	21	38	27	25	55	55	16	54	33	33	35	27	45	52	54	17	22	31	12	48	43	7	20	16	30	33	58	42	16	56	46	57	68	47	0	52	45	13	51	41	11	8	56	37	10	5	32	21	22	3	44	47	43	50	41	20	53	35	51	25	10	60	40	69	39	10	21	6	33	51	53	43	6	16	28	50	18	54	9	21	23	40	36	56	9	51	12	57	57	17	66	28	5	47	45	52	55	57	15	4	45	20	39	52	62	21	6	17	61	51	36	46	16	12	37	22	49	27	24	55	28	34	51	21	23	12	24	66	28	13	36	29	39	42	59	53	26	12	57	19	24	22	5	
73	19	43	34	48	12	21	59	36	14	43	62	27	51	69	33	23	26	22	29	68	7	13	40	45	21	60	25	26	49	53	61	26	48	14	63	39	72	24	29	34	33	52	0	61	42	34	33	42	48	7	33	59	50	62	65	33	54	64	23	56	41	29	47	30	22	48	44	61	9	25	35	37	42	36	47	50	21	71	55	46	61	25	56	47	37	62	72	43	14	29	21	57	37	48	35	32	42	33	28	53	6	20	67	17	6	46	55	69	37	16	29	15	31	57	68	40	19	62	68	36	48	52	39	43	65	33	3	65	53	69	34	56	57	34	32	53	41	39	65	25	11	34	38	32	44	7	34	29	59	49	
61	69	19	45	31	67	40	5	56	50	22	23	42	20	50	36	58	61	60	37	8	66	71	55	64	52	57	75	72	51	25	34	39	15	56	5	52	12	39	43	51	78	45	61	0	35	33	28	49	51	60	71	40	40	16	32	37	43	4	40	5	26	72	62	38	60	19	23	45	63	35	50	24	46	56	40	13	74	9	6	42	34	53	10	28	32	48	60	63	59	67	48	54	30	55	37	40	32	49	38	50	55	42	7	50	62	31	43	9	56	60	38	60	43	51	58	37	46	10	8	47	33	10	60	23	24	34	64	22	12	7	36	23	36	58	49	17	50	22	21	36	58	40	30	59	36	61	49	51	25	49	
36	40	29	11	6	42	30	37	21	28	15	22	41	42	28	40	27	29	29	14	38	44	47	19	28	23	26	44	40	17	13	19	17	21	46	34	16	47	33	43	55	46	13	42	35	0	38	27	13	17	45	37	17	9	26	23	9	14	35	33	32	37	39	27	40	30	38	13	20	49	26	55	25	10	21	7	22	46	45	32	8	19	22	38	7	40	21	34	27	33	34	43	22	37	20	43	43	4	53	15	18	37	32	43	42	46	5	14	38	21	32	38	50	12	20	31	47	38	29	38	12	6	25	25	36	25	11	45	25	23	42	8	17	15	24	52	19	14	22	26	26	34	46	39	24	2	46	15	18	18	15	
74	49	14	40	39	44	14	29	49	29	26	45	9	17	65	3	43	47	43	26	41	41	47	50	59	37	63	55	54	53	39	50	25	25	25	37	48	41	11	10	19	61	51	34	33	38	0	10	48	53	30	57	53	47	41	52	30	51	37	11	28	7	56	60	5	44	14	29	57	33	14	19	13	45	49	45	28	53	40	27	46	50	41	24	36	3	59	72	58	39	52	16	60	3	55	5	7	34	17	26	55	29	14	36	19	32	37	52	42	50	41	5	28	35	58	69	9	15	38	41	42	41	27	54	10	47	27	37	46	30	39	31	40	49	50	17	34	47	17	46	15	37	8	4	49	39	31	42	41	43	52	
63	44	9	30	28	41	12	25	40	24	16	35	16	20	54	13	36	40	37	17	35	39	44	41	50	29	53	50	48	43	28	40	16	17	28	31	38	39	11	18	29	55	41	33	28	27	10	0	38	43	31	50	42	36	33	42	20	41	31	12	23	11	49	50	13	38	16	18	46	35	7	29	4	35	40	34	20	49	37	22	35	40	32	22	25	13	48	61	49	34	45	21	49	10	45	16	17	23	27	17	45	27	13	34	23	33	27	41	36	41	35	12	32	26	47	58	20	18	31	35	32	30	20	45	11	38	17	36	37	22	35	20	30	38	41	26	25	37	7	37	8	32	19	12	40	29	32	33	32	34	41	
30	35	42	9	18	38	37	50	10	30	28	33	50	55	27	50	22	22	24	21	51	42	43	7	14	21	17	37	32	6	25	25	24	34	50	47	5	60	41	52	63	36	11	42	49	13	48	38	0	5	47	27	20	12	39	30	17	14	49	41	45	48	31	13	49	24	51	26	21	51	35	63	37	3	10	10	35	40	58	45	7	25	17	51	21	50	20	29	14	30	25	50	14	48	7	53	52	17	61	22	10	38	39	57	48	48	17	15	51	9	28	47	53	13	14	25	57	45	42	51	7	16	39	12	48	35	20	45	36	37	56	17	29	21	13	60	32	2	35	37	34	32	55	50	15	13	48	8	13	29	6	
25	39	46	14	20	43	43	53	14	35	32	33	55	59	23	55	26	26	28	27	52	47	48	10	14	26	12	41	36	1	27	24	29	38	55	49	9	62	46	57	68	39	8	48	51	17	53	43	5	0	53	29	18	12	40	29	22	12	51	47	48	53	34	12	54	28	55	30	17	56	40	69	41	7	14	11	38	44	60	48	9	24	22	55	23	55	16	24	14	35	29	55	8	53	3	58	58	21	66	27	6	44	45	59	53	54	20	13	53	13	33	52	59	19	10	20	62	50	43	53	12	18	42	14	52	35	25	50	37	40	58	22	30	20	17	66	34	7	39	37	39	37	60	55	19	16	53	14	19	30	2	
78	26	40	38	50	19	19	57	41	17	44	63	22	48	72	29	29	32	28	30	67	14	19	45	51	26	65	32	33	53	54	63	27	47	7	62	44	70	21	23	27	40	56	7	60	45	30	31	47	53	0	40	62	54	63	67	35	58	63	20	54	37	36	53	26	29	44	45	65	4	24	28	35	46	41	51	50	28	69	53	50	63	31	53	48	33	65	76	49	20	35	15	61	33	53	30	27	44	27	29	57	8	18	65	11	2	48	59	68	43	22	24	8	34	61	73	35	15	61	67	40	50	51	45	39	66	34	8	66	52	67	36	57	60	40	26	54	45	37	66	24	17	29	34	38	47	1	38	34	60	53	
52	15	58	26	44	23	43	71	17	29	49	59	55	70	52	58	14	10	14	34	75	28	26	20	18	20	39	13	8	30	51	53	34	55	46	70	22	83	47	57	65	9	37	33	71	37	57	50	27	29	40	0	48	39	64	58	34	41	72	47	66	61	5	21	56	13	66	48	47	42	44	66	52	29	17	37	57	18	81	66	34	53	17	70	45	61	45	51	17	20	5	51	37	59	27	61	59	40	64	34	35	33	44	78	47	40	42	42	75	17	18	54	48	27	39	48	66	47	66	75	25	42	60	15	62	62	36	34	63	59	79	35	54	48	13	63	56	25	51	63	43	23	62	61	12	38	40	22	20	56	32	
22	55	41	26	14	58	47	43	31	45	26	17	58	52	12	55	42	42	44	32	38	60	63	27	33	39	18	58	53	18	15	6	35	30	63	36	25	49	50	60	71	57	10	59	40	17	53	42	20	18	62	48	0	9	25	11	27	6	38	50	38	50	51	30	55	44	49	24	5	66	43	71	39	19	31	12	29	60	47	38	14	6	37	46	17	54	8	20	33	49	46	60	16	52	22	58	59	19	69	33	14	54	49	47	60	64	15	5	38	30	48	54	67	28	12	18	62	55	30	39	25	12	33	33	48	18	28	62	20	29	45	26	17	4	34	68	23	22	36	21	43	50	61	53	36	15	63	28	33	15	16	
26	46	37	17	10	49	40	43	22	37	22	21	51	50	18	50	33	33	35	24	40	51	54	19	26	30	17	49	44	11	15	13	27	28	55	37	17	51	43	53	65	48	5	50	40	9	47	36	12	12	54	39	9	0	28	18	19	4	39	43	38	46	43	24	49	35	46	20	11	58	36	65	34	10	22	3	28	51	49	38	5	13	28	45	13	49	12	25	26	40	37	53	14	47	15	53	53	13	63	25	10	45	42	48	52	55	10	5	41	22	39	48	59	19	11	21	56	48	31	41	16	7	32	25	44	23	21	53	24	29	46	18	18	8	26	62	23	14	31	25	36	41	55	48	27	7	55	19	24	18	9	
46	66	27	38	20	66	44	20	48	49	19	8	49	33	35	44	53	56	55	34	13	66	70	46	53	48	43	70	67	39	13	19	37	16	61	11	43	24	44	51	61	72	32	62	16	26	41	33	39	40	63	64	25	28	0	16	32	29	13	45	17	36	66	52	46	56	32	18	30	67	39	60	29	36	48	28	13	71	22	17	31	19	48	25	19	42	33	45	53	57	61	54	40	39	43	47	49	24	59	35	37	56	46	22	56	65	21	29	13	48	57	45	65	37	37	43	48	51	5	14	38	22	14	51	33	8	31	66	6	11	20	31	10	21	50	58	9	40	26	5	39	57	50	40	51	26	64	41	45	10	37	
30	63	38	33	17	65	49	36	41	51	25	8	58	48	19	55	50	51	52	36	29	67	70	38	44	46	29	67	62	29	13	5	39	26	66	27	35	40	51	60	71	67	21	65	32	23	52	42	30	29	67	58	11	18	16	0	32	17	29	52	32	48	61	41	55	52	45	23	15	71	45	71	38	28	41	20	24	68	38	32	23	5	45	40	18	53	18	29	44	56	56	62	27	50	33	57	59	23	69	37	25	59	52	38	62	68	19	16	29	40	55	54	70	35	23	27	60	57	21	30	33	17	28	43	45	8	32	68	10	24	36	31	12	9	44	68	18	32	35	11	44	57	60	51	45	21	68	36	41	8	27	
45	34	25	10	15	34	21	37	20	19	14	29	33	38	38	32	22	24	23	5	41	35	39	21	30	16	33	38	35	23	20	28	8	21	36	36	18	49	24	35	46	41	22	33	37	9	30	20	17	22	35	34	27	19	32	32	0	23	38	24	32	31	35	30	31	24	34	14	30	39	18	46	20	15	20	16	23	39	46	31	16	28	16	36	14	33	31	43	29	25	30	33	30	30	25	35	35	9	44	5	25	27	23	44	33	37	13	24	41	21	25	30	40	6	29	40	40	29	33	41	12	15	26	25	31	32	3	36	32	25	44	1	23	25	22	43	23	17	18	33	17	25	38	32	22	12	36	13	14	26	21	
22	49	41	20	13	52	44	46	24	40	26	22	55	53	14	54	36	36	38	28	42	54	57	21	26	33	14	51	46	11	18	12	31	31	59	39	19	53	47	58	69	50	3	54	43	14	51	41	14	12	58	41	6	4	29	17	23	0	41	48	41	50	45	24	54	38	50	24	7	62	41	69	38	13	24	7	31	54	51	41	8	12	31	48	16	53	7	20	26	43	40	57	11	51	15	57	57	17	67	29	8	49	46	50	56	59	14	1	43	24	42	52	63	23	8	17	61	52	33	43	19	10	35	26	48	23	25	57	25	32	49	22	20	8	27	66	26	16	35	26	40	44	60	52	29	12	59	22	27	19	9	
59	71	23	46	30	69	43	9	56	52	23	21	46	24	48	40	60	62	61	39	4	69	74	55	63	53	55	76	73	50	24	32	41	17	59	2	52	11	42	47	55	79	44	64	4	35	37	31	49	51	63	72	38	39	13	29	38	41	0	43	9	30	73	62	42	62	24	24	43	66	38	55	27	46	56	39	14	76	9	10	42	32	55	14	28	36	46	58	63	61	68	52	52	34	54	41	44	32	53	40	49	58	45	9	54	65	31	41	5	57	62	42	63	44	49	56	41	49	8	4	47	33	12	61	27	21	36	67	19	12	7	37	21	34	59	53	16	50	25	18	39	61	44	34	59	35	64	50	52	23	48	
70	37	20	32	36	32	4	37	40	18	27	46	8	28	62	11	33	37	33	20	47	29	35	42	50	27	58	44	43	47	39	50	17	29	16	43	40	50	1	10	21	50	47	23	40	33	11	12	41	47	20	47	50	43	45	52	24	48	43	0	34	17	44	51	9	34	25	28	54	23	7	21	16	39	40	41	32	41	49	33	41	50	31	33	34	14	55	68	49	28	42	9	55	14	48	14	12	31	19	19	50	17	3	45	11	22	35	48	48	41	29	7	20	28	53	65	19	6	43	47	34	38	32	45	20	49	22	26	49	34	47	25	41	47	40	18	36	40	19	49	7	25	15	15	39	36	21	34	32	44	46	
60	64	14	41	28	62	35	5	52	45	17	23	37	17	50	31	53	57	55	32	13	61	66	51	60	47	55	70	67	48	23	33	33	11	50	9	48	17	33	38	47	73	43	56	5	32	28	23	45	48	54	66	38	38	17	32	32	41	9	34	0	21	67	59	33	55	15	19	43	58	30	46	19	42	52	37	10	69	15	1	39	33	49	8	25	27	46	59	59	54	62	43	52	25	52	32	35	28	44	33	48	50	36	12	45	56	28	41	14	52	55	33	54	39	49	56	32	40	12	13	42	31	6	56	18	25	30	59	23	9	13	31	21	34	54	44	15	46	17	22	30	53	35	25	54	32	55	45	46	24	46	
72	54	9	41	36	50	20	22	51	34	23	40	16	10	62	10	47	50	47	28	34	47	53	52	61	40	62	60	59	53	35	47	27	21	32	30	49	34	16	17	25	66	50	41	26	37	7	11	48	53	37	61	50	46	36	48	31	50	30	17	21	0	60	61	12	48	7	26	55	40	17	25	11	45	51	44	23	58	33	20	45	47	43	17	33	6	57	70	60	44	56	23	59	4	55	11	14	33	23	28	55	35	20	29	26	39	35	50	35	52	45	13	35	37	57	67	12	22	32	34	43	39	21	56	3	43	28	43	41	24	32	31	36	46	52	23	29	48	14	41	18	42	14	4	51	38	38	44	43	39	51	
57	10	57	28	46	17	41	72	20	26	50	62	52	69	57	56	13	10	12	35	76	23	20	24	23	20	44	7	2	35	53	56	34	56	42	72	25	84	45	54	62	6	41	29	72	39	56	49	31	34	36	5	51	43	66	61	35	45	73	44	67	60	0	26	53	11	65	49	51	38	42	63	51	32	20	40	58	12	82	66	38	56	18	70	47	59	50	56	22	17	5	48	42	57	32	59	56	42	61	34	40	30	41	79	44	35	44	46	77	21	15	51	44	29	44	53	64	44	68	77	28	45	61	20	61	64	37	29	65	60	79	36	57	52	17	60	58	29	51	66	41	20	59	59	15	41	36	25	21	58	36	
31	34	55	20	32	39	47	64	11	36	41	45	60	68	32	61	24	21	25	33	64	44	44	9	3	26	18	33	28	12	38	36	34	48	57	60	12	74	51	62	73	30	20	47	62	27	60	50	13	12	53	21	30	24	52	41	30	24	62	51	59	61	26	0	60	25	64	40	28	56	46	73	50	16	11	23	49	37	72	59	20	36	22	65	34	62	26	30	4	33	22	59	16	60	8	64	63	31	71	33	16	44	49	70	56	53	31	24	64	10	31	58	60	24	19	27	69	54	55	65	18	29	53	7	61	47	33	48	49	50	69	30	42	32	12	70	46	13	48	49	45	36	66	62	14	26	53	17	20	42	14	
76	46	19	40	41	41	13	34	49	27	30	49	4	22	67	2	42	46	42	27	46	37	43	50	59	36	65	52	52	55	42	54	25	30	20	42	48	47	9	5	15	59	53	30	38	40	5	13	49	54	26	56	55	49	46	55	31	54	42	9	33	12	53	60	0	43	19	32	60	28	13	15	17	46	49	47	32	50	45	32	47	54	40	29	38	7	61	74	58	37	51	11	61	8	56	5	3	36	13	26	57	25	12	41	15	28	40	54	47	50	38	2	23	36	60	71	10	11	42	46	42	43	31	53	15	51	29	33	51	34	44	32	43	52	49	13	38	48	20	50	14	34	6	8	48	42	26	42	40	47	53	
53	11	46	18	36	15	30	60	14	16	38	52	42	58	51	45	2	3	1	23	65	19	19	18	22	8	40	14	11	29	43	48	22	45	34	60	19	72	34	44	52	18	35	22	60	30	44	38	24	28	29	13	44	35	56	52	24	38	62	34	55	48	11	25	43	0	54	38	45	32	31	53	39	25	14	32	47	16	70	55	30	48	7	59	37	48	44	52	21	8	8	38	37	46	27	48	46	31	51	22	34	21	31	68	34	29	34	39	66	16	6	41	37	18	38	49	53	34	57	65	19	35	50	17	49	55	26	24	55	49	68	25	46	43	12	50	47	22	39	56	30	11	49	48	10	31	29	16	11	48	30	
71	60	9	44	36	56	26	15	54	40	23	37	24	4	61	17	52	56	53	32	27	54	60	55	64	45	63	66	64	55	34	45	31	19	39	24	52	27	24	24	32	72	51	48	19	38	14	16	51	55	44	66	49	46	32	45	34	50	24	25	15	7	65	64	19	54	0	25	54	47	23	31	14	48	54	44	20	65	26	14	46	45	48	10	33	13	57	70	63	50	61	31	60	11	58	18	21	34	30	32	56	42	27	22	34	47	36	50	28	55	51	20	43	40	57	67	17	30	27	27	46	39	17	59	5	39	31	51	38	21	25	34	33	45	56	30	27	51	16	37	24	48	21	11	55	39	45	47	47	37	53	
46	48	17	22	10	47	26	24	33	31	2	18	34	29	36	31	36	38	37	16	26	47	52	32	41	30	37	53	49	30	10	22	18	8	43	22	29	35	27	36	48	55	25	44	23	13	29	18	26	30	45	48	24	20	18	23	14	24	24	28	19	26	49	40	32	38	25	0	29	49	21	47	15	23	33	19	9	53	33	18	21	22	31	25	7	30	31	44	40	38	44	38	34	27	33	34	35	9	45	17	30	38	28	30	39	47	10	24	27	33	38	31	47	20	32	41	37	34	18	27	23	13	13	37	24	21	12	47	21	11	30	13	12	20	35	45	9	27	12	21	21	38	37	29	35	14	46	26	28	15	28	
17	56	46	27	18	59	51	48	31	48	31	22	62	57	7	60	43	43	45	35	43	62	64	27	31	40	13	58	53	16	20	11	38	35	66	41	26	54	53	64	75	56	10	61	45	20	57	46	21	17	65	47	5	11	30	15	30	7	43	54	43	55	51	28	60	45	54	29	0	69	47	75	44	20	31	14	34	61	52	43	15	11	38	51	21	59	3	15	31	50	46	64	12	56	20	63	63	23	73	36	12	57	53	52	63	66	19	6	43	30	49	58	70	30	9	13	66	59	35	44	26	16	38	32	53	22	32	64	24	34	50	29	22	9	34	72	28	23	41	25	46	52	65	58	36	18	66	29	34	20	15	
82	28	44	42	54	20	23	60	45	21	48	67	24	50	76	31	32	35	31	34	70	15	20	48	54	30	69	33	35	57	58	67	31	51	8	66	47	74	24	25	27	41	60	9	63	49	33	35	51	56	4	42	66	58	67	71	39	62	66	23	58	40	38	56	28	32	47	49	69	0	28	29	39	50	45	55	54	29	72	57	54	67	34	56	52	35	69	80	53	23	38	17	65	36	57	32	29	48	27	33	61	12	21	68	13	2	52	63	71	46	25	27	7	38	65	77	36	17	65	71	44	55	54	48	42	70	38	9	70	56	70	40	61	64	43	26	58	49	41	70	28	20	31	37	41	51	3	42	37	64	57	
63	36	17	26	29	33	5	33	35	16	20	40	15	27	55	15	29	33	30	13	42	31	36	37	45	23	51	43	41	41	31	42	11	23	22	38	34	47	6	17	28	48	40	25	35	26	14	7	35	40	24	44	43	36	39	45	18	41	38	7	30	17	42	46	13	31	23	21	47	28	0	28	11	33	35	33	26	41	45	29	34	42	27	30	27	17	48	61	44	26	39	17	48	15	42	18	17	24	26	13	43	19	7	41	17	26	28	41	43	36	28	12	26	22	47	58	23	12	37	43	28	31	26	40	18	42	15	29	42	28	43	18	34	40	36	25	30	34	13	42	1	25	20	17	35	29	25	28	27	37	39	
91	54	33	54	57	47	25	46	62	37	45	64	13	32	83	16	52	56	52	41	59	42	48	64	72	47	80	60	61	69	58	69	39	45	21	55	62	58	22	11	1	68	69	35	50	55	19	29	63	69	28	66	71	65	60	71	46	69	55	21	46	25	63	73	15	53	31	47	75	29	28	0	32	61	62	62	47	56	57	45	62	69	52	41	54	18	77	90	71	46	61	15	76	21	70	13	12	52	2	41	72	33	24	53	19	30	55	70	60	63	48	16	21	50	75	86	14	19	57	58	56	59	46	66	27	67	44	37	66	49	56	47	59	68	61	3	53	62	36	65	29	43	10	20	60	57	29	56	53	62	68	
61	46	6	30	25	43	15	22	40	26	13	32	20	18	52	16	38	41	38	17	31	42	47	41	50	31	51	52	50	42	25	37	17	13	32	27	38	35	15	21	32	57	39	37	24	25	13	4	37	41	35	52	39	34	29	38	20	38	27	16	19	11	51	50	17	39	14	15	44	39	11	32	0	34	40	32	16	51	34	18	33	37	34	19	22	15	46	59	49	36	47	25	48	12	44	19	20	21	30	17	43	30	17	30	27	37	24	39	32	41	37	16	36	26	46	56	22	22	27	32	32	28	16	45	11	34	17	40	34	18	32	20	26	36	41	30	21	37	3	33	11	35	22	13	41	27	36	33	32	30	40	
31	36	39	8	15	39	35	47	12	29	25	30	48	52	26	47	23	23	25	19	48	42	44	9	17	20	19	38	34	8	22	23	22	31	49	44	7	57	39	50	61	38	10	42	46	10	45	35	3	7	46	29	19	10	36	28	15	13	46	39	42	45	32	16	46	25	48	23	20	50	33	61	34	0	12	8	32	41	55	42	5	23	18	48	17	48	19	30	17	30	27	48	15	45	10	51	50	14	59	20	11	38	37	53	46	47	14	14	48	12	29	45	52	12	15	26	55	43	39	48	6	13	36	15	45	32	18	44	34	34	53	14	26	19	15	58	29	4	32	34	32	32	53	47	17	10	47	9	14	26	7	
38	25	45	10	27	30	36	57	0	25	34	42	49	58	37	50	13	12	15	23	59	34	34	4	10	15	25	27	22	15	34	36	24	41	45	55	5	68	40	51	61	26	21	36	56	21	49	40	10	14	41	17	31	22	48	41	20	24	56	40	52	51	20	11	49	14	54	33	31	45	35	62	40	12	0	20	42	30	66	51	17	36	10	57	29	52	30	37	9	22	15	47	22	50	12	53	52	24	59	23	20	33	37	64	44	42	26	25	59	1	20	47	49	14	24	34	58	42	50	60	9	25	46	5	51	45	23	38	46	44	63	20	38	31	3	58	40	8	38	47	34	25	55	52	5	21	42	7	8	39	16	
29	43	36	14	9	46	37	42	20	33	21	22	48	48	21	47	30	31	32	21	41	48	51	17	25	27	18	46	42	11	15	15	24	27	52	37	15	51	40	51	62	46	6	47	40	7	45	34	10	11	51	37	12	3	28	20	16	7	39	41	37	44	40	23	47	32	44	19	14	55	33	62	32	8	20	0	27	48	49	37	2	15	25	44	12	47	15	27	24	37	35	50	15	44	15	50	50	10	60	22	11	42	39	47	49	52	9	8	41	20	36	45	56	16	13	24	54	45	32	42	13	6	31	23	43	24	18	50	26	28	46	15	18	11	23	59	23	12	29	26	33	38	53	46	25	5	52	16	21	19	9	
51	56	14	31	18	55	31	15	42	38	8	17	36	23	41	31	45	48	46	24	18	55	59	41	50	39	45	61	58	38	13	25	26	3	48	13	38	25	31	37	48	65	33	50	13	22	28	20	35	38	50	57	29	28	13	24	23	31	14	32	10	23	58	49	32	47	20	9	34	54	26	47	16	32	42	27	0	61	23	10	29	25	40	17	15	29	37	50	49	47	53	41	42	26	41	34	35	18	46	25	38	44	33	21	43	52	18	31	18	42	47	32	52	29	39	47	35	38	11	18	33	21	4	46	21	19	21	54	18	2	21	22	13	25	44	45	6	36	13	17	26	46	37	27	45	22	51	35	37	16	36	
68	5	58	34	52	9	38	73	30	24	53	68	47	68	67	52	18	18	16	37	79	14	9	34	35	23	54	5	9	45	59	64	35	59	35	75	35	86	42	49	55	13	51	21	74	46	53	49	40	44	28	18	60	51	71	68	39	54	76	41	69	58	12	37	50	16	65	53	61	29	41	56	51	41	30	48	61	0	84	68	46	64	23	71	52	56	60	67	33	14	15	42	52	55	42	55	52	47	54	36	50	24	38	81	37	27	50	55	80	31	14	48	36	34	54	63	60	39	72	80	35	51	64	30	60	71	40	20	71	64	82	40	62	60	27	53	62	38	52	72	40	16	55	57	25	47	28	32	27	64	46	
68	79	28	55	39	77	49	11	66	60	32	30	49	25	57	43	68	71	70	47	9	76	81	64	73	62	64	84	82	60	33	41	48	25	64	11	61	2	48	50	58	88	53	71	9	45	40	37	58	60	69	81	47	49	22	38	46	51	9	49	15	33	82	72	45	70	26	33	52	72	45	57	34	55	66	49	23	84	0	15	51	41	63	16	37	39	55	67	72	69	77	56	62	37	64	44	47	41	56	48	58	64	51	4	59	71	40	50	9	66	70	46	68	53	59	65	43	54	17	8	56	42	20	70	30	30	44	74	28	21	2	46	30	43	68	56	26	59	32	27	45	68	47	37	68	45	70	59	61	32	58	
60	63	13	41	28	61	34	5	51	44	17	24	36	16	50	30	53	56	54	31	14	60	65	51	60	46	55	69	66	48	23	33	33	10	50	10	48	17	32	37	46	73	43	55	6	32	27	22	45	48	53	66	38	38	17	32	31	41	10	33	1	20	66	59	32	55	14	18	43	57	29	45	18	42	51	37	10	68	15	0	39	33	48	7	25	26	46	59	59	53	62	42	52	24	51	31	34	28	43	32	48	49	35	12	44	55	28	41	15	52	54	32	53	38	49	57	31	39	12	14	42	31	6	56	17	25	29	58	24	9	13	31	21	34	54	43	15	46	16	23	29	52	34	24	54	32	54	44	46	24	46	
29	41	37	12	11	44	37	44	17	32	23	25	49	50	22	48	28	28	30	21	43	46	49	15	22	25	17	44	39	9	18	18	24	29	51	40	12	53	40	51	62	43	6	46	42	8	46	35	7	9	50	34	14	5	31	23	16	8	42	41	39	45	38	20	47	30	46	21	15	54	34	62	33	5	17	2	29	46	51	39	0	18	23	46	14	48	15	27	22	35	32	50	14	45	12	51	51	12	60	21	9	41	39	50	49	51	11	9	44	17	34	46	55	15	12	24	55	45	34	44	11	8	33	20	44	27	18	49	29	30	49	15	21	13	21	59	25	9	31	29	33	36	53	47	22	7	50	14	19	21	7	
27	59	38	29	13	61	47	38	36	47	24	11	56	48	16	53	45	46	47	32	32	63	66	33	39	42	24	62	57	24	12	0	36	26	63	30	30	43	49	58	70	62	16	61	34	19	50	40	25	24	63	53	6	13	19	5	28	12	32	50	33	47	56	36	54	48	45	22	11	67	42	69	37	23	36	15	25	64	41	33	18	0	40	41	15	52	14	26	39	52	51	59	22	49	28	56	57	19	67	33	20	55	49	41	60	65	15	12	32	35	51	53	68	31	19	24	59	55	24	33	28	13	28	38	45	11	29	64	13	25	39	27	12	4	39	67	18	27	33	14	42	53	59	50	40	17	64	32	36	9	22	
48	18	40	11	29	21	27	53	10	14	31	44	39	52	44	42	5	7	7	17	58	24	26	14	20	4	34	22	18	23	35	40	16	38	35	53	13	65	31	41	51	24	28	25	53	22	41	32	17	22	31	17	37	28	48	45	16	31	55	31	49	43	18	22	40	7	48	31	38	34	27	52	34	18	10	25	40	23	63	48	23	40	0	52	29	44	37	47	19	12	13	37	31	42	22	45	43	24	50	16	28	22	28	61	34	31	27	32	58	12	11	38	38	10	32	43	50	32	49	58	12	28	43	14	44	47	19	27	48	42	61	17	39	36	9	49	40	15	33	48	26	14	46	44	8	24	31	9	4	41	24	
68	66	13	46	35	63	34	5	57	46	23	31	33	9	57	27	57	60	58	35	18	62	67	57	65	50	62	72	70	55	30	41	36	17	49	15	53	17	32	34	42	77	50	56	10	38	24	22	51	55	53	70	46	45	25	40	36	48	14	33	8	17	70	65	29	59	10	25	51	56	30	41	19	48	57	44	17	71	16	7	46	41	52	0	32	23	54	67	65	56	66	40	59	21	58	28	31	34	40	36	55	50	35	12	43	55	35	48	19	57	57	30	52	43	56	64	27	39	19	18	48	38	13	61	14	33	34	59	31	16	15	36	29	42	59	40	22	52	19	30	31	55	31	21	59	39	54	49	50	32	53	
38	47	25	19	3	48	31	30	29	33	9	15	41	37	29	38	34	36	36	18	30	49	53	27	35	29	30	51	48	23	6	15	21	15	48	26	24	39	33	43	54	53	18	47	28	7	36	25	21	23	48	45	17	13	19	18	14	16	28	34	25	33	47	34	38	37	33	7	21	52	27	54	22	17	29	12	15	52	37	25	14	15	29	32	0	37	23	37	35	39	42	44	27	35	26	41	42	5	52	19	23	41	34	36	44	50	3	17	30	29	38	37	52	18	24	34	45	39	21	31	19	6	19	33	32	18	14	50	18	16	35	13	9	13	31	51	11	21	19	19	26	39	44	36	32	7	49	22	26	12	21	
76	52	14	42	40	47	18	28	52	32	28	46	11	15	67	4	46	50	47	29	40	44	50	53	62	40	66	58	57	56	40	52	28	26	27	36	50	40	14	11	19	65	54	37	32	40	3	13	50	55	33	61	54	49	42	53	33	53	36	14	27	6	59	62	7	48	13	30	59	35	17	18	15	48	52	47	29	56	39	26	48	52	44	23	37	0	61	74	61	42	56	18	62	2	58	5	8	36	17	29	58	32	17	35	22	35	39	54	41	53	44	8	30	38	60	71	7	18	38	40	44	43	27	57	9	48	30	40	47	30	38	33	41	51	53	17	35	50	18	47	18	40	8	2	52	42	34	45	44	44	54	
14	55	48	27	20	58	52	51	30	48	33	25	63	60	7	62	42	42	44	36	46	61	63	26	29	40	10	57	52	15	23	14	39	37	67	44	25	57	55	65	77	55	9	62	48	21	59	48	20	16	65	45	8	12	33	18	31	7	46	55	46	57	50	26	61	44	57	31	3	69	48	77	46	19	30	15	37	60	55	46	15	14	37	54	23	61	0	13	29	50	45	65	10	58	18	65	65	24	75	37	10	57	54	55	64	67	21	7	46	29	48	60	71	30	6	10	68	60	38	47	25	18	41	30	55	25	33	64	27	37	53	30	25	12	33	74	31	22	43	28	48	51	67	60	35	19	66	28	33	23	14	
1	62	62	38	34	67	65	64	37	59	46	37	76	73	10	75	50	49	52	48	58	71	72	33	33	50	12	63	58	23	36	26	51	51	79	56	33	69	67	78	90	60	21	72	60	34	72	61	29	24	76	51	20	25	45	29	43	20	58	68	59	70	56	30	74	52	70	44	15	80	61	90	59	30	37	27	50	67	67	59	27	26	47	67	37	74	13	0	34	59	51	77	15	71	25	78	78	38	87	49	18	68	67	67	76	78	34	20	58	36	57	73	83	42	15	3	81	72	50	59	36	31	54	36	69	37	46	74	39	50	65	43	37	25	40	87	44	31	56	40	60	61	80	73	42	32	77	38	43	35	23	
35	29	54	19	33	36	45	64	9	34	42	47	58	67	35	59	20	17	21	32	65	40	40	8	1	23	22	29	24	15	40	39	33	48	54	61	11	75	49	60	70	26	23	43	63	27	58	49	14	14	49	17	33	26	53	44	29	26	63	49	59	60	22	4	58	21	63	40	31	53	44	71	49	17	9	24	49	33	72	59	22	39	19	65	35	61	29	34	0	29	18	56	20	59	11	62	61	31	68	32	19	41	47	71	53	50	32	27	66	8	27	56	57	23	23	31	67	51	56	66	17	30	53	4	60	49	32	45	50	51	70	29	43	34	9	68	47	13	47	51	43	32	64	61	11	27	50	16	17	43	17	
60	10	43	23	39	9	24	58	22	10	38	54	35	54	57	39	9	12	7	22	65	11	14	26	31	10	47	16	15	36	45	52	20	44	26	60	26	71	28	37	45	22	40	14	59	33	39	34	30	35	20	20	49	40	57	56	25	43	61	28	54	44	17	33	37	8	50	38	50	23	26	46	36	30	22	37	47	14	69	53	35	52	12	56	39	42	50	59	29	0	15	31	44	41	34	42	39	33	44	21	41	13	25	66	27	20	37	44	66	23	2	35	28	21	45	56	47	27	57	65	24	39	49	25	45	57	26	15	58	49	67	26	49	48	20	43	48	28	37	58	26	3	42	43	18	35	21	21	16	51	36	
52	12	53	23	41	19	38	67	15	24	45	56	50	65	52	53	9	5	9	30	71	24	22	19	19	16	39	12	7	30	48	51	29	51	41	67	20	79	42	52	60	11	36	29	67	34	52	45	25	29	35	5	46	37	61	56	30	40	68	42	62	56	5	22	51	8	61	44	46	38	39	61	47	27	15	35	53	15	77	62	32	51	13	66	42	56	45	51	18	15	0	46	37	54	27	56	54	37	59	30	35	28	39	74	42	35	39	41	72	16	13	49	44	24	39	48	61	42	63	72	22	39	56	15	57	59	32	29	60	55	75	31	51	46	12	58	53	23	47	61	38	18	57	56	10	35	36	19	16	53	31	
79	39	29	40	46	32	12	44	47	22	37	56	7	33	72	13	37	41	37	29	56	28	34	50	57	32	67	45	46	56	48	59	26	38	9	52	48	57	10	7	14	53	56	21	48	43	16	21	50	55	15	51	60	53	54	62	33	57	52	9	43	23	48	59	11	38	31	38	64	17	17	15	25	48	47	50	41	42	56	42	50	59	37	40	44	18	65	77	56	31	46	0	63	19	56	14	11	41	13	28	59	18	10	52	4	17	44	58	57	48	33	10	12	36	62	74	19	5	52	56	43	48	41	52	26	59	32	23	58	43	55	34	50	57	47	12	46	48	28	58	17	28	13	20	45	45	16	42	38	54	55	
16	47	51	23	24	52	51	57	22	44	36	33	63	64	15	62	35	34	37	35	53	56	57	18	19	35	3	49	44	8	29	22	37	42	64	50	18	64	54	65	76	46	9	57	54	22	60	49	14	8	61	37	16	14	40	27	30	11	52	55	52	59	42	16	61	37	60	34	12	65	48	76	48	15	22	15	42	52	62	52	14	22	31	59	27	62	10	15	20	44	37	63	0	60	10	65	65	26	74	35	4	53	53	61	62	62	24	11	54	21	42	60	68	27	3	11	69	58	45	54	21	21	46	22	58	34	32	59	36	43	60	29	31	19	25	73	37	16	45	37	47	46	68	61	27	20	62	23	28	30	8	
73	51	12	40	38	46	17	26	50	31	25	43	12	14	64	6	45	49	45	27	38	44	49	51	60	38	63	57	56	53	37	49	26	23	28	34	48	38	13	13	22	63	51	37	30	37	3	10	48	53	33	59	52	47	39	50	30	51	34	14	25	4	57	60	8	46	11	27	56	36	15	21	12	45	50	44	26	55	37	24	45	49	42	21	35	2	58	71	59	41	54	19	60	0	55	7	10	34	19	27	55	32	17	33	22	35	36	51	39	51	43	8	31	36	58	68	10	18	35	38	42	40	24	55	7	45	27	40	44	27	36	31	38	48	51	19	32	48	15	44	16	39	10	2	50	39	34	43	42	42	52	
26	37	49	16	24	42	44	57	12	36	35	37	57	62	25	57	26	24	27	29	56	46	47	8	10	26	12	39	34	4	30	28	31	41	56	52	9	66	48	59	70	36	12	48	55	20	55	45	7	3	53	27	22	15	43	33	25	15	54	48	52	55	32	8	56	27	58	33	20	57	42	70	44	10	12	15	41	42	64	51	12	28	22	58	26	58	18	25	11	34	27	56	10	55	0	60	60	24	68	29	8	44	46	62	54	54	23	16	56	11	33	54	60	20	12	21	65	51	47	57	13	21	45	12	55	39	27	50	40	43	62	24	34	24	15	67	38	8	42	41	41	37	62	57	17	19	54	14	19	33	6	
79	51	19	44	44	46	18	33	53	32	32	50	7	19	70	3	47	51	47	31	45	42	48	55	64	41	69	57	57	59	44	56	29	31	24	41	52	45	14	7	14	64	57	35	37	43	5	16	53	58	30	61	58	53	47	57	35	57	41	14	32	11	59	64	5	48	18	34	63	32	18	13	19	51	53	50	34	55	44	31	51	56	45	28	41	5	65	78	62	42	56	14	65	7	60	0	3	40	12	31	61	30	17	40	19	32	43	58	46	54	43	7	26	40	64	74	5	16	43	45	47	47	32	58	14	53	33	38	52	35	43	36	45	55	54	12	39	52	22	51	19	39	3	7	53	45	31	47	45	49	57	
79	48	21	44	45	43	16	36	52	30	33	52	4	23	71	4	45	49	45	30	48	39	45	54	62	39	69	55	54	58	45	57	28	33	20	44	51	48	12	3	12	62	57	32	40	43	7	17	52	58	27	59	59	53	49	59	35	57	44	12	35	14	56	63	3	46	21	35	63	29	17	12	20	50	52	50	35	52	47	34	51	57	43	31	42	8	65	78	61	39	54	11	65	10	60	3	0	40	10	30	61	27	15	43	15	29	43	58	49	53	41	5	23	39	64	75	8	13	45	48	46	47	34	57	17	55	32	34	54	37	46	35	47	55	52	9	41	52	23	53	18	36	3	10	51	45	27	46	43	50	57	
39	42	25	14	6	42	28	33	24	28	11	20	38	38	31	37	29	31	31	13	34	44	47	23	31	24	29	46	42	21	11	19	16	17	44	30	20	43	30	41	52	48	17	42	32	4	34	23	17	21	44	40	19	13	24	23	9	17	32	31	28	33	42	31	36	31	34	9	23	48	24	52	21	14	24	10	18	47	41	28	12	19	24	34	5	36	24	38	31	33	37	41	26	34	24	40	40	0	50	14	21	36	30	39	40	45	4	17	35	24	33	35	48	13	24	34	43	36	26	35	15	7	22	28	32	23	9	45	24	20	39	8	15	16	27	49	16	18	18	24	23	34	42	35	27	5	45	17	20	17	19	
89	52	31	52	55	45	23	45	59	35	43	62	11	31	81	14	50	54	50	39	57	41	46	62	70	45	78	58	59	67	56	67	37	43	19	54	59	57	20	9	2	66	66	33	49	53	17	27	61	66	27	64	69	63	59	69	44	67	53	19	44	23	61	71	13	51	30	45	73	27	26	2	30	59	59	60	46	54	56	43	60	67	50	40	52	17	75	87	68	44	59	13	74	19	68	12	10	50	0	39	70	31	21	52	17	28	53	67	58	61	46	14	20	47	73	84	13	17	55	57	54	57	44	64	26	65	42	35	64	47	55	45	57	65	59	1	51	60	34	63	27	41	9	19	58	55	27	54	51	61	66	
50	31	23	13	20	30	15	37	23	14	17	34	27	36	44	28	20	24	22	1	43	30	35	24	33	14	39	36	34	28	25	33	2	22	30	38	21	50	18	30	41	40	28	28	38	15	26	17	22	27	29	34	33	25	35	37	5	29	40	19	33	28	34	33	26	22	32	17	36	33	13	41	17	20	23	22	25	36	48	32	21	33	16	36	19	29	37	49	32	21	30	28	35	27	29	31	30	14	39	0	31	22	17	45	27	31	18	30	44	24	22	25	34	9	34	45	35	23	35	43	15	21	27	28	28	37	5	31	37	27	46	6	28	30	24	38	26	21	17	37	12	21	33	29	23	17	30	16	15	31	27	
20	45	47	19	20	49	46	53	20	40	32	30	58	59	17	58	32	32	34	30	50	52	54	16	19	31	8	47	42	5	25	20	33	38	60	47	15	61	50	61	72	44	5	53	50	18	55	45	10	6	57	35	14	10	37	25	25	8	49	50	48	55	40	16	57	34	56	30	12	61	43	72	43	11	20	11	38	50	58	48	9	20	28	55	23	58	10	18	19	41	35	59	4	55	8	61	61	21	70	31	0	49	48	58	58	59	20	8	50	19	39	55	64	23	4	15	65	54	41	51	17	17	42	20	54	31	28	55	33	39	56	25	28	16	23	69	33	12	40	34	43	43	63	57	25	16	58	19	24	27	4	
69	21	36	30	42	15	15	53	33	8	37	56	23	45	64	28	21	25	20	23	62	12	17	36	43	18	56	27	28	45	47	55	20	41	13	57	35	66	18	25	32	35	47	6	55	37	29	27	38	44	8	33	54	45	56	59	27	49	58	17	50	35	30	44	25	21	42	38	57	12	19	33	30	38	33	42	44	24	64	49	41	55	22	50	41	32	57	68	41	13	28	18	53	32	44	30	27	36	31	22	49	0	14	61	14	9	40	50	62	34	15	24	15	26	53	64	35	14	55	62	31	42	45	37	37	59	27	9	59	46	63	28	50	52	32	30	47	37	32	59	19	10	30	33	30	39	9	30	25	53	44	
68	34	22	30	36	29	2	39	37	15	27	47	11	31	61	14	30	34	30	18	49	26	32	40	48	24	56	40	40	45	38	49	15	30	15	44	38	52	3	13	23	47	45	20	42	32	14	13	39	45	18	44	49	42	46	52	23	46	45	3	36	20	41	49	12	31	27	28	53	21	7	24	17	37	37	39	33	38	51	35	39	49	28	35	34	17	54	67	47	25	39	10	53	17	46	17	15	30	21	17	48	14	0	47	10	20	34	47	50	39	26	10	19	26	52	63	22	5	44	49	32	37	33	42	22	50	21	23	49	35	49	24	41	47	38	21	37	38	20	49	7	22	18	18	36	35	18	32	29	44	44	
68	76	24	53	38	74	46	8	64	57	29	30	45	21	57	39	65	69	67	44	10	72	78	63	71	59	64	82	79	59	32	41	45	23	61	11	59	5	44	46	54	85	52	67	7	43	36	34	57	59	65	78	47	48	22	38	44	50	9	45	12	29	79	70	41	68	22	30	52	68	41	53	30	53	64	47	21	81	4	12	50	41	61	12	36	35	55	67	71	66	74	52	61	33	62	40	43	39	52	45	58	61	47	0	55	67	39	50	10	64	67	42	64	51	58	65	39	50	17	9	54	41	18	68	26	30	42	70	28	19	3	43	30	43	66	52	24	57	29	27	42	65	43	33	66	43	66	56	58	32	57	
77	35	31	38	46	28	12	47	44	19	37	57	11	37	71	17	34	38	33	28	58	24	30	47	55	29	65	41	42	54	49	60	25	40	5	54	45	61	12	12	18	49	55	17	50	42	19	23	48	53	11	47	60	52	56	62	33	56	54	11	45	26	44	56	15	34	34	39	63	13	17	19	27	46	44	49	43	37	59	44	49	60	34	43	44	22	64	76	53	27	42	4	62	22	54	19	15	40	17	27	58	14	10	55	0	13	44	57	59	46	29	13	9	34	61	73	23	5	54	58	41	47	43	49	29	60	31	19	60	45	57	33	51	57	44	16	47	46	30	59	17	24	18	23	42	44	12	40	36	55	53	
79	25	43	39	51	18	21	59	42	18	46	65	24	50	74	31	29	33	28	32	69	13	18	46	51	27	66	31	33	54	56	65	29	49	8	65	45	73	23	25	29	39	57	6	62	46	32	33	48	54	2	40	64	55	65	68	37	59	65	22	56	39	35	53	28	29	47	47	66	2	26	30	37	47	42	52	52	27	71	55	51	65	31	55	50	35	67	78	50	20	35	17	62	35	54	32	29	45	28	31	59	9	20	67	13	0	50	60	70	43	23	27	9	36	63	74	37	17	63	69	41	52	53	46	42	68	36	7	68	54	69	38	59	62	41	27	56	46	40	68	26	17	31	37	38	49	1	39	35	62	54	
36	45	27	16	2	46	32	33	26	32	12	17	42	39	27	40	32	34	34	17	33	48	51	24	32	27	27	49	45	20	8	15	20	18	48	29	21	42	34	44	55	51	15	46	31	5	37	27	17	20	48	42	15	10	21	19	13	14	31	35	28	35	44	31	40	34	36	10	19	52	28	55	24	14	26	9	18	50	40	28	11	15	27	35	3	39	21	34	32	37	39	44	24	36	23	43	43	4	53	18	20	40	34	39	44	50	0	14	33	26	37	38	52	16	21	31	46	40	24	34	17	3	22	30	34	20	13	49	21	19	38	12	12	12	29	53	14	18	21	21	27	38	46	38	29	4	49	20	23	13	18	
21	50	42	21	13	53	45	46	25	41	26	21	56	54	13	55	37	37	39	29	42	55	58	22	27	34	14	52	47	12	18	12	32	31	60	39	20	53	48	58	70	51	4	55	43	14	52	41	15	13	59	42	5	5	29	16	24	1	41	48	41	50	46	24	54	39	50	24	6	63	41	70	39	14	25	8	31	55	50	41	9	12	32	48	17	54	7	20	27	44	41	58	11	51	16	58	58	17	67	30	8	50	47	50	57	60	14	0	42	25	43	53	64	24	8	17	61	53	33	43	20	11	35	27	49	23	26	58	25	32	48	23	20	8	28	67	26	17	36	25	41	45	60	53	30	12	60	23	28	18	10	
59	75	28	49	32	74	48	13	59	57	27	21	51	29	48	45	63	66	65	43	1	73	78	58	66	57	56	80	77	52	25	32	45	21	64	5	55	11	47	52	60	83	45	69	9	38	42	36	51	53	68	75	38	41	13	29	41	43	5	48	14	35	77	64	47	66	28	27	43	71	43	60	32	48	59	41	18	80	9	15	44	32	58	19	30	41	46	58	66	66	72	57	54	39	56	46	49	35	58	44	50	62	50	10	59	70	33	42	0	60	66	47	68	48	50	56	46	54	9	1	50	35	17	63	32	21	40	72	19	16	7	41	22	34	62	58	19	52	30	18	43	65	49	39	63	38	69	53	55	23	50	
37	26	46	11	27	31	37	57	1	26	34	42	50	59	36	51	14	13	16	24	59	35	36	3	9	16	24	28	23	14	34	35	25	41	47	55	5	68	41	52	62	26	20	37	56	21	50	41	9	13	43	17	30	22	48	40	21	24	57	41	52	52	21	10	50	16	55	33	30	46	36	63	41	12	1	20	42	31	66	52	17	35	12	57	29	53	29	36	8	23	16	48	21	51	11	54	53	24	61	24	19	34	39	64	46	43	26	25	60	0	21	48	50	15	23	32	59	43	50	60	9	25	46	4	52	45	24	39	46	44	64	21	38	31	4	60	40	8	39	46	35	26	56	53	6	21	43	8	9	39	15	
59	9	44	22	39	10	26	59	20	11	39	54	37	55	56	41	7	10	5	23	65	13	15	24	29	9	45	15	13	34	45	51	21	45	28	61	24	72	30	39	47	20	39	16	60	32	41	35	28	33	22	18	48	39	57	55	25	42	62	29	55	45	15	31	38	6	51	38	49	25	28	48	37	29	20	36	47	14	70	54	34	51	11	57	38	44	48	57	27	2	13	33	42	43	33	43	41	33	46	22	39	15	26	67	29	23	37	43	66	21	0	36	30	20	43	54	49	29	57	66	23	38	49	23	47	57	26	17	57	49	68	26	48	47	18	45	48	26	38	58	27	5	44	44	16	34	23	20	15	50	35	
74	44	19	38	40	39	11	34	47	25	29	48	4	23	66	4	40	44	40	25	46	36	41	49	57	34	63	50	50	53	41	53	23	29	19	42	46	47	7	5	17	57	52	29	38	38	5	12	47	52	24	54	54	48	45	54	30	52	42	7	33	13	51	58	2	41	20	31	58	27	12	16	16	45	47	45	32	48	46	32	46	53	38	30	37	8	60	73	56	35	49	10	60	8	54	7	5	35	14	25	55	24	10	42	13	27	38	53	47	48	36	0	22	34	58	69	12	9	42	46	40	42	31	51	15	51	27	31	50	33	44	30	42	51	47	14	37	46	19	49	13	32	8	10	46	40	25	40	38	46	51	
84	34	40	44	54	27	21	56	49	24	46	66	19	45	78	25	37	40	36	35	67	22	27	52	58	34	71	40	41	60	57	68	32	49	4	63	50	69	21	19	20	48	62	15	60	50	28	32	53	59	8	48	67	59	65	70	40	63	63	20	54	35	44	60	23	37	43	47	70	7	26	21	36	52	49	56	52	36	68	53	55	68	38	52	52	30	71	83	57	28	44	12	68	31	60	26	23	48	20	34	64	15	19	64	9	9	52	64	68	50	30	22	0	40	68	79	30	14	63	67	46	55	52	53	38	69	39	16	68	54	66	41	60	65	48	19	56	52	39	68	26	25	24	32	46	52	8	45	41	63	59	
43	28	31	4	18	30	24	43	14	17	21	34	36	44	38	37	16	18	17	9	47	32	35	15	24	11	31	33	29	19	25	31	10	28	37	43	12	55	27	38	49	35	21	31	43	12	35	26	13	19	34	27	28	19	37	35	6	23	44	28	39	37	29	24	36	18	40	20	30	38	22	50	26	12	14	16	29	34	53	38	15	31	10	43	18	38	30	42	23	21	24	36	27	36	20	40	39	13	47	9	23	26	26	51	34	36	16	24	48	15	20	34	40	0	27	38	45	31	39	48	6	18	33	19	37	37	9	33	37	31	51	7	28	27	15	47	29	12	24	38	21	22	42	38	15	14	35	7	7	30	19	
16	49	49	23	21	53	50	54	24	44	34	29	62	61	13	61	36	36	38	33	50	56	58	20	22	35	6	51	46	9	26	19	36	39	64	47	19	61	53	64	75	48	6	57	51	20	58	47	14	10	61	39	12	11	37	23	29	8	49	53	49	57	44	19	60	38	57	32	9	65	47	75	46	15	24	13	39	54	59	49	12	19	32	56	24	60	6	15	23	45	39	62	3	58	12	64	64	24	73	34	4	53	52	58	61	63	21	8	50	23	43	58	68	27	0	11	68	57	41	51	21	18	43	24	56	30	31	60	32	40	56	28	28	15	27	72	34	16	43	33	46	47	66	59	29	18	62	23	28	26	8	
5	59	59	34	30	64	61	61	34	55	43	35	73	70	8	71	47	46	49	45	56	67	68	30	30	46	9	60	55	19	33	24	48	48	75	54	30	67	64	75	86	57	17	68	58	31	69	58	25	20	73	48	18	21	43	27	40	17	56	65	56	67	53	27	71	49	67	41	13	77	58	86	56	26	34	24	47	63	65	57	24	24	43	64	34	71	10	3	31	56	48	74	11	68	21	74	75	34	84	45	15	64	63	65	73	74	31	17	56	32	54	69	79	38	11	0	78	69	48	57	32	28	51	33	66	35	42	71	37	48	63	39	35	22	36	83	41	27	53	38	57	58	77	70	39	29	74	34	39	33	19	
83	56	21	49	48	51	23	32	58	37	35	52	12	18	74	8	52	56	52	36	45	47	53	60	68	46	73	62	62	63	47	59	34	33	28	42	57	44	19	11	15	69	61	40	37	47	9	20	57	62	35	66	62	56	48	60	40	61	41	19	32	12	64	69	10	53	17	37	66	36	23	14	22	55	58	54	35	60	43	31	55	59	50	27	45	7	68	81	67	47	61	19	69	10	65	5	8	43	13	35	65	35	22	39	23	37	46	61	46	59	49	12	30	45	68	78	0	21	44	45	51	50	33	63	14	55	37	42	54	36	42	40	48	58	59	13	42	57	25	53	24	44	5	8	58	49	35	51	50	51	61	
74	35	26	35	42	30	8	43	42	18	32	52	8	33	67	14	33	37	33	24	53	26	32	45	52	28	62	42	42	51	44	55	21	35	10	49	43	56	7	10	18	49	51	19	46	38	15	18	45	50	15	47	55	48	51	57	29	52	49	6	40	22	44	54	11	34	30	34	59	17	12	19	22	43	42	45	38	39	54	39	45	55	32	39	39	18	60	72	51	27	42	5	58	18	51	16	13	36	17	23	54	14	5	50	5	17	40	53	54	43	29	9	14	31	57	69	21	0	49	53	38	43	38	47	25	55	27	22	55	40	53	29	46	52	42	16	42	43	25	54	13	24	15	19	40	40	15	37	34	50	50	
51	66	23	40	23	66	42	15	50	49	18	13	46	29	40	41	55	57	56	34	8	66	70	48	56	49	47	71	68	43	16	24	37	14	59	6	45	19	42	48	57	74	36	62	10	29	38	31	42	43	61	66	30	31	5	21	33	33	8	43	12	32	68	55	42	57	27	18	35	65	37	57	27	39	50	32	11	72	17	12	34	24	49	19	21	38	38	50	56	57	63	52	45	35	47	43	45	26	55	35	41	55	44	17	54	63	24	33	9	50	57	42	63	39	41	48	44	49	0	9	41	25	11	54	29	13	31	65	12	9	15	32	13	26	53	55	9	43	24	11	37	57	46	36	53	28	62	43	46	15	41	
60	75	27	49	33	73	47	12	60	56	27	22	50	27	49	44	63	66	65	43	1	73	78	58	66	57	57	80	77	53	26	33	44	21	63	5	55	10	46	51	59	83	46	68	8	38	41	35	51	53	67	75	39	41	14	30	41	43	4	47	13	34	77	65	46	65	27	27	44	71	43	58	32	48	60	42	18	80	8	14	44	33	58	18	31	40	47	59	66	65	72	56	54	38	57	45	48	35	57	43	51	62	49	9	58	69	34	43	1	60	66	46	67	48	51	57	45	53	9	0	50	35	16	64	31	22	39	71	20	16	6	41	23	35	62	57	19	53	29	19	43	65	48	38	63	38	68	53	55	24	51	
37	30	37	2	18	33	30	47	9	23	25	34	43	50	33	43	17	18	19	15	49	35	38	9	18	14	24	33	29	13	25	28	17	31	43	45	6	58	34	45	56	34	16	36	47	12	42	32	7	12	40	25	25	16	38	33	12	19	47	34	42	43	28	18	42	19	46	23	26	44	28	56	32	6	9	13	33	35	56	42	11	28	12	48	19	44	25	36	17	24	22	43	21	42	13	47	46	15	54	15	17	31	32	54	41	41	17	20	50	9	23	40	46	6	21	32	51	38	41	50	0	17	36	13	43	36	15	38	37	34	54	12	29	24	12	53	31	5	30	38	27	25	49	44	12	13	41	3	8	30	13	
32	46	31	17	3	48	35	36	25	34	15	17	46	43	24	44	33	34	35	20	34	50	53	23	31	29	24	50	46	17	9	13	23	21	51	31	20	44	37	48	59	51	12	48	33	6	41	30	16	18	50	42	12	7	22	17	15	10	33	38	31	39	45	29	43	35	39	13	16	55	31	59	28	13	25	6	21	51	42	31	8	13	28	38	6	43	18	31	30	39	39	48	21	40	21	47	47	7	57	21	17	42	37	41	47	52	3	11	35	25	38	42	55	18	18	28	50	43	25	35	17	0	25	29	38	19	16	51	20	22	40	14	12	9	28	56	16	17	25	21	30	40	49	42	29	4	51	20	24	13	15	
55	59	12	35	22	57	31	11	46	40	11	19	35	20	44	30	48	51	49	26	16	56	61	45	54	41	49	64	61	42	17	28	28	5	48	11	42	22	31	36	46	68	37	52	10	25	27	20	39	42	51	60	33	32	14	28	26	35	12	32	6	21	61	53	31	50	17	13	38	54	26	46	16	36	46	31	4	64	20	6	33	28	43	13	19	27	41	54	53	49	56	41	46	24	45	32	34	22	44	27	42	45	33	18	43	53	22	35	17	46	49	31	52	33	43	51	33	38	11	16	36	25	0	50	18	21	24	55	20	3	18	25	16	29	48	44	9	40	13	20	26	48	35	25	48	26	52	38	40	19	40	
37	26	50	15	31	32	41	61	5	29	39	46	53	63	37	55	16	13	17	28	63	36	36	5	5	19	24	27	22	15	38	38	29	45	49	59	8	72	45	56	66	24	22	39	60	25	54	45	12	14	45	15	33	25	51	43	25	26	61	45	56	56	20	7	53	17	59	37	32	48	40	66	45	15	5	23	46	30	70	56	20	38	14	61	33	57	30	36	4	25	15	52	22	55	12	58	57	28	64	28	20	37	42	68	49	46	30	27	63	4	23	51	53	19	24	33	63	47	54	64	13	29	50	0	56	48	28	41	49	48	68	25	41	34	5	63	44	11	43	50	39	28	60	57	7	25	46	12	13	42	17	
70	55	7	41	35	51	21	19	51	35	22	38	19	8	61	13	48	51	48	28	31	49	55	52	61	41	61	61	60	52	33	45	27	19	34	27	49	31	19	20	28	67	49	43	23	36	10	11	48	52	39	62	48	44	33	45	31	48	27	20	18	3	61	61	15	49	5	24	53	42	18	27	11	45	51	43	21	60	30	17	44	45	44	14	32	9	55	69	60	45	57	26	58	7	55	14	17	32	26	28	54	37	22	26	29	42	34	49	32	52	47	15	38	37	56	66	14	25	29	31	43	38	18	56	0	40	28	46	39	22	29	31	33	44	52	26	27	48	13	38	19	43	17	7	51	37	40	44	43	37	51	
38	65	33	36	18	66	47	29	45	51	22	3	55	41	27	51	52	54	54	36	21	67	71	42	49	48	36	69	65	34	12	11	39	21	64	19	40	32	48	56	67	70	27	65	24	25	47	38	35	35	66	62	18	23	8	8	32	23	21	49	25	43	64	47	51	55	39	21	22	70	42	67	34	32	45	24	19	71	30	25	27	11	47	33	18	48	25	37	49	57	59	59	34	45	39	53	55	23	65	37	31	59	50	30	60	68	20	23	21	45	57	51	69	37	30	35	55	55	13	22	36	19	21	48	40	0	32	68	2	18	28	31	9	15	48	64	13	37	31	3	42	58	56	46	49	23	67	39	43	6	32	
47	35	22	13	15	35	19	34	23	19	12	29	30	35	40	29	24	27	25	4	39	35	39	24	33	17	36	40	37	26	20	29	7	19	34	34	21	46	21	32	44	43	24	33	34	11	27	17	20	25	34	36	28	21	31	32	3	25	36	22	30	28	37	33	29	26	31	12	32	38	15	44	17	18	23	18	21	40	44	29	18	29	19	34	14	30	33	46	32	26	32	32	32	27	27	33	32	9	42	5	28	27	21	42	31	36	13	26	40	24	26	27	39	9	31	42	37	27	31	39	15	16	24	28	28	32	0	36	32	23	42	3	23	26	25	41	21	20	15	32	14	26	35	29	25	13	35	16	17	26	24	
76	18	46	37	51	11	24	62	38	17	46	65	30	54	71	36	24	27	23	32	71	6	11	41	46	24	62	24	26	51	56	64	29	51	15	67	41	76	27	31	35	32	55	3	64	45	37	36	45	50	8	34	62	53	66	68	36	57	67	26	59	43	29	48	33	24	51	47	64	9	29	37	40	44	38	50	54	20	74	58	49	64	27	59	50	40	64	74	45	15	29	23	59	40	50	38	34	45	35	31	55	9	23	70	19	7	49	58	72	39	17	31	16	33	60	71	42	22	65	71	38	51	55	41	46	68	36	0	68	56	72	37	59	60	36	34	56	43	42	68	28	13	37	41	34	47	8	36	31	62	51	
40	66	32	37	19	67	47	27	46	51	22	3	54	40	29	50	53	55	55	36	19	68	72	43	50	48	38	70	66	36	12	13	39	21	64	17	41	30	48	56	66	71	28	65	22	25	46	37	36	37	66	63	20	24	6	10	32	25	19	49	23	41	65	49	51	55	38	21	24	70	42	66	34	34	46	26	18	71	28	24	29	13	48	31	18	47	27	39	50	58	60	58	36	44	40	52	54	24	64	37	33	59	49	28	60	68	21	25	19	46	57	50	68	37	32	37	54	55	12	20	37	20	20	49	39	2	32	68	0	17	26	32	9	17	49	63	12	38	30	1	42	58	55	45	50	24	67	40	44	7	34	
51	58	15	33	19	57	33	14	44	40	10	16	38	23	41	33	47	50	48	26	15	57	62	43	52	41	46	64	60	39	14	25	28	5	50	11	40	23	33	39	49	67	34	53	12	23	30	22	37	40	52	59	29	29	11	24	25	32	12	34	9	24	60	50	34	49	21	11	34	56	28	49	18	34	44	28	2	64	21	9	30	25	42	16	16	30	37	50	51	49	55	43	43	27	43	35	37	20	47	27	39	46	35	19	45	54	19	32	16	44	49	33	54	31	40	48	36	40	9	16	34	22	3	48	22	18	23	56	17	0	19	24	13	25	46	47	6	38	15	16	28	48	38	28	47	24	53	37	39	16	37	
66	77	26	53	37	75	47	10	63	58	29	28	48	24	55	42	66	69	67	45	7	74	79	62	71	60	62	82	79	58	31	39	46	23	63	9	59	4	46	49	57	86	51	69	7	42	39	35	56	58	67	79	45	46	20	36	44	49	7	47	13	32	79	69	44	68	25	30	50	70	43	56	32	53	63	46	21	82	2	13	49	39	61	15	35	38	53	65	70	67	75	55	60	36	62	43	46	39	55	46	56	63	49	3	57	69	38	48	7	64	68	44	66	51	56	63	42	53	15	6	54	40	18	68	29	28	42	72	26	19	0	44	28	41	66	55	23	57	30	25	43	66	46	36	66	42	68	56	59	30	55	
44	34	25	10	14	35	21	36	20	20	14	28	33	38	37	33	22	25	24	5	40	36	40	21	30	17	33	39	36	22	19	27	8	20	37	36	18	48	24	35	47	42	21	34	36	8	31	20	17	22	36	35	26	18	31	31	1	22	37	25	31	31	36	30	32	25	34	13	29	40	18	47	20	14	20	15	22	40	46	31	15	27	17	36	13	33	30	43	29	26	31	34	29	31	24	36	35	8	45	6	25	28	24	43	33	38	12	23	41	21	26	30	41	7	28	39	40	29	32	41	12	14	25	25	31	31	3	37	32	24	44	0	22	24	22	44	22	17	18	32	17	26	38	32	22	11	37	13	15	25	21	
39	57	26	28	10	57	39	26	38	42	13	6	46	36	28	43	44	46	46	27	22	58	62	36	43	39	34	61	57	29	3	12	30	14	56	19	33	32	40	48	59	63	23	56	23	17	40	30	29	30	57	54	17	18	10	12	23	20	21	41	21	36	57	42	43	46	33	12	22	61	34	59	26	26	38	18	13	62	30	21	21	12	39	29	9	41	25	37	43	49	51	50	31	38	34	45	47	15	57	28	28	50	41	30	51	59	12	20	22	38	48	42	60	28	28	35	48	46	13	23	29	12	16	41	33	9	23	59	9	13	28	22	0	13	41	56	6	30	23	9	33	49	48	39	42	16	58	32	35	3	27	
26	54	37	25	10	57	44	39	31	43	22	13	54	48	16	52	41	42	43	29	34	59	62	28	34	38	21	57	53	19	11	4	32	26	60	32	26	45	46	56	68	57	12	57	36	15	49	38	21	20	60	48	4	8	21	9	25	8	34	47	34	46	52	32	52	43	45	20	9	64	40	68	36	19	31	11	25	60	43	34	13	4	36	42	13	51	12	25	34	48	46	57	19	48	24	55	55	16	65	30	16	52	47	43	57	62	12	8	34	31	47	51	65	27	15	22	58	52	26	35	24	9	29	34	44	15	26	60	17	25	41	24	13	0	34	65	19	23	32	17	39	49	57	49	36	13	61	27	32	11	17	
41	22	47	13	30	27	36	59	3	24	36	45	49	60	40	51	11	9	13	24	61	31	32	7	10	14	27	24	19	18	37	39	25	43	44	57	8	70	40	51	61	22	24	34	58	24	50	41	13	17	40	13	34	26	50	44	22	27	59	40	54	52	17	12	49	12	56	35	34	43	36	61	41	15	3	23	44	27	68	54	21	39	9	59	31	53	33	40	9	20	12	47	25	51	15	54	52	27	59	24	23	32	38	66	44	41	29	28	62	4	18	47	48	15	27	36	59	42	53	62	12	28	48	5	52	48	25	36	49	46	66	22	41	34	0	58	43	11	40	50	35	23	55	53	2	24	41	9	9	42	19	
88	51	31	51	54	44	22	45	58	34	43	62	10	31	80	13	49	53	49	38	57	40	45	61	69	44	77	57	58	66	55	67	36	42	18	53	59	57	19	8	2	65	66	32	49	52	17	26	60	66	26	63	68	62	58	68	43	66	53	18	44	23	60	70	13	50	30	45	72	26	25	3	30	58	58	59	45	53	56	43	59	67	49	40	51	17	74	87	68	43	58	12	73	19	67	12	9	49	1	38	69	30	21	52	16	27	53	67	58	60	45	14	19	47	72	83	13	16	55	57	53	56	44	63	26	64	41	34	63	47	55	44	56	65	58	0	51	59	33	63	26	40	9	19	57	54	26	53	50	60	65	
45	57	20	30	13	57	35	20	40	40	10	10	41	30	35	37	45	47	46	25	18	57	61	39	47	39	40	62	58	34	8	18	28	8	52	14	36	28	35	43	54	64	28	53	17	19	34	25	32	34	54	56	23	23	9	18	23	26	16	36	15	29	58	46	38	47	27	9	28	58	30	53	21	29	40	23	6	62	26	15	25	18	40	22	11	35	31	44	47	48	53	46	37	32	38	39	41	16	51	26	33	47	37	24	47	56	14	26	19	40	48	37	56	29	34	41	42	42	9	19	31	16	9	44	27	13	21	56	12	6	23	22	6	19	43	51	0	33	18	12	30	48	43	33	43	19	55	33	36	10	32	
32	33	42	8	20	36	36	51	8	28	28	34	49	55	29	49	20	20	22	21	52	40	41	5	13	19	19	35	30	8	27	27	23	35	48	48	3	61	40	51	62	34	13	41	50	14	47	37	2	7	45	25	22	14	40	32	17	16	50	40	46	48	29	13	48	22	51	27	23	49	34	62	37	4	8	12	36	38	59	46	9	27	15	52	21	50	22	31	13	28	23	48	16	48	8	52	52	18	60	21	12	37	38	57	46	46	18	17	52	8	26	46	52	12	16	27	57	43	43	53	5	17	40	11	48	37	20	43	38	38	57	17	30	23	11	59	33	0	35	38	33	30	54	50	13	14	46	7	12	31	8	
57	47	7	28	22	45	18	21	38	27	9	28	23	20	48	20	37	41	38	16	29	43	49	39	48	31	48	53	50	39	22	33	17	10	35	25	36	34	18	25	36	57	36	39	22	22	17	7	35	39	37	51	36	31	26	35	18	35	25	19	17	14	51	48	20	39	16	12	41	41	13	36	3	32	38	29	13	52	32	16	31	33	33	19	19	18	43	56	47	37	47	28	45	15	42	22	23	18	34	17	40	32	20	29	30	40	21	36	30	39	38	19	39	24	43	53	25	25	24	29	30	25	13	43	13	31	15	42	30	15	30	18	23	32	40	33	18	35	0	30	13	36	25	17	40	24	38	31	31	26	37	
41	66	32	38	19	67	47	26	47	51	22	4	54	39	30	49	54	55	55	36	18	68	72	44	51	49	39	71	67	37	13	14	39	20	64	16	41	29	48	55	66	72	29	65	21	26	46	37	37	37	66	63	21	25	5	11	33	26	18	49	22	41	66	49	50	56	37	21	25	70	42	65	33	34	47	26	17	72	27	23	29	14	48	30	19	47	28	40	51	58	61	58	37	44	41	51	53	24	63	37	34	59	49	27	59	68	21	25	18	46	58	49	68	38	33	38	53	54	11	19	38	21	20	50	38	3	32	68	1	16	25	32	9	17	50	63	12	38	30	0	42	58	55	45	51	25	67	41	45	7	35	
62	36	17	25	29	32	5	34	34	15	20	39	15	28	54	16	28	32	29	12	43	30	36	36	44	22	51	42	40	40	31	42	10	23	22	38	33	47	7	18	29	47	39	25	36	26	15	8	34	39	24	43	43	36	39	44	17	40	39	7	30	18	41	45	14	30	24	21	46	28	1	29	11	32	34	33	26	40	45	29	33	42	26	31	26	18	48	60	43	26	38	17	47	16	41	19	18	23	27	12	43	19	7	42	17	26	27	41	43	35	27	13	26	21	46	57	24	13	37	43	27	30	26	39	19	42	14	28	42	28	43	17	33	39	35	26	30	33	13	42	0	24	21	18	34	28	25	27	26	37	39	
63	12	41	24	40	8	22	57	25	8	38	55	32	52	59	37	12	15	10	22	64	10	13	28	33	11	49	18	18	38	45	53	20	43	23	60	28	70	26	34	42	25	42	11	58	34	37	32	32	37	17	23	50	41	57	57	25	44	61	25	53	42	20	36	34	11	48	38	52	20	25	43	35	32	25	38	46	16	68	52	36	53	14	55	39	40	51	61	32	3	18	28	46	39	37	39	36	34	41	21	43	10	22	65	24	17	38	45	65	26	5	32	25	22	47	58	44	24	57	65	25	40	48	28	43	58	26	13	58	48	66	26	49	49	23	40	48	30	36	58	24	0	39	41	21	36	18	23	18	51	38	
82	51	22	46	47	45	19	36	55	33	35	53	7	22	73	5	48	52	48	33	48	42	47	57	65	42	71	57	57	61	47	59	31	34	22	44	54	48	15	5	11	65	59	34	40	46	8	19	55	60	29	62	61	55	50	60	38	60	44	15	35	14	59	66	6	49	21	37	65	31	20	10	22	53	55	53	37	55	47	34	53	59	46	31	44	8	67	80	64	42	57	13	68	10	62	3	3	42	9	33	63	30	18	43	18	31	46	60	49	56	44	8	24	42	66	77	5	15	46	48	49	49	35	60	17	56	35	37	55	38	46	38	48	57	55	9	43	54	25	55	21	39	0	10	54	48	30	49	46	52	59	
74	53	13	42	39	48	18	26	52	33	27	44	13	13	65	6	47	50	47	29	38	45	51	53	62	40	65	59	58	55	38	50	28	25	29	34	50	38	15	13	21	65	53	38	30	39	4	12	50	55	34	61	53	48	40	51	32	52	34	15	25	4	59	62	8	48	11	29	58	37	17	20	13	47	52	46	27	57	37	24	47	50	44	21	36	2	60	73	61	43	56	20	61	2	57	7	10	35	19	29	57	33	18	33	23	37	38	53	39	53	44	10	32	38	59	70	8	19	36	38	44	42	25	57	7	46	29	41	45	28	36	32	39	49	53	19	33	50	17	45	18	41	10	0	52	41	35	45	44	43	54	
43	20	47	13	31	25	35	59	5	22	36	46	47	59	42	50	9	7	10	23	62	29	30	9	12	12	30	22	17	20	38	40	24	43	43	58	10	71	39	50	59	21	26	32	59	24	49	40	15	19	38	12	36	27	51	45	22	29	59	39	54	51	15	14	48	10	55	35	36	41	35	60	41	17	5	25	45	25	68	54	22	40	8	59	32	52	35	42	11	18	10	45	27	50	17	53	51	27	58	23	25	30	36	66	42	38	29	30	63	6	16	46	46	15	29	39	58	40	53	63	12	29	48	7	51	49	25	34	50	47	66	22	42	36	2	57	43	13	40	51	34	21	54	52	0	25	39	9	8	43	21	
34	42	30	13	5	44	32	37	21	30	16	21	43	43	26	42	29	30	31	17	37	46	49	20	28	25	24	46	42	16	12	17	20	22	48	34	17	47	35	46	57	47	12	44	36	2	39	29	13	16	47	38	15	7	26	21	12	12	35	36	32	38	41	26	42	31	39	14	18	51	29	57	27	10	21	5	22	47	45	32	7	17	24	39	7	42	19	32	27	35	35	45	20	39	19	45	45	5	55	17	16	39	35	43	44	49	4	12	38	21	34	40	52	14	18	29	49	40	28	38	13	4	26	25	37	23	13	47	24	24	42	11	16	13	24	54	19	14	24	25	28	36	48	41	25	0	48	16	20	17	14	
79	26	41	39	51	19	20	58	42	18	45	64	23	48	73	29	30	33	28	31	68	14	19	46	51	27	66	32	33	54	55	64	28	48	7	63	44	71	21	24	27	40	57	7	61	46	31	32	48	53	1	40	63	55	64	68	36	59	64	21	55	38	36	53	26	29	45	46	66	3	25	29	36	47	42	52	51	28	70	54	50	64	31	54	49	34	66	77	50	21	36	16	62	34	54	31	27	45	27	30	58	9	18	66	12	1	49	60	69	43	23	25	8	35	62	74	35	15	62	68	41	51	52	46	40	67	35	8	67	53	68	37	58	61	41	26	55	46	38	67	25	18	30	35	39	48	0	39	34	61	54	
39	27	38	3	21	30	30	50	7	21	27	37	43	51	35	44	14	14	16	16	52	33	35	8	17	12	26	30	26	15	28	32	17	34	41	48	5	61	34	45	55	31	19	34	49	15	42	33	8	14	38	22	28	19	41	36	13	22	50	34	45	44	25	17	42	16	47	26	29	42	28	56	33	9	7	16	35	32	59	44	14	32	9	49	22	45	28	38	16	21	19	42	23	43	14	47	46	17	54	16	19	30	32	56	40	39	20	23	53	8	20	40	45	7	23	34	51	37	43	53	3	20	38	12	44	39	16	36	40	37	56	13	32	27	9	53	33	7	31	41	27	23	49	45	9	16	39	0	5	33	15	
44	22	38	7	25	25	27	51	8	17	29	41	40	51	41	42	9	10	11	15	55	28	30	11	18	7	31	26	21	20	32	36	16	35	37	50	10	63	31	42	52	27	24	29	51	18	41	32	13	19	34	20	33	24	45	41	14	27	52	32	46	43	21	20	40	11	47	28	34	37	27	53	32	14	8	21	37	27	61	46	19	36	4	50	26	44	33	43	17	16	16	38	28	42	19	45	43	20	51	15	24	25	29	58	36	35	23	28	55	9	15	38	41	7	28	39	50	34	46	55	8	24	40	13	43	43	17	31	44	39	59	15	35	32	9	50	36	12	31	45	26	18	46	44	8	20	34	5	0	37	20	
36	59	30	30	12	60	42	28	39	45	17	3	50	39	25	46	46	48	48	30	23	61	65	36	44	41	32	63	59	29	6	9	33	18	59	21	34	34	43	52	63	64	22	59	25	18	43	34	29	30	60	56	15	18	10	8	26	19	23	44	24	39	58	42	47	48	37	15	20	64	37	62	30	26	39	19	16	64	32	24	21	9	41	32	12	44	23	35	43	51	53	54	30	42	33	49	50	17	61	31	27	53	44	32	55	62	13	18	23	39	50	46	63	30	26	33	51	50	15	24	30	13	19	42	37	6	26	62	7	16	30	25	3	11	42	60	10	31	26	7	37	51	52	43	43	17	61	33	37	0	27	
24	41	44	15	18	45	42	51	16	36	30	30	54	57	21	54	28	28	30	26	50	48	50	12	17	27	12	43	38	2	24	22	29	36	56	46	11	60	46	57	68	41	5	49	49	15	52	41	6	2	53	32	16	9	37	27	21	9	48	46	46	51	36	14	53	30	53	28	15	57	39	68	40	7	16	9	36	46	58	46	7	22	24	53	21	54	14	23	17	36	31	55	8	52	6	57	57	19	66	27	4	44	44	57	53	54	18	10	50	15	35	51	59	19	8	19	61	50	41	51	13	15	40	17	51	32	24	51	34	37	55	21	27	17	19	65	32	8	37	35	39	38	59	54	21	14	54	15	20	27	0	

