2  150
14	7	42	43	34	3	50	59	8	12	60	39	59	5	82	50	64	71	50	31	25	4	28	2	96	38	66	3	41	96	21	41	41	61	96	98	47	51	88	80	87	94	20	52	21	84	35	54	65	26	27	32	55	37	97	73	1	19	96	96	84	74	54	77	36	62	44	57	89	91	2	16	1	33	27	64	55	39	96	32	55	77	15	98	90	49	45	60	98	97	19	70	16	86	80	38	28	53	87	44	10	5	76	33	74	78	61	66	18	18	41	75	84	6	97	7	25	83	66	7	83	9	44	15	91	96	37	44	85	52	89	88	48	98	14	53	73	55	66	48	59	100	65	30	40	70	22	38	43	13	
68	10	93	72	49	26	53	94	74	67	16	59	83	21	33	7	32	46	5	70	52	6	20	89	76	95	52	8	2	76	19	36	78	18	3	79	78	99	38	1	59	31	71	50	64	79	86	96	63	39	17	6	94	37	29	19	99	22	91	33	18	6	19	83	37	35	32	3	38	33	71	63	73	15	39	78	95	98	17	57	56	11	97	24	33	44	9	52	73	15	66	40	15	18	100	8	99	15	38	94	3	32	69	58	15	51	52	76	4	20	27	11	76	95	72	64	78	30	71	77	54	33	28	100	3	6	8	96	39	67	20	80	13	1	39	87	98	22	82	54	85	90	10	5	1	74	14	43	99	3	
1304	918	1085	6421	5296	4693	4465	4749	5998	4427	3245	3937	1252	5118	5505	3677	5889	6254	3772	4966	2935	112	7151	4072	3629	1264	2151	6659	2267	4157	2659	5478	3063	309	2993	2898	1922	4138	1948	6797	3432	2898	1164	6552	686	3261	4163	6674	5693	603	1369	5624	5826	6296	4680	4799	1135	3748	5151	2277	5412	5757	6785	4156	1917	1971	2526	638	4900	6256	741	6736	1738	227	5551	2989	1320	5094	7132	2746	787	3567	4573	6881	6818	3582	5636	5444	5538	2847	3654	3189	2350	4394	2584	4952	3395	6074	1038	4891	348	2397	6303	4953	1614	3626	4083	2280	275	6216	7124	722	3805	1459	4145	1063	994	1131	6748	2786	6011	3094	821	1779	2892	2304	115	1908	4883	7432	1048	2509	7215	4634	6629	2069	3063	50	501	2514	5149	599	1739	2213	4329	5044	6911	6806	1365	6477	
0	20	12	63	34	29	57	48	54	71	41	35	52	87	66	42	19	65	82	51	12	72	77	79	64	21	55	82	54	57	62	14	59	68	70	27	62	62	74	21	39	82	60	33	78	80	44	73	62	54	71	72	50	62	47	77	50	47	56	83	69	28	61	75	27	72	66	81	66	51	70	57	51	77	30	54	80	4	24	31	26	47	44	62	72	23	52	60	21	58	56	29	26	46	38	84	46	91	67	41	9	57	37	59	46	68	48	40	70	44	37	65	77	55	43	3	75	57	31	64	18	80	21	50	72	39	64	60	84	59	87	87	68	20	67	36	49	20	81	56	65	84	58	32	56	59	53	82	70	69	54	
20	0	10	47	16	30	55	30	57	54	24	23	45	76	48	34	20	63	69	32	15	54	65	71	59	23	54	70	39	38	60	6	52	53	57	31	46	60	67	10	20	72	41	32	63	67	25	63	64	37	63	54	34	64	38	71	39	29	57	74	70	8	45	62	9	55	51	66	52	41	61	39	36	65	13	49	72	16	6	11	10	34	30	43	61	13	39	46	29	53	51	13	11	47	20	71	47	79	48	29	14	40	19	61	32	48	33	40	52	36	23	66	65	36	47	19	67	37	30	46	17	71	15	47	53	24	65	40	73	49	72	76	51	2	69	16	33	27	71	37	52	70	39	37	36	60	51	67	51	51	41	
12	10	0	51	23	22	49	36	49	59	29	23	42	76	54	31	11	57	70	39	4	59	65	68	55	14	48	70	42	45	54	5	49	56	58	22	50	54	64	8	28	71	48	25	65	68	32	62	56	42	61	59	38	56	36	68	39	34	50	72	63	18	49	63	16	60	54	68	54	39	59	44	38	66	17	44	69	8	13	20	13	35	32	50	61	10	40	48	18	48	46	16	14	40	25	72	40	79	56	29	4	45	25	53	34	57	35	33	58	33	25	59	66	44	38	10	64	46	23	51	9	69	9	41	59	26	58	48	73	48	74	75	56	9	61	25	37	17	70	45	53	72	46	28	44	53	45	70	58	57	42	
63	47	51	0	31	47	45	19	59	9	23	28	30	34	9	30	48	47	25	20	52	13	24	40	38	48	46	28	10	18	46	50	32	9	15	51	2	45	39	42	28	33	19	43	18	21	25	30	59	10	33	13	13	60	27	43	19	17	52	39	60	41	2	20	37	10	6	20	10	23	31	11	13	25	34	36	39	59	41	36	38	18	19	14	25	40	14	7	56	37	36	35	37	49	26	26	49	35	24	24	54	7	27	57	17	26	16	45	15	29	25	60	25	22	56	61	37	24	43	10	47	36	43	39	15	24	56	20	34	24	25	35	7	46	64	33	14	55	34	23	13	24	17	55	21	55	44	19	19	10	14	
34	16	23	31	0	32	50	13	57	38	8	15	37	62	32	27	26	57	55	16	26	38	51	61	51	28	50	56	25	22	54	20	44	39	43	35	30	54	58	15	5	59	25	31	49	52	9	52	61	21	53	38	19	62	30	62	28	14	54	62	66	10	29	48	7	39	36	51	38	31	51	23	22	52	6	42	61	30	10	5	10	22	17	27	49	15	25	31	36	46	44	7	9	46	5	56	46	65	33	19	27	24	5	59	19	34	20	39	36	29	12	64	52	21	48	33	57	23	30	30	24	60	20	42	37	12	61	25	61	39	57	62	35	15	67	3	18	35	59	22	39	55	24	41	21	57	47	51	35	35	28	
29	30	22	47	32	0	28	40	27	56	33	20	25	62	54	18	11	36	59	44	19	59	53	51	36	8	26	58	37	50	33	26	31	48	48	4	47	33	46	21	36	56	53	5	57	58	39	46	34	41	44	59	36	34	22	49	29	36	28	55	41	34	46	52	28	57	48	59	46	27	43	45	34	53	26	25	52	26	28	33	24	29	29	52	47	18	33	41	10	29	28	25	24	18	31	60	18	66	61	23	21	44	30	31	30	62	31	11	59	19	25	37	53	50	17	25	47	52	4	52	13	53	14	21	60	27	36	53	58	33	65	61	54	28	39	36	36	10	55	51	44	62	50	8	49	31	24	63	60	56	33	
57	55	49	45	50	28	0	50	16	53	46	35	14	43	54	22	38	8	44	54	46	58	37	26	11	35	2	41	37	57	5	53	13	41	37	30	46	5	21	45	52	36	60	24	45	45	52	26	13	45	22	58	41	15	20	23	27	45	8	32	16	56	45	39	49	53	42	47	38	23	22	50	36	37	45	9	28	54	50	53	45	32	36	57	30	42	33	38	37	8	8	45	45	12	46	45	12	47	67	31	48	46	46	12	35	69	35	17	60	21	38	15	37	59	20	54	24	62	26	54	40	31	40	8	60	39	12	60	38	21	53	41	52	53	19	53	42	38	33	60	34	49	57	28	58	9	4	53	63	55	31	
48	30	36	19	13	40	50	0	60	24	7	19	35	52	18	28	37	55	44	5	38	24	41	54	47	38	50	46	16	10	53	34	40	27	32	43	17	52	52	27	9	50	13	37	37	40	5	45	63	9	46	24	10	64	29	56	23	5	55	55	66	23	17	38	20	26	24	39	27	27	44	9	14	42	18	41	54	43	24	18	22	17	13	14	41	27	18	21	46	43	42	19	21	49	10	45	49	54	21	19	39	11	11	60	14	22	14	43	22	29	14	65	42	10	53	46	50	13	36	16	35	52	31	42	23	13	62	13	51	33	44	52	21	29	68	14	8	45	51	11	29	43	11	49	9	58	47	38	22	21	21	
54	57	49	59	57	27	16	60	0	67	55	42	28	59	68	32	38	21	60	65	45	72	53	41	27	34	14	57	50	68	18	53	29	56	53	27	60	19	36	47	60	52	71	25	61	61	61	42	8	57	38	72	52	8	32	37	40	55	8	47	16	60	59	55	54	68	57	63	53	36	38	62	48	53	51	23	43	52	54	58	50	44	47	69	46	45	46	52	33	24	24	50	50	11	54	61	11	63	79	41	47	59	53	6	46	81	46	18	73	31	46	11	53	70	11	51	39	73	27	67	40	46	41	19	74	48	12	72	54	36	69	57	66	55	13	60	53	34	49	71	50	65	69	22	69	8	15	69	76	69	44	
71	54	59	9	38	56	53	24	67	0	30	37	39	34	7	39	57	54	25	24	60	5	26	44	45	57	54	28	19	19	53	58	40	12	18	60	9	53	45	50	34	35	19	52	17	21	30	35	67	17	38	5	21	68	36	48	28	24	60	42	67	48	10	21	44	1	10	19	15	31	37	15	22	27	41	44	43	67	48	43	45	27	27	14	30	48	23	15	64	45	44	42	44	57	33	26	57	35	21	33	62	13	34	65	26	23	25	54	9	38	34	68	27	23	64	69	42	25	52	9	55	39	51	48	8	32	64	20	35	31	21	35	2	53	72	38	21	64	37	24	19	22	18	64	22	63	52	14	14	5	23	
41	24	29	23	8	33	46	7	55	30	0	13	32	54	25	23	30	52	46	11	31	30	43	54	45	31	46	48	17	17	49	28	38	30	34	37	21	49	51	20	7	51	20	31	40	43	6	45	58	13	46	30	11	59	25	55	21	5	51	55	62	18	21	40	14	31	28	43	29	24	44	15	14	44	11	37	54	37	18	13	15	15	10	21	41	20	18	23	39	40	39	12	14	43	3	48	43	56	28	14	32	16	4	56	12	29	13	37	29	24	8	61	44	16	48	39	50	19	30	22	28	52	24	38	30	7	57	20	52	32	48	54	27	23	64	10	9	38	51	18	30	46	18	42	16	54	43	43	29	27	21	
35	23	23	28	15	20	35	19	42	37	13	0	23	53	34	12	19	41	47	24	23	39	42	48	37	20	34	47	19	29	39	24	30	33	35	24	28	39	44	15	17	48	32	18	42	45	19	40	46	21	40	39	16	47	16	48	16	15	39	50	51	22	27	40	15	38	31	45	31	17	38	25	15	43	11	27	48	31	17	18	12	12	9	32	38	12	17	25	28	31	29	11	12	31	12	48	31	56	40	5	25	24	11	44	11	42	12	24	39	14	4	49	43	29	35	33	44	32	17	32	18	48	14	26	40	6	46	32	50	26	51	53	34	21	52	18	16	27	48	30	30	48	29	29	29	42	31	47	40	36	19	
52	45	42	30	37	25	14	35	28	39	32	23	0	37	40	11	33	19	35	40	40	43	28	26	14	31	15	33	22	42	17	44	7	28	26	29	31	17	22	35	38	31	45	20	34	34	38	21	28	30	19	43	26	30	7	25	12	30	21	30	31	45	30	28	38	39	28	36	25	8	17	35	21	28	34	5	27	48	40	41	35	18	22	42	21	32	18	23	36	8	6	34	35	19	33	36	19	41	52	18	42	32	32	26	21	54	20	18	45	9	25	30	28	44	27	49	22	47	21	39	34	28	32	9	46	25	26	45	33	9	42	36	38	43	34	41	27	36	29	46	22	39	42	29	44	24	13	42	49	41	16	
87	76	76	34	62	62	43	52	59	34	54	53	37	0	41	45	69	39	9	54	75	40	11	19	31	67	45	6	37	52	40	77	32	25	19	66	36	39	24	68	61	7	53	57	17	13	57	17	54	42	20	40	43	56	41	24	37	49	50	13	51	72	36	14	66	33	28	15	24	36	21	45	40	10	62	38	17	83	69	67	65	41	46	48	15	65	37	31	73	36	37	63	65	53	57	8	53	4	55	47	77	41	57	54	43	57	42	55	43	43	52	54	10	56	62	84	20	58	59	43	69	13	66	44	43	51	50	54	5	29	17	2	36	74	57	64	45	73	10	57	23	13	51	67	55	51	45	22	49	39	34	
66	48	54	9	32	54	54	18	68	7	25	34	40	41	0	38	53	57	32	17	56	5	32	49	48	54	56	35	18	12	56	53	42	17	23	58	8	55	49	45	28	41	12	50	24	28	24	40	68	13	43	5	18	70	36	53	28	19	62	48	70	42	9	27	39	8	14	26	19	32	41	9	20	33	36	45	48	62	42	37	40	25	25	7	34	44	22	17	62	47	46	37	39	57	28	33	57	42	14	31	57	10	29	67	24	17	23	53	5	37	30	70	33	16	64	64	46	17	50	2	51	45	48	49	6	28	66	13	41	34	28	42	5	47	74	32	18	61	43	17	23	29	11	62	15	64	53	22	9	2	23	
42	34	31	30	27	18	22	28	32	39	23	12	11	45	38	0	23	29	41	33	30	42	35	37	25	22	22	41	20	36	26	33	18	30	30	22	30	26	33	24	29	40	39	13	39	40	30	31	35	26	29	42	21	36	5	37	11	23	27	41	39	34	29	34	27	40	30	41	28	9	28	30	17	36	23	15	38	38	29	30	24	12	15	38	30	21	16	24	28	19	17	23	24	20	23	43	20	49	47	9	32	28	23	32	14	49	15	15	43	2	15	37	36	38	26	39	33	41	13	36	23	38	21	14	44	16	34	40	42	17	47	45	37	32	40	31	21	27	39	39	26	44	37	25	37	30	19	45	45	39	16	
19	20	11	48	26	11	38	37	38	57	30	19	33	69	53	23	0	47	64	41	8	58	58	60	45	3	37	64	38	47	43	15	40	51	53	11	47	44	55	12	31	63	50	14	61	63	34	54	45	40	52	58	35	45	28	58	33	34	39	64	52	25	46	57	20	58	50	63	49	32	51	44	35	59	19	34	61	15	19	25	16	30	29	51	53	10	35	44	9	39	37	18	17	29	27	66	29	72	58	24	10	43	26	42	30	59	31	22	58	25	23	48	59	46	27	16	56	48	12	51	2	61	6	31	59	25	47	50	65	40	69	68	54	18	50	29	35	8	62	47	48	67	48	17	46	42	34	66	59	55	37	
65	63	57	47	57	36	8	55	21	54	52	41	19	39	57	29	47	0	41	59	55	60	34	20	8	44	10	38	41	61	3	61	14	42	37	39	48	3	15	53	58	32	64	32	44	43	58	23	15	49	19	60	45	17	26	16	31	50	13	26	13	63	48	37	56	54	43	45	39	27	19	54	41	34	52	14	22	62	58	60	53	37	42	60	27	50	37	40	46	11	13	52	53	20	52	42	20	43	70	37	57	50	52	15	40	72	40	25	62	27	44	15	34	64	27	62	19	66	34	57	48	26	48	16	62	45	11	64	34	23	50	37	54	61	18	60	47	46	29	65	35	46	61	36	63	12	12	52	66	57	34	
82	69	70	25	55	59	44	44	60	25	46	47	35	9	32	41	64	41	0	46	70	30	7	24	33	63	46	4	30	43	42	71	31	16	12	63	27	41	27	62	53	12	44	54	8	4	49	18	56	34	22	30	35	58	37	29	31	41	52	19	54	65	27	7	59	24	19	6	17	32	22	36	33	7	56	37	22	78	63	60	59	35	39	39	14	60	30	23	69	36	36	56	58	53	50	1	53	10	46	41	72	32	50	56	37	48	35	53	34	39	46	56	7	47	61	79	23	49	55	34	64	18	61	43	33	45	52	45	11	26	9	10	27	68	59	57	37	69	15	48	17	5	42	65	46	53	45	14	39	30	28	
51	32	39	20	16	44	54	5	65	24	11	24	40	54	17	33	41	59	46	0	42	22	44	58	52	42	55	48	19	6	57	37	45	29	35	48	18	57	56	31	11	53	9	42	38	42	7	48	67	12	50	22	14	69	34	60	27	9	60	58	71	25	18	40	23	25	26	41	30	31	48	9	18	45	22	45	57	47	26	20	26	22	18	11	44	31	22	24	50	48	46	23	25	54	14	47	54	56	17	24	43	13	15	65	19	18	19	48	20	33	19	70	45	5	58	49	54	8	41	14	39	55	35	47	21	17	66	9	54	37	45	55	21	31	73	15	12	49	54	6	32	44	7	53	5	63	52	38	18	20	25	
12	15	4	52	26	19	46	38	45	60	31	23	40	75	56	30	8	55	70	42	0	61	65	67	53	11	45	70	43	48	51	9	47	56	58	18	51	52	62	11	31	70	51	22	66	68	35	61	53	43	60	61	39	53	35	66	38	36	47	71	60	21	50	63	19	61	55	69	55	39	58	46	39	65	20	42	68	8	16	23	16	35	33	52	60	11	40	49	14	46	44	19	17	37	28	72	37	79	59	29	2	46	27	50	34	60	36	30	60	32	26	56	65	47	34	9	63	49	20	53	6	68	9	39	61	28	55	51	72	47	75	75	57	13	58	28	38	13	69	48	53	72	49	24	47	50	42	71	60	58	42	
72	54	59	13	38	59	58	24	72	5	30	39	43	40	5	42	58	60	30	22	61	0	32	50	51	59	59	34	22	17	59	58	45	18	24	63	12	58	51	50	33	41	16	55	22	26	29	41	72	18	44	0	23	73	40	54	32	25	65	48	73	47	13	27	44	6	16	24	21	36	43	15	25	33	42	49	49	67	48	42	46	30	30	11	35	50	26	20	67	50	49	43	45	61	34	31	61	40	16	36	63	15	34	70	29	18	28	58	4	41	35	73	33	20	68	70	47	21	55	8	57	45	53	52	3	33	69	17	41	36	26	41	5	53	77	38	23	66	43	21	24	27	15	67	20	68	57	19	9	3	27	
77	65	65	24	51	53	37	41	53	26	43	42	28	11	32	35	58	34	7	44	65	32	0	19	26	57	39	5	26	42	35	66	24	15	9	56	26	34	21	57	50	9	43	48	10	8	47	11	49	32	15	32	32	51	30	23	26	38	45	16	47	61	26	4	55	25	18	11	14	26	15	35	29	1	51	30	17	72	58	56	54	30	34	38	7	54	25	20	63	29	29	51	53	46	46	8	46	14	47	36	67	31	46	49	32	49	31	46	35	33	41	49	1	46	54	74	17	48	49	33	58	13	55	36	35	40	45	44	10	19	16	11	27	63	53	53	34	63	11	47	12	12	41	58	45	46	38	18	40	31	23	
79	71	68	40	61	51	26	54	41	44	54	48	26	19	49	37	60	20	24	58	67	50	19	0	15	57	29	20	38	57	22	71	19	32	26	54	42	21	5	62	61	12	59	46	29	27	59	9	35	46	8	50	44	37	32	5	33	50	33	6	32	69	41	23	63	44	34	30	29	30	10	50	40	18	59	25	2	75	65	65	60	39	44	55	14	59	36	34	61	21	23	59	60	38	56	24	38	23	64	42	69	45	56	36	42	66	41	41	53	35	49	35	18	61	46	76	4	63	48	50	60	6	59	30	53	49	31	60	14	22	34	17	45	69	38	64	46	62	9	62	26	30	56	53	60	33	30	37	58	48	33	
64	59	55	38	51	36	11	47	27	45	45	37	14	31	48	25	45	8	33	52	53	51	26	15	0	43	13	30	33	53	9	58	7	33	28	39	40	8	9	49	52	24	56	31	35	34	51	15	23	41	11	51	38	25	21	13	24	43	19	21	22	59	39	28	52	46	35	36	30	20	11	46	33	26	48	10	17	61	54	55	49	30	35	52	19	46	29	31	46	6	8	48	49	23	46	34	23	35	62	32	55	42	46	23	33	64	33	26	53	23	39	23	26	56	31	61	12	59	33	48	46	19	45	15	53	39	19	56	26	15	42	30	45	57	27	54	39	46	22	57	26	38	53	38	55	20	14	43	57	48	26	
21	23	14	48	28	8	35	38	34	57	31	20	31	67	54	22	3	44	63	42	11	59	57	57	43	0	34	63	38	48	41	18	38	51	52	8	48	41	52	14	33	62	51	11	60	62	36	52	42	41	50	59	36	42	26	56	32	35	36	62	49	28	47	56	23	58	50	63	49	31	49	45	35	58	21	32	59	18	21	28	18	30	29	52	52	13	35	44	8	36	34	21	19	26	28	65	26	71	59	24	13	44	27	39	30	61	32	19	59	24	24	45	58	48	24	18	54	50	9	52	5	59	8	28	60	26	44	51	64	38	69	67	54	21	47	31	36	7	60	49	47	66	49	14	47	39	31	66	60	56	36	
55	54	48	46	50	26	2	50	14	54	46	34	15	45	56	22	37	10	46	55	45	59	39	29	13	34	0	43	38	58	7	52	15	43	39	28	47	7	23	44	52	38	60	23	47	47	52	28	12	46	25	59	41	14	21	25	28	45	6	34	16	55	46	41	48	55	44	49	39	24	24	51	37	39	45	10	30	52	50	52	45	33	37	58	32	41	34	39	35	10	10	44	45	10	46	47	10	49	68	31	47	47	46	11	36	70	36	15	61	21	38	14	39	60	17	52	26	62	25	55	39	33	39	8	61	39	11	61	40	23	55	43	53	52	18	53	43	36	36	61	36	51	58	26	59	8	3	55	64	56	32	
82	70	70	28	56	58	41	46	57	28	48	47	33	6	35	41	64	38	4	48	70	34	5	20	30	63	43	0	31	46	39	72	29	19	13	62	30	38	23	62	55	7	47	53	11	8	51	15	53	36	19	34	37	55	36	25	31	43	49	15	50	66	30	8	60	28	22	10	18	31	19	39	34	5	56	35	18	78	64	61	59	36	40	42	11	60	31	25	69	33	34	57	59	50	51	4	50	8	50	42	72	35	51	53	38	52	36	51	38	39	47	53	5	50	59	79	19	52	54	37	64	13	61	41	37	46	49	48	7	24	13	7	30	68	56	58	39	68	10	51	17	10	45	63	49	50	42	18	43	33	28	
54	39	42	10	25	37	37	16	50	19	17	19	22	37	18	20	38	41	30	19	43	22	26	38	33	38	38	31	0	20	39	42	26	14	17	41	10	38	36	33	23	34	22	33	24	27	21	29	51	8	30	22	6	53	18	40	10	12	44	39	53	35	9	23	30	20	12	26	13	14	28	12	3	27	26	28	38	50	33	30	29	8	10	19	25	31	4	6	46	30	29	26	29	39	20	31	39	39	29	14	44	9	20	49	8	31	6	35	23	19	17	53	27	23	46	52	34	25	33	17	37	36	34	31	24	15	49	23	35	18	32	37	17	38	56	27	8	45	35	24	13	30	20	45	22	47	36	28	26	19	6	
57	38	45	18	22	50	57	10	68	19	17	29	42	52	12	36	47	61	43	6	48	17	42	57	53	48	58	46	20	0	59	43	46	27	33	53	16	59	56	37	18	51	3	47	35	39	13	48	70	12	50	17	16	72	36	60	29	13	63	57	73	31	16	38	29	21	24	37	28	33	48	7	20	43	28	48	57	53	33	26	32	24	21	5	43	37	24	23	56	50	48	29	31	57	20	44	57	53	11	28	49	11	21	68	22	13	22	52	14	37	24	72	43	4	63	56	54	6	46	9	45	54	41	50	15	22	69	3	52	38	41	53	17	37	76	21	15	55	52	5	30	41	1	58	3	66	55	34	12	15	26	
62	60	54	46	54	33	5	53	18	53	49	39	17	40	56	26	43	3	42	57	51	59	35	22	9	41	7	39	39	59	0	58	13	41	37	35	47	1	17	50	56	33	62	29	44	43	55	24	14	47	20	59	43	16	24	18	30	48	10	28	14	60	46	37	53	54	43	45	38	25	20	52	39	35	50	12	24	59	55	57	50	35	39	59	28	47	35	39	42	9	10	49	50	17	50	43	17	44	69	35	54	48	49	14	38	71	38	22	61	25	42	14	35	62	24	59	20	65	31	55	45	27	45	13	61	43	10	63	35	22	51	38	53	58	18	57	45	43	30	63	34	47	59	33	61	11	9	52	65	56	33	
14	6	5	50	20	26	53	34	53	58	28	24	44	77	53	33	15	61	71	37	9	58	66	71	58	18	52	72	42	43	58	0	52	56	59	26	49	58	67	9	25	73	46	29	66	69	30	64	60	41	63	58	37	61	38	70	40	33	54	74	67	14	48	64	13	59	54	69	55	41	61	43	38	67	16	47	72	10	10	17	12	36	32	48	62	12	41	48	23	51	50	15	13	44	24	73	44	80	53	30	8	44	23	57	34	54	36	37	57	36	25	63	67	41	43	13	67	43	27	50	13	72	13	45	58	26	62	46	74	50	75	77	55	6	66	22	36	22	72	42	54	72	44	33	41	57	49	70	56	55	43	
59	52	49	32	44	31	13	40	29	40	38	30	7	32	42	18	40	14	31	45	47	45	24	19	7	38	15	29	26	46	13	52	0	28	24	35	34	12	14	43	45	25	49	27	32	32	44	15	26	34	12	45	30	28	14	18	17	35	21	24	27	52	33	26	45	40	29	34	25	13	11	39	26	24	41	6	20	55	47	48	42	23	28	46	17	40	22	25	42	5	5	41	42	21	39	32	21	36	55	25	50	35	39	25	26	58	26	23	47	16	32	28	24	49	30	56	15	52	28	42	41	21	39	12	48	32	24	50	27	8	40	30	39	50	31	47	32	42	23	50	21	36	46	35	48	23	14	40	51	43	20	
68	53	56	9	39	48	41	27	56	12	30	33	28	25	17	30	51	42	16	29	56	18	15	32	33	51	43	19	14	27	41	56	28	0	6	52	11	40	32	47	36	24	28	44	10	13	33	23	55	18	26	18	19	57	27	35	19	25	49	30	55	49	11	11	44	12	3	12	3	22	24	20	17	16	40	32	31	64	47	44	43	21	24	23	17	45	16	7	58	33	32	41	43	47	33	18	47	26	32	27	58	16	34	54	22	34	20	45	21	29	31	56	16	31	55	66	29	33	44	18	51	27	47	37	21	29	52	29	25	19	18	26	13	52	59	40	21	57	25	32	6	16	26	55	30	51	41	14	26	16	14	
70	57	58	15	43	48	37	32	53	18	34	35	26	19	23	30	53	37	12	35	58	24	9	26	28	52	39	13	17	33	37	59	24	6	0	52	17	36	26	50	41	18	34	44	8	10	38	17	51	23	20	24	23	53	26	29	20	29	45	24	50	53	17	5	47	18	9	10	5	21	19	26	21	10	43	30	25	66	51	48	47	23	27	29	11	48	18	11	59	29	29	44	46	45	38	13	45	21	38	29	60	22	38	50	25	40	23	43	27	29	34	52	10	37	53	68	23	39	44	25	52	21	49	35	27	33	48	35	19	17	17	20	19	55	55	45	25	58	19	38	5	13	32	55	36	47	38	16	32	22	16	
27	31	22	51	35	4	30	43	27	60	37	24	29	66	58	22	11	39	63	48	18	63	56	54	39	8	28	62	41	53	35	26	35	52	52	0	51	36	49	22	39	60	56	8	61	62	42	50	35	45	48	63	40	35	26	52	33	39	29	59	42	36	50	56	30	61	52	63	50	31	46	49	38	57	28	29	55	25	29	35	26	33	33	56	51	20	37	45	7	32	31	28	27	19	34	64	19	70	65	27	20	48	34	32	34	66	35	13	63	23	28	38	57	53	16	24	50	56	8	56	13	57	16	24	64	30	37	57	62	37	70	65	58	29	40	38	40	7	58	55	48	66	54	6	53	32	26	67	64	60	38	
62	46	50	2	30	47	46	17	60	9	21	28	31	36	8	30	47	48	27	18	51	12	26	42	40	48	47	30	10	16	47	49	34	11	17	51	0	46	41	41	27	35	17	43	19	23	23	32	60	8	35	12	12	61	28	45	19	16	53	41	61	40	1	22	36	10	8	22	12	23	33	9	13	27	33	37	41	58	39	35	36	18	18	13	27	39	14	8	55	38	37	33	36	49	25	28	49	37	22	24	53	5	26	58	17	24	16	45	13	29	25	61	27	20	56	60	38	22	43	8	46	38	42	40	14	23	58	18	36	25	26	37	7	44	65	31	13	54	36	21	15	26	15	55	19	56	45	21	17	9	15	
62	60	54	45	54	33	5	52	19	53	49	39	17	39	55	26	44	3	41	57	52	58	34	21	8	41	7	38	38	59	1	58	12	40	36	36	46	0	16	50	55	32	61	29	43	42	55	23	15	46	19	58	43	17	23	18	29	47	11	27	15	60	46	36	53	53	42	44	37	25	19	51	38	34	49	11	23	59	55	57	50	34	39	58	27	47	34	38	43	8	10	49	50	17	49	42	17	43	68	35	54	48	49	15	38	70	37	22	60	25	42	15	34	61	25	59	19	64	31	55	45	26	45	13	60	42	11	62	34	21	50	37	52	58	19	57	44	43	29	63	34	46	58	33	60	12	9	51	64	55	32	
74	67	64	39	58	46	21	52	36	45	51	44	22	24	49	33	55	15	27	56	62	51	21	5	9	52	23	23	36	56	17	67	14	32	26	49	41	16	0	57	58	17	58	41	31	29	56	10	30	44	6	51	42	32	28	4	30	47	27	11	27	66	41	25	59	45	35	32	30	27	8	48	37	21	55	20	7	70	61	62	56	36	41	54	15	55	33	33	56	16	18	55	56	32	53	28	32	28	64	39	64	44	53	30	39	66	38	36	54	31	46	30	21	59	41	71	4	62	43	50	55	11	54	24	54	46	26	59	19	19	37	22	45	65	33	61	44	56	14	61	26	33	55	48	58	27	24	40	58	49	30	
21	10	8	42	15	21	45	27	47	50	20	15	35	68	45	24	12	53	62	31	11	50	57	62	49	14	44	62	33	37	50	9	43	47	50	22	41	50	57	0	20	63	40	22	57	60	24	55	54	33	54	50	29	54	29	61	31	25	47	65	60	13	40	55	8	51	45	60	45	32	52	35	29	58	9	39	62	17	7	13	5	26	23	41	53	3	31	39	21	43	41	8	6	37	17	63	37	71	48	20	12	36	16	51	25	49	26	30	49	26	16	57	58	36	38	19	58	38	20	43	9	62	6	37	50	18	55	40	65	40	65	67	47	8	59	17	28	20	63	37	45	63	38	29	36	50	41	61	49	48	34	
39	20	28	28	5	36	52	9	60	34	7	17	38	61	28	29	31	58	53	11	31	33	50	61	52	33	52	55	23	18	56	25	45	36	41	39	27	55	58	20	0	58	20	35	46	50	4	52	64	18	53	33	17	65	31	62	28	11	57	62	68	13	26	46	12	36	34	49	36	31	51	19	21	50	11	44	61	35	15	8	15	22	17	23	48	20	25	29	41	47	45	12	14	49	5	54	49	63	28	20	32	21	6	61	19	29	20	42	31	30	13	66	50	16	52	38	57	18	34	25	28	59	25	44	33	13	64	20	59	39	54	61	31	19	70	4	15	39	58	17	37	52	19	45	16	60	49	48	30	31	28	
82	72	71	33	59	56	36	50	52	35	51	48	31	7	41	40	63	32	12	53	70	41	9	12	24	62	38	7	34	51	33	73	25	24	18	60	35	32	17	63	58	0	52	51	18	15	55	10	47	41	13	41	40	49	35	17	32	46	43	7	44	68	35	13	62	34	27	18	23	31	14	44	37	8	58	32	10	78	65	64	61	37	42	47	10	61	33	29	67	29	30	59	60	47	54	12	47	11	56	42	72	40	54	47	40	58	38	48	44	38	48	47	8	55	55	79	13	57	53	42	64	6	61	37	44	48	43	53	2	23	21	5	36	70	50	61	42	67	3	56	21	17	50	60	54	44	38	26	49	40	30	
60	41	48	19	25	53	60	13	71	19	20	32	45	53	12	39	50	64	44	9	51	16	43	59	56	51	60	47	22	3	62	46	49	28	34	56	17	61	58	40	20	52	0	50	36	40	16	49	73	14	52	16	19	75	39	62	32	17	66	58	76	33	17	39	32	20	25	38	29	36	50	10	23	44	31	50	58	56	35	29	35	27	25	5	44	40	26	25	59	53	51	32	34	60	23	45	60	54	8	31	52	13	24	71	25	9	25	55	12	40	27	75	44	5	66	58	56	5	49	10	48	55	44	53	14	25	72	1	53	41	41	54	17	40	79	24	18	58	54	5	32	41	2	61	4	69	58	34	10	14	29	
33	32	25	43	31	5	24	37	25	52	31	18	20	57	50	13	14	32	54	42	22	55	48	46	31	11	23	53	33	47	29	29	27	44	44	8	43	29	41	22	35	51	50	0	52	53	37	41	32	37	39	55	32	32	17	44	24	33	25	51	38	34	42	47	28	53	43	54	41	22	38	42	30	48	25	21	47	30	28	33	24	25	25	49	42	19	29	37	15	25	23	25	24	15	30	55	15	61	58	19	24	40	29	29	26	60	27	8	55	14	22	34	48	47	16	30	42	50	2	48	16	48	16	17	56	24	33	50	53	28	61	56	50	30	37	35	32	15	50	49	39	57	47	12	47	28	20	58	57	52	29	
78	63	65	18	49	57	45	37	61	17	40	42	34	17	24	39	61	44	8	38	66	22	10	29	35	60	47	11	24	35	44	66	32	10	8	61	19	43	31	57	46	18	36	52	0	4	42	21	58	27	25	22	29	60	34	34	28	34	53	26	57	59	20	6	54	16	12	2	11	29	25	29	27	11	50	38	28	73	57	54	53	30	33	31	16	55	25	17	67	37	37	50	53	53	43	9	53	18	38	37	68	25	44	57	31	40	30	51	26	37	41	59	11	39	61	75	28	41	52	26	60	24	57	43	25	39	55	37	18	25	8	18	19	62	62	50	31	66	21	40	13	6	34	63	38	54	46	8	31	22	23	
80	67	68	21	52	58	45	40	61	21	43	45	34	13	28	40	63	43	4	42	68	26	8	27	34	62	47	8	27	39	43	69	32	13	10	62	23	42	29	60	50	15	40	53	4	0	46	20	57	31	24	26	32	59	36	31	30	38	53	23	56	62	24	6	57	20	16	2	14	31	23	32	30	8	53	38	25	76	60	57	56	33	36	35	15	58	28	20	68	37	37	54	56	53	47	5	53	14	42	39	70	29	47	57	34	44	33	52	30	38	43	58	8	43	61	78	25	45	54	30	62	21	59	43	29	42	54	41	15	25	8	14	23	65	61	54	34	68	18	44	15	4	38	64	42	54	46	10	35	26	26	
44	25	32	25	9	39	52	5	61	30	6	19	38	57	24	30	34	58	49	7	35	29	47	59	51	36	52	51	21	13	55	30	44	33	38	42	23	55	56	24	4	55	16	37	42	46	0	50	65	15	51	29	15	66	31	60	26	9	57	60	69	18	22	43	16	31	30	45	33	30	49	14	19	48	15	43	59	39	19	13	19	20	16	18	46	24	23	26	44	47	45	16	18	50	7	51	50	60	24	20	36	17	8	62	17	25	18	43	27	31	14	67	48	12	54	42	55	14	36	21	32	57	28	44	28	13	64	16	56	37	50	58	27	24	70	8	13	43	56	13	34	49	14	48	12	60	49	44	26	27	26	
73	63	62	30	52	46	26	45	42	35	45	40	21	17	40	31	54	23	18	48	61	41	11	9	15	52	28	15	29	48	24	64	15	23	17	50	32	23	10	55	52	10	49	41	21	20	50	0	38	36	4	41	35	40	26	12	24	41	34	10	36	61	32	15	55	35	25	22	20	22	4	40	31	11	50	21	9	69	57	57	53	30	35	45	5	52	27	25	57	19	20	51	52	36	47	19	36	21	55	34	63	36	47	38	33	57	32	38	44	28	41	38	11	51	45	70	6	54	43	41	54	7	52	27	44	40	34	50	12	14	27	15	36	62	41	55	37	57	8	52	17	23	47	50	50	35	28	30	49	39	24	
62	64	56	59	61	34	13	63	8	67	58	46	28	54	68	35	45	15	56	67	53	72	49	35	23	42	12	53	51	70	14	60	26	55	51	35	60	15	30	54	64	47	73	32	58	57	65	38	0	58	34	72	54	2	33	31	41	58	7	41	7	66	59	51	59	67	56	60	52	37	34	63	50	49	56	23	37	60	60	63	55	45	49	71	42	51	47	51	41	21	22	55	56	16	58	57	16	58	81	44	55	60	57	3	48	83	48	23	74	34	50	3	49	72	19	59	34	75	33	68	47	41	48	20	74	51	4	74	49	35	65	52	66	62	5	65	55	42	44	74	48	61	70	30	72	4	15	66	77	69	45	
54	37	42	10	21	41	45	9	57	17	13	21	30	42	13	26	40	49	34	12	43	18	32	46	41	41	46	36	8	12	47	41	34	18	23	45	8	46	44	33	18	41	14	37	27	31	15	36	58	0	38	18	5	60	25	48	17	7	52	46	61	31	7	28	27	18	15	30	18	21	36	5	8	33	24	36	45	50	31	26	28	13	12	12	32	31	12	12	49	38	36	25	27	46	17	36	46	44	22	18	45	3	17	57	11	24	10	41	18	25	17	60	33	15	52	52	42	17	37	11	39	43	35	38	19	15	57	15	42	26	35	43	14	36	64	23	5	48	42	16	20	34	12	49	14	54	43	29	19	15	14	
71	63	61	33	53	44	22	46	38	38	46	40	19	20	43	29	52	19	22	50	60	44	15	8	11	50	25	19	30	50	20	63	12	26	20	48	35	19	6	54	53	13	52	39	25	24	51	4	34	38	0	44	36	36	25	9	25	42	30	11	32	61	34	19	55	38	28	26	23	22	2	42	32	15	50	19	8	68	57	57	52	31	36	48	9	51	28	27	55	16	17	51	52	33	48	23	33	24	57	34	62	38	48	34	34	60	33	35	47	27	41	34	15	53	42	68	4	56	41	43	53	9	51	24	47	41	30	53	15	14	32	18	39	61	37	56	38	55	11	55	20	27	49	47	52	31	25	34	52	42	25	
72	54	59	13	38	59	58	24	72	5	30	39	43	40	5	42	58	60	30	22	61	0	32	50	51	59	59	34	22	17	59	58	45	18	24	63	12	58	51	50	33	41	16	55	22	26	29	41	72	18	44	0	23	73	40	54	32	25	65	48	73	47	13	27	44	6	16	24	21	36	43	15	25	33	42	49	49	67	48	42	46	30	30	11	35	50	26	20	67	50	49	43	45	61	34	31	61	40	16	36	63	15	34	70	29	18	28	58	4	41	35	73	33	20	68	70	47	21	55	8	57	45	53	52	3	33	69	17	41	36	26	41	5	53	77	38	23	66	43	21	24	27	15	67	20	68	57	19	9	3	27	
50	34	38	13	19	36	41	10	52	21	11	16	26	43	18	21	35	45	35	14	39	23	32	44	38	36	41	37	6	16	43	37	30	19	23	40	12	43	42	29	17	40	19	32	29	32	15	35	54	5	36	23	0	55	20	46	13	6	47	45	57	29	11	29	24	22	17	32	18	17	34	9	4	33	21	31	44	46	28	24	25	8	7	17	31	27	8	12	44	34	32	22	24	41	14	37	41	45	26	13	41	8	15	52	6	28	5	36	23	21	13	56	33	18	47	48	40	21	32	16	34	42	30	34	24	11	53	19	41	23	37	43	18	33	60	21	2	43	41	20	19	35	16	44	17	50	38	32	25	20	11	
62	64	56	60	62	34	15	64	8	68	59	47	30	56	70	36	45	17	58	69	53	73	51	37	25	42	14	55	53	72	16	61	28	57	53	35	61	17	32	54	65	49	75	32	60	59	66	40	2	60	36	73	55	0	35	32	42	59	8	43	8	67	61	53	60	69	58	61	53	38	36	65	51	51	57	24	39	60	61	64	56	47	50	72	44	51	48	53	41	23	24	56	56	17	59	59	17	60	82	45	55	62	59	3	50	84	50	24	75	35	51	3	51	74	19	59	36	77	34	69	47	43	48	21	76	52	6	75	51	37	67	54	68	62	5	66	57	42	46	75	50	63	72	30	73	5	17	68	79	71	46	
47	38	36	27	30	22	20	29	32	36	25	16	7	41	36	5	28	26	37	34	35	40	30	32	21	26	21	36	18	36	24	38	14	27	26	26	28	23	28	29	31	35	39	17	34	36	31	26	33	25	25	40	20	35	0	32	8	24	26	36	37	38	27	30	31	37	27	37	24	5	23	30	16	31	27	12	33	43	33	34	28	12	15	37	25	26	13	21	32	15	13	27	28	21	26	38	21	44	47	11	37	27	25	31	14	49	14	18	41	2	18	36	31	38	28	44	28	41	18	35	28	33	26	13	42	18	32	40	37	12	43	40	34	36	39	33	21	32	34	40	21	40	37	28	38	29	18	41	44	37	13	
77	71	68	43	62	49	23	56	37	48	55	48	25	24	53	37	58	16	29	60	66	54	23	5	13	56	25	25	40	60	18	70	18	35	29	52	45	18	4	61	62	17	62	44	34	31	60	12	31	48	9	54	46	32	32	0	34	51	29	11	27	70	44	27	63	48	38	34	33	31	11	52	41	23	59	23	7	74	65	66	60	40	45	58	18	58	37	37	59	19	21	59	60	35	57	29	35	28	67	43	68	48	57	31	43	69	42	39	57	34	50	30	23	63	43	74	6	66	46	53	59	11	58	28	57	50	26	63	19	23	38	22	48	69	33	65	48	59	14	64	30	34	59	50	62	29	26	42	62	52	34	
50	39	39	19	28	29	27	23	40	28	21	16	12	37	28	11	33	31	31	27	38	32	26	33	24	32	28	31	10	29	30	40	17	19	20	33	19	29	30	31	28	32	32	24	28	30	26	24	41	17	25	32	13	42	8	34	0	18	34	35	43	36	18	24	30	29	19	30	17	4	23	22	9	27	26	18	33	46	33	32	28	6	11	30	22	28	5	13	39	20	19	26	28	29	23	33	29	40	39	10	41	19	23	39	9	41	8	26	33	10	16	43	27	32	36	48	29	35	25	27	32	32	29	21	34	16	39	33	34	11	37	36	26	37	46	31	15	38	32	33	15	34	29	36	31	37	25	34	36	29	5	
47	29	34	17	14	36	45	5	55	24	5	15	30	49	19	23	34	50	41	9	36	25	38	50	43	35	45	43	12	13	48	33	35	25	29	39	16	47	47	25	11	46	17	33	34	38	9	41	58	7	42	25	6	59	24	51	18	0	50	51	61	24	15	35	20	26	22	37	24	22	40	10	10	39	17	36	50	42	23	19	21	12	8	17	37	24	14	18	43	38	37	17	20	44	9	42	44	51	25	14	37	10	10	55	9	26	9	38	24	24	11	60	39	15	49	44	46	17	32	17	32	48	28	37	25	9	57	17	48	28	42	49	21	28	63	15	4	42	47	16	25	41	14	44	14	53	42	37	25	22	17	
56	57	50	52	54	28	8	55	8	60	51	39	21	50	62	27	39	13	52	60	47	65	45	33	19	36	6	49	44	63	10	54	21	49	45	29	53	11	27	47	57	43	66	25	53	53	57	34	7	52	30	65	47	8	26	29	34	50	0	39	13	59	52	47	52	61	50	55	46	30	30	57	43	45	49	16	35	54	53	56	48	38	42	64	38	44	40	45	35	16	16	48	49	10	51	53	10	55	74	37	49	53	50	5	41	76	41	17	67	26	43	9	45	65	15	53	31	68	27	61	41	38	41	13	68	44	8	67	46	29	61	49	59	55	13	58	48	36	41	67	42	57	63	25	65	3	8	61	71	63	38	
83	74	72	39	62	55	32	55	47	42	55	50	30	13	48	41	64	26	19	58	71	48	16	6	21	62	34	15	39	57	28	74	24	30	24	59	41	27	11	65	62	7	58	51	26	23	60	10	41	46	11	48	45	43	36	11	35	51	39	0	38	72	41	20	65	42	33	26	28	33	13	49	41	15	61	30	4	79	68	67	63	40	45	54	14	62	37	34	66	27	28	61	63	44	57	20	44	17	62	45	73	45	57	42	43	65	42	46	51	38	51	41	15	60	52	80	8	63	52	49	64	3	62	35	51	51	37	59	8	24	29	11	43	72	44	65	47	66	5	61	26	25	56	58	59	39	35	33	56	47	34	
69	70	63	60	66	41	16	66	16	67	62	51	31	51	70	39	52	13	54	71	60	73	47	32	22	49	16	50	53	73	14	67	27	55	50	42	61	15	27	60	68	44	76	38	57	56	69	36	7	61	32	73	57	8	37	27	43	61	13	38	0	72	61	50	65	68	57	58	52	39	32	66	53	47	61	25	34	67	66	69	61	49	53	73	41	57	49	53	48	23	24	61	61	23	63	55	23	55	83	48	62	62	62	10	52	85	52	30	75	38	55	5	47	76	26	66	31	78	40	70	54	38	54	24	75	55	5	77	46	36	64	49	67	68	6	70	59	49	41	77	48	59	73	37	75	10	19	66	79	70	47	
28	8	18	41	10	34	56	23	60	48	18	22	45	72	42	34	25	63	65	25	21	47	61	69	59	28	55	66	35	31	60	14	52	49	53	36	40	60	66	13	13	68	33	34	59	62	18	61	66	31	61	47	29	67	38	70	36	24	59	72	72	0	39	58	7	49	46	61	48	39	59	32	32	62	11	49	70	24	6	5	10	31	26	36	58	15	35	41	35	53	51	11	10	50	15	66	50	75	40	27	22	34	14	63	28	41	30	42	45	36	20	69	62	28	51	27	65	30	33	39	22	69	19	48	46	20	67	33	70	47	67	72	45	8	72	9	28	33	68	29	48	65	32	42	29	62	52	61	43	45	38	
61	45	49	2	29	46	45	17	59	10	21	27	30	36	9	29	46	48	27	18	50	13	26	41	39	47	46	30	9	16	46	48	33	11	17	50	1	46	41	40	26	35	17	42	20	24	22	32	59	7	34	13	11	61	27	44	18	15	52	41	61	39	0	22	35	11	8	22	12	22	33	9	12	27	32	36	41	57	39	34	36	17	17	13	27	38	13	7	54	37	36	33	35	48	24	28	48	37	23	23	52	5	25	57	16	25	15	44	14	28	24	61	27	20	55	59	38	22	42	9	45	38	41	39	15	22	57	18	36	24	27	37	8	44	64	30	12	53	36	21	14	26	15	54	19	55	44	21	18	10	14	
75	62	63	20	48	52	39	38	55	21	40	40	28	14	27	34	57	37	7	40	63	27	4	23	28	56	41	8	23	38	37	64	26	11	5	56	22	36	25	55	46	13	39	47	6	6	43	15	51	28	19	27	29	53	30	27	24	35	47	20	50	58	22	0	53	21	14	8	10	25	18	31	26	5	49	32	22	71	56	53	52	28	32	34	9	53	23	17	63	31	31	49	51	47	43	8	47	16	42	34	65	27	43	51	30	44	28	46	31	33	39	52	5	42	55	72	21	44	48	29	57	18	54	37	30	38	48	40	14	19	14	15	23	61	56	50	31	62	15	43	10	10	37	58	41	48	40	15	36	26	21	
27	9	16	37	7	28	49	20	54	44	14	15	38	66	39	27	20	56	59	23	19	44	55	63	52	23	48	60	30	29	53	13	45	44	47	30	36	53	59	8	12	62	32	28	54	57	16	55	59	27	55	44	24	60	31	63	30	20	52	65	65	7	35	53	0	46	41	56	43	32	53	29	26	56	4	42	63	23	3	5	4	25	20	34	52	10	29	36	30	46	44	4	3	43	10	61	43	69	40	20	20	30	10	56	22	41	24	36	43	29	13	62	56	28	45	26	59	30	26	36	17	62	14	41	44	14	60	32	64	41	62	66	41	8	65	9	23	29	62	29	43	60	31	36	28	55	45	57	42	42	32	
72	55	60	10	39	57	53	26	68	1	31	38	39	33	8	40	58	54	24	25	61	6	25	44	46	58	55	28	20	21	54	59	40	12	18	61	10	53	45	51	36	34	20	53	16	20	31	35	67	18	38	6	22	69	37	48	29	26	61	42	68	49	11	21	46	0	11	18	15	32	37	16	23	26	43	44	43	68	49	44	47	28	29	15	29	50	24	16	66	45	44	43	46	58	35	25	58	34	22	34	63	15	36	66	27	24	26	55	10	39	35	68	26	25	65	70	41	26	53	11	56	39	53	49	9	33	64	21	35	32	20	35	4	54	72	40	23	65	37	25	19	21	19	65	24	63	53	13	15	6	24	
66	51	54	6	36	48	42	24	57	10	28	31	28	28	14	30	50	43	19	26	55	16	18	34	35	50	44	22	12	24	43	54	29	3	9	52	8	42	35	45	34	27	25	43	12	16	30	25	56	15	28	16	17	58	27	38	19	22	50	33	57	46	8	14	41	11	0	15	5	22	27	17	15	19	38	33	34	62	45	41	41	19	22	20	20	43	14	6	57	34	33	38	41	47	31	20	47	29	29	26	57	13	32	55	20	31	18	45	19	29	29	57	19	28	55	64	31	30	43	15	49	30	46	38	19	27	53	26	28	21	20	29	10	50	61	38	18	56	28	29	8	18	23	55	27	52	42	16	23	14	14	
81	66	68	20	51	59	47	39	63	19	43	45	36	15	26	41	63	45	6	41	69	24	11	30	36	63	49	10	26	37	45	69	34	12	10	63	22	44	32	60	49	18	38	54	2	2	45	22	60	30	26	24	32	61	37	34	30	37	55	26	58	61	22	8	56	18	15	0	14	32	26	31	30	11	53	40	28	76	60	56	56	33	36	33	17	58	28	20	69	39	39	53	55	55	46	7	55	16	40	40	71	28	47	59	34	42	33	54	28	39	43	60	11	41	63	78	28	43	55	28	63	24	60	45	27	42	56	39	18	27	6	17	21	65	64	53	33	69	21	42	15	3	36	65	40	56	48	7	33	24	26	
66	52	54	10	38	46	38	27	53	15	29	31	25	24	19	28	49	39	17	30	55	21	14	29	30	49	39	18	13	28	38	55	25	3	5	50	12	37	30	45	36	23	29	41	11	14	33	20	52	18	23	21	18	53	24	33	17	24	46	28	52	48	12	10	43	15	5	14	0	19	22	21	16	15	39	29	29	62	46	43	42	19	22	25	15	43	14	6	56	30	29	39	41	44	33	18	44	26	34	25	57	17	33	50	20	36	19	42	24	26	29	53	15	32	52	64	26	34	42	20	49	25	45	34	24	28	49	30	24	16	20	25	15	51	56	40	20	55	24	33	3	17	27	52	31	48	38	17	28	19	12	
51	41	39	23	31	27	23	27	36	31	24	17	8	36	32	9	32	27	32	31	39	36	26	30	20	31	24	31	14	33	25	41	13	22	21	31	23	25	27	32	31	31	36	22	29	31	30	22	37	21	22	36	17	38	5	31	4	22	30	33	39	39	22	25	32	32	22	32	19	0	20	26	13	26	28	14	31	47	35	35	30	9	14	34	21	29	10	16	37	16	15	28	30	25	26	33	25	40	44	12	41	23	26	35	13	46	12	23	37	7	19	38	26	36	33	48	26	39	23	31	32	30	30	17	38	19	35	37	33	8	38	36	30	39	42	34	19	37	30	37	16	35	33	33	35	32	21	36	40	33	8	
70	61	59	31	51	43	22	44	38	37	44	38	17	21	41	28	51	19	22	48	58	43	15	10	11	49	24	19	28	48	20	61	11	24	19	46	33	19	8	52	51	14	50	38	25	23	49	4	34	36	2	43	34	36	23	11	23	40	30	13	32	59	33	18	53	37	27	26	22	20	0	40	30	15	49	18	10	66	55	55	50	29	34	46	8	49	26	25	53	15	16	49	50	32	46	23	32	25	56	32	60	36	46	34	32	58	31	34	46	25	39	34	15	51	41	67	6	54	39	42	51	10	49	23	46	39	30	51	16	12	31	19	37	59	37	54	36	53	12	53	18	27	47	46	50	31	24	33	50	41	23	
57	39	44	11	23	45	50	9	62	15	15	25	35	45	9	30	44	54	36	9	46	15	35	50	46	45	51	39	12	7	52	43	39	20	26	49	9	51	48	35	19	44	10	42	29	32	14	40	63	5	42	15	9	65	30	52	22	10	57	49	66	32	9	31	29	16	17	31	21	26	40	0	13	36	26	41	49	52	33	27	31	18	16	7	35	34	16	15	53	43	41	27	30	51	18	37	51	46	17	22	48	4	19	62	16	19	15	46	14	30	21	65	36	11	57	55	46	13	41	7	42	46	38	43	15	19	62	10	45	31	35	46	12	38	69	23	9	52	45	12	23	35	7	54	10	59	48	29	15	12	19	
51	36	38	13	22	34	36	14	48	22	14	15	21	40	20	17	35	41	33	18	39	25	29	40	33	35	37	34	3	20	39	38	26	17	21	38	13	38	37	29	21	37	23	30	27	30	19	31	50	8	32	25	4	51	16	41	9	10	43	41	53	32	12	26	26	23	15	30	16	13	30	13	0	30	22	27	40	46	30	27	26	5	6	21	27	28	4	9	42	30	28	23	25	38	17	34	38	42	30	11	41	10	17	48	4	32	3	33	25	17	13	52	30	23	44	48	36	25	30	18	34	38	30	30	26	12	48	24	38	18	36	40	20	34	55	24	6	41	37	24	16	33	20	42	22	46	34	31	28	22	7	
77	65	66	25	52	53	37	42	53	27	44	43	28	10	33	36	59	34	7	45	65	33	1	18	26	58	39	5	27	43	35	67	24	16	10	57	27	34	21	58	50	8	44	48	11	8	48	11	49	33	15	33	33	51	31	23	27	39	45	15	47	62	27	5	56	26	19	11	15	26	15	36	30	0	52	31	16	73	59	57	55	31	35	39	7	55	26	21	64	29	29	52	54	46	47	8	46	13	48	37	67	32	47	49	33	50	32	46	36	34	42	49	0	47	54	74	17	49	49	34	59	12	56	36	36	41	45	45	9	19	16	10	28	64	52	54	35	63	10	48	13	12	42	58	46	46	38	19	41	31	24	
30	13	17	34	6	26	45	18	51	41	11	11	34	62	36	23	19	52	56	22	20	42	51	59	48	21	45	56	26	28	50	16	41	40	43	28	33	49	55	9	11	58	31	25	50	53	15	50	56	24	50	42	21	57	27	59	26	17	49	61	61	11	32	49	4	43	38	53	39	28	49	26	22	52	0	38	59	25	7	7	4	21	16	32	48	9	25	32	29	42	40	1	3	40	8	57	40	65	39	16	21	27	7	53	18	40	20	33	40	25	9	59	52	27	42	28	54	29	24	34	17	58	13	37	42	10	56	31	60	36	58	62	38	12	62	10	20	28	58	28	39	56	29	35	27	52	42	53	40	39	28	
54	49	44	36	42	25	9	41	23	44	37	27	5	38	45	15	34	14	37	45	42	49	30	25	10	32	10	35	28	48	12	47	6	32	30	29	37	11	20	39	44	32	50	21	38	38	43	21	23	36	19	49	31	24	12	23	18	36	16	30	25	49	36	32	42	44	33	40	29	14	18	41	27	31	38	0	26	50	44	45	39	23	27	48	24	36	24	29	36	4	2	38	39	15	38	39	15	42	58	23	44	37	37	21	26	60	26	16	51	13	30	24	31	50	23	50	21	53	22	45	36	28	34	5	51	31	21	51	34	13	46	37	43	47	28	45	33	36	30	51	26	42	48	28	49	18	8	46	54	46	22	
80	72	69	39	61	52	28	54	43	43	54	48	27	17	48	38	61	22	22	57	68	49	17	2	17	59	30	18	38	57	24	72	20	31	25	55	41	23	7	62	61	10	58	47	28	25	59	9	37	45	8	49	44	39	33	7	33	50	35	4	34	70	41	22	63	43	34	28	29	31	10	49	40	16	59	26	0	76	66	65	61	39	44	54	13	60	36	33	63	23	24	59	61	40	56	22	40	21	63	43	70	45	56	38	42	65	41	43	52	36	49	37	16	60	48	77	5	63	49	49	61	4	59	31	52	49	33	59	12	22	32	15	44	70	40	64	46	63	7	61	26	28	56	55	59	35	31	36	57	47	33	
4	16	8	59	30	26	54	43	52	67	37	31	48	83	62	38	15	62	78	47	8	67	72	75	61	18	52	78	50	53	59	10	55	64	66	25	58	59	70	17	35	78	56	30	73	76	39	69	60	50	68	67	46	60	43	74	46	42	54	79	67	24	57	71	23	68	62	76	62	47	66	52	46	73	25	50	76	0	20	27	21	43	40	58	68	18	48	56	19	54	52	24	22	44	33	79	44	87	63	36	5	53	32	57	42	64	43	37	66	40	33	63	73	51	41	3	71	53	28	59	14	76	17	47	67	34	62	55	80	55	82	83	64	16	65	32	45	18	77	52	61	80	54	30	51	57	50	78	65	65	50	
24	6	13	41	10	28	50	24	54	48	18	17	40	69	42	29	19	58	63	26	16	48	58	65	54	21	50	64	33	33	55	10	47	47	51	29	39	55	61	7	15	65	35	28	57	60	19	57	60	31	57	48	28	61	33	65	33	23	53	68	66	6	39	56	3	49	45	60	46	35	55	33	30	59	7	44	66	20	0	7	5	28	23	38	55	9	32	39	28	48	46	6	5	44	14	64	44	72	43	23	17	34	13	57	26	44	27	36	46	31	17	63	59	31	44	23	61	33	26	40	16	65	13	42	47	18	61	35	67	43	65	69	45	5	66	12	26	27	65	32	46	63	34	36	31	56	46	60	45	45	35	
31	11	20	36	5	33	53	18	58	43	13	18	41	67	37	30	25	60	60	20	23	42	56	65	55	28	52	61	30	26	57	17	48	44	48	35	35	57	62	13	8	64	29	33	54	57	13	57	63	26	57	42	24	64	34	66	32	19	56	67	69	5	34	53	5	44	41	56	43	35	55	27	27	57	7	45	65	27	7	0	9	26	21	32	54	15	30	36	35	49	47	8	8	47	10	61	47	70	36	23	24	29	9	61	24	37	25	40	40	32	16	66	57	24	49	30	61	26	31	34	22	64	19	44	42	16	64	29	65	43	62	67	40	11	69	5	23	34	64	25	43	60	28	41	25	60	49	56	39	40	33	
26	10	13	38	10	24	45	22	50	45	15	12	35	65	40	24	16	53	59	26	16	46	54	60	49	18	45	59	29	32	50	12	42	43	47	26	36	50	56	5	15	61	35	24	53	56	19	53	55	28	52	46	25	56	28	60	28	21	48	63	61	10	36	52	4	47	41	56	42	30	50	31	26	55	4	39	61	21	5	9	0	23	19	36	50	5	28	36	26	43	41	3	1	39	12	60	39	68	43	18	17	31	11	52	22	44	23	32	44	26	12	58	55	31	40	24	56	33	22	38	13	60	10	37	46	14	56	35	63	38	62	65	42	8	61	13	23	25	60	32	42	60	33	32	31	51	41	57	44	43	31	
47	34	35	18	22	29	32	17	44	27	15	12	18	41	25	12	30	37	35	22	35	30	30	39	30	30	33	36	8	24	35	36	23	21	23	33	18	34	36	26	22	37	27	25	30	33	20	30	45	13	31	30	8	47	12	40	6	12	38	40	49	31	17	28	25	28	19	33	19	9	29	18	5	31	21	23	39	43	28	26	23	0	5	25	27	24	5	13	38	26	24	21	23	33	17	36	33	44	35	6	37	15	17	43	3	37	2	28	30	12	11	48	31	26	39	45	35	29	25	24	30	37	26	25	31	10	44	28	39	17	39	41	25	32	51	25	9	37	37	28	18	36	25	37	26	41	30	35	33	27	7	
44	30	32	19	17	29	36	13	47	27	10	9	22	46	25	15	29	42	39	18	33	30	34	44	35	29	37	40	10	21	39	32	28	24	27	33	18	39	41	23	17	42	25	25	33	36	16	35	49	12	36	30	7	50	15	45	11	8	42	45	53	26	17	32	20	29	22	36	22	14	34	16	6	35	16	27	44	40	23	21	19	5	0	24	32	21	8	16	37	30	29	17	19	35	12	40	35	48	33	6	34	15	12	47	2	34	3	30	30	15	7	51	35	23	41	42	40	26	25	23	27	42	24	29	31	5	48	25	44	22	42	46	25	28	55	20	7	36	42	24	22	40	22	37	22	45	34	38	31	27	11	
62	43	50	14	27	52	57	14	69	14	21	32	42	48	7	38	51	60	39	11	52	11	38	55	52	52	58	42	19	5	59	48	46	23	29	56	13	58	54	41	23	47	5	49	31	35	18	45	71	12	48	11	17	72	37	58	30	17	64	54	73	36	13	34	34	15	20	33	25	34	46	7	21	39	32	48	54	58	38	32	36	25	24	0	40	41	24	21	60	50	48	33	35	59	24	40	59	49	9	30	54	10	25	69	23	12	23	54	8	38	28	73	39	9	65	60	51	10	49	5	49	51	45	51	10	26	69	6	48	37	36	49	12	43	76	27	16	59	49	9	28	36	4	61	8	67	55	29	8	9	26	
72	61	61	25	49	47	30	41	46	30	41	38	21	15	34	30	53	27	14	44	60	35	7	14	19	52	32	11	25	43	28	62	17	17	11	51	27	27	15	53	48	10	44	42	16	15	46	5	42	32	9	35	31	44	25	18	22	37	38	14	41	58	27	9	52	29	20	17	15	21	8	35	27	7	48	24	13	68	55	54	50	27	32	40	0	50	23	20	57	22	22	48	50	39	44	15	39	19	49	32	62	31	44	42	30	51	28	39	39	28	38	42	7	46	47	69	12	49	43	35	53	11	51	29	38	37	38	45	12	13	23	14	30	59	46	51	33	57	10	48	12	19	42	51	45	39	31	25	43	34	20	
23	13	10	40	15	18	42	27	45	48	20	12	32	65	44	21	10	50	60	31	11	50	54	59	46	13	41	60	31	37	47	12	40	45	48	20	39	47	55	3	20	61	40	19	55	58	24	52	51	31	51	50	27	51	26	58	28	24	44	62	57	15	38	53	10	50	43	58	43	29	49	34	28	55	9	36	60	18	9	15	5	24	21	41	50	0	29	37	20	40	38	8	6	34	17	61	34	69	48	18	13	35	16	48	23	49	25	27	49	24	14	54	55	36	35	20	55	38	17	42	8	59	4	34	50	16	52	40	62	38	64	65	46	11	56	18	26	19	60	37	43	61	38	26	36	47	38	59	49	47	31	
52	39	40	14	25	33	33	18	46	23	18	17	18	37	22	16	35	37	30	22	40	26	25	36	29	35	34	31	4	24	35	41	22	16	18	37	14	34	33	31	25	33	26	29	25	28	23	27	47	12	28	26	8	48	13	37	5	14	40	37	49	35	13	23	29	24	14	28	14	10	26	16	4	26	25	24	36	48	32	30	28	5	8	24	23	29	0	8	42	26	24	26	28	35	20	32	35	39	34	11	42	13	20	45	6	36	5	31	27	15	15	48	26	26	42	50	32	29	29	21	34	34	31	26	28	14	45	27	35	14	34	37	21	37	52	28	10	42	33	28	13	31	24	41	26	42	31	30	30	23	3	
60	46	48	7	31	41	38	21	52	15	23	25	23	31	17	24	44	40	23	24	49	20	20	34	31	44	39	25	6	23	39	48	25	7	11	45	8	38	33	39	29	29	25	37	17	20	26	25	51	12	27	20	12	53	21	37	13	18	45	34	53	41	7	17	36	16	6	20	6	16	25	15	9	21	32	29	33	56	39	36	36	13	16	21	20	37	8	0	51	30	29	33	35	42	26	25	42	33	30	20	51	11	26	50	14	33	12	39	22	23	23	53	21	26	49	58	31	29	37	17	43	31	39	32	22	21	49	26	30	17	26	31	14	44	57	33	13	50	30	27	8	24	22	49	25	47	37	22	26	17	8	
21	29	18	56	36	10	37	46	33	64	39	28	36	73	62	28	9	46	69	50	14	67	63	61	46	8	35	69	46	56	42	23	42	58	59	7	55	43	56	21	41	67	59	15	67	68	44	57	41	49	55	67	44	41	32	59	39	43	35	66	48	35	54	63	30	66	57	69	56	37	53	53	42	64	29	36	63	19	28	35	26	38	37	60	57	20	42	51	0	40	38	28	27	26	36	71	26	77	67	31	15	52	35	38	38	69	39	20	67	30	32	44	64	56	22	18	58	58	14	60	12	64	16	31	68	34	43	59	69	44	76	72	62	27	46	39	44	1	65	57	54	72	57	11	55	38	33	73	68	64	43	
58	53	48	37	46	29	8	43	24	45	40	31	8	36	47	19	39	11	36	48	46	50	29	21	6	36	10	33	30	50	9	51	5	33	29	32	38	8	16	43	47	29	53	25	37	37	47	19	21	38	16	50	34	23	15	19	20	38	16	27	23	53	37	31	46	45	34	39	30	16	15	43	30	29	42	4	23	54	48	49	43	26	30	50	22	40	26	30	40	0	2	42	43	17	41	37	17	40	60	26	49	39	41	20	29	62	29	19	52	17	33	23	29	53	26	55	18	55	26	46	40	25	39	8	52	34	19	53	31	13	45	34	44	51	26	49	36	40	27	54	26	41	50	31	52	18	9	45	56	47	24	
56	51	46	36	44	28	8	42	24	44	39	29	6	37	46	17	37	13	36	46	44	49	29	23	8	34	10	34	29	48	10	50	5	32	29	31	37	10	18	41	45	30	51	23	37	37	45	20	22	36	17	49	32	24	13	21	19	37	16	28	24	51	36	31	44	44	33	39	29	15	16	41	28	29	40	2	24	52	46	47	41	24	29	48	22	38	24	29	38	2	0	40	41	16	39	37	16	41	58	25	47	38	39	21	27	60	27	18	51	15	32	24	29	51	25	53	19	54	25	45	38	26	37	7	51	32	20	52	32	12	45	35	43	49	28	47	34	38	28	52	25	41	48	30	50	18	9	45	55	46	22	
29	13	16	35	7	25	45	19	50	42	12	11	34	63	37	23	18	52	56	23	19	43	51	59	48	21	44	57	26	29	49	15	41	41	44	28	33	49	55	8	12	59	32	25	50	54	16	51	55	25	51	43	22	56	27	59	26	17	48	61	61	11	33	49	4	43	38	53	39	28	49	27	23	52	1	38	59	24	6	8	3	21	17	33	48	8	26	33	28	42	40	0	2	39	9	58	39	66	40	16	20	28	8	53	19	41	20	32	41	25	10	58	52	28	41	27	55	30	23	35	16	58	12	37	43	11	56	32	60	37	59	63	39	11	61	10	20	27	58	29	39	57	30	34	28	52	41	54	41	40	28	
26	11	14	37	9	24	45	21	50	44	14	12	35	65	39	24	17	53	58	25	17	45	53	60	49	19	45	59	29	31	50	13	42	43	46	27	36	50	56	6	14	60	34	24	53	56	18	52	56	27	52	45	24	56	28	60	28	20	49	63	61	10	35	51	3	46	41	55	41	30	50	30	25	54	3	39	61	22	5	8	1	23	19	35	50	6	28	35	27	43	41	2	0	39	11	60	39	67	42	18	18	30	10	53	21	43	22	32	43	26	12	58	54	30	41	25	56	32	23	37	14	60	11	37	45	13	56	34	62	38	61	64	42	9	61	12	23	26	60	31	41	59	32	33	30	52	42	56	43	42	30	
46	47	40	49	46	18	12	49	11	57	43	31	19	53	57	20	29	20	53	54	37	61	46	38	23	26	10	50	39	57	17	44	21	47	45	19	49	17	32	37	49	47	60	15	53	53	50	36	16	46	33	61	41	17	21	35	29	44	10	44	23	50	48	47	43	58	47	55	44	25	32	51	38	46	40	15	40	44	44	47	39	33	35	59	39	34	35	42	26	17	16	39	39	0	43	54	0	57	68	29	39	48	42	13	35	70	35	7	63	20	35	19	46	59	8	43	35	62	17	56	31	42	31	10	63	36	18	61	49	28	61	52	56	45	22	49	42	26	44	60	41	57	57	16	58	13	8	61	66	59	34	
38	20	25	26	5	31	46	10	54	33	3	12	33	57	28	23	27	52	50	14	28	34	46	56	46	28	46	51	20	20	50	24	39	33	38	34	25	49	53	17	5	54	23	30	43	47	7	47	58	17	48	34	14	59	26	57	23	9	51	57	63	15	24	43	10	35	31	46	33	26	46	18	17	47	8	38	56	33	14	10	12	17	12	24	44	17	20	26	36	41	39	9	11	43	0	51	43	59	31	14	29	20	1	56	14	32	15	36	32	25	8	61	47	19	46	36	52	21	28	26	25	54	21	38	33	7	58	23	55	34	51	57	31	19	64	8	12	35	54	20	33	50	21	40	19	54	43	46	32	31	23	
84	71	72	26	56	60	45	45	61	26	48	48	36	8	33	43	66	42	1	47	72	31	8	24	34	65	47	4	31	44	43	73	32	18	13	64	28	42	28	63	54	12	45	55	9	5	51	19	57	36	23	31	37	59	38	29	33	42	53	20	55	66	28	8	61	25	20	7	18	33	23	37	34	8	57	39	22	79	64	61	60	36	40	40	15	61	32	25	71	37	37	58	60	54	51	0	54	9	47	43	74	34	51	57	38	49	37	54	35	41	47	57	8	48	62	81	24	50	56	35	65	18	62	44	34	46	53	46	11	27	9	10	28	69	60	58	38	71	15	49	18	5	43	66	47	54	46	14	40	31	29	
46	47	40	49	46	18	12	49	11	57	43	31	19	53	57	20	29	20	53	54	37	61	46	38	23	26	10	50	39	57	17	44	21	47	45	19	49	17	32	37	49	47	60	15	53	53	50	36	16	46	33	61	41	17	21	35	29	44	10	44	23	50	48	47	43	58	47	55	44	25	32	51	38	46	40	15	40	44	44	47	39	33	35	59	39	34	35	42	26	17	16	39	39	0	43	54	0	57	68	29	39	48	42	13	35	70	35	7	63	20	35	19	46	59	8	43	35	62	17	56	31	42	31	10	63	36	18	61	49	28	61	52	56	45	22	49	42	26	44	60	41	57	57	16	58	13	8	61	66	59	34	
91	79	79	35	65	66	47	54	63	35	56	56	41	4	42	49	72	43	10	56	79	40	14	23	35	71	49	8	39	53	44	80	36	26	21	70	37	43	28	71	63	11	54	61	18	14	60	21	58	44	24	40	45	60	44	28	40	51	55	17	55	75	37	16	69	34	29	16	26	40	25	46	42	13	65	42	21	87	72	70	68	44	48	49	19	69	39	33	77	40	41	66	67	57	59	9	57	0	56	50	81	43	60	58	46	58	45	59	44	47	55	58	13	57	66	88	24	59	62	44	72	17	70	48	43	54	54	55	9	32	15	6	37	77	61	67	47	77	14	58	26	13	52	71	56	55	49	22	49	40	37	
67	48	56	24	33	61	67	21	79	21	28	40	52	55	14	47	58	70	46	17	59	16	47	64	62	59	68	50	29	11	69	53	55	32	38	65	22	68	64	48	28	56	8	58	38	42	24	55	81	22	57	16	26	82	47	67	39	25	74	62	83	40	23	42	40	22	29	40	34	44	56	17	30	48	39	58	63	63	43	36	43	35	33	9	49	48	34	30	67	60	58	40	42	68	31	47	68	56	0	39	60	20	32	79	33	2	32	63	12	48	36	82	48	12	74	66	61	10	57	13	56	60	52	60	13	34	79	8	56	47	42	57	19	47	86	31	25	66	58	11	37	43	10	70	12	76	65	35	7	16	36	
41	29	29	24	19	23	31	19	41	33	14	5	18	47	31	9	24	37	41	24	29	36	36	42	32	24	31	42	14	28	35	30	25	27	29	27	24	35	39	20	20	42	31	19	37	39	20	34	44	18	34	36	13	45	11	43	10	14	37	45	48	27	23	34	20	34	26	40	25	12	32	22	11	37	16	23	43	36	23	23	18	6	6	30	32	18	11	20	31	26	25	16	18	29	14	43	29	50	39	0	31	21	14	41	7	41	8	24	36	10	7	46	37	29	34	38	38	32	19	29	23	42	20	23	37	7	43	31	44	20	46	47	31	27	50	22	13	30	42	30	24	43	28	31	28	40	28	42	38	33	13	
9	14	4	54	27	21	48	39	47	62	32	25	42	77	57	32	10	57	72	43	2	63	67	69	55	13	47	72	44	49	54	8	50	58	60	20	53	54	64	12	32	72	52	24	68	70	36	63	55	45	62	63	41	55	37	68	41	37	49	73	62	22	52	65	20	63	57	71	57	41	60	48	41	67	21	44	70	5	17	24	17	37	34	54	62	13	42	51	15	49	47	20	18	39	29	74	39	81	60	31	0	48	28	52	36	61	38	32	62	34	28	58	67	48	36	7	65	50	22	55	8	71	11	41	63	29	57	52	74	49	77	77	59	13	60	29	40	14	71	49	55	74	50	25	48	52	44	73	61	60	44	
57	40	45	7	24	44	46	11	59	13	16	24	32	41	10	28	43	50	32	13	46	15	31	45	42	44	47	35	9	11	48	44	35	16	22	48	5	48	44	36	21	40	13	40	25	29	17	36	60	3	38	15	8	62	27	48	19	10	53	45	62	34	5	27	30	15	13	28	17	23	36	4	10	32	27	37	45	53	34	29	31	15	15	10	31	35	13	11	52	39	38	28	30	48	20	34	48	43	20	21	48	0	20	58	14	22	13	44	15	28	20	62	32	15	55	55	42	17	40	8	42	42	38	40	16	18	58	14	41	27	32	42	11	39	66	25	8	51	41	16	19	31	11	52	14	56	45	27	17	12	15	
37	19	25	27	5	30	46	11	53	34	4	11	32	57	29	23	26	52	50	15	27	34	46	56	46	27	46	51	20	21	49	23	39	34	38	34	26	49	53	16	6	54	24	29	44	47	8	47	57	17	48	34	15	59	25	57	23	10	50	57	62	14	25	43	10	36	32	47	33	26	46	19	17	47	7	37	56	32	13	9	11	17	12	25	44	16	20	26	35	41	39	8	10	42	1	51	42	60	32	14	28	20	0	55	14	33	15	36	33	24	7	60	47	20	46	35	52	22	28	26	24	54	20	38	34	7	57	24	55	34	52	57	31	18	63	8	13	34	54	21	34	50	22	39	20	53	42	47	33	32	23	
59	61	53	57	59	31	12	60	6	65	56	44	26	54	67	32	42	15	56	65	50	70	49	36	23	39	11	53	49	68	14	57	25	54	50	32	58	15	30	51	61	47	71	29	57	57	62	38	3	57	34	70	52	3	31	31	39	55	5	42	10	63	57	51	56	66	55	59	50	35	34	62	48	49	53	21	38	57	57	61	52	43	47	69	42	48	45	50	38	20	21	53	53	13	56	57	13	58	79	41	52	58	55	0	46	81	46	20	72	31	48	6	49	70	16	56	34	73	31	66	44	41	45	18	72	49	6	72	49	34	65	52	64	59	8	62	53	39	44	72	47	61	68	27	70	3	13	66	76	68	43	
46	32	34	17	19	30	35	14	46	26	12	11	21	43	24	14	30	40	37	19	34	29	32	42	33	30	36	38	8	22	38	34	26	22	25	34	17	38	39	25	19	40	25	26	31	34	17	33	48	11	34	29	6	50	14	43	9	9	41	43	52	28	16	30	22	27	20	34	20	13	32	16	4	33	18	26	42	42	26	24	22	3	2	23	30	23	6	14	38	29	27	19	21	35	14	38	35	46	33	7	36	14	14	46	0	34	1	30	29	15	9	50	33	24	41	44	38	26	26	22	29	40	25	28	30	8	47	25	41	20	40	43	24	30	54	22	7	37	40	25	20	38	22	38	23	44	33	36	31	26	9	
68	48	57	26	34	62	69	22	81	23	29	42	54	57	17	49	59	72	48	18	60	18	49	66	64	61	70	52	31	13	71	54	58	34	40	66	24	70	66	49	29	58	9	60	40	44	25	57	83	24	60	18	28	84	49	69	41	26	76	65	85	41	25	44	41	24	31	42	36	46	58	19	32	50	40	60	65	64	44	37	44	37	34	12	51	49	36	33	69	62	60	41	43	70	32	49	70	58	2	41	61	22	33	81	34	0	34	65	14	49	37	85	50	13	76	67	63	11	59	16	57	62	53	62	15	35	81	9	58	49	44	59	21	48	88	32	27	67	60	12	39	45	12	71	13	78	67	37	9	18	38	
48	33	35	16	20	31	35	14	46	25	13	12	20	42	23	15	31	40	35	19	36	28	31	41	33	32	36	36	6	22	38	36	26	20	23	35	16	37	38	26	20	38	25	27	30	33	18	32	48	10	33	28	5	50	14	42	8	9	41	42	52	30	15	28	24	26	18	33	19	12	31	15	3	32	20	26	41	43	27	25	23	2	3	23	28	25	5	12	39	29	27	20	22	35	15	37	35	45	32	8	38	13	15	46	1	34	0	31	28	15	10	50	32	24	41	45	37	26	27	21	30	39	27	28	29	9	47	25	40	19	39	42	23	32	54	23	7	38	39	25	18	36	22	39	23	44	33	34	30	25	8	
40	40	33	45	39	11	17	43	18	54	37	24	18	55	53	15	22	25	53	48	30	58	46	41	26	19	15	51	35	52	22	37	23	45	43	13	45	22	36	30	42	48	55	8	51	52	43	38	23	41	35	58	36	24	18	39	26	38	17	46	30	42	44	46	36	55	45	54	42	23	34	46	33	46	33	16	43	37	36	40	32	28	30	54	39	27	31	39	20	19	18	32	32	7	36	54	7	59	63	24	32	44	36	20	30	65	31	0	59	16	29	26	46	53	10	37	38	56	10	52	24	44	24	11	59	30	25	55	50	27	60	53	52	38	29	42	37	21	46	54	39	57	52	12	53	20	13	59	61	55	31	
70	52	58	15	36	59	60	22	73	9	29	39	45	43	5	43	58	62	34	20	60	4	35	53	53	59	61	38	23	14	61	57	47	21	27	63	13	60	54	49	31	44	12	55	26	30	27	44	74	18	47	4	23	75	41	57	33	24	67	51	75	45	14	31	43	10	19	28	24	37	46	14	25	36	40	51	52	66	46	40	44	30	30	8	39	49	27	22	67	52	51	41	43	63	32	35	63	44	12	36	62	15	33	72	29	14	28	59	0	43	35	75	36	17	69	68	51	18	55	7	56	49	52	54	1	33	71	13	45	39	30	45	8	51	79	35	23	66	47	17	27	31	12	67	16	69	59	23	5	5	29	
44	36	33	29	29	19	21	29	31	38	24	14	9	43	37	2	25	27	39	33	32	41	33	35	23	24	21	39	19	37	25	36	16	29	29	23	29	25	31	26	30	38	40	14	37	38	31	28	34	25	27	41	21	35	2	34	10	24	26	38	38	36	28	33	29	39	29	39	26	7	25	30	17	34	25	13	36	40	31	32	26	12	15	38	28	24	15	23	30	17	15	25	26	20	25	41	20	47	48	10	34	28	24	31	15	49	15	16	43	0	17	36	34	38	26	41	31	41	15	36	25	36	23	13	43	17	33	40	40	14	46	43	36	34	39	32	22	29	37	40	24	42	37	26	38	29	18	44	45	39	15	
37	23	25	25	12	25	38	14	46	34	8	4	25	52	30	15	23	44	46	19	26	35	41	49	39	24	38	47	17	24	42	25	32	31	34	28	25	42	46	16	13	48	27	22	41	43	14	41	50	17	41	35	13	51	18	50	16	11	43	51	55	20	24	39	13	35	29	43	29	19	39	21	13	42	9	30	49	33	17	16	12	11	7	28	38	14	15	23	32	33	32	10	12	35	8	47	35	55	36	7	28	20	7	48	9	37	10	29	35	17	0	53	42	25	39	35	45	27	21	28	21	48	17	30	36	2	50	28	50	27	49	52	31	21	56	15	12	31	48	26	29	47	25	34	24	46	35	45	36	32	18	
65	66	59	60	64	37	15	65	11	68	61	49	30	54	70	37	48	15	56	70	56	73	49	35	23	45	14	53	53	72	14	63	28	56	52	38	61	15	30	57	66	47	75	34	59	58	67	38	3	60	34	73	56	3	36	30	43	60	9	41	5	69	61	52	62	68	57	60	53	38	34	65	52	49	59	24	37	63	63	66	58	48	51	73	42	54	48	53	44	23	24	58	58	19	61	57	19	58	82	46	58	62	60	6	50	85	50	26	75	36	53	0	49	75	22	62	34	77	36	70	50	41	51	22	76	54	4	76	49	36	66	52	67	65	3	68	58	45	44	76	49	61	72	33	74	6	17	67	79	71	47	
77	65	66	25	52	53	37	42	53	27	44	43	28	10	33	36	59	34	7	45	65	33	1	18	26	58	39	5	27	43	35	67	24	16	10	57	27	34	21	58	50	8	44	48	11	8	48	11	49	33	15	33	33	51	31	23	27	39	45	15	47	62	27	5	56	26	19	11	15	26	15	36	30	0	52	31	16	73	59	57	55	31	35	39	7	55	26	21	64	29	29	52	54	46	47	8	46	13	48	37	67	32	47	49	33	50	32	46	36	34	42	49	0	47	54	74	17	49	49	34	59	12	56	36	36	41	45	45	9	19	16	10	28	64	52	54	35	63	10	48	13	12	42	58	46	46	38	19	41	31	24	
55	36	44	22	21	50	59	10	70	23	16	29	44	56	16	38	46	64	47	5	47	20	46	61	56	48	60	50	23	4	62	41	49	31	37	53	20	61	59	36	16	55	5	47	39	43	12	51	72	15	53	20	18	74	38	63	32	15	65	60	76	28	20	42	28	25	28	41	32	36	51	11	23	47	27	50	60	51	31	24	31	26	23	9	46	36	26	26	56	53	51	28	30	59	19	48	59	57	12	29	48	15	20	70	24	13	24	53	17	38	25	75	47	0	64	54	57	2	47	13	44	57	40	52	19	23	71	4	56	41	45	57	21	35	78	19	17	54	56	1	34	45	5	59	1	68	57	38	15	19	29	
43	47	38	56	48	17	20	53	11	64	48	35	27	62	64	26	27	27	61	58	34	68	54	46	31	24	17	59	46	63	24	43	30	55	53	16	56	25	41	38	52	55	66	16	61	61	54	45	19	52	42	68	47	19	28	43	36	49	15	52	26	51	55	55	45	65	55	63	52	33	41	57	44	54	42	23	48	41	44	49	40	39	41	65	47	35	42	49	22	26	25	41	41	8	46	62	8	66	74	34	36	55	46	16	41	76	41	10	69	26	39	22	54	64	0	40	43	66	18	63	30	51	31	18	70	41	22	66	57	36	69	60	63	45	24	52	48	23	53	65	49	65	63	11	63	17	17	69	72	65	41	
3	19	10	61	33	25	54	46	51	69	39	33	49	84	64	39	16	62	79	49	9	70	74	76	61	18	52	79	52	56	59	13	56	66	68	24	60	59	71	19	38	79	58	30	75	78	42	70	59	52	68	70	48	59	44	74	48	44	53	80	66	27	59	72	26	70	64	78	64	48	67	55	48	74	28	50	77	3	23	30	24	45	42	60	69	20	50	58	18	55	53	27	25	43	36	81	43	88	66	38	7	55	35	56	44	67	45	37	68	41	35	62	74	54	40	0	72	56	28	62	15	77	18	47	70	37	61	58	81	56	84	84	66	19	64	35	47	17	78	55	63	81	57	29	54	56	50	80	68	67	51	
75	67	64	37	57	47	24	50	39	42	50	44	22	20	46	33	56	19	23	54	63	47	17	4	12	54	26	19	34	54	20	67	15	29	23	50	38	19	4	58	57	13	56	42	28	25	55	6	34	42	4	47	40	36	28	6	29	46	31	8	31	65	38	21	59	41	31	28	26	26	6	46	36	17	54	21	5	71	61	61	56	35	40	51	12	55	32	31	58	18	19	55	56	35	52	24	35	24	61	38	65	42	52	34	38	63	37	38	51	31	45	34	17	57	43	72	0	60	44	47	56	7	55	26	50	45	30	57	15	18	33	18	42	65	37	60	42	58	10	58	23	29	53	50	56	31	26	36	55	46	29	
57	37	46	24	23	52	62	13	73	25	19	32	47	58	17	41	48	66	49	8	49	21	48	63	59	50	62	52	25	6	65	43	52	33	39	56	22	64	62	38	18	57	5	50	41	45	14	54	75	17	56	21	21	77	41	66	35	17	68	63	78	30	22	44	30	26	30	43	34	39	54	13	25	49	29	53	63	53	33	26	33	29	26	10	49	38	29	29	58	55	54	30	32	62	21	50	62	59	10	32	50	17	22	73	26	11	26	56	18	41	27	77	49	2	66	56	60	0	49	15	46	60	42	55	19	25	74	4	58	44	46	59	22	37	81	21	19	57	58	1	36	46	7	61	3	71	60	39	14	20	32	
31	30	23	43	30	4	26	36	27	52	30	17	21	59	50	13	12	34	55	41	20	55	49	48	33	9	25	54	33	46	31	27	28	44	44	8	43	31	43	20	34	53	49	2	52	54	36	43	33	37	41	55	32	34	18	46	25	32	27	52	40	33	42	48	26	53	43	55	42	23	39	41	30	49	24	22	49	28	26	31	22	25	25	49	43	17	29	37	14	26	25	23	23	17	28	56	17	62	57	19	22	40	28	31	26	59	27	10	55	15	21	36	49	47	18	28	44	49	0	48	14	50	14	18	56	23	35	49	55	30	61	58	50	28	39	33	32	14	51	48	39	58	47	12	46	30	22	59	57	52	29	
64	46	51	10	30	52	54	16	67	9	22	32	39	43	2	36	51	57	34	14	53	8	33	50	48	52	55	37	17	9	55	50	42	18	25	56	8	55	50	43	25	42	10	48	26	30	21	41	68	11	43	8	16	69	35	53	27	17	61	49	70	39	9	29	36	11	15	28	20	31	42	7	18	34	34	45	49	59	40	34	38	24	23	5	35	42	21	17	60	46	45	35	37	56	26	35	56	44	13	29	55	8	26	66	22	16	21	52	7	36	28	70	34	13	63	62	47	15	48	0	49	46	45	48	8	26	66	11	43	33	31	44	7	45	73	30	16	59	44	14	23	31	8	60	13	64	53	24	9	5	23	
18	17	9	47	24	13	40	35	40	55	28	18	34	69	51	23	2	48	64	39	6	57	58	60	46	5	39	64	37	45	45	13	41	51	52	13	46	45	55	9	28	64	48	16	60	62	32	54	47	39	53	57	34	47	28	59	32	32	41	64	54	22	45	57	17	56	49	63	49	32	51	42	34	59	17	36	61	14	16	22	13	30	27	49	53	8	34	43	12	40	38	16	14	31	25	65	31	72	56	23	8	42	24	44	29	57	30	24	56	25	21	50	59	44	30	15	56	46	14	49	0	62	4	32	57	23	49	48	66	40	69	68	53	15	52	26	33	11	63	45	47	66	46	20	44	44	36	65	57	54	36	
80	71	69	36	60	53	31	52	46	39	52	48	28	13	45	38	61	26	18	55	68	45	13	6	19	59	33	13	36	54	27	72	21	27	21	57	38	26	11	62	59	6	55	48	24	21	57	7	41	43	9	45	42	43	33	11	32	48	38	3	38	69	38	18	62	39	30	24	25	30	10	46	38	12	58	28	4	76	65	64	60	37	42	51	11	59	34	31	64	25	26	58	60	42	54	18	42	17	60	42	71	42	54	41	40	62	39	44	49	36	48	41	12	57	51	77	7	60	50	46	62	0	60	33	48	48	37	56	8	21	27	11	40	69	44	62	44	64	3	59	23	23	53	57	56	38	34	31	54	44	31	
21	15	9	43	20	14	40	31	41	51	24	14	32	66	48	21	6	48	61	35	9	53	55	59	45	8	39	61	34	41	45	13	39	47	49	16	42	45	54	6	25	61	44	16	57	59	28	52	48	35	51	53	30	48	26	58	29	28	41	62	54	19	41	54	14	53	46	60	45	30	49	38	30	56	13	34	59	17	13	19	10	26	24	45	51	4	31	39	16	39	37	12	11	31	21	62	31	70	52	20	11	38	20	45	25	53	27	24	52	23	17	51	56	40	31	18	55	42	14	45	4	60	0	32	53	19	49	44	63	38	66	66	49	13	53	23	30	14	60	41	44	63	42	22	40	44	36	62	53	50	33	
50	47	41	39	42	21	8	42	19	48	38	26	9	44	49	14	31	16	43	47	39	52	36	30	15	28	8	41	31	50	13	45	12	37	35	24	40	13	24	37	44	37	53	17	43	43	44	27	20	38	24	52	34	21	13	28	21	37	13	35	24	48	39	37	41	49	38	45	34	17	23	43	30	36	37	5	31	47	42	44	37	25	29	51	29	34	26	32	31	8	7	37	37	10	38	44	10	48	60	23	41	40	38	18	28	62	28	11	54	13	30	22	36	52	18	47	26	55	18	48	32	33	32	0	55	31	19	53	39	18	51	42	47	45	26	45	35	31	35	53	31	47	50	23	51	16	5	51	57	50	25	
72	53	59	15	37	60	60	23	74	8	30	40	46	43	6	44	59	62	33	21	61	3	35	53	53	60	61	37	24	15	61	58	48	21	27	64	14	60	54	50	33	44	14	56	25	29	28	44	74	19	47	3	24	76	42	57	34	25	68	51	75	46	15	30	44	9	19	27	24	38	46	15	26	36	42	51	52	67	47	42	46	31	31	10	38	50	28	22	68	52	51	43	45	63	33	34	63	43	13	37	63	16	34	72	30	15	29	59	1	43	36	76	36	19	70	70	50	19	56	8	57	48	53	55	0	34	72	15	44	39	29	44	8	52	79	37	24	67	46	19	27	30	14	68	18	70	59	22	6	5	29	
39	24	26	24	12	27	39	13	48	32	7	6	25	51	28	16	25	45	45	17	28	33	40	49	39	26	39	46	15	22	43	26	32	29	33	30	23	42	46	18	13	48	25	24	39	42	13	40	51	15	41	33	11	52	18	50	16	9	44	51	55	20	22	38	14	33	27	42	28	19	39	19	12	41	10	31	49	34	18	16	14	10	5	26	37	16	14	21	34	34	32	11	13	36	7	46	36	54	34	7	29	18	7	49	8	35	9	30	33	17	2	54	41	23	41	37	45	25	23	26	23	48	19	31	34	0	51	26	49	27	48	51	29	22	57	15	10	33	48	24	28	46	23	36	22	47	36	43	34	30	17	
64	65	58	56	61	36	12	62	12	64	57	46	26	50	66	34	47	11	52	66	55	69	45	31	19	44	11	49	49	69	10	62	24	52	48	37	58	11	26	55	64	43	72	33	55	54	64	34	4	57	30	69	53	6	32	26	39	57	8	37	5	67	57	48	60	64	53	56	49	35	30	62	48	45	56	21	33	62	61	64	56	44	48	69	38	52	45	49	43	19	20	56	56	18	58	53	18	54	79	43	57	58	57	6	47	81	47	25	71	33	50	4	45	71	22	61	30	74	35	66	49	37	49	19	72	51	0	72	45	32	61	48	63	63	7	65	54	44	40	73	45	57	69	32	70	5	14	63	75	67	43	
60	40	48	20	25	53	60	13	72	20	20	32	45	54	13	40	50	64	45	9	51	17	44	60	56	51	61	48	23	3	63	46	50	29	35	57	18	62	59	40	20	53	1	50	37	41	16	50	74	15	53	17	19	75	40	63	33	17	67	59	77	33	18	40	32	21	26	39	30	37	51	10	24	45	31	51	59	55	35	29	35	28	25	6	45	40	27	26	59	53	52	32	34	61	23	46	61	55	8	31	52	14	24	72	25	9	25	55	13	40	28	76	45	4	66	58	57	4	49	11	48	56	44	53	15	26	72	0	54	41	42	55	18	40	79	24	18	58	55	4	33	42	3	62	4	70	58	35	10	15	30	
84	73	73	34	61	58	38	51	54	35	52	50	33	5	41	42	65	34	11	54	72	41	10	14	26	64	40	7	35	52	35	74	27	25	19	62	36	34	19	65	59	2	53	53	18	15	56	12	49	42	15	41	41	51	37	19	34	48	46	8	46	70	36	14	64	35	28	18	24	33	16	45	38	9	60	34	12	80	67	65	63	39	44	48	12	62	35	30	69	31	32	60	62	49	55	11	49	9	56	44	74	41	55	49	41	58	40	50	45	40	50	49	9	56	57	81	15	58	55	43	66	8	63	39	44	49	45	54	0	25	20	3	37	72	52	63	43	69	5	57	22	16	51	62	55	46	40	25	50	40	32	
59	49	48	24	39	33	21	33	36	31	32	26	9	29	34	17	40	23	26	37	47	36	19	22	15	38	23	24	18	38	22	50	8	19	17	37	25	21	19	40	39	23	41	28	25	25	37	14	35	26	14	36	23	37	12	23	11	28	29	24	36	47	24	19	41	32	21	27	16	8	12	31	18	19	36	13	22	55	43	43	38	17	22	37	13	38	14	17	44	13	12	37	38	28	34	27	28	32	47	20	49	27	34	34	20	49	19	27	39	14	27	36	19	41	36	56	18	44	30	33	40	21	38	18	39	27	32	41	25	0	33	28	31	47	40	42	25	44	22	42	13	29	38	39	40	31	21	33	43	34	12	
87	72	74	25	57	65	53	44	69	21	48	51	42	17	28	47	69	50	9	45	75	26	16	34	42	69	55	13	32	41	51	75	40	18	17	70	26	50	37	65	54	21	41	61	8	8	50	27	65	35	32	26	37	67	43	38	37	42	61	29	64	67	27	14	62	20	20	6	20	38	31	35	36	16	58	46	32	82	65	62	62	39	42	36	23	64	34	26	76	45	45	59	61	61	51	9	61	15	42	46	77	32	52	65	40	44	39	60	30	46	49	66	16	45	69	84	33	46	61	31	69	27	66	51	29	48	61	42	20	33	0	19	24	70	69	58	39	75	24	45	21	4	39	72	44	62	54	7	35	26	32	
87	76	75	35	62	61	41	52	57	35	54	53	36	2	42	45	68	37	10	55	75	41	11	17	30	67	43	7	37	53	38	77	30	26	20	65	37	37	22	67	61	5	54	56	18	14	58	15	52	43	18	41	43	54	40	22	36	49	49	11	49	72	37	15	66	35	29	17	25	36	19	46	40	10	62	37	15	83	69	67	65	41	46	49	14	65	37	31	72	34	35	63	64	52	57	10	52	6	57	47	77	42	57	52	43	59	42	53	45	43	52	52	10	57	60	84	18	59	58	44	68	11	66	42	44	51	48	55	3	28	19	0	37	74	55	65	45	72	8	58	24	15	52	66	56	49	44	24	50	40	34	
68	51	56	7	35	54	52	21	66	2	27	34	38	36	5	37	54	54	27	21	57	5	27	45	45	54	53	30	17	17	53	55	39	13	19	58	7	52	45	47	31	36	17	50	19	23	27	36	66	14	39	5	18	68	34	48	26	21	59	43	67	45	8	23	41	4	10	21	15	30	37	12	20	28	38	43	44	64	45	40	42	25	25	12	30	46	21	14	62	44	43	39	42	56	31	28	56	37	19	31	59	11	31	64	24	21	23	52	8	36	31	67	28	21	63	66	42	22	50	7	53	40	49	47	8	29	63	18	37	31	24	37	0	50	71	36	19	61	38	21	19	24	15	62	20	62	51	17	13	3	21	
20	2	9	46	15	28	53	29	55	53	23	21	43	74	47	32	18	61	68	31	13	53	63	69	57	21	52	68	38	37	58	6	50	52	55	29	44	58	65	8	19	70	40	30	62	65	24	62	62	36	61	53	33	62	36	69	37	28	55	72	68	8	44	61	8	54	50	65	51	39	59	38	34	64	12	47	70	16	5	11	8	32	28	43	59	11	37	44	27	51	49	11	9	45	19	69	45	77	47	27	13	39	18	59	30	48	32	38	51	34	21	65	64	35	45	19	65	37	28	45	15	69	13	45	52	22	63	40	72	47	70	74	50	0	67	16	31	26	69	36	51	68	39	36	36	58	49	65	50	50	39	
67	69	61	64	67	39	19	68	13	72	64	52	34	57	74	40	50	18	59	73	58	77	53	38	27	47	18	56	56	76	18	66	31	59	55	40	65	19	33	59	70	50	79	37	62	61	70	41	5	64	37	77	60	5	39	33	46	63	13	44	6	72	64	56	65	72	61	64	56	42	37	69	55	52	62	28	40	65	66	69	61	51	55	76	46	56	52	57	46	26	28	61	61	22	64	60	22	61	86	50	60	66	63	8	54	88	54	29	79	39	56	3	52	78	24	64	37	81	39	73	52	44	53	26	79	57	7	79	52	40	69	55	71	67	0	71	61	47	47	79	53	65	76	35	77	10	21	71	83	74	50	
36	16	25	33	3	36	53	14	60	38	10	18	41	64	32	31	29	60	57	15	28	38	53	64	54	31	53	58	27	21	57	22	47	40	45	38	31	57	61	17	4	61	24	35	50	54	8	55	65	23	56	38	21	66	33	65	31	15	58	65	70	9	30	50	9	40	38	53	40	34	54	23	24	54	10	45	64	32	12	5	13	25	20	27	51	18	28	33	39	49	47	10	12	49	8	58	49	67	31	22	29	25	8	62	22	32	23	42	35	32	15	68	54	19	52	35	60	21	33	30	26	62	23	45	37	15	65	24	63	42	58	65	36	16	71	0	19	38	62	20	41	56	23	45	19	61	50	52	34	35	31	
49	33	37	14	18	36	42	8	53	21	9	16	27	45	18	21	35	47	37	12	38	23	34	46	39	36	43	39	8	15	45	36	32	21	25	40	13	44	44	28	15	42	18	32	31	34	13	37	55	5	38	23	2	57	21	48	15	4	48	47	59	28	12	31	23	23	18	33	20	19	36	9	6	35	20	33	46	45	26	23	23	9	7	16	33	26	10	13	44	36	34	20	23	42	12	38	42	47	25	13	40	8	13	53	7	27	7	37	23	22	12	58	35	17	48	47	42	19	32	16	33	44	30	35	24	10	54	18	43	25	39	45	19	31	61	19	0	43	43	18	21	37	15	44	16	51	40	33	24	20	13	
20	27	17	55	35	10	38	45	34	64	38	27	36	73	61	27	8	46	69	49	13	66	63	62	46	7	36	68	45	55	43	22	42	57	58	7	54	43	56	20	39	67	58	15	66	68	43	57	42	48	55	66	43	42	32	59	38	42	36	66	49	33	53	62	29	65	56	69	55	37	53	52	41	63	28	36	63	18	27	34	25	37	36	59	57	19	42	50	1	40	38	27	26	26	35	71	26	77	66	30	14	51	34	39	37	67	38	21	66	29	31	45	63	54	23	17	58	57	14	59	11	64	14	31	67	33	44	58	69	44	75	72	61	26	47	38	43	0	65	56	53	72	56	12	54	39	34	72	67	63	43	
81	71	70	34	59	55	33	51	49	37	51	48	29	10	43	39	62	29	15	54	69	43	11	9	22	60	36	10	35	52	30	72	23	25	19	58	36	29	14	63	58	3	54	50	21	18	56	8	44	42	11	43	41	46	34	14	32	47	41	5	41	68	36	15	62	37	28	21	24	30	12	45	37	10	58	30	7	77	65	64	60	37	42	49	10	60	33	30	65	27	28	58	60	44	54	15	44	14	58	42	71	41	54	44	40	60	39	46	47	37	48	44	10	56	53	78	10	58	51	44	63	3	60	35	46	48	40	55	5	22	24	8	38	69	47	62	43	65	0	57	22	20	51	58	55	41	36	29	52	42	30	
56	37	45	23	22	51	60	11	71	24	18	30	46	57	17	39	47	65	48	6	48	21	47	62	57	49	61	51	24	5	63	42	50	32	38	55	21	63	61	37	17	56	5	49	40	44	13	52	74	16	55	21	20	75	40	64	33	16	67	61	77	29	21	43	29	25	29	42	33	37	53	12	24	48	28	51	61	52	32	25	32	28	24	9	48	37	28	27	57	54	52	29	31	60	20	49	60	58	11	30	49	16	21	72	25	12	25	54	17	40	26	76	48	1	65	55	58	1	48	14	45	59	41	53	19	24	73	4	57	42	45	58	21	36	79	20	18	56	57	0	35	45	6	60	2	70	58	39	15	19	30	
65	52	53	13	39	44	34	29	50	19	30	30	22	23	23	26	48	35	17	32	53	24	12	26	26	47	36	17	13	30	34	54	21	6	5	48	15	34	26	45	37	21	32	39	13	15	34	17	48	20	20	24	19	50	21	30	15	25	42	26	48	48	14	10	43	19	8	15	3	16	18	23	16	13	39	26	26	61	46	43	42	18	22	28	12	43	13	8	54	26	25	39	41	41	33	18	41	26	37	24	55	19	34	47	20	39	18	39	27	24	29	49	13	34	49	63	23	36	39	23	47	23	44	31	27	28	45	33	22	13	21	24	19	51	53	41	21	53	22	35	0	18	30	50	33	44	34	20	32	22	11	
84	70	72	24	55	62	49	43	65	22	46	48	39	13	29	44	67	46	5	44	72	27	12	30	38	66	51	10	30	41	47	72	36	16	13	66	26	46	33	63	52	17	41	57	6	4	49	23	61	34	27	27	35	63	40	34	34	41	57	25	59	65	26	10	60	21	18	3	17	35	27	35	33	12	56	42	28	80	63	60	60	36	40	36	19	61	31	24	72	41	41	57	59	57	50	5	57	13	43	43	74	31	50	61	38	45	36	57	31	42	47	61	12	45	65	81	29	46	58	31	66	23	63	47	30	46	57	42	16	29	4	15	24	68	65	56	37	72	20	45	18	0	39	68	44	58	50	8	36	27	30	
58	39	46	17	24	50	57	11	69	18	18	29	42	51	11	37	48	61	42	7	49	15	41	56	53	49	58	45	20	1	59	44	46	26	32	54	15	58	55	38	19	50	2	47	34	38	14	47	70	12	49	15	16	72	37	59	29	14	63	56	73	32	15	37	31	19	23	36	27	33	47	7	20	42	29	48	56	54	34	28	33	25	22	4	42	38	24	22	57	50	48	30	32	57	21	43	57	52	10	28	50	11	22	68	22	12	22	52	12	37	25	72	42	5	63	57	53	7	47	8	46	53	42	50	14	23	69	3	51	38	39	52	15	39	76	23	15	56	51	6	30	39	0	59	4	66	55	33	11	13	26	
32	37	28	55	41	8	28	49	22	64	42	29	29	67	62	25	17	36	65	53	24	67	58	53	38	14	26	63	45	58	33	33	35	55	55	6	55	33	48	29	45	60	61	12	63	64	48	50	30	49	47	67	44	30	28	50	36	44	25	58	37	42	54	58	36	65	55	65	52	33	46	54	42	58	35	28	55	30	36	41	32	37	37	61	51	26	41	49	11	31	30	34	33	16	40	66	16	71	70	31	25	52	39	27	38	71	39	12	67	26	34	33	58	59	11	29	50	61	12	60	20	57	22	23	68	36	32	62	62	39	72	66	62	36	35	45	44	12	58	60	50	68	59	0	58	27	24	70	69	64	41	
56	36	44	21	21	49	58	9	69	22	16	29	44	55	15	37	46	63	46	5	47	20	45	60	55	47	59	49	22	3	61	41	48	30	36	53	19	60	58	36	16	54	4	47	38	42	12	50	72	14	52	20	17	73	38	62	31	14	65	59	75	29	19	41	28	24	27	40	31	35	50	10	22	46	27	49	59	51	31	25	31	26	22	8	45	36	26	25	55	52	50	28	30	58	19	47	58	56	12	28	48	14	20	70	23	13	23	53	16	38	24	74	46	1	63	54	56	3	46	13	44	56	40	51	18	22	70	4	55	40	44	56	20	36	77	19	16	54	55	2	33	44	4	58	0	67	56	37	14	18	28	
59	60	53	55	57	31	9	58	8	63	54	42	24	51	64	30	42	12	53	63	50	68	46	33	20	39	8	50	47	66	11	57	23	51	47	32	56	12	27	50	60	44	69	28	54	54	60	35	4	54	31	68	50	5	29	29	37	53	3	39	10	62	55	48	55	63	52	56	48	32	31	59	46	46	52	18	35	57	56	60	51	41	45	67	39	47	42	47	38	18	18	52	52	13	54	54	13	55	76	40	52	56	53	3	44	78	44	20	69	29	46	6	46	68	17	56	31	71	30	64	44	38	44	16	70	47	5	70	46	31	62	49	62	58	10	61	51	39	41	70	44	58	66	27	67	0	11	63	73	65	41	
53	51	45	44	47	24	4	47	15	52	43	31	13	45	53	19	34	12	45	52	42	57	38	30	14	31	3	42	36	55	9	49	14	41	38	26	45	9	24	41	49	38	58	20	46	46	49	28	15	43	25	57	38	17	18	26	25	42	8	35	19	52	44	40	45	53	42	48	38	21	24	48	34	38	42	8	31	50	46	49	41	30	34	55	31	38	31	37	33	9	9	41	42	8	43	46	8	49	65	28	44	45	42	13	33	67	33	13	59	18	35	17	38	57	17	50	26	60	22	53	36	34	36	5	59	36	14	58	40	21	54	44	51	49	21	50	40	34	36	58	34	50	55	24	56	11	0	54	62	54	30	
82	67	70	19	51	63	53	38	69	14	43	47	42	22	22	45	66	52	14	38	71	19	18	37	43	66	55	18	28	34	52	70	40	14	16	67	21	51	40	61	48	26	34	58	8	10	44	30	66	29	34	19	32	68	41	42	34	37	61	33	66	61	21	15	57	13	16	7	17	36	33	29	31	19	53	46	36	78	60	56	57	35	38	29	25	59	30	22	73	45	45	54	56	61	46	14	61	22	35	42	73	27	47	66	36	37	34	59	23	44	45	67	19	38	69	80	36	39	59	24	65	31	62	51	22	43	63	35	25	33	7	24	17	65	71	52	33	72	29	39	20	8	33	70	37	63	54	0	28	19	29	
70	51	58	19	35	60	63	22	76	14	29	40	49	49	9	45	59	66	39	18	60	9	40	58	57	60	64	43	26	12	65	56	51	26	32	64	17	64	58	49	30	49	10	57	31	35	26	49	77	19	52	9	25	79	44	62	36	25	71	56	79	43	18	36	42	15	23	33	28	40	50	15	28	41	40	54	57	65	45	39	44	33	31	8	43	49	30	26	68	56	55	41	43	66	32	40	66	49	7	38	61	17	33	76	31	9	30	61	5	45	36	79	41	15	72	68	55	14	57	9	57	54	53	57	6	34	75	10	50	43	35	50	13	50	83	34	24	67	52	15	32	36	11	69	14	73	62	28	0	9	32	
69	51	57	10	35	56	55	21	69	5	27	36	41	39	2	39	55	57	30	20	58	3	31	48	48	56	56	33	19	15	56	55	43	16	22	60	9	55	49	48	31	40	14	52	22	26	27	39	69	15	42	3	20	71	37	52	29	22	63	47	70	45	10	26	42	6	14	24	19	33	41	12	22	31	39	46	47	65	45	40	43	27	27	9	34	47	23	17	64	47	46	40	42	59	31	31	59	40	16	33	60	12	32	68	26	18	25	55	5	39	32	71	31	19	65	67	46	20	52	5	54	44	50	50	5	30	67	15	40	34	26	40	3	50	74	35	20	63	42	19	22	27	13	64	18	65	54	19	9	0	24	
54	41	42	14	28	33	31	21	44	23	21	19	16	34	23	16	37	34	28	25	42	27	23	33	26	36	32	28	6	26	33	43	20	14	16	38	15	32	30	34	28	30	29	29	23	26	26	24	45	14	25	27	11	46	13	34	5	17	38	34	47	38	14	21	32	24	14	26	12	8	23	19	7	24	28	22	33	50	35	33	31	7	11	26	20	31	3	8	43	24	22	28	30	34	23	29	34	37	36	13	44	15	23	43	9	38	8	31	29	15	18	47	24	29	41	51	29	32	29	23	36	31	33	25	29	17	43	30	32	12	32	34	21	39	50	31	13	43	30	30	11	30	26	41	28	41	30	29	32	24	0	

