2  150
14	40	97	16	66	15	59	50	58	93	60	39	26	55	50	3	46	27	56	3	59	51	74	24	41	72	31	53	71	58	30	6	84	39	50	94	53	93	2	7	84	46	30	90	79	35	44	83	28	95	82	26	17	95	84	76	90	27	73	39	54	40	39	79	71	28	97	99	31	85	43	48	35	2	55	63	92	50	82	88	64	6	53	87	47	72	52	94	32	46	8	3	42	85	18	61	76	37	73	55	51	62	95	52	96	29	65	99	69	17	36	26	56	87	16	67	27	71	31	39	3	39	26	94	15	82	28	94	98	88	37	2	18	35	54	64	57	83	16	54	64	94	56	73	4	54	48	65	89	23	
55	39	46	8	48	76	4	59	9	83	43	91	81	97	90	53	89	94	10	10	91	2	88	81	70	67	16	13	52	93	17	100	33	88	4	45	23	29	96	84	78	2	18	50	21	10	77	11	51	21	53	47	3	28	100	17	86	13	1	64	60	81	49	15	55	45	24	34	27	49	27	69	31	88	34	58	5	29	45	39	68	84	83	24	93	37	18	82	88	83	70	93	31	74	76	19	86	35	58	47	64	46	91	63	41	45	4	98	6	55	11	11	44	92	3	58	29	48	8	96	39	14	39	80	56	33	41	5	73	49	59	49	68	48	31	57	61	43	46	44	27	8	44	40	65	18	17	60	9	96	
6799	1618	5924	518	2011	7096	3646	2383	3130	727	2755	3124	6190	7029	7327	7241	3398	6180	1534	1229	5882	4541	7245	1515	5104	6063	6821	152	2621	2158	4231	2187	3199	4486	2130	2234	4084	7267	4099	4763	2114	418	5952	2675	6773	2101	3360	3794	6349	988	2048	4930	1978	358	5660	3149	4560	2191	4793	3510	5034	4145	1910	1142	6722	4049	6231	1238	3540	2850	3487	2671	269	631	6025	1366	3371	6462	1869	6203	4027	4527	5084	4341	1121	1601	3706	2879	3861	1476	119	1781	2173	1596	7215	2615	1018	6508	1485	4910	2453	4382	1862	5261	1796	5530	7248	3144	914	7191	6226	6220	692	5884	537	1837	5503	3555	2482	6718	1736	2145	7434	5082	2807	7320	5937	6389	3502	6189	6776	3167	3132	6803	1373	501	7401	7405	4812	1940	4561	5570	6995	4208	4559	4624	6475	4679	2648	810	
0	72	70	41	75	41	84	37	40	31	79	54	31	63	66	7	42	71	73	87	33	71	41	72	50	42	38	64	61	25	27	52	70	38	60	67	46	62	23	64	24	69	33	40	55	28	54	83	63	37	14	52	31	66	60	77	56	19	54	46	8	21	72	32	24	50	15	68	73	75	33	63	51	26	21	28	68	63	48	50	27	77	41	51	6	76	52	27	53	64	70	77	38	55	49	51	47	43	25	30	67	46	51	50	17	82	64	60	86	62	19	30	73	65	57	68	68	69	21	75	62	34	49	71	64	68	59	77	41	72	76	33	48	58	62	21	5	50	66	63	70	10	73	76	68	67	69	33	30	55	84	
72	0	31	43	3	32	12	42	33	47	8	47	50	29	14	64	39	16	36	17	41	34	36	4	29	39	38	14	17	47	46	25	32	35	11	46	42	10	51	25	47	8	45	32	18	52	24	14	17	47	58	36	44	25	24	25	16	57	36	36	65	53	2	45	51	40	56	15	26	26	56	11	48	49	51	52	40	36	42	35	57	29	30	21	65	30	44	57	19	45	37	24	41	25	36	42	26	28	51	42	54	40	26	46	59	21	32	40	16	31	53	55	14	46	49	54	17	21	54	3	45	49	34	43	15	55	32	6	36	14	21	43	32	16	15	51	66	29	47	9	13	62	26	22	49	36	15	54	43	36	14	
70	31	0	59	31	42	36	56	32	58	31	22	62	57	17	63	27	15	5	33	51	2	29	36	48	27	50	19	42	47	43	45	61	45	30	73	61	35	47	8	48	39	36	35	25	42	20	44	17	61	57	58	54	7	12	11	28	63	59	23	66	48	30	57	59	61	56	45	57	8	41	24	25	57	48	43	9	63	23	19	46	8	36	36	65	6	65	46	31	16	5	11	31	18	21	63	27	34	60	41	24	24	47	67	53	20	5	65	31	58	57	43	45	72	23	24	46	10	49	34	16	62	54	12	42	25	11	36	29	18	14	55	22	39	41	51	64	21	17	30	18	64	7	54	18	6	46	40	40	15	31	
41	43	59	0	46	17	54	5	31	10	51	58	10	23	46	35	42	51	64	60	13	62	37	41	13	42	10	44	26	26	31	18	29	15	34	26	5	32	34	51	25	36	39	26	35	40	39	49	44	5	31	11	12	52	47	61	33	22	13	42	33	35	44	9	17	9	30	33	33	60	48	40	56	16	32	41	63	21	49	45	45	63	24	24	35	62	11	44	29	64	62	60	39	41	45	10	33	26	16	27	71	45	16	10	39	61	55	19	59	21	23	46	37	24	61	71	31	53	36	44	62	8	9	67	29	72	51	46	35	51	58	9	40	26	28	27	38	40	66	35	49	31	58	38	68	60	33	46	31	50	57	
75	3	31	46	0	35	10	46	35	50	5	48	53	32	15	67	41	15	35	13	44	34	38	6	32	41	41	15	20	49	49	28	34	38	14	49	45	13	54	25	50	11	47	35	20	54	25	13	18	50	60	39	47	25	25	24	18	60	39	37	68	56	2	48	54	43	59	17	28	25	57	12	49	52	54	55	39	39	43	36	60	28	33	24	68	29	47	59	21	45	36	23	43	26	37	45	29	31	54	45	54	41	30	49	62	18	32	43	13	34	56	57	16	49	50	54	19	21	57	2	45	52	37	43	18	55	33	5	38	13	19	47	33	19	18	53	69	30	47	12	13	65	25	24	49	36	18	55	46	37	11	
41	32	42	17	35	0	44	14	14	16	40	41	20	27	30	33	25	35	47	48	9	44	20	31	12	25	8	28	20	17	20	13	34	3	21	38	20	21	24	34	17	28	24	9	19	28	22	42	28	19	27	20	13	36	30	45	18	25	21	25	34	26	33	15	19	21	25	28	35	44	35	25	39	17	23	29	45	30	32	28	34	47	7	10	34	46	26	33	13	47	45	44	23	24	28	24	15	8	20	15	53	29	13	26	31	46	38	30	47	26	21	33	32	36	44	54	27	37	27	34	45	20	15	50	23	55	34	36	19	36	42	13	23	17	21	20	35	22	49	23	34	31	42	37	51	43	29	33	18	33	45	
84	12	36	54	10	44	0	55	45	59	6	56	62	38	23	77	50	22	40	7	54	39	48	13	40	50	50	23	27	59	59	36	38	47	24	54	53	23	64	33	60	18	57	45	30	63	35	9	26	59	70	46	57	32	33	27	28	70	46	47	78	66	12	57	64	50	69	23	31	29	67	22	57	62	64	64	45	45	51	45	69	31	43	34	78	33	54	68	31	52	42	26	53	35	46	52	38	41	64	55	60	50	38	56	72	19	39	49	8	40	66	67	20	54	58	61	25	27	67	10	52	61	45	48	25	61	41	8	47	19	23	56	43	28	26	63	79	40	53	21	20	75	30	25	55	42	23	65	56	45	7	
37	42	56	5	46	14	55	0	26	5	51	53	7	26	44	30	37	49	61	60	7	59	32	41	14	37	6	42	27	21	26	18	33	11	33	31	10	32	28	48	19	37	33	22	33	35	36	51	42	5	26	15	7	50	44	59	31	18	17	38	29	30	44	4	12	14	25	34	37	58	43	38	51	11	26	36	59	26	44	41	40	61	20	22	30	60	16	39	27	60	59	58	34	38	41	15	29	22	11	22	66	41	17	15	33	60	52	24	59	25	18	40	38	29	57	67	33	51	31	45	58	6	12	64	30	68	48	46	31	49	56	4	36	26	29	21	33	36	62	34	47	26	56	41	64	57	35	41	26	46	57	
40	33	32	31	35	14	45	26	0	26	40	27	30	39	25	33	11	30	36	47	19	34	6	35	25	11	21	24	29	15	13	24	46	15	22	52	34	26	18	24	17	33	13	4	15	18	13	46	22	31	26	34	22	26	20	37	17	31	35	11	35	20	33	26	27	36	25	36	45	35	24	23	25	25	19	19	33	43	18	14	24	38	7	17	34	36	40	23	15	33	34	36	10	14	14	38	7	7	28	10	39	14	25	40	26	41	27	43	46	39	25	23	39	50	30	40	36	29	21	36	31	31	29	37	31	41	22	39	5	32	36	24	10	25	29	20	35	11	35	24	29	33	33	46	38	31	37	22	10	19	44	
31	47	58	10	50	16	59	5	26	0	55	52	4	32	46	25	36	51	62	63	7	60	32	46	19	36	8	44	32	18	24	23	38	13	36	36	15	36	25	50	16	42	32	23	35	32	38	55	44	6	21	20	4	52	46	61	34	13	22	38	23	26	48	1	7	19	20	39	42	60	40	41	50	6	23	33	60	31	44	41	36	63	22	26	25	62	21	36	30	60	60	60	33	40	41	20	31	24	6	20	66	40	21	19	29	63	53	29	63	30	13	37	43	34	56	67	38	53	27	49	58	5	17	64	35	67	48	51	31	52	58	3	37	30	34	17	28	37	62	38	50	21	58	46	64	57	40	38	24	46	61	
79	8	31	51	5	40	6	51	40	55	0	50	59	37	17	72	44	16	35	8	49	33	42	11	37	44	46	17	25	54	53	33	38	43	19	53	51	19	58	27	55	16	51	39	24	58	29	13	20	55	65	44	53	26	27	22	23	66	44	41	73	60	7	54	59	48	64	22	32	24	61	16	51	57	59	59	40	44	45	39	63	26	38	29	73	28	52	63	26	46	36	21	47	29	40	50	33	36	60	49	55	44	35	54	66	15	33	48	8	39	61	61	19	53	52	55	24	21	61	7	46	57	43	43	23	56	35	7	42	13	18	52	37	25	23	58	74	34	48	17	14	70	24	27	49	36	22	59	50	39	6	
54	47	22	58	48	41	56	53	27	52	50	0	56	64	33	49	16	34	22	53	46	22	20	50	51	16	48	33	51	36	30	50	70	42	40	78	61	45	33	23	38	51	22	31	32	26	24	61	30	58	44	60	48	24	23	34	35	53	62	15	53	34	46	52	50	62	43	56	68	30	22	36	3	49	35	26	16	69	8	13	27	31	33	41	51	29	67	27	36	10	19	33	19	23	13	65	27	33	52	32	13	12	51	67	37	42	18	70	51	64	47	24	58	77	3	14	57	29	34	50	8	57	56	18	52	14	15	53	22	37	35	50	18	47	50	39	49	20	12	41	36	51	29	66	14	17	57	21	29	11	51	
31	50	62	10	53	20	62	7	30	4	59	56	0	34	50	25	40	55	66	67	11	64	36	49	22	40	12	48	35	21	27	26	40	17	40	36	15	39	27	54	19	45	35	27	39	35	42	59	48	6	22	21	8	56	50	65	38	12	23	42	23	28	51	5	7	19	21	42	44	64	43	45	54	7	25	36	64	32	47	45	39	67	26	29	25	66	21	38	33	64	64	64	37	44	44	20	35	28	6	24	69	44	24	19	31	66	57	29	66	32	13	40	46	34	59	70	41	57	29	52	62	3	19	68	38	71	52	54	34	56	62	7	41	34	37	20	28	41	66	42	54	21	62	48	68	61	43	41	27	50	64	
63	29	57	23	32	27	38	26	39	32	37	64	34	0	39	56	50	43	62	45	31	60	45	26	15	50	26	38	14	44	47	14	7	28	27	17	19	21	51	49	43	21	51	35	33	55	40	30	40	28	51	12	32	50	46	54	29	45	10	49	55	53	32	31	39	15	50	15	10	54	62	33	63	37	50	56	63	7	56	50	61	57	32	23	57	57	17	60	27	67	61	53	49	42	50	16	37	32	38	42	75	53	14	20	58	50	55	11	45	2	44	61	18	16	67	75	13	48	54	30	65	31	14	68	15	76	53	30	44	42	50	30	45	17	16	46	59	43	69	26	41	53	53	15	71	60	15	60	45	54	43	
66	14	17	46	15	30	23	44	25	46	17	33	50	39	0	58	28	5	22	22	40	20	26	18	33	28	38	2	25	41	38	29	44	33	13	56	47	18	43	10	42	21	35	26	11	42	12	28	3	49	52	42	43	10	10	15	13	55	43	24	61	45	13	45	49	46	51	27	39	14	44	6	34	47	44	43	25	46	28	21	47	18	26	22	60	17	50	46	17	31	22	14	31	12	23	48	18	23	50	35	39	27	31	51	51	16	17	49	21	41	50	45	28	55	35	39	29	8	46	17	30	50	39	29	25	40	18	20	26	6	12	43	20	22	23	45	60	17	32	13	4	58	13	36	34	21	28	42	36	22	20	
7	64	63	35	67	33	77	30	33	25	72	49	25	56	58	0	36	63	66	79	25	64	34	64	42	36	30	57	53	17	20	45	63	30	53	61	40	55	16	57	16	61	27	32	48	23	46	76	55	31	6	45	23	59	53	70	48	13	47	39	4	15	65	26	18	44	7	61	66	68	28	55	46	19	14	23	62	56	42	43	22	70	33	43	2	69	46	22	45	59	64	69	32	47	42	45	40	36	19	23	62	39	44	44	12	75	57	54	78	55	12	25	65	59	52	63	60	62	15	67	57	28	41	65	56	63	52	69	34	65	69	26	41	50	54	13	3	43	61	55	63	4	66	69	63	60	62	28	23	48	77	
42	39	27	42	41	25	50	37	11	36	44	16	40	50	28	36	0	31	30	51	30	28	5	42	36	0	32	27	39	21	16	35	57	26	30	63	46	35	19	22	23	42	8	15	22	15	15	53	24	42	30	45	32	24	19	36	25	38	47	4	39	21	39	36	35	47	29	45	55	33	16	28	14	33	21	15	26	54	7	8	19	35	18	27	38	33	51	19	24	24	27	35	4	15	6	49	14	18	36	16	29	4	36	51	25	42	21	55	49	50	32	17	48	62	19	30	45	29	21	42	22	41	41	30	40	30	16	45	6	34	36	34	7	34	38	25	37	10	26	32	32	37	31	55	28	24	46	14	14	12	48	
71	16	15	51	15	35	22	49	30	51	16	34	55	43	5	63	31	0	20	19	45	18	30	20	38	31	43	7	29	45	43	34	47	38	17	60	52	21	48	11	47	24	39	31	16	46	17	28	8	54	57	47	48	10	12	10	18	60	47	27	65	50	14	50	54	50	55	30	42	10	48	11	35	52	49	46	24	50	31	24	51	13	31	27	65	14	55	50	22	30	21	9	34	16	25	52	23	28	55	40	39	30	36	56	55	11	17	53	18	45	55	48	30	60	36	39	32	5	50	18	30	55	44	27	28	40	19	21	30	3	7	48	24	27	27	50	65	21	32	17	2	63	9	38	33	20	31	46	40	23	17	
73	36	5	64	35	47	40	61	36	62	35	22	66	62	22	66	30	20	0	36	55	2	32	40	53	30	55	24	47	50	46	50	66	49	35	78	66	40	50	13	52	43	39	39	29	44	24	48	22	66	60	63	58	12	17	14	33	67	63	26	69	51	34	61	63	66	59	50	62	11	43	29	25	61	51	45	6	68	25	22	48	10	40	41	68	8	70	47	36	13	2	14	34	22	23	68	31	38	64	45	21	26	52	71	56	23	9	70	34	63	61	45	50	77	22	21	51	15	51	38	14	66	59	8	47	22	14	41	33	22	17	59	26	44	46	54	67	25	14	35	23	67	10	59	15	5	50	42	43	18	34	
87	17	33	60	13	48	7	60	47	63	8	53	67	45	22	79	51	19	36	0	58	35	49	19	46	51	55	23	33	62	60	42	45	51	27	61	59	27	65	30	63	24	58	47	31	64	35	17	26	64	73	52	61	29	31	22	31	74	52	46	81	68	15	62	68	56	72	30	39	25	67	24	55	66	66	65	42	52	50	44	70	26	46	38	81	28	60	69	35	49	38	22	53	35	45	58	40	43	68	57	57	50	43	62	73	13	36	56	2	47	70	68	27	61	55	57	32	24	68	15	49	66	51	44	31	58	39	15	48	17	19	60	43	33	31	66	82	40	50	25	18	78	26	33	51	39	30	65	58	43	2	
33	41	51	13	44	9	54	7	19	7	49	46	11	31	40	25	30	45	55	58	0	53	25	41	17	30	5	38	28	13	18	19	38	6	30	38	17	31	21	43	12	37	26	16	28	27	31	51	37	12	20	21	3	45	39	54	27	16	23	31	25	22	42	6	10	20	19	36	40	53	35	35	44	7	19	28	53	32	37	34	32	56	15	20	26	55	24	31	23	53	53	53	27	33	34	22	24	17	10	14	59	34	18	23	27	56	46	30	57	30	13	33	40	36	49	60	34	46	23	44	51	11	17	57	31	60	41	46	24	46	52	4	30	26	29	15	28	30	55	32	43	22	51	43	57	50	36	33	18	39	55	
71	34	2	62	34	44	39	59	34	60	33	22	64	60	20	64	28	18	2	35	53	0	30	38	51	28	52	21	45	48	44	48	64	47	32	76	64	38	48	11	50	41	37	37	27	43	22	46	20	64	58	60	56	10	14	13	30	65	61	25	68	49	32	59	61	64	57	48	60	10	42	26	24	59	50	43	7	66	23	20	47	9	38	39	66	7	68	46	34	14	3	13	32	20	22	66	29	36	62	43	22	25	50	69	54	22	7	68	33	61	59	44	48	75	22	22	49	13	50	36	14	64	57	9	45	23	12	39	31	21	16	57	24	42	44	52	65	23	15	33	21	65	9	57	16	5	48	41	41	16	33	
41	36	29	37	38	20	48	32	6	32	42	20	36	45	26	34	5	30	32	49	25	30	0	38	31	5	27	25	34	18	13	30	52	22	26	58	41	31	18	22	20	38	9	10	18	15	13	50	22	37	28	40	27	25	19	36	21	35	42	6	37	20	36	31	31	42	27	41	51	34	19	26	19	29	19	16	29	49	12	10	21	36	13	22	36	34	46	20	20	28	30	35	5	14	9	44	10	13	32	13	34	8	31	46	25	41	23	50	47	45	29	19	44	57	24	34	41	28	20	39	26	37	36	33	36	35	18	42	1	32	35	29	6	30	34	22	35	9	30	28	30	35	31	51	32	27	42	17	11	15	46	
72	4	36	41	6	31	13	41	35	46	11	50	49	26	18	64	42	20	40	19	41	38	38	0	27	42	37	18	14	47	47	23	28	34	12	43	40	9	52	29	48	5	47	33	20	53	27	11	20	45	58	33	44	29	28	29	17	57	33	39	65	55	6	44	51	37	57	11	22	31	58	14	51	48	52	54	44	33	45	38	59	33	31	21	66	34	41	58	20	49	41	29	43	28	39	39	28	29	51	43	58	43	25	43	60	25	36	37	19	28	53	57	10	42	53	58	13	25	55	4	49	47	32	48	12	59	36	5	38	18	25	43	35	15	12	51	67	32	51	10	17	63	30	18	53	40	11	56	45	39	17	
50	29	48	13	32	12	40	14	25	19	37	51	22	15	33	42	36	38	53	46	17	51	31	27	0	36	12	31	13	29	32	4	22	13	21	27	14	18	36	40	28	22	37	21	23	40	29	36	32	18	37	9	19	41	36	48	20	32	10	36	42	38	30	18	26	12	36	19	23	48	47	27	50	24	35	41	53	17	43	38	46	51	18	12	43	50	17	45	17	56	52	47	35	31	38	14	24	18	25	27	63	40	2	18	43	48	45	18	45	14	30	46	24	25	55	64	18	41	39	31	54	20	6	58	15	65	42	32	30	38	45	17	33	12	14	31	45	31	58	22	36	39	46	26	60	50	20	45	30	42	43	
42	39	27	42	41	25	50	37	11	36	44	16	40	50	28	36	0	31	30	51	30	28	5	42	36	0	32	27	39	21	16	35	57	26	30	63	46	35	19	22	23	42	8	15	22	15	15	53	24	42	30	45	32	24	19	36	25	38	47	4	39	21	39	36	35	47	29	45	55	33	16	28	14	33	21	15	26	54	7	8	19	35	18	27	38	33	51	19	24	24	27	35	4	15	6	49	14	18	36	16	29	4	36	51	25	42	21	55	49	50	32	17	48	62	19	30	45	29	21	42	22	41	41	30	40	30	16	45	6	34	36	34	7	34	38	25	37	10	26	32	32	37	31	55	28	24	46	14	14	12	48	
38	38	50	10	41	8	50	6	21	8	46	48	12	26	38	30	32	43	55	55	5	52	27	37	12	32	0	36	24	18	22	15	33	5	27	34	14	27	25	42	17	33	29	17	27	31	30	47	36	11	25	16	7	44	38	53	25	20	18	32	30	27	39	7	14	16	24	31	35	52	39	32	46	12	24	32	53	27	39	35	37	55	14	17	31	54	20	36	21	54	53	52	29	32	35	18	23	16	14	18	61	35	13	19	32	54	46	25	54	25	18	37	35	32	51	61	30	45	28	40	52	12	12	58	26	62	42	42	25	43	50	5	30	22	25	20	33	30	56	29	41	27	50	38	59	50	32	37	21	40	52	
64	14	19	44	15	28	23	42	24	44	17	33	48	38	2	57	27	7	24	23	38	21	25	18	31	27	36	0	23	39	37	27	42	31	11	55	45	16	42	11	40	20	34	24	9	41	11	28	3	47	50	40	41	12	10	17	11	53	41	23	59	44	13	43	47	44	49	26	38	16	43	5	34	45	43	41	26	44	28	21	46	19	24	20	58	19	48	45	15	31	24	16	30	11	22	46	17	21	48	34	40	26	29	50	50	18	18	47	22	39	48	44	26	54	35	40	27	9	45	17	31	48	37	30	23	41	18	20	25	8	14	41	19	21	22	43	59	16	33	11	5	56	15	35	35	23	27	42	34	22	21	
61	17	42	26	20	20	27	27	29	32	25	51	35	14	25	53	39	29	47	33	28	45	34	14	13	39	24	23	0	37	39	9	19	22	12	31	25	7	44	34	37	9	42	26	19	47	26	23	25	31	47	19	31	35	31	39	15	44	19	37	54	46	19	31	38	23	46	7	16	40	53	18	51	36	43	48	49	21	44	37	53	43	23	12	54	43	27	52	14	53	47	39	39	28	38	25	25	22	38	34	61	41	10	29	51	37	41	24	33	15	41	52	11	30	54	62	7	33	47	18	52	33	18	53	2	63	39	19	33	28	36	29	33	4	2	41	56	30	55	12	26	51	38	17	57	45	8	51	37	40	31	
25	47	47	26	49	17	59	21	15	18	54	36	21	44	41	17	21	45	50	62	13	48	18	47	29	21	18	39	37	0	5	30	51	16	35	52	31	38	7	40	2	45	14	14	30	14	29	59	37	25	11	34	14	42	36	53	31	17	36	24	20	9	47	18	14	34	10	45	52	51	22	38	33	13	6	15	47	45	28	28	18	53	16	26	19	52	38	17	27	45	48	52	17	30	27	36	22	18	16	5	50	25	30	37	14	57	41	44	60	43	11	19	49	50	39	50	44	45	10	50	43	23	30	51	40	51	36	52	17	47	51	17	24	34	38	4	19	26	47	37	45	17	49	54	49	45	46	20	7	33	59	
27	46	43	31	49	20	59	26	13	24	53	30	27	47	38	20	16	43	46	60	18	44	13	47	32	16	22	37	39	5	0	33	54	19	35	57	36	38	5	36	8	45	8	14	29	8	26	59	35	30	14	38	19	38	33	50	30	22	40	19	23	7	46	24	20	39	13	47	55	47	16	37	28	19	5	9	42	49	23	23	14	50	16	27	22	48	42	13	27	40	43	49	12	27	22	41	20	18	21	5	44	20	33	42	13	55	37	48	59	46	16	14	50	55	34	45	46	42	8	49	38	29	34	46	41	45	32	52	13	45	49	22	20	35	40	9	21	22	42	37	43	21	45	56	44	40	48	15	2	28	58	
52	25	45	18	28	13	36	18	24	23	33	50	26	14	29	45	35	34	50	42	19	48	30	23	4	35	15	27	9	30	33	0	21	14	17	29	18	14	37	37	29	18	36	20	20	41	27	32	28	22	39	12	22	38	33	44	17	35	13	34	45	39	26	21	29	16	38	16	22	44	47	23	49	27	36	42	51	19	41	36	47	47	17	9	46	47	20	46	14	53	49	43	35	29	36	18	22	17	29	28	61	38	2	22	44	44	42	20	41	14	33	46	20	27	53	62	15	37	40	26	52	24	10	55	12	62	39	28	29	34	41	20	31	8	10	33	47	29	55	18	32	42	43	24	58	47	17	45	31	40	39	
70	32	61	29	34	34	38	33	46	38	38	70	40	7	44	63	57	47	66	45	38	64	52	28	22	57	33	42	19	51	54	21	0	35	31	16	25	26	58	53	50	23	58	42	38	62	46	30	44	34	58	18	39	54	50	57	35	51	16	55	62	60	34	37	45	21	57	17	7	58	69	37	69	44	57	63	68	9	62	56	68	61	39	29	64	61	21	67	33	72	66	56	56	48	56	21	43	38	45	49	80	59	21	24	65	53	60	13	46	8	51	67	18	16	73	81	15	52	61	31	71	37	21	72	19	82	58	31	50	45	53	37	51	23	20	53	66	49	74	31	44	60	57	13	76	65	16	67	52	59	44	
38	35	45	15	38	3	47	11	15	13	43	42	17	28	33	30	26	38	49	51	6	47	22	34	13	26	5	31	22	16	19	14	35	0	24	38	19	24	23	37	15	31	25	11	22	28	25	45	31	16	25	19	9	39	33	48	21	22	21	27	31	25	36	12	16	20	23	30	36	47	35	28	41	14	22	29	48	30	34	30	33	50	9	13	31	49	24	32	17	49	48	47	24	27	30	22	18	11	17	14	55	30	14	24	30	50	41	29	50	27	19	33	34	36	46	56	29	40	26	37	47	17	15	52	25	57	36	39	20	39	45	10	25	20	23	18	33	25	51	26	37	28	45	38	53	45	31	33	18	35	48	
60	11	30	34	14	21	24	33	22	36	19	40	40	27	13	53	30	17	35	27	30	32	26	12	21	30	27	11	12	35	35	17	31	24	0	43	35	5	40	21	36	12	35	21	8	41	15	24	12	37	46	29	34	22	19	27	5	46	30	27	54	42	12	35	40	33	45	16	28	27	45	6	40	38	40	42	36	33	33	26	47	31	19	10	54	30	37	46	7	41	34	26	31	17	27	35	16	17	41	31	49	31	19	39	48	27	28	36	26	28	42	45	18	42	43	49	17	21	43	14	39	39	27	41	12	50	26	17	25	17	24	33	23	9	11	39	55	20	43	2	15	51	26	26	45	33	17	43	32	29	24	
67	46	73	26	49	38	54	31	52	36	53	78	36	17	56	61	63	60	78	61	38	76	58	43	27	63	34	55	31	52	57	29	16	38	43	0	21	38	59	65	50	38	63	48	49	65	55	46	56	30	57	18	38	66	62	71	45	48	16	63	59	61	49	35	43	17	56	31	23	71	73	50	77	42	58	66	79	10	70	65	71	74	45	38	61	74	15	70	43	82	78	70	62	58	65	16	51	45	42	52	90	67	27	17	65	68	71	8	61	15	49	71	34	2	82	91	29	64	62	47	81	33	22	84	32	91	68	46	57	59	67	35	60	34	33	53	64	58	84	43	58	57	70	29	87	76	31	71	55	69	59	
46	42	61	5	45	20	53	10	34	15	51	61	15	19	47	40	46	52	66	59	17	64	41	40	14	46	14	45	25	31	36	18	25	19	35	21	0	32	39	53	30	35	43	30	37	45	42	48	45	9	36	7	17	55	49	62	34	27	9	46	38	40	44	14	22	4	35	31	30	61	53	41	60	21	37	46	66	17	53	49	50	65	28	25	40	64	6	49	30	67	65	61	43	44	48	5	36	29	21	32	74	49	16	5	44	62	58	14	59	17	28	51	35	19	65	75	29	54	41	44	66	12	8	70	28	76	54	45	39	52	59	14	44	26	27	32	43	43	69	36	50	36	60	35	72	63	31	51	36	53	57	
62	10	35	32	13	21	23	32	26	36	19	45	39	21	18	55	35	21	40	27	31	38	31	9	18	35	27	16	7	38	38	14	26	24	5	38	32	0	43	27	38	7	39	24	13	45	21	21	18	36	48	26	34	28	25	32	10	47	26	32	55	45	12	34	41	30	47	10	22	32	50	11	45	39	43	46	42	28	39	32	51	35	21	11	56	35	34	50	11	46	40	31	36	22	32	32	21	20	41	34	55	36	16	36	51	30	34	31	27	23	43	49	13	38	48	55	11	26	46	13	45	38	24	46	7	56	32	14	30	20	28	33	28	6	5	41	57	25	48	5	19	53	31	20	50	38	11	48	36	34	25	
23	51	47	34	54	24	64	28	18	25	58	33	27	51	43	16	19	48	50	65	21	48	18	52	36	19	25	42	44	7	5	37	58	23	40	59	39	43	0	41	8	50	11	19	34	8	31	64	40	31	11	41	21	43	37	54	35	21	43	23	20	2	51	25	20	42	10	51	59	52	15	42	30	19	2	8	45	52	26	27	11	54	21	32	18	52	45	10	32	43	47	53	15	32	26	43	25	23	21	9	46	23	37	44	8	59	41	51	64	50	15	12	55	57	36	47	51	46	3	54	41	30	37	49	46	47	36	57	18	50	53	24	25	40	44	7	17	27	45	42	48	18	50	61	47	44	52	14	7	32	63	
64	25	8	51	25	34	33	48	24	50	27	23	54	49	10	57	22	11	13	30	43	11	22	29	40	22	42	11	34	40	36	37	53	37	21	65	53	27	41	0	41	31	31	27	16	37	12	38	9	53	51	49	46	2	4	13	19	56	50	18	60	43	24	49	51	52	49	37	49	11	38	16	24	49	42	38	15	55	20	14	42	13	28	28	59	12	57	41	22	20	12	12	26	10	16	55	19	26	52	34	28	20	38	58	48	20	6	57	28	50	50	39	38	64	25	29	39	6	43	28	19	54	46	19	34	30	8	31	23	14	13	47	16	31	33	44	58	13	21	22	13	57	8	47	23	11	38	36	34	13	28	
24	47	48	25	50	17	60	19	17	16	55	38	19	43	42	16	23	47	52	63	12	50	20	48	28	23	17	40	37	2	8	29	50	15	36	50	30	38	8	41	0	45	16	15	31	16	30	59	38	23	10	33	12	43	37	54	31	15	35	26	18	10	48	16	12	33	9	45	51	52	24	39	36	11	7	17	49	44	30	30	20	55	16	26	18	53	36	19	28	47	50	53	19	31	29	34	23	19	13	7	52	27	29	35	15	58	43	42	61	42	9	21	49	49	42	53	44	46	11	50	45	21	29	53	40	53	38	52	19	48	53	15	26	34	38	3	19	27	49	38	46	16	50	54	51	47	46	22	9	35	60	
69	8	39	36	11	28	18	37	33	42	16	51	45	21	21	61	42	24	43	24	37	41	38	5	22	42	33	20	9	45	45	18	23	31	12	38	35	7	50	31	45	0	46	31	20	52	27	14	22	41	55	28	40	32	29	33	17	53	28	39	62	52	10	40	47	32	54	6	18	34	57	15	52	45	50	53	46	28	45	38	58	37	29	18	63	38	36	57	18	51	44	33	43	28	39	34	28	27	47	41	60	43	20	38	58	29	38	32	24	23	50	56	6	37	54	60	8	29	53	9	50	43	27	50	7	61	38	9	37	22	29	39	35	11	8	48	64	32	53	10	21	59	33	15	55	43	7	55	43	40	22	
33	45	36	39	47	24	57	33	13	32	51	22	35	51	35	27	8	39	39	58	26	37	9	47	37	8	29	34	42	14	8	36	58	25	35	63	43	39	11	31	16	46	0	16	27	6	23	59	32	38	22	44	27	33	28	45	30	31	46	13	31	12	45	31	29	45	21	49	58	42	11	35	19	27	13	7	34	54	15	17	12	44	19	30	29	42	49	11	28	32	36	44	5	23	15	47	18	20	30	11	35	12	37	49	17	50	30	54	56	51	25	10	52	61	25	36	49	37	12	49	30	37	40	38	44	37	25	51	9	42	44	30	15	38	42	17	28	18	34	37	40	29	40	59	36	33	50	9	7	21	55	
40	32	35	26	35	9	45	22	4	23	39	31	27	35	26	32	15	31	39	47	16	37	10	33	21	15	17	24	26	14	14	20	42	11	21	48	30	24	19	27	15	31	16	0	15	21	15	45	23	27	26	30	19	29	23	39	16	29	31	15	34	21	32	22	24	31	24	33	42	37	27	23	29	22	19	22	37	39	22	18	27	40	3	14	34	39	36	26	13	37	37	38	14	17	18	33	8	4	25	10	44	19	21	36	27	42	30	39	46	35	23	26	36	46	34	44	33	31	22	35	35	27	25	41	28	45	25	38	9	32	37	20	13	22	26	19	34	14	39	23	30	31	35	43	42	34	34	25	11	23	44	
55	18	25	35	20	19	30	33	15	35	24	32	39	33	11	48	22	16	29	31	28	27	18	20	23	22	27	9	19	30	29	20	38	22	8	49	37	13	34	16	31	20	27	15	0	34	7	31	9	38	41	33	32	18	13	26	3	43	34	19	50	36	17	34	38	36	40	24	35	25	38	7	32	36	34	34	30	39	25	18	39	28	14	11	49	27	40	39	6	34	29	25	23	9	19	38	8	12	38	25	42	23	22	42	42	27	22	41	30	33	38	37	26	48	35	42	25	18	37	21	32	39	29	35	20	43	19	24	18	17	23	32	15	15	18	34	50	12	36	10	15	47	23	34	38	27	25	36	26	21	29	
28	52	42	40	54	28	63	35	18	32	58	26	35	55	42	23	15	46	44	64	27	43	15	53	40	15	31	41	47	14	8	41	62	28	41	65	45	45	8	37	16	52	6	21	34	0	29	65	38	39	18	47	28	39	34	51	36	29	49	19	27	8	51	32	28	48	17	54	63	48	7	41	23	27	10	1	39	58	19	23	6	50	24	35	25	48	51	5	33	36	42	50	11	29	21	50	25	25	29	13	39	17	41	51	11	57	36	57	63	55	23	5	57	64	29	40	54	43	8	55	34	37	43	43	49	40	31	57	16	48	50	31	21	43	47	15	23	24	38	43	46	25	46	64	40	39	55	6	10	26	62	
54	24	20	39	25	22	35	36	13	38	29	24	42	40	12	46	15	17	24	35	31	22	13	27	29	15	30	11	26	29	26	27	46	25	15	55	42	21	31	12	30	27	23	15	7	29	0	38	9	41	40	39	34	14	8	24	11	44	40	12	49	33	23	37	39	42	38	31	43	22	32	13	24	37	32	30	24	45	18	11	34	25	16	17	48	24	46	34	12	26	23	23	18	2	12	44	7	14	40	23	34	16	28	47	38	28	16	47	33	41	38	32	33	54	27	35	32	16	33	27	25	42	35	28	27	36	12	30	13	19	22	35	8	23	25	33	48	5	29	17	17	46	20	42	31	21	32	30	23	13	32	
83	14	44	49	13	42	9	51	46	55	13	61	59	30	28	76	53	28	48	17	51	46	50	11	36	53	47	28	23	59	59	32	30	45	24	46	48	21	64	38	59	14	59	45	31	65	38	0	31	54	69	40	54	38	38	35	29	67	39	50	76	66	15	54	61	44	68	17	23	37	69	25	62	59	64	66	52	37	56	49	71	39	42	32	77	41	47	70	31	58	49	34	55	39	50	46	40	41	61	55	67	54	34	50	72	28	45	41	18	32	64	69	13	46	63	67	18	33	67	11	58	57	40	56	20	68	46	8	49	25	31	53	46	25	21	62	78	43	60	22	25	74	37	17	61	49	16	67	56	50	16	
63	17	17	44	18	28	26	42	22	44	20	30	48	40	3	55	24	8	22	26	37	20	22	20	32	24	36	3	25	37	35	28	44	31	12	56	45	18	40	9	38	22	32	23	9	38	9	31	0	47	49	41	40	10	7	17	11	52	42	20	57	42	16	43	46	44	47	28	40	16	41	7	31	44	41	39	24	46	25	18	44	19	23	20	57	18	49	43	15	29	21	16	27	8	19	47	15	20	47	32	37	24	30	50	48	19	15	48	24	41	47	41	29	55	32	38	29	9	43	20	28	48	38	28	25	38	15	23	22	9	14	41	17	22	24	42	57	13	30	13	7	55	14	38	32	20	29	39	32	19	23	
37	47	61	5	50	19	59	5	31	6	55	58	6	28	49	31	42	54	66	64	12	64	37	45	18	42	11	47	31	25	30	22	34	16	37	30	9	36	31	53	23	41	38	27	38	39	41	54	47	0	27	16	10	55	49	64	36	18	17	43	29	33	48	6	13	13	26	37	38	63	47	43	56	12	30	40	64	26	49	46	43	66	25	27	31	65	15	42	32	65	64	63	39	43	46	14	34	27	12	26	71	46	20	13	36	64	57	23	63	26	19	44	42	28	61	72	36	56	34	49	63	3	14	69	34	72	53	50	36	54	61	7	41	30	33	24	34	41	67	39	52	27	61	43	69	62	38	45	30	51	61	
14	58	57	31	60	27	70	26	26	21	65	44	22	51	52	6	30	57	60	73	20	58	28	58	37	30	25	50	47	11	14	39	58	25	46	57	36	48	11	51	10	55	22	26	41	18	40	69	49	27	0	41	19	53	47	64	42	12	43	33	9	10	58	22	14	40	1	55	61	62	25	49	41	15	9	18	56	52	37	38	19	64	27	37	8	62	42	19	38	54	58	63	26	41	36	41	33	29	15	16	57	34	38	40	9	68	51	50	72	50	8	21	59	55	47	58	54	56	10	61	52	25	37	60	50	58	46	63	27	58	63	22	35	44	48	7	8	37	56	48	56	7	60	63	58	55	56	24	17	42	70	
52	36	58	11	39	20	46	15	34	20	44	60	21	12	42	45	45	47	63	52	21	60	40	33	9	45	16	40	19	34	38	12	18	19	29	18	7	26	41	49	33	28	44	30	33	47	39	40	41	16	41	0	22	51	46	57	30	33	2	45	44	43	38	19	27	4	40	23	22	57	55	35	59	26	40	48	63	11	52	47	53	60	27	21	45	60	8	52	26	65	62	56	44	41	47	6	34	27	26	34	73	48	10	10	48	56	55	9	52	10	33	53	27	16	64	73	21	50	44	37	64	19	4	67	21	74	51	38	39	46	53	19	42	20	21	36	48	41	67	30	44	41	55	27	70	60	24	53	37	51	50	
31	44	54	12	47	13	57	7	22	4	53	48	8	32	43	23	32	48	58	61	3	56	27	44	19	32	7	41	31	14	19	22	39	9	34	38	17	34	21	46	12	40	27	19	32	28	34	54	40	10	19	22	0	48	42	57	31	13	24	33	23	22	45	4	7	21	18	38	42	56	36	38	46	5	19	29	56	33	39	37	33	59	18	23	24	58	24	32	26	55	56	56	29	36	36	22	27	20	7	16	61	36	21	22	26	59	49	31	60	31	11	33	42	36	51	62	37	49	23	47	54	9	18	60	34	63	44	49	26	49	55	3	32	29	32	14	26	33	58	35	47	20	54	46	60	53	39	34	19	42	58	
66	25	7	52	25	36	32	50	26	52	26	24	56	50	10	59	24	10	12	29	45	10	25	29	41	24	44	12	35	42	38	38	54	39	22	66	55	28	43	2	43	32	33	29	18	39	14	38	10	55	53	51	48	0	6	11	21	58	51	20	62	45	23	51	53	54	52	38	50	8	40	16	26	51	44	40	14	56	22	16	44	11	30	29	61	10	58	43	24	20	12	10	28	12	18	56	21	28	54	37	29	22	40	60	50	18	7	58	27	51	52	41	38	65	26	29	39	5	45	27	20	56	47	18	35	30	9	30	25	13	11	49	18	32	34	46	60	16	22	23	12	59	6	47	23	11	39	38	36	14	27	
60	24	12	47	25	30	33	44	20	46	27	23	50	46	10	53	19	12	17	31	39	14	19	28	36	19	38	10	31	36	33	33	50	33	19	62	49	25	37	4	37	29	28	23	13	34	8	38	7	49	47	46	42	6	0	17	16	52	47	15	56	39	23	45	47	49	46	35	47	14	36	14	24	45	38	35	17	52	18	12	39	17	24	24	55	16	53	38	19	21	16	16	23	6	13	51	15	22	48	31	30	18	35	54	45	22	9	54	30	46	46	37	36	61	25	30	36	9	40	27	21	50	42	22	32	31	8	30	19	14	16	43	12	28	30	40	55	10	23	20	13	53	12	45	25	14	36	34	30	12	29	
77	25	11	61	24	45	27	59	37	61	22	34	65	54	15	70	36	10	14	22	54	13	36	29	48	36	53	17	39	53	50	44	57	48	27	71	62	32	54	13	54	33	45	39	26	51	24	35	17	64	64	57	57	11	17	0	28	68	57	32	73	56	23	60	63	61	63	40	52	3	51	21	36	61	55	51	20	60	33	28	55	4	39	37	72	6	65	55	32	27	16	1	40	22	29	63	31	37	64	47	35	33	46	67	61	9	16	63	20	55	63	53	39	70	34	35	42	8	57	26	27	65	54	22	38	36	20	29	36	11	4	58	29	37	38	57	72	27	28	27	13	70	5	48	29	17	41	50	47	25	20	
56	16	28	33	18	18	28	31	17	34	23	35	38	29	13	48	25	18	33	31	27	30	21	17	20	25	25	11	15	31	30	17	35	21	5	45	34	10	35	19	31	17	30	16	3	36	11	29	11	36	42	30	31	21	16	28	0	43	30	22	50	37	16	32	37	33	41	20	32	27	40	7	35	35	35	37	34	35	28	22	42	30	14	9	50	30	37	41	4	37	32	27	26	13	22	35	11	12	38	26	45	26	19	39	43	28	25	37	30	30	38	40	23	44	38	46	21	20	38	19	36	37	26	38	16	47	23	21	20	18	25	31	18	12	14	35	50	15	39	7	16	47	25	31	41	30	21	38	27	25	28	
19	57	63	22	60	25	70	18	31	13	66	53	12	45	55	13	38	60	67	74	16	65	35	57	32	38	20	53	44	17	22	35	51	22	46	48	27	47	21	56	15	53	31	29	43	29	44	67	52	18	12	33	13	58	52	68	43	0	35	41	11	21	58	14	6	31	12	52	55	66	36	51	50	8	18	29	64	44	45	45	31	69	29	36	13	68	33	30	39	62	65	67	34	46	44	32	37	31	6	22	66	42	34	31	21	71	58	41	73	43	6	33	56	46	56	67	50	60	21	60	60	15	30	68	47	68	53	62	34	61	66	15	41	42	46	13	16	42	64	48	59	9	64	59	66	62	52	35	24	50	71	
54	36	59	13	39	21	46	17	35	22	44	62	23	10	43	47	47	47	63	52	23	61	42	33	10	47	18	41	19	36	40	13	16	21	30	16	9	26	43	50	35	28	46	31	34	49	40	39	42	17	43	2	24	51	47	57	30	35	0	46	46	45	38	21	29	5	42	23	21	57	57	36	61	28	42	50	64	9	53	48	55	61	28	22	47	60	8	54	27	66	63	57	45	42	48	6	35	29	28	36	74	50	11	10	50	56	56	8	52	8	35	55	26	15	65	75	21	50	46	37	65	21	6	68	21	75	53	37	40	46	54	21	43	20	21	38	50	42	69	30	45	43	56	26	71	61	23	55	39	53	50	
46	36	23	42	37	25	47	38	11	38	41	15	42	49	24	39	4	27	26	46	31	25	6	39	36	4	32	23	37	24	19	34	55	27	27	63	46	32	23	18	26	39	13	15	19	19	12	50	20	43	33	45	33	20	15	32	22	41	46	0	43	25	35	37	37	47	32	42	53	29	20	25	14	35	25	19	23	53	7	4	24	31	18	25	41	29	51	23	22	22	24	31	8	11	3	49	12	17	38	19	28	4	35	52	30	38	18	54	45	49	35	21	45	61	19	29	43	24	25	39	20	43	41	27	38	29	12	42	7	30	31	35	4	32	36	28	40	7	24	29	28	40	27	53	26	21	43	18	17	9	44	
8	65	66	33	68	34	78	29	35	23	73	53	23	55	61	4	39	65	69	81	25	68	37	65	42	39	30	59	54	20	23	45	62	31	54	59	38	55	20	60	18	62	31	34	50	27	49	76	57	29	9	44	23	62	56	73	50	11	46	43	0	19	66	25	16	42	10	61	65	71	32	57	50	18	18	27	65	55	46	47	27	73	35	44	2	72	44	26	46	63	67	72	35	50	46	43	42	37	17	25	66	43	44	42	16	77	61	52	80	54	12	29	65	57	56	67	60	65	19	68	61	26	41	69	56	67	55	70	37	67	72	25	44	51	55	15	6	46	65	56	65	2	69	69	67	64	62	32	26	51	78	
21	53	48	35	56	26	66	30	20	26	60	34	28	53	45	15	21	50	51	68	22	49	20	55	38	21	27	44	46	9	7	39	60	25	42	61	40	45	2	43	10	52	12	21	36	8	33	66	42	33	10	43	22	45	39	56	37	21	45	25	19	0	54	26	21	43	9	53	61	54	15	44	31	20	3	8	47	54	27	29	10	56	23	34	17	54	46	9	34	44	49	55	17	34	27	45	27	25	22	11	47	24	39	45	5	61	43	53	66	52	15	12	57	59	37	48	53	48	1	56	42	31	39	50	48	48	37	59	20	52	55	26	26	42	46	8	15	29	46	44	50	17	51	63	48	45	54	14	10	33	65	
72	2	30	44	2	33	12	44	33	48	7	46	51	32	13	65	39	14	34	15	42	32	36	6	30	39	39	13	19	47	46	26	34	36	12	49	44	12	51	24	48	10	45	32	17	51	23	15	16	48	58	38	45	23	23	23	16	58	38	35	66	54	0	46	52	42	57	17	28	24	55	10	47	50	52	52	38	39	41	34	57	27	31	22	66	28	46	56	19	44	35	22	41	24	35	44	26	29	53	42	52	39	28	48	59	18	30	42	14	33	54	55	16	48	48	53	19	19	54	4	43	50	36	42	17	54	31	7	35	12	19	45	31	18	17	51	67	28	45	10	11	63	24	24	47	34	17	53	44	35	13	
32	45	57	9	48	15	57	4	26	1	54	52	5	31	45	26	36	50	61	62	6	59	31	44	18	36	7	43	31	18	24	21	37	12	35	35	14	34	25	49	16	40	31	22	34	32	37	54	43	6	22	19	4	51	45	60	32	14	21	37	25	26	46	0	8	18	21	38	41	59	40	40	50	7	23	33	59	30	43	41	37	62	21	24	26	61	20	36	28	59	59	59	33	39	40	19	30	23	7	20	65	40	20	18	30	61	52	28	61	29	14	38	42	33	55	66	36	52	27	48	57	5	16	64	33	67	48	49	30	51	57	2	36	29	32	18	29	36	62	37	49	22	57	44	64	57	38	39	24	46	59	
24	51	59	17	54	19	64	12	27	7	59	50	7	39	49	18	35	54	63	68	10	61	31	51	26	35	14	47	38	14	20	29	45	16	40	43	22	41	20	51	12	47	29	24	38	28	39	61	46	13	14	27	7	53	47	63	37	6	29	37	16	21	52	8	0	26	13	45	49	61	36	45	48	2	18	29	60	38	42	41	31	64	23	30	18	63	28	31	33	59	61	62	31	41	40	27	32	25	1	18	64	39	28	26	23	66	54	36	67	37	6	33	49	41	54	65	44	55	22	54	57	10	24	64	41	65	49	56	30	55	61	8	37	36	39	12	21	38	61	42	53	14	59	52	63	58	46	34	21	46	65	
50	40	61	9	43	21	50	14	36	19	48	62	19	15	46	44	47	50	66	56	20	64	42	37	12	47	16	44	23	34	39	16	21	20	33	17	4	30	42	52	33	32	45	31	36	48	42	44	44	13	40	4	21	54	49	61	33	31	5	47	42	43	42	18	26	0	39	27	26	60	55	39	61	25	40	49	66	12	54	49	53	64	29	24	44	63	4	52	30	68	65	60	45	44	49	2	36	29	25	34	75	50	14	6	47	60	58	10	56	13	32	53	31	15	66	76	26	53	44	41	66	16	6	70	25	76	54	42	41	50	57	18	44	24	25	35	47	43	70	34	48	40	59	31	72	63	28	54	38	54	54	
15	56	56	30	59	25	69	25	25	20	64	43	21	50	51	7	29	55	59	72	19	57	27	57	36	29	24	49	46	10	13	38	57	23	45	56	35	47	10	49	9	54	21	24	40	17	38	68	47	26	1	40	18	52	46	63	41	12	42	32	10	9	57	21	13	39	0	54	59	60	24	48	40	14	8	18	55	51	36	36	19	63	26	36	9	61	41	18	37	53	57	62	25	40	35	40	32	28	15	15	56	33	37	40	10	67	50	49	70	49	7	21	58	54	46	57	53	55	9	59	51	24	36	59	49	57	45	62	26	57	61	21	33	43	47	5	10	35	55	47	55	8	58	62	57	53	55	23	15	41	69	
68	15	45	33	17	28	23	34	36	39	22	56	42	15	27	61	45	30	50	30	36	48	41	11	19	45	31	26	7	45	47	16	17	30	16	31	31	10	51	37	45	6	49	33	24	54	31	17	28	37	55	23	38	38	35	40	20	52	23	42	61	53	17	38	45	27	54	0	12	41	60	21	56	43	51	55	52	22	49	43	60	44	30	19	62	44	31	59	21	57	50	39	46	33	43	29	31	29	45	42	65	47	17	33	59	36	44	26	30	17	49	59	4	31	59	66	2	35	54	15	56	40	23	56	5	67	43	15	40	28	36	36	39	11	7	48	63	36	59	15	27	58	40	10	61	49	1	58	44	45	28	
73	26	57	33	28	35	31	37	45	42	32	68	44	10	39	66	55	42	62	39	40	60	51	22	23	55	35	38	16	52	55	22	7	36	28	23	30	22	59	49	51	18	58	42	35	63	43	23	40	38	61	22	42	50	47	52	32	55	21	53	65	61	28	41	49	26	59	12	0	53	69	33	67	47	58	64	64	15	60	54	69	56	39	28	67	56	27	68	31	69	62	51	55	45	54	26	41	38	48	50	77	57	22	30	66	47	56	20	39	12	54	68	12	23	71	78	10	47	62	25	68	41	25	68	15	79	55	24	50	40	48	40	49	20	17	55	69	47	71	27	39	63	52	6	73	61	11	67	53	57	37	
75	26	8	60	25	44	29	58	35	60	24	30	64	54	14	68	33	10	11	25	53	10	34	31	48	33	52	16	40	51	47	44	58	47	27	71	61	32	52	11	52	34	42	37	25	48	22	37	16	63	62	57	56	8	14	3	27	66	57	29	71	54	24	59	61	60	60	41	53	0	48	21	33	59	53	49	17	61	30	25	53	3	38	36	70	3	65	52	31	24	13	3	37	20	27	63	29	36	62	45	32	31	46	66	59	12	13	64	23	55	61	50	41	70	31	32	43	7	54	28	24	64	54	19	39	33	17	30	34	12	6	57	27	37	38	55	69	25	25	27	13	68	2	49	26	14	42	47	45	22	23	
33	56	41	48	57	35	67	43	24	40	61	22	43	62	44	28	16	48	43	67	35	42	19	58	47	16	39	43	53	22	16	47	69	35	45	73	53	50	15	38	24	57	11	27	38	7	32	69	41	47	25	55	36	40	36	51	40	36	57	20	32	15	55	40	36	55	24	60	69	48	0	45	18	35	17	7	37	65	18	23	6	50	30	41	30	48	59	6	39	32	40	50	14	32	22	57	29	31	37	21	34	17	48	58	16	58	36	65	65	62	30	3	63	71	24	35	60	45	14	59	31	45	50	40	55	35	31	62	20	50	52	39	24	49	53	23	28	27	34	47	48	31	46	70	36	37	61	2	17	26	64	
63	11	24	40	12	25	22	38	23	41	16	36	45	33	6	55	28	11	29	24	35	26	26	14	27	28	32	5	18	38	37	23	37	28	6	50	41	11	42	16	39	15	35	23	7	41	13	25	7	43	49	35	38	16	14	21	7	51	36	25	57	44	10	40	45	39	48	21	33	21	45	0	37	42	42	42	31	39	31	24	47	24	22	16	57	24	43	46	11	36	29	20	31	14	25	41	16	20	45	33	44	29	25	45	50	21	23	42	22	34	46	45	22	49	39	45	22	14	45	14	35	44	33	35	18	46	22	17	25	11	18	38	21	16	17	42	58	18	38	6	9	55	20	30	39	27	22	43	34	25	21	
51	48	25	56	49	39	57	51	25	50	51	3	54	63	34	46	14	35	25	55	44	24	19	51	50	14	46	34	51	33	28	49	69	41	40	77	60	45	30	24	36	52	19	29	32	23	24	62	31	56	41	59	46	26	24	36	35	50	61	14	50	31	47	50	48	61	40	56	67	33	18	37	0	47	32	23	19	68	7	13	24	33	32	40	48	31	65	24	36	13	22	35	17	23	13	63	26	32	49	29	16	10	50	65	34	44	20	69	53	63	44	21	58	76	6	17	57	31	31	51	12	55	55	21	52	17	16	54	20	38	37	48	17	47	50	37	46	20	15	41	37	48	31	66	17	19	57	18	26	12	53	
26	49	57	16	52	17	62	11	25	6	57	49	7	37	47	19	33	52	61	66	7	59	29	48	24	33	12	45	36	13	19	27	44	14	38	42	21	39	19	49	11	45	27	22	36	27	37	59	44	12	15	26	5	51	45	61	35	8	28	35	18	20	50	7	2	25	14	43	47	59	35	42	47	0	17	28	58	37	41	39	31	62	21	28	19	61	27	30	31	57	59	60	30	39	38	26	30	23	3	17	62	37	26	25	23	63	52	35	65	36	7	32	47	40	52	63	42	53	21	52	55	10	22	62	39	64	47	53	28	53	59	7	35	33	37	12	22	36	59	40	51	15	57	51	62	56	44	33	20	44	63	
21	51	48	32	54	23	64	26	19	23	59	35	25	50	44	14	21	49	51	66	19	50	19	52	35	21	24	43	43	6	5	36	57	22	40	58	37	43	2	42	7	50	13	19	34	10	32	64	41	30	9	40	19	44	38	55	35	18	42	25	18	3	52	23	18	40	8	51	58	53	17	42	32	17	0	10	47	51	28	29	13	55	21	32	16	54	43	12	32	45	49	55	17	33	27	42	26	23	19	9	48	25	36	42	8	60	43	50	65	49	13	14	55	56	38	49	50	48	4	54	43	28	36	51	46	49	37	57	19	51	54	22	26	40	44	5	16	28	47	42	48	16	51	60	49	46	52	16	8	33	63	
28	52	43	41	55	29	64	36	19	33	59	26	36	56	43	23	15	46	45	65	28	43	16	54	41	15	32	41	48	15	9	42	63	29	42	66	46	46	8	38	17	53	7	22	34	1	30	66	39	40	18	48	29	40	35	51	37	29	50	19	27	8	52	33	29	49	18	55	64	49	7	42	23	28	10	0	40	59	20	23	5	51	25	36	25	49	52	4	34	36	42	51	12	30	22	50	26	26	30	14	39	18	42	51	11	58	37	58	64	56	23	4	58	65	29	40	55	44	8	56	34	38	44	43	50	40	31	58	17	49	51	32	22	44	48	16	23	25	38	44	47	25	47	65	40	39	56	5	11	27	62	
68	40	9	63	39	45	45	59	33	60	40	16	64	63	25	62	26	24	6	42	53	7	29	44	53	26	53	26	49	47	42	51	68	48	36	79	66	42	45	15	49	46	34	37	30	39	24	52	24	64	56	63	56	14	17	20	34	64	64	23	65	47	38	59	60	66	55	52	64	17	37	31	19	58	47	40	0	69	19	19	42	16	38	41	64	14	70	42	36	7	4	20	30	21	20	68	30	37	61	42	15	22	52	71	51	29	8	71	40	64	58	39	53	78	15	15	54	18	47	42	8	65	59	4	49	16	11	45	30	27	23	57	23	46	48	51	62	23	8	37	26	63	16	62	9	3	53	36	40	14	40	
63	36	63	21	39	30	45	26	43	31	44	69	32	7	46	56	54	50	68	52	32	66	49	33	17	54	27	44	21	45	49	19	9	30	33	10	17	28	52	55	44	28	54	39	39	58	45	37	46	26	52	11	33	56	52	60	35	44	9	53	55	54	39	30	38	12	51	22	15	61	65	39	68	37	51	59	69	0	61	55	63	64	36	28	56	64	12	62	33	72	68	60	53	48	55	12	42	36	37	44	80	57	18	15	59	57	61	4	52	5	44	63	25	9	72	81	20	54	55	37	71	29	15	74	22	82	58	37	48	49	57	30	50	23	22	47	59	48	74	33	47	52	59	21	77	66	22	63	48	59	50	
48	42	23	49	43	32	51	44	18	44	45	8	47	56	28	42	7	31	25	50	37	23	12	45	43	7	39	28	44	28	23	41	62	34	33	70	53	39	26	20	30	45	15	22	25	19	18	56	25	49	37	52	39	22	18	33	28	45	53	7	46	27	41	43	42	54	36	49	60	30	18	31	7	41	28	20	19	61	0	7	23	31	25	33	44	29	58	22	29	17	22	32	11	17	6	56	19	24	43	24	21	3	43	58	31	40	17	61	49	56	39	20	51	68	12	22	50	27	27	45	15	49	48	23	45	23	12	48	13	33	34	42	10	39	43	32	42	13	19	35	32	44	28	59	21	19	50	17	21	7	48	
50	35	19	45	36	28	45	41	14	41	39	13	45	50	21	43	8	24	22	44	34	20	10	38	38	8	35	21	37	28	23	36	56	30	26	65	49	32	27	14	30	38	17	18	18	23	11	49	18	46	38	47	37	16	12	28	22	45	48	4	47	29	34	41	41	49	36	43	54	25	23	24	13	39	29	23	19	55	7	0	27	27	21	27	45	25	54	26	22	18	20	27	12	10	1	52	13	20	42	23	25	5	37	54	34	35	13	56	42	50	39	24	45	63	17	26	43	21	29	38	17	46	43	23	38	27	8	41	11	27	28	39	5	33	36	32	44	6	21	28	25	44	23	53	23	17	43	22	21	5	41	
27	57	46	45	60	34	69	40	24	36	63	27	39	61	47	22	19	51	48	70	32	47	21	59	46	19	37	46	53	18	14	47	68	33	47	71	50	51	11	42	20	58	12	27	39	6	34	71	44	43	19	53	33	44	39	55	42	31	55	24	27	10	57	37	31	53	19	60	69	53	6	47	24	31	13	5	42	63	23	27	0	54	30	41	24	52	56	1	40	38	45	55	16	35	26	55	31	31	33	19	40	22	47	55	10	62	40	62	68	60	26	3	63	69	30	41	60	48	9	61	36	41	48	45	55	41	35	63	21	53	55	36	27	49	53	19	22	30	40	49	51	26	50	70	41	42	61	6	16	30	67	
77	29	8	63	28	47	31	61	38	63	26	31	67	57	18	70	35	13	10	26	56	9	36	33	51	35	55	19	43	53	50	47	61	50	31	74	65	35	54	13	55	37	44	40	28	50	25	39	19	66	64	60	59	11	17	4	30	69	61	31	73	56	27	62	64	64	63	44	56	3	50	24	33	62	55	51	16	64	31	27	54	0	41	39	72	2	68	54	34	23	12	5	39	23	28	66	32	39	65	48	31	32	49	69	61	13	14	67	24	59	64	51	43	73	31	31	46	10	56	31	24	67	57	18	42	32	19	33	36	15	8	60	29	40	41	58	72	27	24	30	16	71	5	52	25	14	45	48	47	24	25	
41	30	36	24	33	7	43	20	7	22	38	33	26	32	26	33	18	31	40	46	15	38	13	31	18	18	14	24	23	16	16	17	39	9	19	45	28	21	21	28	16	29	19	3	14	24	16	42	23	25	27	27	18	30	24	39	14	29	28	18	35	23	31	21	23	29	26	30	39	38	30	22	32	21	21	25	38	36	25	21	30	41	0	11	35	40	33	29	11	39	38	38	17	18	20	31	9	2	24	12	46	21	18	33	29	42	31	36	44	32	24	29	33	43	37	47	30	31	24	33	38	26	22	43	25	48	27	36	12	32	37	19	16	19	23	20	36	15	42	21	29	32	36	40	44	36	31	28	14	25	43	
51	21	36	24	24	10	34	22	17	26	29	41	29	23	22	43	27	27	41	38	20	39	22	21	12	27	17	20	12	26	27	9	29	13	10	38	25	11	32	28	26	18	30	14	11	35	17	32	20	27	37	21	23	29	24	37	9	36	22	25	44	34	22	24	30	24	36	19	28	36	41	16	40	28	32	36	41	28	33	27	41	39	11	0	44	39	29	40	5	44	40	36	27	20	27	26	13	10	30	23	52	29	10	30	40	37	33	29	37	23	32	40	22	36	44	53	19	29	35	24	43	28	18	46	14	53	30	26	21	27	34	22	22	8	12	30	46	20	46	12	25	41	34	29	48	38	20	39	25	31	35	
6	65	65	35	68	34	78	30	34	25	73	51	25	57	60	2	38	65	68	81	26	66	36	66	43	38	31	58	54	19	22	46	64	31	54	61	40	56	18	59	18	63	29	34	49	25	48	77	57	31	8	45	24	61	55	72	50	13	47	41	2	17	66	26	18	44	9	62	67	70	30	57	48	19	16	25	64	56	44	45	24	72	35	44	0	70	46	24	46	61	65	71	33	49	44	45	41	37	19	24	64	41	45	44	14	76	59	54	80	55	13	27	66	59	54	65	61	64	17	68	59	28	42	67	57	65	54	70	35	66	71	26	43	51	55	15	3	45	63	56	64	4	68	70	65	62	63	30	25	50	78	
76	30	6	62	29	46	33	60	36	62	28	29	66	57	17	69	33	14	8	28	55	7	34	34	50	33	54	19	43	52	48	47	61	49	30	74	64	35	52	12	53	38	42	39	27	48	24	41	18	65	62	60	58	10	16	6	30	68	60	29	72	54	28	61	63	63	61	44	56	3	48	24	31	61	54	49	14	64	29	25	52	2	40	39	70	0	68	52	33	21	10	6	37	22	26	65	31	38	64	46	29	30	49	69	59	15	12	67	26	59	62	49	44	73	29	29	46	9	55	32	22	66	57	16	42	30	17	34	35	16	9	59	27	40	41	56	70	25	22	30	17	69	4	53	23	12	45	46	45	22	26	
52	44	65	11	47	26	54	16	40	21	52	67	21	17	50	46	51	55	70	60	24	68	46	41	17	51	20	48	27	38	42	20	21	24	37	15	6	34	45	57	36	36	49	36	40	51	46	47	49	15	42	8	24	58	53	65	37	33	8	51	44	46	46	20	28	4	41	31	27	65	59	43	65	27	43	52	70	12	58	54	56	68	33	29	46	68	0	55	34	72	69	64	49	48	54	2	41	34	27	38	79	55	18	2	50	64	62	8	60	15	34	57	34	13	70	80	29	58	47	45	71	18	11	75	29	81	59	45	45	54	61	20	49	28	29	38	49	48	74	38	52	42	63	33	77	67	31	57	42	58	58	
27	57	46	44	59	33	68	39	23	36	63	27	38	60	46	22	19	50	47	69	31	46	20	58	45	19	36	45	52	17	13	46	67	32	46	70	49	50	10	41	19	57	11	26	39	5	34	70	43	42	19	52	32	43	38	55	41	30	54	23	26	9	56	36	31	52	18	59	68	52	6	46	24	30	12	4	42	62	22	26	1	54	29	40	24	52	55	0	39	38	45	54	15	34	25	54	30	30	32	18	40	21	46	55	10	61	40	61	67	59	25	3	62	68	30	41	59	48	9	60	36	40	47	45	54	41	35	62	21	53	55	35	26	48	52	18	22	29	40	48	51	25	50	69	41	42	60	6	15	30	66	
53	19	31	29	21	13	31	27	15	30	26	36	33	27	17	45	24	22	36	35	23	34	20	20	17	24	21	15	14	27	27	14	33	17	7	43	30	11	32	22	28	18	28	13	6	33	12	31	15	32	38	26	26	24	19	32	4	39	27	22	46	34	19	28	33	30	37	21	31	31	39	11	36	31	32	34	36	33	29	22	40	34	11	5	46	33	34	39	0	39	35	31	25	14	23	32	10	9	34	23	47	26	16	35	40	32	28	35	33	28	35	38	24	42	39	48	21	24	35	22	38	33	23	41	16	48	25	24	19	22	29	26	18	10	14	31	47	16	41	10	20	43	29	31	43	33	22	37	25	26	32	
64	45	16	64	45	47	52	60	33	60	46	10	64	67	31	59	24	30	13	49	53	14	28	49	56	24	54	31	53	45	40	53	72	49	41	82	67	46	43	20	47	51	32	37	34	36	26	58	29	65	54	65	55	20	21	27	37	62	66	22	63	44	44	59	59	68	53	57	69	24	32	36	13	57	45	36	7	72	17	18	38	23	39	44	61	21	72	38	39	0	11	27	28	24	19	70	31	38	60	40	8	20	55	73	47	36	13	74	47	67	56	35	58	81	9	8	58	25	44	48	2	65	61	7	53	9	14	51	29	33	30	57	23	49	52	49	59	24	2	42	32	61	23	67	4	10	58	32	38	13	47	
70	37	5	62	36	45	42	59	34	60	36	19	64	61	22	64	27	21	2	38	53	3	30	41	52	27	53	24	47	48	43	49	66	48	34	78	65	40	47	12	50	44	36	37	29	42	23	49	21	64	58	62	56	12	16	16	32	65	63	24	67	49	35	59	61	65	57	50	62	13	40	29	22	59	49	42	4	68	22	20	45	12	38	40	65	10	69	45	35	11	0	16	32	21	21	67	29	37	62	43	19	24	51	70	53	25	7	70	36	62	59	42	50	77	19	19	51	15	49	39	12	65	58	6	47	20	12	42	31	23	19	57	24	44	46	52	64	23	12	35	23	65	12	59	13	3	51	39	41	15	36	
77	24	11	60	23	44	26	58	36	60	21	33	64	53	14	69	35	9	14	22	53	13	35	29	47	35	52	16	39	52	49	43	56	47	26	70	61	31	53	12	53	33	44	38	25	50	23	34	16	63	63	56	56	10	16	1	27	67	57	31	72	55	22	59	62	60	62	39	51	3	50	20	35	60	55	51	20	60	32	27	55	5	38	36	71	6	64	54	31	27	16	0	39	21	29	62	30	36	63	47	35	33	45	66	61	9	15	62	20	54	62	52	39	69	34	35	41	7	56	26	27	64	53	22	38	36	20	28	35	10	3	57	28	36	37	56	71	26	28	26	12	69	4	47	29	17	40	49	46	25	20	
38	41	31	39	43	23	53	34	10	33	47	19	37	49	31	32	4	34	34	53	27	32	5	43	35	4	29	30	39	17	12	35	56	24	31	62	43	36	15	26	19	43	5	14	23	11	18	55	27	39	26	44	29	28	23	40	26	34	45	8	35	17	41	33	31	45	25	46	55	37	14	31	17	30	17	12	30	53	11	12	16	39	17	27	33	37	49	15	25	28	32	39	0	18	10	47	15	17	32	13	32	8	35	49	21	45	26	53	52	49	28	14	49	60	22	33	46	32	17	44	26	38	39	34	41	34	20	47	6	37	39	31	10	35	39	21	32	13	30	33	35	33	35	56	32	28	47	12	10	16	51	
55	25	18	41	26	24	35	38	14	40	29	23	44	42	12	47	15	16	22	35	33	20	14	28	31	15	32	11	28	30	27	29	48	27	17	58	44	22	32	10	31	28	23	17	9	29	2	39	8	43	41	41	36	12	6	22	13	46	42	11	50	34	24	39	41	44	40	33	45	20	32	14	23	39	33	30	21	48	17	10	35	23	18	20	49	22	48	34	14	24	21	21	18	0	11	46	9	16	42	25	32	15	30	49	39	27	13	49	33	43	40	32	35	56	26	33	34	14	34	28	23	44	37	26	29	34	10	31	14	18	21	37	8	25	27	34	49	5	26	18	16	47	18	43	29	18	34	30	24	12	32	
49	36	21	45	37	28	46	41	14	41	40	13	44	50	23	42	6	25	23	45	34	22	9	39	38	6	35	22	38	27	22	36	56	30	27	65	48	32	26	16	29	39	15	18	19	21	12	50	19	46	36	47	36	18	13	29	22	44	48	3	46	27	35	40	40	49	35	43	54	27	22	25	13	38	27	22	20	55	6	1	26	28	20	27	44	26	54	25	23	19	21	29	10	11	0	51	13	19	41	22	25	4	37	54	32	36	15	56	43	51	38	23	45	63	17	26	44	22	28	39	17	45	43	24	39	27	9	42	10	28	29	38	5	34	37	31	43	7	21	29	26	43	24	53	23	18	44	20	20	6	43	
51	42	63	10	45	24	52	15	38	20	50	65	20	16	48	45	49	52	68	58	22	66	44	39	14	49	18	46	25	36	41	18	21	22	35	16	5	32	43	55	34	34	47	33	38	50	44	46	47	14	41	6	22	56	51	63	35	32	6	49	43	45	44	19	27	2	40	29	26	63	57	41	63	26	42	50	68	12	56	52	55	66	31	26	45	65	2	54	32	70	67	62	47	46	51	0	38	32	26	36	77	53	16	4	49	62	60	9	58	14	33	55	33	14	68	78	27	56	46	43	68	17	8	72	27	79	56	43	43	52	59	19	47	26	27	37	48	46	72	36	50	41	61	32	74	65	29	55	40	56	56	
47	26	27	33	29	15	38	29	7	31	33	27	35	37	18	40	14	23	31	40	24	29	10	28	24	14	23	17	25	22	20	22	43	18	16	51	36	21	25	19	23	28	18	8	8	25	7	40	15	34	33	34	27	21	15	31	11	37	35	12	42	27	26	30	32	36	32	31	41	29	29	16	26	30	26	26	30	42	19	13	31	32	9	13	41	31	41	30	10	31	29	30	15	9	13	38	0	7	33	17	38	16	24	41	33	34	22	43	38	37	31	29	34	50	30	39	31	23	28	30	30	35	30	34	26	40	18	32	9	25	29	28	8	20	24	26	42	7	33	18	22	39	27	41	36	27	32	27	17	17	37	
43	28	34	26	31	8	41	22	7	24	36	33	28	32	23	36	18	28	38	43	17	36	13	29	18	18	16	21	22	18	18	17	38	11	17	45	29	20	23	26	19	27	20	4	12	25	14	41	20	27	29	27	20	28	22	37	12	31	29	17	37	25	29	23	25	29	28	29	38	36	31	20	32	23	23	26	37	36	24	20	31	39	2	10	37	38	34	30	9	38	37	36	17	16	19	32	7	0	26	13	45	21	18	34	31	40	29	37	42	32	26	30	32	44	36	46	29	29	26	31	36	28	23	41	24	47	25	34	12	29	35	21	15	18	22	22	38	14	40	19	27	35	34	39	43	34	30	29	15	24	41	
25	51	60	16	54	20	64	11	28	6	60	52	6	38	50	19	36	55	64	68	10	62	32	51	25	36	14	48	38	16	21	29	45	17	41	42	21	41	21	52	13	47	30	25	38	29	40	61	47	12	15	26	7	54	48	64	38	6	28	38	17	22	53	7	1	25	15	45	48	62	37	45	49	3	19	30	61	37	43	42	33	65	24	30	19	64	27	32	34	60	62	63	32	42	41	26	33	26	0	19	65	40	27	25	25	66	55	35	67	37	7	34	49	40	55	66	44	56	23	54	58	9	23	65	41	67	50	56	31	56	62	8	38	36	39	14	22	39	62	43	54	15	60	52	65	59	46	36	22	47	65	
30	42	41	27	45	15	55	22	10	20	49	32	24	42	35	23	16	40	45	57	14	43	13	43	27	16	18	34	34	5	5	28	49	14	31	52	32	34	9	34	7	41	11	10	25	13	23	55	32	26	16	34	16	37	31	47	26	22	36	19	25	11	42	20	18	34	15	42	50	45	21	33	29	17	9	14	42	44	24	23	19	48	12	23	24	46	38	18	23	40	43	47	13	25	22	36	17	13	19	0	45	20	28	38	17	52	36	44	55	41	16	18	45	50	35	46	41	39	12	45	38	25	29	46	37	47	31	48	12	42	46	19	19	31	35	9	24	20	42	33	40	22	43	51	45	40	43	19	3	28	54	
67	54	24	71	54	53	60	66	39	66	55	13	69	75	39	62	29	39	21	57	59	22	34	58	63	29	61	40	61	50	44	61	80	55	49	90	74	55	46	28	52	60	35	44	42	39	34	67	37	71	57	73	61	29	30	35	45	66	74	28	66	47	52	65	64	75	56	65	77	32	34	44	16	62	48	39	15	80	21	25	40	31	46	52	64	29	79	40	47	8	19	35	32	32	25	77	38	45	65	45	0	25	62	80	50	44	22	82	55	75	60	37	67	89	10	1	66	33	47	56	9	71	68	13	62	1	22	59	35	41	38	63	30	57	60	53	62	31	7	50	41	64	31	75	6	18	66	34	43	21	55	
46	40	24	45	41	29	50	41	14	40	44	12	44	53	27	39	4	30	26	50	34	25	8	43	40	4	35	26	41	25	20	38	59	30	31	67	49	36	23	20	27	43	12	19	23	17	16	54	24	46	34	48	36	22	18	33	26	42	50	4	43	24	39	40	39	50	33	47	57	31	17	29	10	37	25	18	22	57	3	5	22	32	21	29	41	30	55	21	26	20	24	33	8	15	4	53	16	21	40	20	25	0	39	55	29	40	18	58	48	53	36	19	49	65	15	26	47	27	25	43	18	45	44	26	42	26	13	46	10	33	34	38	8	37	40	29	40	11	22	33	31	41	29	57	24	21	48	16	18	8	47	
51	26	47	16	30	13	38	17	25	21	35	51	24	14	31	44	36	36	52	43	18	50	31	25	2	36	13	29	10	30	33	2	21	14	19	27	16	16	37	38	29	20	37	21	22	41	28	34	30	20	38	10	21	40	35	46	19	34	11	35	44	39	28	20	28	14	37	17	22	46	48	25	50	26	36	42	52	18	43	37	47	49	18	10	45	49	18	46	16	55	51	45	35	30	37	16	24	18	27	28	62	39	0	20	44	46	44	19	43	13	32	46	21	26	54	63	16	39	40	28	53	23	8	57	13	64	41	29	30	36	43	19	32	10	12	32	47	31	57	20	34	41	44	25	59	49	18	46	31	41	41	
50	46	67	10	49	26	56	15	40	19	54	67	19	20	51	44	51	56	71	62	23	69	46	43	18	51	19	50	29	37	42	22	24	24	39	17	5	36	44	58	35	38	49	36	42	51	47	50	50	13	40	10	22	60	54	67	39	31	10	52	42	45	48	18	26	6	40	33	30	66	58	45	65	25	42	51	71	15	58	54	55	69	33	30	44	69	2	55	35	73	70	66	49	49	54	4	41	34	25	38	80	55	20	0	49	66	63	11	62	18	32	56	37	15	71	81	31	59	46	47	71	16	12	76	31	81	59	48	45	56	63	19	49	30	31	37	47	48	75	40	54	40	65	36	77	68	33	57	41	59	60	
17	59	53	39	62	31	72	33	26	29	66	37	31	58	51	12	25	55	56	73	27	54	25	60	43	25	32	50	51	14	13	44	65	30	48	65	44	51	8	48	15	58	17	27	42	11	38	72	48	36	9	48	26	50	45	61	43	21	50	30	16	5	59	30	23	47	10	59	66	59	16	50	34	23	8	11	51	59	31	34	10	61	29	40	14	59	50	10	40	47	53	61	21	39	32	49	33	31	25	17	50	29	44	49	0	67	47	57	72	57	17	13	63	63	40	51	58	54	5	62	45	34	44	54	54	51	42	65	25	57	61	29	32	48	52	12	12	34	49	50	55	15	57	68	51	50	60	16	15	38	71	
82	21	20	61	18	46	19	60	41	63	15	42	66	50	16	75	42	11	23	13	56	22	41	25	48	42	54	18	37	57	55	44	53	50	27	68	62	30	59	20	58	29	50	42	27	57	28	28	19	64	68	56	59	18	22	9	28	71	56	38	77	61	18	61	66	60	67	36	47	12	58	21	44	63	60	58	29	57	40	35	62	13	42	37	76	15	64	61	32	36	25	9	45	27	36	62	34	40	66	52	44	40	46	66	67	0	24	61	11	52	66	59	34	67	43	44	38	13	62	21	36	66	54	31	35	45	28	23	41	10	6	59	35	36	35	61	76	32	37	26	12	74	13	42	38	26	36	57	52	33	12	
64	32	5	55	32	38	39	52	27	53	33	18	57	55	17	57	21	17	9	36	46	7	23	36	45	21	46	18	41	41	37	42	60	41	28	71	58	34	41	6	43	38	30	30	22	36	16	45	15	57	51	55	49	7	9	16	25	58	56	18	61	43	30	52	54	58	50	44	56	13	36	23	20	52	43	37	8	61	17	13	40	14	31	33	59	12	62	40	28	13	7	15	26	13	15	60	22	29	55	36	22	18	44	63	47	24	0	63	34	56	52	37	45	70	19	22	45	12	43	34	13	57	51	12	41	23	5	37	24	20	17	50	17	37	39	45	58	16	15	29	19	58	11	53	17	5	45	34	34	10	34	
60	40	65	19	43	30	49	24	43	29	48	70	29	11	49	54	55	53	70	56	30	68	50	37	18	55	25	47	24	44	48	20	13	29	36	8	14	31	51	57	42	32	54	39	41	57	47	41	48	23	50	9	31	58	54	63	37	41	8	54	52	53	42	28	36	10	49	26	20	64	65	42	69	35	50	58	71	4	61	56	62	67	36	29	54	67	8	61	35	74	70	62	53	49	56	9	43	37	35	44	82	58	19	11	57	61	63	0	56	9	42	62	29	7	73	82	24	57	54	41	72	26	14	76	25	83	60	41	48	52	60	28	51	26	25	45	57	50	76	36	50	50	62	26	78	68	26	63	47	60	54	
86	16	31	59	13	47	8	59	46	63	8	51	66	45	21	78	49	18	34	2	57	33	47	19	45	49	54	22	33	60	59	41	46	50	26	61	59	27	64	28	61	24	56	46	30	63	33	18	24	63	72	52	60	27	30	20	30	73	52	45	80	66	14	61	67	56	70	30	39	23	65	22	53	65	65	64	40	52	49	42	68	24	44	37	80	26	60	67	33	47	36	20	52	33	43	58	38	42	67	55	55	48	43	62	72	11	34	56	0	47	68	66	27	61	53	55	32	22	67	15	47	65	51	42	31	56	37	15	47	15	17	59	41	33	31	65	80	38	48	24	17	77	24	34	49	37	30	64	56	41	2	
62	31	58	21	34	26	40	25	39	30	39	64	32	2	41	55	50	45	63	47	30	61	45	28	14	50	25	39	15	43	46	14	8	27	28	15	17	23	50	50	42	23	51	35	33	55	41	32	41	26	50	10	31	51	46	55	30	43	8	49	54	52	33	29	37	13	49	17	12	55	62	34	63	36	49	56	64	5	56	50	60	59	32	23	55	59	15	59	28	67	62	54	49	43	51	14	37	32	37	41	75	53	13	18	57	52	56	9	47	0	42	60	20	14	68	76	15	49	53	32	66	29	13	68	16	77	53	32	44	44	51	28	46	18	17	45	58	44	70	28	42	51	54	18	72	61	17	60	44	54	45	
19	53	57	23	56	21	66	18	25	13	61	47	13	44	50	12	32	55	61	70	13	59	29	53	30	32	18	48	41	11	16	33	51	19	42	49	28	43	15	50	9	50	25	23	38	23	38	64	47	19	8	33	11	52	46	63	38	6	35	35	12	15	54	14	6	32	7	49	54	61	30	46	44	7	13	23	58	44	39	39	26	64	24	32	13	62	34	25	35	56	59	62	28	40	38	33	31	26	7	16	60	36	32	32	17	66	52	42	68	42	0	27	53	47	50	61	48	55	16	56	54	16	29	62	44	62	47	58	28	56	61	14	35	39	43	7	15	36	58	44	54	9	59	57	60	56	50	29	18	44	67	
30	55	43	46	57	33	67	40	23	37	61	24	40	61	45	25	17	48	45	68	33	44	19	57	46	17	37	44	52	19	14	46	67	33	45	71	51	49	12	39	21	56	10	26	37	5	32	69	41	44	21	53	33	41	37	53	40	33	55	21	29	12	55	38	33	53	21	59	68	50	3	45	21	32	14	4	39	63	20	24	3	51	29	40	27	49	57	3	38	35	42	52	14	32	23	55	29	30	34	18	37	19	46	56	13	59	37	62	66	60	27	0	62	69	27	38	59	46	11	59	33	42	48	42	54	38	32	61	19	51	53	36	24	48	52	20	25	27	37	47	49	28	48	69	38	39	60	3	15	27	65	
73	14	45	37	16	32	20	38	39	43	19	58	46	18	28	65	48	30	50	27	40	48	44	10	24	48	35	26	11	49	50	20	18	34	18	34	35	13	55	38	49	6	52	36	26	57	33	13	29	42	59	27	42	38	36	39	23	56	26	45	65	57	16	42	49	31	58	4	12	41	63	22	58	47	55	58	53	25	51	45	63	43	33	22	66	44	34	62	24	58	50	39	49	35	45	33	34	32	49	45	67	49	21	37	63	34	45	29	27	20	53	62	0	34	61	67	5	35	58	13	57	44	28	57	8	68	44	12	43	28	35	41	41	14	10	52	68	38	60	16	27	62	40	8	62	49	3	61	48	47	25	
65	46	72	24	49	36	54	29	50	34	53	77	34	16	55	59	62	60	77	61	36	75	57	42	25	62	32	54	30	50	55	27	16	36	42	2	19	38	57	64	49	37	61	46	48	64	54	46	55	28	55	16	36	65	61	70	44	46	15	61	57	59	48	33	41	15	54	31	23	70	71	49	76	40	56	65	78	9	68	63	69	73	43	36	59	73	13	68	42	81	77	69	60	56	63	14	50	44	40	50	89	65	26	15	63	67	70	7	61	14	47	69	34	0	80	89	29	63	60	46	79	31	21	83	31	90	67	46	55	58	66	33	58	33	32	51	62	57	83	42	57	55	69	29	85	75	31	69	54	67	59	
57	49	23	61	50	44	58	57	30	56	52	3	59	67	35	52	19	36	22	55	49	22	24	53	55	19	51	35	54	39	34	53	73	46	43	82	65	48	36	25	42	54	25	34	35	29	27	63	32	61	47	64	51	26	25	34	38	56	65	19	56	37	48	55	54	66	46	59	71	31	24	39	6	52	38	29	15	72	12	17	30	31	37	44	54	29	70	30	39	9	19	34	22	26	17	68	30	36	55	35	10	15	54	71	40	43	19	73	53	68	50	27	61	80	0	11	60	31	37	52	7	61	60	17	55	11	17	55	25	39	36	54	22	50	53	43	52	23	10	44	38	54	30	69	11	17	60	24	32	13	53	
68	54	24	71	54	54	61	67	40	67	55	14	70	75	39	63	30	39	21	57	60	22	34	58	64	30	61	40	62	50	45	62	81	56	49	91	75	55	47	29	53	60	36	44	42	40	35	67	38	72	58	73	62	29	30	35	46	67	75	29	67	48	53	66	65	76	57	66	78	32	35	45	17	63	49	40	15	81	22	26	41	31	47	53	65	29	80	41	48	8	19	35	33	33	26	78	39	46	66	46	1	26	63	81	51	44	22	82	55	76	61	38	67	89	11	0	67	33	48	57	10	72	69	13	62	1	23	60	36	42	38	64	31	58	61	54	63	32	7	51	41	65	31	76	6	18	67	35	43	21	55	
68	17	46	31	19	27	25	33	36	38	24	57	41	13	29	60	45	32	51	32	34	49	41	13	18	45	30	27	7	44	46	15	15	29	17	29	29	11	51	39	44	8	49	33	25	54	32	18	29	36	54	21	37	39	36	42	21	50	21	43	60	53	19	36	44	26	53	2	10	43	60	22	57	42	50	55	54	20	50	43	60	46	30	19	61	46	29	59	21	58	51	41	46	34	44	27	31	29	44	41	66	47	16	31	58	38	45	24	32	15	48	59	5	29	60	67	0	36	54	17	57	38	22	58	5	68	44	17	40	30	38	35	39	11	7	48	63	37	60	16	29	57	42	10	62	50	2	58	44	46	30	
69	21	10	53	21	37	27	51	29	53	21	29	57	48	8	62	29	5	15	24	46	13	28	25	41	29	45	9	33	45	42	37	52	40	21	64	54	26	46	6	46	29	37	31	18	43	16	33	9	56	56	50	49	5	9	8	20	60	50	24	65	48	19	52	55	53	55	35	47	7	45	14	31	53	48	44	18	54	27	21	48	10	31	29	64	9	58	48	24	25	15	7	32	14	22	56	23	29	56	39	33	27	39	59	54	13	12	57	22	49	55	46	35	63	31	33	36	0	49	23	25	57	47	22	33	34	14	26	28	8	7	50	22	30	31	49	64	19	26	21	8	62	5	44	28	15	36	43	39	19	22	
21	54	49	36	57	27	67	31	21	27	61	34	29	54	46	15	21	50	51	68	23	50	20	55	39	21	28	45	47	10	8	40	61	26	43	62	41	46	3	43	11	53	12	22	37	8	33	67	43	34	10	44	23	45	40	57	38	21	46	25	19	1	54	27	22	44	9	54	62	54	14	45	31	21	4	8	47	55	27	29	9	56	24	35	17	55	47	9	35	44	49	56	17	34	28	46	28	26	23	12	47	25	40	46	5	62	43	54	67	53	16	11	58	60	37	48	54	49	0	57	42	31	40	50	49	48	38	60	20	53	56	26	27	43	47	9	15	30	46	45	50	17	52	64	48	46	55	13	10	33	66	
75	3	34	44	2	34	10	45	36	49	7	50	52	30	17	67	42	18	38	15	44	36	39	4	31	42	40	17	18	50	49	26	31	37	14	47	44	13	54	28	50	9	49	35	21	55	27	11	20	49	61	37	47	27	27	26	19	60	37	39	68	56	4	48	54	41	59	15	25	28	59	14	51	52	54	56	42	37	45	38	61	31	33	24	68	32	45	60	22	48	39	26	44	28	39	43	30	31	54	45	56	43	28	47	62	21	34	41	15	32	56	59	13	46	52	57	17	23	57	0	47	51	36	46	16	58	35	3	39	15	22	46	35	18	16	54	69	32	49	12	15	65	28	21	51	39	15	57	47	39	13	
62	45	16	62	45	45	52	58	31	58	46	8	62	65	30	57	22	30	14	49	51	14	26	49	54	22	52	31	52	43	38	52	71	47	39	81	66	45	41	19	45	50	30	35	32	34	25	58	28	63	52	64	54	20	21	27	36	60	65	20	61	42	43	57	57	66	51	56	68	24	31	35	12	55	43	34	8	71	15	17	36	24	38	43	59	22	71	36	38	2	12	27	26	23	17	68	30	36	58	38	9	18	53	71	45	36	13	72	47	66	54	33	57	79	7	10	57	25	42	47	0	63	60	9	52	10	13	50	27	33	30	56	21	48	51	47	57	22	4	41	32	59	23	66	6	10	57	30	36	12	47	
34	49	62	8	52	20	61	6	31	5	57	57	3	31	50	28	41	55	66	66	11	64	37	47	20	41	12	48	33	23	29	24	37	17	39	33	12	38	30	54	21	43	37	27	39	37	42	57	48	3	25	19	9	56	50	65	37	15	21	43	26	31	50	5	10	16	24	40	41	64	45	44	55	10	28	38	65	29	49	46	41	67	26	28	28	66	18	40	33	65	65	64	38	44	45	17	35	28	9	25	71	45	23	16	34	66	57	26	65	29	16	42	44	31	61	72	38	57	31	51	63	0	17	69	36	72	53	52	35	55	62	7	41	32	35	22	31	41	67	41	53	24	62	46	69	62	41	43	29	51	63	
49	34	54	9	37	15	45	12	29	17	43	56	19	14	39	41	41	44	59	51	17	57	36	32	6	41	12	37	18	30	34	10	21	15	27	22	8	24	37	46	29	27	40	25	29	43	35	40	38	14	37	4	18	47	42	54	26	30	6	41	41	39	36	16	24	6	36	23	25	54	50	33	55	22	36	44	59	15	48	43	48	57	22	18	42	57	11	47	23	61	58	53	39	37	43	8	30	23	23	29	68	44	8	12	44	54	51	14	51	13	29	48	28	21	60	69	22	47	40	36	60	17	0	64	20	70	48	37	34	44	51	15	38	18	19	32	44	37	63	28	42	38	52	29	66	56	24	48	33	47	49	
71	43	12	67	43	50	48	64	37	64	43	18	68	68	29	65	30	27	8	44	57	9	33	48	58	30	58	30	53	51	46	55	72	52	41	84	70	46	49	19	53	50	38	41	35	43	28	56	28	69	60	67	60	18	22	22	38	68	68	27	69	50	42	64	64	70	59	56	68	19	40	35	21	62	51	43	4	74	23	23	45	18	43	46	67	16	75	45	41	7	6	22	34	26	24	72	34	41	65	46	13	26	57	76	54	31	12	76	42	68	62	42	57	83	17	13	58	22	50	46	9	69	64	0	53	14	16	48	34	30	25	62	27	50	52	55	66	27	7	41	30	67	18	66	7	7	57	39	44	18	42	
64	15	42	29	18	23	25	30	31	35	23	52	38	15	25	56	40	28	47	31	31	45	36	12	15	40	26	23	2	40	41	12	19	25	12	32	28	7	46	34	40	7	44	28	20	49	27	20	25	34	50	21	34	35	32	38	16	47	21	38	56	48	17	33	41	25	49	5	15	39	55	18	52	39	46	50	49	22	45	38	55	42	25	14	57	42	29	54	16	53	47	38	41	29	39	27	26	24	41	37	62	42	13	31	54	35	41	25	31	16	44	54	8	31	55	62	5	33	49	16	52	36	20	53	0	63	39	16	35	27	34	32	34	6	2	43	59	31	55	12	25	54	38	15	57	46	6	53	39	41	29	
68	55	25	72	55	55	61	68	41	67	56	14	71	76	40	63	30	40	22	58	60	23	35	59	65	30	62	41	63	51	45	62	82	57	50	91	76	56	47	30	53	61	37	45	43	40	36	68	38	72	58	74	63	30	31	36	47	68	75	29	67	48	54	67	65	76	57	67	79	33	35	46	17	64	49	40	16	82	23	27	41	32	48	53	65	30	81	41	48	9	20	36	34	34	27	79	40	47	67	47	1	26	64	81	51	45	23	83	56	77	62	38	68	90	11	1	68	34	48	58	10	72	70	14	63	0	23	61	36	43	39	65	32	59	61	54	63	33	8	51	42	65	32	76	7	19	68	35	44	22	56	
59	32	11	51	33	34	41	48	22	48	35	15	52	53	18	52	16	19	14	39	41	12	18	36	42	16	42	18	39	36	32	39	58	36	26	68	54	32	36	8	38	38	25	25	19	31	12	46	15	53	46	51	44	9	8	20	23	53	53	12	55	37	31	48	49	54	45	43	55	17	31	22	16	47	37	31	11	58	12	8	35	19	27	30	54	17	59	35	25	14	12	20	20	10	9	56	18	25	50	31	22	13	41	59	42	28	5	60	37	53	47	32	44	67	17	23	44	14	38	35	13	53	48	16	39	23	0	38	19	22	21	46	12	35	38	40	53	11	16	28	21	53	15	53	18	9	44	29	29	5	36	
77	6	36	46	5	36	8	46	39	51	7	53	54	30	20	69	45	21	41	15	46	39	42	5	32	45	42	20	19	52	52	28	31	39	17	46	45	14	57	31	52	9	51	38	24	57	30	8	23	50	63	38	49	30	30	29	21	62	37	42	70	59	7	49	56	42	62	15	24	30	62	17	54	53	57	58	45	37	48	41	63	33	36	26	70	34	45	62	24	51	42	28	47	31	42	43	32	34	56	48	59	46	29	48	65	23	37	41	15	32	58	61	12	46	55	60	17	26	60	3	50	52	37	48	16	61	38	0	42	18	24	48	38	20	17	56	72	35	52	14	18	67	30	19	54	41	15	60	49	42	13	
41	36	29	35	38	19	47	31	5	31	42	22	34	44	26	34	6	30	33	48	24	31	1	38	30	6	25	25	33	17	13	29	50	20	25	57	39	30	18	23	19	37	9	9	18	16	13	49	22	36	27	39	26	25	19	36	20	34	40	7	37	20	35	30	30	41	26	40	50	34	20	25	20	28	19	17	30	48	13	11	21	36	12	21	35	35	45	21	19	29	31	35	6	14	10	43	9	12	31	12	35	10	30	45	25	41	24	48	47	44	28	19	43	55	25	36	40	28	20	39	27	35	34	34	35	36	19	42	0	32	35	28	7	29	33	21	35	9	31	27	30	34	32	50	33	28	41	18	10	16	46	
72	14	18	51	13	36	19	49	32	52	13	37	56	42	6	65	34	3	22	17	46	21	32	18	38	34	43	8	28	47	45	34	45	39	17	59	52	20	50	14	48	22	42	32	17	48	19	25	9	54	58	46	49	13	14	11	18	61	46	30	67	52	12	51	55	50	57	28	40	12	50	11	38	53	51	49	27	49	33	27	53	15	32	27	66	16	54	53	22	33	23	10	37	18	28	52	25	29	56	42	41	33	36	56	57	10	20	52	15	44	56	51	28	58	39	42	30	8	53	15	33	55	44	30	27	43	22	18	32	0	7	49	26	26	26	51	67	23	34	16	2	64	12	36	36	23	29	48	42	26	14	
76	21	14	58	19	42	23	56	36	58	18	35	62	50	12	69	36	7	17	19	52	16	35	25	45	36	50	14	36	51	49	41	53	45	24	67	59	28	53	13	53	29	44	37	23	50	22	31	14	61	63	53	55	11	16	4	25	66	54	31	72	55	19	57	61	57	61	36	48	6	52	18	37	59	54	51	23	57	34	28	55	8	37	34	71	9	61	55	29	30	19	3	39	21	29	59	29	35	62	46	38	34	43	63	61	6	17	60	17	51	61	53	35	66	36	38	38	7	56	22	30	62	51	25	34	39	21	24	35	7	0	55	29	33	34	56	71	26	31	23	9	69	7	43	32	20	36	50	46	26	17	
33	43	55	9	47	13	56	4	24	3	52	50	7	30	43	26	34	48	59	60	4	57	29	43	17	34	5	41	29	17	22	20	37	10	33	35	14	33	24	47	15	39	30	20	32	31	35	53	41	7	22	19	3	49	43	58	31	15	21	35	25	26	45	2	8	18	21	36	40	57	39	38	48	7	22	32	57	30	42	39	36	60	19	22	26	59	20	35	26	57	57	57	31	37	38	19	28	21	8	19	63	38	19	19	29	59	50	28	59	28	14	36	41	33	54	64	35	50	26	46	56	7	15	62	32	65	46	48	28	49	55	0	34	27	31	17	29	34	60	35	47	23	55	43	62	55	37	37	22	44	58	
48	32	22	40	33	23	43	36	10	37	37	18	41	45	20	41	7	24	26	43	30	24	6	35	33	7	30	19	33	24	20	31	51	25	23	60	44	28	25	16	26	35	15	13	15	21	8	46	17	41	35	42	32	18	12	29	18	41	43	4	44	26	31	36	37	44	33	39	49	27	24	21	17	35	26	22	23	50	10	5	27	29	16	22	43	27	49	26	18	23	24	28	10	8	5	47	8	15	38	19	30	8	32	49	32	35	17	51	41	46	35	24	41	58	22	31	39	22	27	35	21	41	38	27	34	32	12	38	7	26	29	34	0	29	32	28	42	3	25	25	24	41	25	49	28	21	40	22	18	9	40	
58	16	39	26	19	17	28	26	25	30	25	47	34	17	22	50	34	27	44	33	26	42	30	15	12	34	22	21	4	34	35	8	23	20	9	34	26	6	40	31	34	11	38	22	15	43	23	25	22	30	44	20	29	32	28	37	12	42	20	32	51	42	18	29	36	24	43	11	20	37	49	16	47	33	40	44	46	23	39	33	49	40	19	8	51	40	28	48	10	49	44	36	35	25	34	26	20	18	36	31	57	37	10	30	48	36	37	26	33	18	39	48	14	33	50	58	11	30	43	18	48	32	18	50	6	59	35	20	29	26	33	27	29	0	4	38	53	26	51	10	24	48	36	21	53	42	12	47	33	36	31	
62	15	41	28	18	21	26	29	29	34	23	50	37	16	23	54	38	27	46	31	29	44	34	12	14	38	25	22	2	38	40	10	20	23	11	33	27	5	44	33	38	8	42	26	18	47	25	21	24	33	48	21	32	34	30	38	14	46	21	36	55	46	17	32	39	25	47	7	17	38	53	17	50	37	44	48	48	22	43	36	53	41	23	12	55	41	29	52	14	52	46	37	39	27	37	27	24	22	39	35	60	40	12	31	52	35	39	25	31	17	43	52	10	32	53	61	7	31	47	16	51	35	19	52	2	61	38	17	33	26	34	31	32	4	0	42	57	30	54	10	25	52	37	17	56	44	8	51	37	39	29	
21	51	51	27	53	20	63	21	20	17	58	39	20	46	45	13	25	50	54	66	15	52	22	51	31	25	20	43	41	4	9	33	53	18	39	53	32	41	7	44	3	48	17	19	34	15	33	62	42	24	7	36	14	46	40	57	35	13	38	28	15	8	51	18	12	35	5	48	55	55	23	42	37	12	5	16	51	47	32	32	19	58	20	30	15	56	38	18	31	49	52	56	21	34	31	37	26	22	14	9	53	29	32	37	12	61	45	45	65	45	7	20	52	51	43	54	48	49	9	54	47	22	32	55	43	54	40	56	21	51	56	17	28	38	42	0	15	30	51	41	49	13	53	57	53	49	49	22	11	37	63	
5	66	64	38	69	35	79	33	35	28	74	49	28	59	60	3	37	65	67	82	28	65	35	67	45	37	33	59	56	19	21	47	66	33	55	64	43	57	17	58	19	64	28	34	50	23	48	78	57	34	8	48	26	60	55	72	50	16	50	40	6	15	67	29	21	47	10	63	69	69	28	58	46	22	16	23	62	59	42	44	22	72	36	46	3	70	49	22	47	59	64	71	32	49	43	48	42	38	22	24	62	40	47	47	12	76	58	57	80	58	15	25	68	62	52	63	63	64	15	69	57	31	44	66	59	63	53	72	35	67	71	29	42	53	57	15	0	44	61	57	64	7	67	72	63	61	64	28	24	49	79	
50	29	21	40	30	22	40	36	11	37	34	20	41	43	17	43	10	21	25	40	30	23	9	32	31	10	30	16	30	26	22	29	49	25	20	58	43	25	27	13	27	32	18	14	12	24	5	43	13	41	37	41	33	16	10	27	15	42	42	7	46	29	28	36	38	43	35	36	47	25	27	18	20	36	28	25	23	48	13	6	30	27	15	20	45	25	48	29	16	24	23	26	13	5	7	46	7	14	39	20	31	11	31	48	34	32	16	50	38	44	36	27	38	57	23	32	37	19	30	32	22	41	37	27	31	33	11	35	9	23	26	34	3	26	30	30	44	0	26	22	21	43	22	46	28	20	37	25	20	10	37	
66	47	17	66	47	49	53	62	35	62	48	12	66	69	32	61	26	32	14	50	55	15	30	51	58	26	56	33	55	47	42	55	74	51	43	84	69	48	45	21	49	53	34	39	36	38	29	60	30	67	56	67	58	22	23	28	39	64	69	24	65	46	45	62	61	70	55	59	71	25	34	38	15	59	47	38	8	74	19	21	40	24	42	46	63	22	74	40	41	2	12	28	30	26	21	72	33	40	62	42	7	22	57	75	49	37	15	76	48	70	58	37	60	83	10	7	60	26	46	49	4	67	63	7	55	8	16	52	31	34	31	60	25	51	54	51	61	26	0	44	34	63	24	68	2	11	60	33	40	16	48	
63	9	30	35	12	23	21	34	24	38	17	41	42	26	13	55	32	17	35	25	32	33	28	10	22	32	29	11	12	37	37	18	31	26	2	43	36	5	42	22	38	10	37	23	10	43	17	22	13	39	48	30	35	23	20	27	7	48	30	29	56	44	10	37	42	34	47	15	27	27	47	6	41	40	42	44	37	33	35	28	49	30	21	12	56	30	38	48	10	42	35	26	33	18	29	36	18	19	43	33	50	33	20	40	50	26	29	36	24	28	44	47	16	42	44	51	16	21	45	12	41	41	28	41	12	51	28	14	27	16	23	35	25	10	10	41	57	22	44	0	14	53	26	25	46	34	16	45	34	30	22	
70	13	18	49	13	34	20	47	29	50	14	36	54	41	4	63	32	2	23	18	43	21	30	17	36	32	41	5	26	45	43	32	44	37	15	58	50	19	48	13	46	21	40	30	15	46	17	25	7	52	56	44	47	12	13	13	16	59	45	28	65	50	11	49	53	48	55	27	39	13	48	9	37	51	48	47	26	47	32	25	51	16	29	25	64	17	52	51	20	32	23	12	35	16	26	50	22	27	54	40	41	31	34	54	55	12	19	50	17	42	54	49	27	57	38	41	29	8	50	15	32	53	42	30	25	42	21	18	30	2	9	47	24	24	25	49	64	21	34	14	0	62	12	36	36	23	28	47	40	25	16	
10	62	64	31	65	31	75	26	33	21	70	51	21	53	58	4	37	63	67	78	22	65	35	63	39	37	27	56	51	17	21	42	60	28	51	57	36	53	18	57	16	59	29	31	47	25	46	74	55	27	7	41	20	59	53	70	47	9	43	40	2	17	63	22	14	40	8	58	63	68	31	55	48	15	16	25	63	52	44	44	26	71	32	41	4	69	42	25	43	61	65	69	33	47	43	41	39	35	15	22	64	41	41	40	15	74	58	50	77	51	9	28	62	55	54	65	57	62	17	65	59	24	38	67	54	65	53	67	34	64	69	23	41	48	52	13	7	43	63	53	62	0	66	66	65	61	59	31	23	49	76	
73	26	7	58	25	42	30	56	33	58	24	29	62	53	13	66	31	9	10	26	51	9	31	30	46	31	50	15	38	49	45	43	57	45	26	70	60	31	50	8	50	33	40	35	23	46	20	37	14	61	60	55	54	6	12	5	25	64	56	27	69	51	24	57	59	59	58	40	52	2	46	20	31	57	51	47	16	59	28	23	50	5	36	34	68	4	63	50	29	23	12	4	35	18	24	61	27	34	60	43	31	29	44	65	57	13	11	62	24	54	59	48	40	69	30	31	42	5	52	28	23	62	52	18	38	32	15	30	32	12	7	55	25	36	37	53	67	22	24	26	12	66	0	48	25	13	41	45	42	20	24	
76	22	54	38	24	37	25	41	46	46	27	66	48	15	36	69	55	38	59	33	43	57	51	18	26	55	38	35	17	54	56	24	13	38	26	29	35	20	61	47	54	15	59	43	34	64	42	17	38	43	63	27	46	47	45	48	31	59	26	53	69	63	24	44	52	31	62	10	6	49	70	30	66	51	60	65	62	21	59	53	70	52	40	29	70	53	33	69	31	67	59	47	56	43	53	32	41	39	52	51	75	57	25	36	68	42	53	26	34	18	57	69	8	29	69	76	10	44	64	21	66	46	29	66	15	76	53	19	50	36	43	43	49	21	17	57	72	46	68	25	36	66	48	0	70	58	9	68	54	55	32	
68	49	18	68	49	51	55	64	38	64	49	14	68	71	34	63	28	33	15	51	57	16	32	53	60	28	59	35	57	49	44	58	76	53	45	87	72	50	47	23	51	55	36	42	38	40	31	61	32	69	58	70	60	23	25	29	41	66	71	26	67	48	47	64	63	72	57	61	73	26	36	39	17	62	49	40	9	77	21	23	41	25	44	48	65	23	77	41	43	4	13	29	32	29	23	74	36	43	65	45	6	24	59	77	51	38	17	78	49	72	60	38	62	85	11	6	62	28	48	51	6	69	66	7	57	7	18	54	33	36	32	62	28	53	56	53	63	28	2	46	36	65	25	70	0	12	62	35	42	18	49	
67	36	6	60	36	43	42	57	31	57	36	17	61	60	21	60	24	20	5	39	50	5	27	40	50	24	50	23	45	45	40	47	65	45	33	76	63	38	44	11	47	43	33	34	27	39	21	49	20	62	55	60	53	11	14	17	30	62	61	21	64	45	34	57	58	63	53	49	61	14	37	27	19	56	46	39	3	66	19	17	42	14	36	38	62	12	67	42	33	10	3	17	28	18	18	65	27	34	59	40	18	21	49	68	50	26	5	68	37	61	56	39	49	75	17	18	50	15	46	39	10	62	56	7	46	19	9	41	28	23	20	55	21	42	44	49	61	20	11	34	23	61	13	58	12	0	50	36	38	12	37	
69	15	46	33	18	29	23	35	37	40	22	57	43	15	28	62	46	31	50	30	36	48	42	11	20	46	32	27	8	46	48	17	16	31	17	31	31	11	52	38	46	7	50	34	25	55	32	16	29	38	56	24	39	39	36	41	21	52	23	43	62	54	17	38	46	28	55	1	11	42	61	22	57	44	52	56	53	22	50	43	61	45	31	20	63	45	31	60	22	58	51	40	47	34	44	29	32	30	46	43	66	48	18	33	60	36	45	26	30	17	50	60	3	31	60	67	2	36	55	15	57	41	24	57	6	68	44	15	41	29	36	37	40	12	8	49	64	37	60	16	28	59	41	9	62	50	0	59	45	46	28	
33	54	40	46	55	33	65	41	22	38	59	21	41	60	42	28	14	46	42	65	33	41	17	56	45	14	37	42	51	20	15	45	67	33	43	71	51	48	14	36	22	55	9	25	36	6	30	67	39	45	24	53	34	38	34	50	38	35	55	18	32	14	53	39	34	54	23	58	67	47	2	43	18	33	16	5	36	63	17	22	6	48	28	39	30	46	57	6	37	32	39	49	12	30	20	55	27	29	36	19	34	16	46	57	16	57	34	63	64	60	29	3	61	69	24	35	58	43	13	57	30	43	48	39	53	35	29	60	18	48	50	37	22	47	51	22	28	25	33	45	47	31	45	68	35	36	59	0	15	24	63	
30	43	40	31	46	18	56	26	10	24	50	29	27	45	36	23	14	40	43	58	18	41	11	45	30	14	21	34	37	7	2	31	52	18	32	55	36	36	7	34	9	43	7	11	26	10	23	56	32	30	17	37	19	36	30	47	27	24	39	17	26	10	44	24	21	38	15	44	53	45	17	34	26	20	8	11	40	48	21	21	16	47	14	25	25	45	42	15	25	38	41	46	10	24	20	40	17	15	22	3	43	18	31	41	15	52	34	47	56	44	18	15	48	54	32	43	44	39	10	47	36	29	33	44	39	44	29	49	10	42	46	22	18	33	37	11	24	20	40	34	40	23	42	54	42	38	45	15	0	26	55	
55	36	15	50	37	33	45	46	19	46	39	11	50	54	22	48	12	23	18	43	39	16	15	39	42	12	40	22	40	33	28	40	59	35	29	69	53	34	32	13	35	40	21	23	21	26	13	50	19	51	42	51	42	14	12	25	25	50	53	9	51	33	35	46	46	54	41	45	57	22	26	25	12	44	33	27	14	59	7	5	30	24	25	31	50	22	58	30	26	13	15	25	16	12	6	56	17	24	47	28	21	8	41	59	38	33	10	60	41	54	44	27	47	67	13	21	46	19	33	39	12	51	47	18	41	22	5	42	16	26	26	44	9	36	39	37	49	10	16	30	25	49	20	55	18	12	46	24	26	0	41	
84	14	31	57	11	45	7	57	44	61	6	51	64	43	20	77	48	17	34	2	55	33	46	17	43	48	52	21	31	59	58	39	44	48	24	59	57	25	63	28	60	22	55	44	29	62	32	16	23	61	70	50	58	27	29	20	28	71	50	44	78	65	13	59	65	54	69	28	37	23	64	21	53	63	63	62	40	50	48	41	67	25	43	35	78	26	58	66	32	47	36	20	51	32	43	56	37	41	65	54	55	47	41	60	71	12	34	54	2	45	67	65	25	59	53	55	30	22	66	13	47	63	49	42	29	56	36	13	46	14	17	58	40	31	29	63	79	37	48	22	16	76	24	32	49	37	28	63	55	41	0	

