2  150
14	76	24	49	8	55	12	95	6	87	62	38	89	3	11	38	36	46	28	44	85	15	44	17	18	3	5	2	19	47	85	83	71	47	79	14	22	84	32	70	97	87	82	100	91	78	99	40	12	50	8	53	6	2	50	58	45	88	89	21	4	9	11	68	97	97	31	87	22	17	39	86	64	55	16	72	5	93	50	8	19	62	65	41	64	55	19	23	65	2	63	35	11	89	30	46	39	13	43	98	46	74	1	60	88	70	46	35	13	23	63	72	99	80	22	64	16	33	3	78	5	91	16	99	94	51	72	46	34	11	98	30	69	50	55	8	40	44	68	22	40	21	2	61	84	35	17	32	57	70	
21	92	80	27	54	26	48	37	35	2	8	32	90	18	7	20	3	51	85	13	95	22	48	19	99	11	97	84	4	7	26	80	58	38	100	13	97	77	7	68	82	49	81	47	33	52	19	37	10	12	74	42	56	73	45	26	48	58	50	11	53	5	99	55	63	92	63	78	81	69	47	42	42	25	60	57	53	75	2	32	10	20	51	26	95	68	75	31	11	43	48	29	49	95	95	65	51	31	58	80	58	73	83	37	9	73	44	88	95	81	95	12	1	5	51	86	71	54	25	99	16	9	85	80	94	98	74	57	5	37	64	5	95	11	73	8	44	38	25	96	16	19	78	66	47	99	100	73	59	31	
1678	5570	4081	229	3532	2530	288	6760	2568	4324	5203	7191	3852	4924	5667	4323	949	6551	5276	5012	6048	4748	6775	6849	5184	4419	5826	2886	849	4700	3820	3737	2519	5951	6446	5552	723	6524	795	7481	1255	5366	4363	7157	6143	446	7375	3290	3068	6515	6105	949	6316	246	758	3950	2339	2526	6581	4796	6919	4755	3929	1308	5049	1108	2608	5689	2889	4979	4659	644	160	6059	3654	2028	567	7069	5831	3818	2727	7175	2530	2140	7252	4057	5908	803	4793	878	2892	1369	3056	685	6412	6849	5456	4337	6699	4813	6830	1906	1712	3722	887	3458	6324	6279	5170	2318	3265	1086	1356	6111	3676	5421	5307	6338	1460	1958	758	6890	4176	3468	3233	4595	6629	6339	2955	4952	488	7327	1197	3412	5299	890	613	437	5608	4811	7498	3069	3067	1681	3409	6722	1207	410	3685	6792	
0	79	66	72	48	22	71	88	29	38	72	69	60	11	45	35	34	11	51	72	85	73	79	49	68	41	63	13	33	61	71	55	88	54	61	9	50	33	17	9	66	33	36	47	70	57	37	33	32	45	54	8	37	71	98	66	28	66	94	85	42	70	67	68	39	38	19	37	13	67	58	7	50	45	66	13	62	64	45	40	51	49	66	77	41	34	52	78	20	12	70	45	87	74	89	70	52	82	41	81	51	11	23	25	72	95	51	30	25	65	61	52	55	49	75	16	66	58	69	44	41	56	32	35	76	45	37	40	62	61	37	72	87	48	55	65	67	42	46	81	54	35	25	23	16	63	16	10	37	75	32	
79	0	38	12	34	63	46	9	53	46	7	56	33	68	33	60	46	70	29	35	6	36	1	34	24	38	36	72	54	64	34	32	22	62	21	69	30	46	64	74	25	46	45	40	43	39	63	46	50	37	39	71	56	25	23	12	51	49	17	9	39	27	59	17	54	45	63	53	67	12	53	71	45	36	54	66	35	17	45	51	38	48	61	15	47	59	38	34	64	66	43	44	8	28	15	53	27	4	39	10	42	73	56	54	13	21	28	48	55	57	36	28	32	61	14	69	54	26	18	37	38	44	47	43	32	42	47	38	30	28	43	19	16	39	33	25	31	64	59	6	29	48	61	56	65	65	62	69	42	5	52	
66	38	0	26	44	61	73	45	37	29	34	79	55	55	34	66	46	55	25	65	44	65	39	20	52	32	3	66	58	83	62	49	59	78	21	59	39	37	59	66	52	43	47	20	70	59	70	36	51	25	12	62	63	55	61	32	47	73	55	47	44	56	82	21	63	29	59	60	60	31	73	61	16	25	77	54	5	39	21	60	16	62	83	24	25	65	54	66	46	57	70	21	45	59	53	78	31	37	45	47	58	66	51	43	45	59	31	41	42	79	59	40	49	74	48	64	77	44	47	44	34	11	41	40	63	53	52	37	53	12	33	19	54	52	14	50	57	73	71	34	18	52	61	48	50	85	54	56	42	33	54	
72	12	26	0	33	59	52	19	44	37	10	61	37	61	28	59	41	63	21	43	18	43	13	24	30	31	24	67	52	68	41	33	33	64	11	63	28	39	60	69	31	41	41	30	49	42	63	39	46	28	27	65	55	33	35	10	46	55	29	21	36	34	64	5	54	36	59	52	62	9	57	65	34	27	59	60	23	19	34	51	27	49	66	6	37	58	39	43	56	60	49	33	19	36	27	59	21	11	37	21	43	68	51	47	21	33	22	42	47	62	41	27	33	62	23	64	59	27	24	35	32	32	41	38	40	42	45	33	34	16	35	7	28	39	22	30	37	64	60	9	19	46	57	50	57	69	56	62	38	7	49	
48	34	44	33	0	29	32	42	30	28	27	36	15	39	11	26	13	42	19	28	39	29	33	25	20	16	41	39	19	38	26	8	40	33	25	38	5	21	31	41	18	16	12	30	29	16	30	22	16	22	36	39	22	24	50	23	20	30	46	38	5	23	37	31	21	27	30	19	35	24	28	40	38	21	33	37	39	17	34	18	32	18	38	39	33	25	10	32	38	35	29	33	41	27	41	35	13	38	6	33	13	40	24	27	25	47	13	19	28	35	18	6	8	30	27	35	33	9	21	3	14	42	18	15	29	9	13	12	15	33	20	37	38	7	31	17	21	31	27	38	26	14	26	25	37	40	31	39	11	32	17	
22	63	61	59	29	0	49	71	27	33	56	46	39	19	31	13	17	22	39	50	68	51	62	41	48	30	58	10	10	39	49	34	68	32	49	15	32	23	6	14	45	19	18	41	47	35	15	25	13	36	49	14	14	50	79	50	14	43	75	67	24	49	45	56	16	33	4	15	10	51	35	16	47	36	43	18	55	46	42	17	45	26	44	64	38	12	31	56	26	13	47	41	70	53	70	47	37	66	23	62	29	12	9	20	54	76	36	19	22	43	39	34	34	27	56	7	43	38	50	25	28	53	20	22	54	24	16	26	41	53	27	61	67	27	47	44	46	20	24	66	45	15	3	13	21	41	11	18	21	60	11	
71	46	73	52	32	49	0	49	61	60	43	11	17	66	43	37	42	69	49	10	46	10	44	56	22	48	69	59	38	23	12	24	34	25	51	63	35	52	54	63	21	46	40	61	2	16	38	53	41	54	66	62	34	20	46	42	48	7	46	42	36	18	15	54	32	59	52	33	58	43	16	64	69	53	10	63	67	33	65	31	63	22	18	58	65	38	22	14	68	60	2	64	48	17	41	8	42	50	36	37	21	61	50	57	32	44	43	50	59	14	13	34	24	27	31	56	10	28	28	34	46	72	49	46	15	28	36	43	19	60	51	59	37	26	60	22	15	34	28	52	55	37	45	53	65	23	57	65	42	47	39	
88	9	45	19	42	71	49	0	62	55	16	59	39	77	42	67	54	79	39	38	3	38	9	43	29	47	43	81	62	69	37	39	19	68	30	78	38	55	73	83	31	55	53	49	46	45	71	55	58	46	47	80	63	29	16	21	60	53	10	6	47	31	63	25	62	55	72	60	76	21	59	80	53	45	58	75	42	25	54	59	47	54	66	21	56	67	44	36	73	75	46	53	1	31	10	57	36	8	48	11	48	82	65	63	19	14	37	57	64	61	42	37	39	67	18	77	58	33	24	45	47	52	56	52	34	50	55	47	36	36	52	26	13	46	42	31	35	71	65	11	38	56	69	65	74	70	71	78	51	13	60	
29	53	37	44	30	27	61	62	0	8	46	63	45	18	21	36	19	19	23	58	59	59	53	20	49	15	34	29	29	60	56	38	67	54	33	22	28	9	23	29	48	15	21	17	59	45	41	8	22	16	25	25	35	53	74	40	15	58	69	60	25	52	63	40	36	8	24	33	23	41	53	24	21	17	60	17	32	41	16	34	21	42	63	48	12	35	39	62	11	20	59	16	61	57	65	63	26	55	25	57	40	29	17	7	50	71	25	11	5	61	48	31	38	49	53	28	60	38	48	27	16	27	12	15	59	33	26	18	45	32	10	43	64	35	25	46	51	45	45	53	25	26	28	13	13	63	17	19	19	48	26	
38	46	29	37	28	33	60	55	8	0	39	64	43	26	18	41	22	27	17	56	53	57	46	12	46	12	26	37	33	63	54	36	62	57	26	30	26	10	30	37	45	17	23	9	58	44	45	9	26	9	17	33	38	50	68	34	20	58	63	54	24	50	64	32	39	1	31	36	31	34	54	32	13	10	60	25	24	36	8	37	13	43	65	40	5	39	38	60	19	28	58	8	55	54	59	63	21	48	25	51	40	37	23	14	45	66	20	15	13	62	46	28	36	52	48	35	60	35	43	26	14	19	14	15	57	34	29	16	43	24	8	35	58	35	17	43	49	49	48	46	17	29	34	19	21	65	25	27	19	42	29	
72	7	34	10	27	56	43	16	46	39	0	52	28	61	26	53	38	63	23	33	13	33	7	28	20	31	32	65	47	59	31	26	25	57	15	62	23	39	57	67	21	39	38	34	40	34	57	39	43	30	34	64	49	23	29	5	44	46	23	14	31	24	55	13	48	39	56	46	60	5	49	64	39	29	50	59	31	11	39	45	32	42	57	15	41	52	32	33	57	59	40	38	15	26	19	50	19	10	32	13	36	66	49	47	11	26	21	41	48	53	32	21	26	55	13	62	50	20	15	30	31	40	40	36	30	36	40	31	25	24	36	17	20	33	28	21	27	58	53	11	24	41	54	48	58	61	55	61	35	5	45	
69	56	79	61	36	46	11	59	63	64	52	0	24	65	48	33	43	68	55	21	57	21	54	61	31	52	76	56	37	13	22	30	45	17	58	61	40	54	52	60	30	47	41	66	13	20	32	55	41	59	72	60	32	30	57	51	48	6	57	53	39	28	4	62	30	63	50	32	56	51	11	62	74	58	3	63	74	42	70	30	68	21	7	67	69	34	26	25	68	59	13	69	58	28	52	3	49	60	39	48	23	58	50	58	42	55	49	51	60	4	20	39	30	21	42	52	3	35	37	38	50	78	50	48	26	29	36	47	27	67	55	68	48	29	67	31	25	28	23	62	61	37	43	53	65	13	56	64	44	57	39	
60	33	55	37	15	39	17	39	45	43	28	24	0	52	25	31	27	55	31	13	36	14	32	38	10	31	52	49	28	31	11	7	30	29	33	51	17	36	43	53	8	30	25	43	15	6	33	37	28	36	48	51	27	12	42	26	33	18	39	33	20	10	27	38	25	42	41	24	47	27	20	52	51	35	22	50	50	17	48	22	45	15	29	43	48	30	7	18	53	48	15	47	38	14	34	23	25	37	20	28	10	51	37	41	20	39	25	34	43	25	4	16	7	28	21	46	22	10	15	18	29	55	33	30	15	15	23	27	3	43	35	43	31	11	43	8	7	32	26	39	37	24	36	39	51	32	44	52	26	33	28	
11	68	55	61	39	19	66	77	18	26	61	65	52	0	35	32	25	3	39	65	75	66	68	38	60	30	52	14	28	58	64	46	79	51	50	5	40	22	13	12	58	23	27	35	64	50	35	22	25	34	43	8	33	63	88	56	19	61	84	74	33	62	64	57	35	26	15	33	10	56	54	6	39	34	62	2	50	54	34	35	39	44	63	66	30	31	45	70	9	6	64	34	77	66	79	66	41	71	33	71	45	13	15	14	63	85	40	20	14	62	54	42	46	46	66	15	62	49	60	35	30	45	21	25	68	38	30	30	54	50	26	61	77	41	43	56	60	40	43	70	43	28	22	13	5	61	9	1	28	65	26	
45	33	34	28	11	31	43	42	21	18	26	48	25	35	0	32	14	37	8	38	39	39	33	14	28	6	30	39	25	49	36	18	45	44	18	36	8	13	31	41	27	13	14	18	40	27	37	13	19	11	24	38	29	32	53	20	18	42	48	39	10	32	49	25	29	17	31	26	34	21	39	38	26	10	44	33	28	19	22	26	20	29	50	33	22	31	21	42	31	33	40	21	41	36	44	47	6	36	11	36	25	40	23	21	28	50	5	15	22	47	29	10	18	40	31	36	44	17	26	10	5	30	13	10	39	19	18	5	25	23	10	30	42	19	20	25	31	39	37	35	15	19	30	22	31	51	29	35	10	30	22	
35	60	66	59	26	13	37	67	36	41	53	33	31	32	32	0	20	35	41	41	64	41	59	45	41	34	62	22	8	26	40	28	61	19	50	28	31	30	19	26	38	23	19	47	36	26	4	32	15	41	55	27	4	43	72	49	21	31	70	62	23	41	32	57	5	40	17	7	23	50	22	29	54	40	31	30	60	42	49	8	51	16	31	65	46	1	23	46	38	26	36	48	66	44	64	35	38	63	22	57	20	24	19	30	49	70	37	26	32	30	30	32	28	14	51	19	31	34	44	24	31	60	26	26	45	17	14	28	33	56	33	62	61	21	52	38	37	8	11	64	48	13	10	23	33	28	24	31	23	58	11	
34	46	46	41	13	17	42	54	19	22	38	43	27	25	14	20	0	28	22	40	51	41	45	25	34	13	42	26	12	41	38	21	54	35	32	24	15	11	18	28	32	4	2	27	40	26	24	13	5	21	35	26	17	37	63	33	6	38	59	50	7	36	43	39	17	21	17	14	22	34	33	26	34	20	40	23	40	30	29	15	30	22	43	47	27	18	20	45	26	22	40	29	53	40	54	43	20	49	7	46	21	27	11	15	38	60	19	8	17	41	29	17	21	30	41	23	40	23	34	10	11	40	7	6	42	14	7	9	28	36	13	44	52	16	31	30	34	28	26	49	28	7	16	12	24	43	17	25	4	43	8	
11	70	55	63	42	22	69	79	19	27	63	68	55	3	37	35	28	0	41	68	77	69	70	39	62	32	53	17	31	61	67	49	82	54	52	8	43	24	16	14	60	26	30	36	67	53	38	24	27	35	43	10	36	66	90	58	21	64	86	77	36	65	67	59	38	27	18	36	13	58	57	8	39	35	65	5	51	56	34	38	40	47	66	67	30	34	48	73	9	9	67	34	79	69	81	69	43	73	35	73	48	15	18	16	65	88	42	22	15	65	57	45	49	49	68	18	65	51	62	38	32	45	24	27	71	41	32	32	56	51	27	62	79	44	44	59	62	43	46	72	44	31	25	16	5	63	12	4	30	66	29	
51	29	25	21	19	39	49	39	23	17	23	55	31	39	8	41	22	41	0	42	36	43	30	7	31	9	22	46	33	57	40	24	45	52	10	41	14	17	38	47	30	20	22	13	46	34	45	17	27	7	17	44	37	35	51	17	25	48	46	37	18	35	56	18	37	16	38	35	40	18	47	43	20	6	52	38	20	20	18	34	13	37	58	26	19	40	29	45	34	39	46	17	38	39	42	54	6	31	19	34	32	46	30	25	28	49	5	20	25	54	35	15	24	48	31	43	52	21	28	18	11	23	19	17	42	28	27	13	30	14	13	22	41	26	12	28	35	48	45	30	7	27	38	28	35	59	35	40	18	25	30	
72	35	65	43	28	50	10	38	58	56	33	21	13	65	38	41	40	68	42	0	36	1	34	50	12	44	61	61	39	32	2	20	24	32	43	63	30	49	55	65	12	43	38	55	8	15	42	50	40	48	59	63	37	10	36	33	46	16	36	32	33	8	25	45	35	55	53	35	59	34	23	65	63	47	20	63	59	25	60	33	56	24	28	48	60	41	20	5	66	60	8	59	37	7	31	18	36	39	33	27	21	63	50	54	22	34	37	47	56	24	11	28	20	34	21	57	20	21	18	31	42	66	46	43	5	27	35	40	13	52	48	50	27	24	53	14	7	40	33	42	48	37	47	52	64	33	57	65	39	37	40	
85	6	44	18	39	68	46	3	59	53	13	57	36	75	39	64	51	77	36	36	0	36	6	41	26	44	42	78	59	66	34	35	18	65	27	75	35	53	70	80	28	52	50	46	43	42	67	53	55	43	45	77	60	26	17	19	57	51	11	4	44	28	60	23	58	52	69	57	73	18	56	77	51	43	55	73	41	21	51	56	45	51	63	20	54	63	41	34	70	72	43	50	2	28	9	54	33	7	45	8	45	79	62	60	16	15	34	54	61	59	39	34	35	64	15	74	55	30	21	42	44	51	53	49	31	46	52	44	33	34	49	25	12	43	40	28	32	67	62	10	36	53	66	62	71	67	68	75	48	11	57	
73	36	65	43	29	51	10	38	59	57	33	21	14	66	39	41	41	69	43	1	36	0	34	50	13	45	62	62	40	32	3	21	24	33	43	64	31	50	56	65	13	44	39	56	8	16	43	51	41	49	60	64	38	10	36	34	47	16	36	32	34	9	25	46	36	56	54	36	60	34	23	66	64	48	20	64	60	26	61	34	57	25	28	49	61	41	21	5	67	61	8	60	37	7	31	18	37	40	34	27	21	64	51	55	22	34	38	48	57	24	12	29	21	34	21	58	20	22	19	32	43	67	47	44	5	28	36	41	14	53	49	50	27	25	54	15	8	40	34	42	49	38	48	53	65	33	57	66	40	38	41	
79	1	39	13	33	62	44	9	53	46	7	54	32	68	33	59	45	70	30	34	6	34	0	34	23	38	37	72	53	63	32	31	20	61	21	69	29	46	64	74	24	46	44	40	42	38	62	46	49	37	40	71	55	24	22	12	51	48	17	8	38	26	58	18	53	46	63	52	67	12	52	71	45	36	52	66	36	16	45	50	39	47	60	16	48	58	37	33	64	66	42	44	8	27	14	52	26	5	39	8	41	73	56	54	12	20	28	48	55	56	35	28	31	60	13	68	52	25	17	36	38	45	47	43	30	41	46	38	29	29	43	20	15	38	34	24	29	63	58	7	30	48	60	55	65	64	62	68	42	6	51	
49	34	20	24	25	41	56	43	20	12	28	61	38	38	14	45	25	39	7	50	41	50	34	0	38	11	17	47	37	63	47	31	51	58	13	41	21	18	40	47	37	22	26	6	53	41	50	17	30	5	10	43	42	42	57	23	27	55	51	42	24	42	63	19	42	12	40	39	41	23	53	43	13	5	58	37	14	27	11	39	6	43	64	28	13	44	35	52	31	38	53	10	43	46	48	61	13	35	25	40	39	47	32	24	35	54	13	22	24	61	42	22	31	54	38	45	58	28	35	24	14	16	21	19	49	33	31	17	37	12	14	22	47	33	6	35	42	53	51	34	5	32	40	29	34	65	35	39	21	29	34	
68	24	52	30	20	48	22	29	49	46	20	31	10	60	28	41	34	62	31	12	26	13	23	38	0	34	49	58	37	40	10	13	20	39	30	58	20	40	51	61	2	36	32	44	19	16	43	41	36	38	47	59	37	4	31	20	40	25	29	23	26	4	35	32	35	45	50	34	55	21	30	60	51	37	29	57	47	12	49	32	44	26	37	36	50	40	17	14	58	56	19	48	28	8	24	29	25	28	26	18	20	60	45	47	10	29	26	40	49	33	13	18	13	38	11	55	29	11	5	24	32	54	39	35	11	24	31	31	7	40	38	37	20	20	41	3	6	43	37	30	36	33	45	46	57	41	51	59	32	25	36	
41	38	32	31	16	30	48	47	15	12	31	52	31	30	6	34	13	32	9	44	44	45	38	11	34	0	28	36	26	53	42	24	51	47	20	32	14	8	29	37	33	11	14	14	46	32	38	8	18	7	21	34	30	38	59	25	16	47	54	44	13	38	53	27	31	11	29	28	31	26	43	34	22	6	49	28	26	25	17	28	17	32	54	36	16	32	26	48	26	29	46	16	46	42	49	52	11	40	14	41	29	37	21	16	34	56	10	11	16	51	34	16	24	43	37	34	49	23	32	14	2	26	10	8	45	23	20	5	31	23	5	31	48	23	18	31	37	41	39	39	15	20	29	18	26	55	25	31	10	34	22	
63	36	3	24	41	58	69	43	34	26	32	76	52	52	30	62	42	53	22	61	42	62	37	17	49	28	0	63	54	79	59	46	57	74	18	56	36	34	56	63	49	39	43	17	66	55	67	33	47	21	9	59	59	52	59	29	43	70	53	45	40	53	78	19	59	26	56	56	57	29	69	58	14	22	73	51	2	36	18	56	13	59	79	23	22	61	50	63	44	54	66	18	43	56	51	75	27	35	41	45	54	63	48	40	42	57	27	38	39	76	56	36	46	71	45	61	73	41	44	41	31	10	37	36	60	50	48	34	50	8	30	17	52	49	10	47	54	70	67	32	15	49	57	45	47	81	51	53	39	31	51	
13	72	66	67	39	10	59	81	29	37	65	56	49	14	39	22	26	17	46	61	78	62	72	47	58	36	63	0	21	48	60	45	79	41	57	9	42	29	7	4	56	26	27	46	58	46	24	30	22	42	54	6	24	61	89	59	21	53	85	77	33	60	54	64	26	37	8	25	6	60	45	8	50	42	53	14	61	56	45	28	50	37	53	72	41	21	42	67	23	9	58	45	80	64	80	57	46	75	33	73	40	2	15	23	64	86	44	25	24	52	50	44	45	36	66	3	53	49	60	35	35	56	26	29	65	34	26	34	51	59	33	68	78	38	53	55	57	29	33	75	51	25	13	18	18	50	12	13	29	69	21	
33	54	58	52	19	10	38	62	29	33	47	37	28	28	25	8	12	31	33	39	59	40	53	37	37	26	54	21	0	31	38	24	58	25	43	24	24	22	15	25	35	15	11	39	37	24	12	24	7	33	47	24	5	40	69	42	13	33	65	57	16	38	36	50	7	32	13	5	19	43	26	25	46	32	34	26	52	37	41	7	42	16	35	58	38	6	20	45	32	22	37	40	61	42	60	38	31	57	15	53	18	23	13	22	44	66	30	18	25	34	28	25	24	20	46	18	34	29	39	17	23	52	18	18	43	13	7	20	30	48	25	55	57	17	44	34	35	16	16	58	40	6	7	17	28	34	19	27	15	52	3	
61	64	83	68	38	39	23	69	60	63	59	13	31	58	49	26	41	61	57	32	66	32	63	63	40	53	79	48	31	0	33	34	56	7	63	54	43	53	45	52	38	45	39	67	24	25	24	54	38	60	74	53	26	40	68	57	45	16	68	63	39	38	9	68	24	62	43	27	49	58	10	55	75	59	12	57	77	49	70	25	70	20	6	74	68	27	29	36	63	52	24	69	68	39	63	16	52	68	38	58	25	50	45	54	50	66	52	49	56	8	27	43	34	12	51	45	12	40	45	38	50	79	48	47	37	29	34	47	34	71	54	73	59	30	69	39	34	19	15	70	64	34	36	49	59	2	50	57	43	64	34	
71	34	62	41	26	49	12	37	56	54	31	22	11	64	36	40	38	67	40	2	34	3	32	47	10	42	59	60	38	33	0	18	23	33	40	62	28	47	54	63	10	41	36	53	9	14	42	48	39	46	57	62	36	8	35	31	45	17	35	30	31	6	26	43	34	53	52	34	58	31	23	63	61	45	21	62	57	23	58	32	54	24	29	46	58	40	18	6	64	59	9	57	36	6	30	19	34	38	31	25	20	62	48	53	20	33	34	45	54	25	10	26	18	34	19	56	21	19	16	29	40	63	44	41	5	25	34	38	11	50	46	48	26	22	51	12	5	39	33	40	46	35	46	50	62	34	55	63	37	35	38	
55	32	49	33	8	34	24	39	38	36	26	30	7	46	18	28	21	49	24	20	35	21	31	31	13	24	46	45	24	34	18	0	33	31	28	45	10	29	38	48	11	24	19	36	22	9	32	30	22	29	42	46	24	16	44	22	27	24	41	33	13	15	32	33	23	35	36	21	42	23	24	47	44	28	27	44	43	15	41	20	38	16	34	39	41	28	6	24	46	42	22	40	38	19	36	29	18	36	13	29	10	46	31	35	20	41	18	27	36	30	10	9	0	29	22	41	27	6	15	11	22	48	26	23	21	11	18	20	7	37	28	38	33	7	36	9	13	32	27	37	31	19	32	33	44	36	38	46	19	31	23	
88	22	59	33	40	68	34	19	67	62	25	45	30	79	45	61	54	82	45	24	18	24	20	51	20	51	57	79	58	56	23	33	0	56	40	78	39	59	72	82	22	56	52	58	32	35	64	59	56	53	59	80	57	18	12	29	60	40	12	13	46	20	49	38	55	61	70	55	75	29	47	80	64	52	44	77	56	26	63	53	57	46	52	37	65	61	38	20	77	76	32	62	18	17	9	42	40	24	46	12	40	80	65	66	17	10	41	59	67	48	31	36	33	57	13	75	44	30	19	44	50	65	57	54	19	44	52	49	28	49	56	41	5	41	53	24	24	62	56	27	48	53	65	65	76	57	71	79	51	26	57	
54	62	78	64	33	32	25	68	54	57	57	17	29	51	44	19	35	54	52	32	65	33	61	58	39	47	74	41	25	7	33	31	56	0	59	47	38	46	38	45	37	39	33	61	25	23	17	48	31	54	68	46	19	39	68	54	38	18	67	62	34	37	14	64	17	56	36	20	42	55	9	48	69	53	15	50	72	46	64	19	64	15	12	71	62	20	25	38	56	45	25	63	67	39	62	19	47	66	33	57	21	43	38	47	49	66	47	42	50	13	26	38	31	5	50	38	15	37	44	33	44	74	42	41	37	24	27	41	32	66	48	70	58	25	64	37	33	12	8	67	59	28	29	42	52	9	43	50	37	62	28	
61	21	21	11	25	49	51	30	33	26	15	58	33	50	18	50	32	52	10	43	27	43	21	13	30	20	18	57	43	63	40	28	40	59	0	52	20	28	49	58	30	30	32	19	48	38	54	28	37	17	19	54	46	34	44	11	35	52	38	29	27	34	61	7	46	25	49	43	51	11	52	54	24	16	55	48	17	17	24	43	17	43	62	15	26	49	34	44	44	49	48	23	29	38	35	57	12	22	28	28	38	57	41	36	24	41	13	31	36	59	38	20	28	56	27	54	55	23	25	26	21	25	30	27	41	35	36	23	31	9	24	12	35	33	13	28	36	56	53	20	8	37	48	39	46	65	45	51	28	16	40	
9	69	59	63	38	15	63	78	22	30	62	61	51	5	36	28	24	8	41	63	75	64	69	41	58	32	56	9	24	54	62	45	78	47	52	0	40	23	9	7	56	23	26	39	61	48	30	24	22	36	47	3	29	62	88	56	18	57	84	75	32	61	60	59	31	30	11	29	5	57	50	2	43	36	58	5	54	54	38	31	43	41	59	68	34	27	43	68	14	2	61	38	77	65	79	62	42	72	32	71	42	8	13	16	62	85	41	21	17	58	52	42	45	42	65	10	58	48	59	34	31	49	22	25	66	36	27	30	52	53	27	63	77	39	46	55	58	35	39	71	45	26	18	13	9	56	7	4	27	66	23	
50	30	39	28	5	32	35	38	28	26	23	40	17	40	8	31	15	43	14	30	35	31	29	21	20	14	36	42	24	43	28	10	39	38	20	40	0	20	34	44	19	17	14	26	32	20	35	20	19	18	31	41	27	24	48	18	21	34	43	35	8	24	42	26	26	25	33	24	37	19	33	42	34	18	37	38	33	14	30	23	27	23	43	34	30	30	14	34	38	37	32	29	38	28	38	39	8	33	9	31	18	43	27	27	22	45	8	20	28	40	21	2	10	35	25	38	37	9	19	7	12	37	18	15	31	14	17	10	17	28	18	31	36	13	26	17	23	36	32	33	21	18	30	26	37	45	33	40	12	27	21	
33	46	37	39	21	23	52	55	9	10	39	54	36	22	13	30	11	24	17	49	53	50	46	18	40	8	34	29	22	53	47	29	59	46	28	23	20	0	22	29	39	7	13	17	50	36	35	1	15	13	25	26	28	44	67	33	9	49	62	53	16	44	55	35	29	10	22	26	23	34	44	26	24	13	51	20	32	33	18	27	21	33	55	44	16	29	30	53	18	21	50	18	55	48	57	54	19	49	16	50	31	29	14	7	42	64	18	4	8	52	39	22	29	42	45	27	51	29	39	18	8	29	4	6	50	25	18	9	36	30	4	39	56	26	24	37	42	38	38	48	22	18	23	11	18	55	17	22	10	42	19	
17	64	59	60	31	6	54	73	23	30	57	52	43	13	31	19	18	16	38	55	70	56	64	40	51	29	56	7	15	45	54	38	72	38	49	9	34	22	0	9	49	18	20	39	53	40	21	23	15	35	47	8	20	54	82	52	13	49	78	69	26	53	51	56	22	30	2	20	4	53	41	10	44	35	49	12	54	48	39	22	43	32	50	65	35	18	35	60	20	7	53	39	72	57	73	53	38	67	25	65	34	8	8	16	56	79	37	18	18	49	44	36	38	33	59	5	49	41	53	28	27	50	19	21	58	28	20	26	45	52	26	61	70	31	46	48	50	26	30	67	44	18	9	11	15	47	6	12	22	61	15	
9	74	66	69	41	14	63	83	29	37	67	60	53	12	41	26	28	14	47	65	80	65	74	47	61	37	63	4	25	52	63	48	82	45	58	7	44	29	9	0	59	28	29	46	62	49	28	30	25	42	54	4	28	64	92	61	22	57	88	79	36	63	58	65	30	37	11	29	6	62	49	5	50	42	57	12	61	58	45	31	50	41	57	74	41	25	45	70	21	9	62	45	82	67	83	61	47	77	35	75	43	2	17	23	66	89	46	26	24	56	53	46	48	40	69	7	57	51	62	38	36	56	27	30	68	38	29	35	54	59	33	69	80	41	53	58	60	33	37	76	52	28	17	18	17	54	12	11	31	71	25	
66	25	52	31	18	45	21	31	48	45	21	30	8	58	27	38	32	60	30	12	28	13	24	37	2	33	49	56	35	38	10	11	22	37	30	56	19	39	49	59	0	34	30	43	18	14	41	40	34	37	47	57	34	5	34	21	38	24	31	25	24	5	33	33	33	44	48	32	53	21	28	58	51	36	28	55	47	12	48	30	44	24	36	37	49	38	15	15	57	54	18	47	30	9	26	28	24	30	25	20	18	58	43	45	12	31	25	38	47	31	11	17	11	36	13	53	28	10	7	22	31	53	37	33	12	22	29	29	5	40	37	38	22	18	41	2	5	40	34	31	36	31	43	44	55	40	49	57	30	26	34	
33	46	43	41	16	19	46	55	15	17	39	47	30	23	13	23	4	26	20	43	52	44	46	22	36	11	39	26	15	45	41	24	56	39	30	23	17	7	18	28	34	0	6	23	44	30	28	8	8	17	31	25	21	40	65	33	5	42	60	51	10	39	48	37	21	16	18	19	21	34	37	25	30	17	44	21	37	31	25	20	27	26	48	46	23	22	24	48	22	20	44	25	54	43	55	48	19	49	10	48	25	27	10	11	39	62	18	4	13	45	33	19	24	34	42	23	44	25	36	12	9	36	3	3	45	18	11	7	31	34	9	42	53	20	28	33	37	32	31	48	26	11	18	9	21	48	16	23	4	42	12	
36	45	47	41	12	18	40	53	21	23	38	41	25	27	14	19	2	30	22	38	50	39	44	26	32	14	43	27	11	39	36	19	52	33	32	26	14	13	20	29	30	6	0	28	38	24	23	14	5	21	36	27	16	35	62	32	8	36	58	49	6	34	41	39	16	22	18	13	23	33	31	28	36	21	38	25	41	28	31	14	31	20	42	47	29	18	18	43	28	23	38	30	52	38	53	41	20	48	5	45	19	28	12	17	36	59	19	10	19	39	27	16	19	29	39	24	38	21	33	8	12	41	9	7	40	12	5	9	26	37	14	44	50	14	32	28	32	26	25	48	29	5	16	13	25	41	19	27	4	42	8	
47	40	20	30	30	41	61	49	17	9	34	66	43	35	18	47	27	36	13	55	46	56	40	6	44	14	17	46	39	67	53	36	58	61	19	39	26	17	39	46	43	23	28	0	58	46	51	16	32	7	8	42	44	48	63	29	27	60	57	48	27	48	67	24	45	9	39	42	40	29	57	41	8	8	63	34	15	33	5	42	4	46	68	32	7	46	40	58	28	37	58	4	48	52	54	65	19	41	28	46	43	46	31	23	41	60	18	22	22	65	47	27	36	57	44	44	63	33	41	28	16	12	21	21	55	37	34	19	42	15	14	27	53	37	8	41	48	55	53	39	10	34	41	28	31	69	34	36	24	35	35	
70	43	70	49	29	47	2	46	59	58	40	13	15	64	40	36	40	67	46	8	43	8	42	53	19	46	66	58	37	24	9	22	32	25	48	61	32	50	53	62	18	44	38	58	0	14	37	51	39	51	63	61	34	17	44	39	46	8	44	40	34	15	17	51	31	57	51	32	57	40	16	63	66	50	12	62	64	31	63	30	60	21	20	55	63	37	20	12	66	59	0	62	45	15	39	10	40	47	34	35	19	60	49	55	29	42	40	48	57	16	11	31	22	27	29	55	12	25	25	32	43	70	47	44	13	26	34	41	16	58	49	56	35	24	58	19	12	34	28	49	52	35	44	51	63	25	55	63	40	44	38	
57	39	59	42	16	35	16	45	45	44	34	20	6	50	27	26	26	53	34	15	42	16	38	41	16	32	55	46	24	25	14	9	35	23	38	48	20	36	40	49	14	30	24	46	14	0	28	37	25	38	51	48	22	17	47	31	32	14	45	39	20	15	22	43	20	43	38	20	44	32	14	50	54	38	17	48	53	23	50	18	48	10	24	48	49	26	6	20	52	45	14	49	44	18	40	19	28	43	20	34	5	48	35	41	26	44	28	34	43	20	4	19	9	22	27	42	17	15	21	18	30	57	33	30	19	12	20	27	9	47	35	48	36	10	46	14	11	26	20	44	41	22	32	37	49	27	42	50	26	39	25	
37	63	70	63	30	15	38	71	41	45	57	32	33	35	37	4	24	38	45	42	67	43	62	50	43	38	67	24	12	24	42	32	64	17	54	30	35	35	21	28	41	28	23	51	37	28	0	36	19	45	59	29	8	45	75	53	25	31	73	65	27	43	30	61	9	45	19	11	25	54	22	31	59	45	30	33	65	46	53	12	55	18	29	69	51	5	26	48	41	29	37	53	70	46	67	34	42	67	26	61	23	26	23	34	52	72	41	30	36	29	32	36	32	12	54	21	30	37	47	28	35	64	30	30	47	21	18	33	36	60	37	66	64	24	56	40	39	5	9	68	52	18	13	27	37	26	27	34	28	62	16	
33	46	36	39	22	25	53	55	8	9	39	55	37	22	13	32	13	24	17	50	53	51	46	17	41	8	33	30	24	54	48	30	59	48	28	24	20	1	23	30	40	8	14	16	51	37	36	0	16	12	24	26	29	45	67	33	11	50	62	53	17	44	56	35	30	8	23	27	24	34	46	26	22	12	52	20	31	33	17	28	20	34	56	43	14	30	31	54	18	21	51	17	55	49	58	56	19	49	17	50	32	30	15	8	42	64	18	5	8	54	40	23	30	43	45	28	52	30	40	19	8	28	5	7	51	26	20	10	37	29	3	39	56	27	23	38	43	40	39	48	21	20	25	12	18	56	18	22	11	42	20	
32	50	51	46	16	13	41	58	22	26	43	41	28	25	19	15	5	27	27	40	55	41	49	30	36	18	47	22	7	38	39	22	56	31	37	22	19	15	15	25	34	8	5	32	39	25	19	16	0	26	40	23	12	39	66	37	7	37	63	54	11	38	41	44	13	25	14	10	19	38	30	24	39	25	38	22	45	33	34	12	35	20	41	52	31	13	20	46	27	20	39	33	57	42	57	42	25	53	10	50	20	24	9	16	41	63	24	11	18	39	29	21	22	26	44	19	38	26	37	13	16	44	11	11	43	13	5	14	29	41	18	49	55	16	37	32	35	23	23	53	33	4	11	12	24	40	16	24	9	47	3	
45	37	25	28	22	36	54	46	16	9	30	59	36	34	11	41	21	35	7	48	43	49	37	5	38	7	21	42	33	60	46	29	53	54	17	36	18	13	35	42	37	17	21	7	51	38	45	12	26	0	14	39	38	42	59	25	22	53	54	44	20	42	60	23	38	8	35	35	36	25	50	38	15	1	56	32	19	27	11	35	10	39	61	32	12	39	33	52	27	33	51	10	45	46	50	58	13	38	21	42	36	42	27	19	36	56	12	17	19	58	40	20	29	50	39	40	56	27	35	21	10	19	16	14	49	30	27	12	35	17	9	27	49	30	11	35	41	48	47	37	9	27	35	24	29	62	30	34	17	32	29	
54	39	12	27	36	49	66	47	25	17	34	72	48	43	24	55	35	43	17	59	45	60	40	10	47	21	9	54	47	74	57	42	59	68	19	47	31	25	47	54	47	31	36	8	63	51	59	24	40	14	0	50	52	51	62	30	35	66	57	48	34	52	74	22	52	17	47	49	48	30	64	49	6	15	69	42	7	35	9	50	4	53	75	28	13	54	46	62	35	45	63	9	47	55	53	71	23	39	35	47	49	54	40	31	43	60	23	30	30	71	52	32	42	64	46	52	69	38	43	35	24	6	29	29	59	44	41	27	47	11	22	23	54	43	6	45	52	63	61	37	11	42	49	36	38	76	42	44	31	34	43	
8	71	62	65	39	14	62	80	25	33	64	60	51	8	38	27	26	10	44	63	77	64	71	43	59	34	59	6	24	53	62	46	80	46	54	3	41	26	8	4	57	25	27	42	61	48	29	26	23	39	50	0	28	63	89	58	20	57	85	76	33	61	59	62	30	33	10	29	4	59	49	2	46	39	57	8	57	56	41	31	46	40	58	70	37	26	43	69	17	5	61	41	79	65	80	61	44	74	33	73	42	5	14	19	64	87	43	23	20	57	52	43	46	41	67	8	57	49	60	36	33	52	24	27	67	36	28	32	53	56	30	66	78	39	49	56	58	34	38	73	48	26	17	15	13	55	8	7	29	68	23	
37	56	63	55	22	14	34	63	35	38	49	32	27	33	29	4	17	36	37	37	60	38	55	42	37	30	59	24	5	26	36	24	57	19	46	29	27	28	20	28	34	21	16	44	34	22	8	29	12	38	52	28	0	39	68	45	19	29	66	58	19	37	31	53	2	38	18	3	24	46	21	30	52	37	29	31	57	38	46	4	48	13	30	61	44	3	19	43	37	27	34	46	62	41	60	33	34	59	18	53	17	26	18	28	44	66	33	24	30	29	26	28	24	14	47	21	29	30	40	20	28	57	24	23	41	13	10	25	29	52	30	58	57	17	48	34	34	10	10	60	44	10	11	22	33	28	24	32	20	54	9	
71	25	55	33	24	50	20	29	53	50	23	30	12	63	32	43	37	66	35	10	26	10	24	42	4	38	52	61	40	40	8	16	18	39	34	62	24	44	54	64	5	40	35	48	17	17	45	45	39	42	51	63	39	0	30	23	44	24	28	23	29	2	33	35	37	49	53	37	58	24	30	64	55	41	28	61	51	16	53	35	48	27	36	38	54	43	19	10	62	59	17	52	28	4	23	27	29	29	30	18	22	63	48	51	12	27	30	44	52	32	13	22	16	39	11	58	28	15	8	27	36	57	42	39	7	26	34	35	9	43	42	40	19	23	45	7	6	44	38	32	40	36	48	49	61	41	55	63	35	27	39	
98	23	61	35	50	79	46	16	74	68	29	57	42	88	53	72	63	90	51	36	17	36	22	57	31	59	59	89	69	68	35	44	12	68	44	88	48	67	82	92	34	65	62	63	44	47	75	67	66	59	62	89	68	30	0	34	70	52	6	14	55	31	61	40	67	68	80	66	85	34	59	90	68	58	56	86	58	34	68	64	61	57	64	37	70	72	49	32	85	85	44	67	16	29	9	54	47	24	56	17	52	90	74	74	25	2	49	68	75	60	43	45	44	69	22	86	56	40	29	53	58	68	66	63	31	55	62	58	39	51	64	42	11	52	57	34	36	74	68	27	53	64	76	75	85	69	81	88	60	28	67	
66	12	32	10	23	50	42	21	40	34	5	51	26	56	20	49	33	58	17	33	19	34	12	23	20	25	29	59	42	57	31	22	29	54	11	56	18	33	52	61	21	33	32	29	39	31	53	33	37	25	30	58	45	23	34	0	38	44	29	19	26	25	53	12	44	33	51	42	55	1	46	59	35	24	48	54	27	8	34	41	28	38	55	17	36	48	28	34	51	54	39	33	21	27	25	49	14	15	27	17	32	60	44	41	13	31	15	35	42	51	30	17	22	51	16	56	48	16	15	25	25	36	34	31	31	32	35	26	23	20	30	17	24	29	24	19	26	54	49	15	19	36	49	43	52	59	49	56	29	9	40	
28	51	47	46	20	14	48	60	15	20	44	48	33	19	18	21	6	21	25	46	57	47	51	27	40	16	43	21	13	45	45	27	60	38	35	18	21	9	13	22	38	5	8	27	46	32	25	11	7	22	35	20	19	44	70	38	0	44	65	56	14	43	48	43	20	19	13	17	16	39	38	20	34	22	45	17	41	36	28	19	31	27	48	51	25	19	26	51	20	15	46	28	59	47	60	49	25	54	13	53	27	21	5	9	44	67	23	5	11	46	35	24	27	33	47	18	45	30	41	16	14	39	6	8	49	20	12	13	34	39	13	47	58	22	33	37	40	29	30	54	31	11	13	5	17	47	11	18	9	48	10	
66	49	73	55	30	43	7	53	58	58	46	6	18	61	42	31	38	64	48	16	51	16	48	55	25	47	70	53	33	16	17	24	40	18	52	57	34	49	49	57	24	42	36	60	8	14	31	50	37	53	66	57	29	24	52	44	44	0	52	47	33	22	9	56	26	57	47	28	53	45	9	59	68	52	4	59	68	36	64	26	62	17	12	61	63	31	20	20	64	55	8	63	52	23	47	5	42	54	33	42	17	55	46	53	36	50	43	46	55	8	14	33	24	20	36	50	4	29	31	32	44	72	45	43	21	24	32	41	20	61	49	61	43	23	60	25	18	27	21	56	55	33	40	49	61	17	52	60	39	50	35	
94	17	55	29	46	75	46	10	69	63	23	57	39	84	48	70	59	86	46	36	11	36	17	51	29	54	53	85	65	68	35	41	12	67	38	84	43	62	78	88	31	60	58	57	44	45	73	62	63	54	57	85	66	28	6	29	65	52	0	9	52	30	61	34	64	62	77	63	81	28	58	86	62	53	56	82	52	29	62	61	56	55	64	31	65	69	46	32	80	81	44	61	10	29	5	54	42	18	52	12	49	87	70	70	21	4	44	63	71	60	41	41	41	67	19	82	56	36	25	50	53	62	62	58	31	52	59	53	37	46	59	36	9	49	51	32	34	72	66	21	47	60	73	70	80	69	77	84	56	22	64	
85	9	47	21	38	67	42	6	60	54	14	53	33	74	39	62	50	77	37	32	4	32	8	42	23	44	45	77	57	63	30	33	13	62	29	75	35	53	69	79	25	51	49	48	40	39	65	53	54	44	48	76	58	23	14	19	56	47	9	0	43	25	57	26	56	53	68	55	72	19	53	77	53	43	51	72	44	20	53	54	47	48	59	23	55	62	39	29	71	72	40	52	5	25	6	50	33	10	44	5	42	78	62	60	13	12	34	54	61	55	36	33	33	61	12	73	51	28	18	41	44	53	53	49	27	44	51	44	30	37	49	28	8	41	42	25	29	65	59	13	38	52	64	61	71	64	68	74	47	14	55	
42	39	44	36	5	24	36	47	25	24	31	39	20	33	10	23	7	36	18	33	44	34	38	24	26	13	40	33	16	39	31	13	46	34	27	32	8	16	26	36	24	10	6	27	34	20	27	17	11	20	34	33	19	29	55	26	14	33	52	43	0	29	40	34	18	23	25	16	29	27	30	34	35	19	36	31	38	22	31	16	30	19	41	42	29	22	14	38	32	29	34	30	46	33	46	39	15	42	1	39	16	35	19	21	30	53	14	14	23	38	23	10	13	30	33	30	36	15	26	2	10	40	13	10	35	10	9	8	20	33	15	39	44	10	30	22	26	29	26	42	25	10	22	19	31	41	25	33	6	36	13	
70	27	56	34	23	49	18	31	52	50	24	28	10	62	32	41	36	65	35	8	28	9	26	42	4	38	53	60	38	38	6	15	20	37	34	61	24	44	53	63	5	39	34	48	15	15	43	44	38	42	52	61	37	2	31	25	43	22	30	25	29	0	32	37	35	49	52	35	57	25	28	62	56	41	26	60	51	17	53	33	49	25	34	40	54	41	18	10	61	58	15	52	30	4	25	26	29	31	29	20	20	61	47	50	13	29	30	43	52	30	11	22	15	37	13	56	26	15	9	26	36	58	42	38	7	25	33	34	8	44	42	41	21	22	46	7	4	42	36	34	40	35	46	48	60	39	54	62	35	29	38	
67	59	82	64	37	45	15	63	63	64	55	4	27	64	49	32	43	67	56	25	60	25	58	63	35	53	78	54	36	9	26	32	49	14	61	60	42	55	51	58	33	48	41	67	17	22	30	56	41	60	74	59	31	33	61	53	48	9	61	57	40	32	0	65	29	63	49	31	55	54	10	61	75	59	5	62	76	45	71	29	70	21	3	70	70	33	27	29	68	58	17	70	62	32	56	7	50	63	39	52	24	56	49	57	45	59	50	51	60	2	23	41	32	18	45	51	5	37	40	39	51	80	51	49	30	30	36	48	30	70	55	70	52	30	68	34	28	26	21	65	63	37	42	52	64	8	55	63	45	60	38	
68	17	21	5	31	56	54	25	40	32	13	62	38	57	25	57	39	59	18	45	23	46	18	19	32	27	19	64	50	68	43	33	38	64	7	59	26	35	56	65	33	37	39	24	51	43	61	35	44	23	22	62	53	35	40	12	43	56	34	26	34	37	65	0	52	32	56	50	58	11	57	61	28	23	60	55	18	20	29	49	22	49	67	8	32	56	39	46	51	57	51	28	25	39	32	61	19	17	35	26	43	64	48	43	24	38	20	38	43	63	42	25	33	61	26	61	60	27	27	33	28	27	37	34	43	41	43	30	35	11	31	5	33	38	17	31	38	63	59	14	14	44	55	46	53	70	53	58	35	12	47	
39	54	63	54	21	16	32	62	36	39	48	30	25	35	29	5	17	38	37	35	58	36	53	42	35	31	59	26	7	24	34	23	55	17	46	31	26	29	22	30	33	21	16	45	31	20	9	30	13	38	52	30	2	37	67	44	20	26	64	56	18	35	29	52	0	38	20	2	26	45	19	32	52	37	27	33	57	37	47	3	48	10	28	60	45	5	17	41	39	29	31	46	61	39	59	31	33	58	18	52	15	28	20	29	43	64	33	25	32	27	24	27	23	13	45	23	27	28	38	19	28	57	24	24	39	12	10	25	27	52	31	57	55	15	48	32	32	10	9	59	44	10	13	24	35	26	26	34	20	53	10	
38	45	29	36	27	33	59	55	8	1	39	63	42	26	17	40	21	27	16	55	52	56	46	12	45	11	26	37	32	62	53	35	61	56	25	30	25	10	30	37	44	16	22	9	57	43	45	8	25	8	17	33	38	49	68	33	19	57	62	53	23	49	63	32	38	0	31	36	31	34	53	32	14	9	60	25	24	35	8	36	13	42	64	40	6	39	37	59	19	28	57	8	54	53	58	62	20	47	24	50	39	37	23	14	44	65	19	14	13	61	45	27	35	51	47	35	60	34	42	25	13	20	14	15	56	33	28	15	42	23	8	34	57	34	16	42	48	48	48	45	17	28	33	19	22	64	25	27	18	41	29	
19	63	59	59	30	4	52	72	24	31	56	50	41	15	31	17	17	18	38	53	69	54	63	40	50	29	56	8	13	43	52	36	70	36	49	11	33	22	2	11	48	18	18	39	51	38	19	23	14	35	47	10	18	53	80	51	13	47	77	68	25	52	49	56	20	31	0	18	6	52	39	12	45	35	47	13	54	47	39	20	43	30	48	64	36	16	33	59	22	9	51	39	71	55	72	51	37	67	24	64	32	9	8	17	55	78	36	18	19	47	42	35	36	31	58	5	47	40	51	27	27	51	19	21	57	26	18	25	43	52	26	60	69	30	46	46	48	25	28	66	44	17	7	11	17	45	7	14	21	60	13	
37	53	60	52	19	15	33	60	33	36	46	32	24	33	26	7	14	36	35	35	57	36	52	39	34	28	56	25	5	27	34	21	55	20	43	29	24	26	20	29	32	19	13	42	32	20	11	27	10	35	49	29	3	37	66	42	17	28	63	55	16	35	31	50	2	36	18	0	24	43	21	30	49	34	29	31	54	35	44	2	45	11	30	58	42	6	17	41	36	27	32	43	59	38	58	33	31	56	15	51	14	27	18	27	42	63	30	22	29	29	24	25	21	15	44	22	29	27	37	17	25	55	22	21	39	10	8	22	27	49	28	55	55	14	46	31	31	13	12	57	42	7	12	21	33	29	24	32	18	51	7	
13	67	60	62	35	10	58	76	23	31	60	56	47	10	34	23	22	13	40	59	73	60	67	41	55	31	57	6	19	49	58	42	75	42	51	5	37	23	4	6	53	21	23	40	57	44	25	24	19	36	48	4	24	58	85	55	16	53	81	72	29	57	55	58	26	31	6	24	0	55	45	6	44	36	53	9	55	52	39	26	44	36	54	67	35	22	39	64	18	4	57	39	75	61	76	57	41	70	29	68	38	6	10	17	60	82	39	19	18	53	48	39	42	37	62	5	53	45	56	31	30	50	21	24	62	32	23	29	48	53	27	63	74	35	47	51	54	30	34	70	45	22	13	12	13	51	6	8	25	64	19	
67	12	31	9	24	51	43	21	41	34	5	51	27	56	21	50	34	58	18	34	18	34	12	23	21	26	29	60	43	58	31	23	29	55	11	57	19	34	53	62	21	34	33	29	40	32	54	34	38	25	30	59	46	24	34	1	39	45	28	19	27	25	54	11	45	34	52	43	55	0	47	59	35	24	49	54	27	9	34	42	28	39	56	16	36	49	29	34	52	54	40	33	20	28	24	50	15	14	28	17	33	61	45	42	13	31	16	36	43	52	31	18	23	52	16	57	49	17	15	26	26	36	35	31	31	33	36	26	24	20	31	16	24	30	24	20	27	55	50	14	19	37	50	44	53	60	50	57	30	8	41	
58	53	73	57	28	35	16	59	53	54	49	11	20	54	39	22	33	57	47	23	56	23	52	53	30	43	69	45	26	10	23	24	47	9	52	50	33	44	41	49	28	37	31	57	16	14	22	46	30	50	64	49	21	30	59	46	38	9	58	53	30	28	10	57	19	53	39	21	45	47	0	51	65	49	8	52	67	38	61	19	60	11	10	63	60	23	18	28	57	48	16	60	58	29	53	12	41	58	29	48	14	47	39	47	40	57	41	41	49	8	17	32	24	11	41	41	8	29	35	29	41	70	40	38	28	20	26	38	23	61	45	63	49	20	59	28	24	18	12	59	54	26	32	42	54	12	45	53	34	54	28	
7	71	61	65	40	16	64	80	24	32	64	62	52	6	38	29	26	8	43	65	77	66	71	43	60	34	58	8	25	55	63	47	80	48	54	2	42	26	10	5	58	25	28	41	63	50	31	26	24	38	49	2	30	64	90	59	20	59	86	77	34	62	61	61	32	32	12	30	6	59	51	0	45	38	59	7	56	56	40	32	45	42	60	70	36	28	45	70	16	5	63	40	80	66	81	63	44	74	34	73	44	7	15	18	65	87	43	23	19	59	54	44	47	43	67	10	59	50	61	36	33	51	24	28	68	38	29	33	54	55	30	65	79	41	48	57	60	36	40	73	48	28	19	15	11	57	9	5	29	68	25	
50	45	16	34	38	47	69	53	21	13	39	74	51	39	26	54	34	39	20	63	51	64	45	13	51	22	14	50	46	75	61	44	64	69	24	43	34	24	44	50	51	30	36	8	66	54	59	22	39	15	6	46	52	55	68	35	34	68	62	53	35	56	75	28	52	14	45	49	44	35	65	45	0	16	71	38	13	40	5	50	7	54	76	35	9	53	48	66	30	41	66	5	53	59	59	73	26	45	36	52	51	50	37	27	48	66	26	28	26	73	55	35	44	65	51	49	71	41	48	36	24	6	28	28	63	45	41	27	50	17	21	29	59	45	11	49	56	62	61	43	16	41	47	33	34	77	38	40	31	40	43	
45	36	25	27	21	36	53	45	17	10	29	58	35	34	10	40	20	35	6	47	43	48	36	5	37	6	22	42	32	59	45	28	52	53	16	36	18	13	35	42	36	17	21	8	50	38	45	12	25	1	15	39	37	41	58	24	22	52	53	43	19	41	59	23	37	9	35	34	36	24	49	38	16	0	55	32	19	26	12	35	10	38	60	31	13	39	32	51	28	34	50	11	45	45	49	57	12	38	20	41	35	42	27	20	35	55	11	17	20	57	39	19	28	49	38	40	55	26	34	20	9	20	16	14	48	29	26	12	34	17	9	26	48	29	11	34	40	48	46	36	9	27	35	24	30	61	30	34	17	31	29	
66	54	77	59	33	43	10	58	60	60	50	3	22	62	44	31	40	65	52	20	55	20	52	58	29	49	73	53	34	12	21	27	44	15	55	58	37	51	49	57	28	44	38	63	12	17	30	52	38	56	69	57	29	28	56	48	45	4	56	51	36	26	5	60	27	60	47	29	53	49	8	59	71	55	0	60	71	39	67	27	65	18	8	65	66	31	23	24	65	56	12	66	57	27	51	4	46	58	35	46	20	55	47	54	40	54	46	48	57	4	18	36	27	18	40	50	0	32	35	34	46	75	47	45	25	26	33	44	24	65	52	65	47	25	64	29	23	26	20	60	58	34	40	50	62	13	53	61	41	55	36	
13	66	54	60	37	18	63	75	17	25	59	63	50	2	33	30	23	5	38	63	73	64	66	37	57	28	51	14	26	57	62	44	77	50	48	5	38	20	12	12	55	21	25	34	62	48	33	20	22	32	42	8	31	61	86	54	17	59	82	72	31	60	62	55	33	25	13	31	9	54	52	7	38	32	60	0	49	52	33	33	38	42	61	64	29	29	43	68	9	5	62	33	75	64	77	64	39	69	30	69	43	13	13	12	61	83	38	18	12	60	52	40	44	44	64	14	60	46	58	33	28	44	19	23	66	36	27	28	51	49	24	59	75	39	42	54	57	38	41	68	41	26	20	11	4	59	7	2	25	63	24	
62	35	5	23	39	55	67	42	32	24	31	74	50	50	28	60	40	51	20	59	41	60	36	14	47	26	2	61	52	77	57	43	56	72	17	54	33	32	54	61	47	37	41	15	64	53	65	31	45	19	7	57	57	51	58	27	41	68	52	44	38	51	76	18	57	24	54	54	55	27	67	56	13	19	71	49	0	34	17	54	11	57	77	22	21	59	48	61	42	52	64	16	42	55	50	73	25	34	39	44	52	61	46	38	41	56	25	36	37	74	54	34	43	68	43	59	71	39	42	38	29	10	35	34	58	48	46	31	48	7	28	17	51	46	8	45	52	67	65	32	12	47	55	43	45	79	49	51	36	30	49	
64	17	39	19	17	46	33	25	41	36	11	42	17	54	19	42	30	56	20	25	21	26	16	27	12	25	36	56	37	49	23	15	26	46	17	54	14	33	48	58	12	31	28	33	31	23	46	33	33	27	35	56	38	16	34	8	36	36	29	20	22	17	45	20	37	35	47	35	52	9	38	56	40	26	39	52	34	0	38	34	33	31	47	25	39	42	21	26	51	51	31	37	24	20	24	40	14	21	23	16	25	57	41	40	8	31	15	34	41	43	21	12	15	44	12	53	39	9	8	20	24	41	32	29	23	25	30	24	15	27	30	25	23	22	29	11	18	47	42	22	24	31	44	41	51	50	47	54	26	16	35	
45	45	21	34	34	42	65	54	16	8	39	70	48	34	22	49	29	34	18	60	51	61	45	11	49	17	18	45	41	70	58	41	63	64	24	38	30	18	39	45	48	25	31	5	63	50	53	17	34	11	9	41	46	53	68	34	28	64	62	53	31	53	71	29	47	8	39	44	39	34	61	40	5	12	67	33	17	38	0	45	7	50	72	36	4	48	44	63	25	36	63	1	53	57	59	69	24	46	31	51	47	45	32	22	46	65	23	23	21	69	51	32	41	60	49	44	67	38	46	32	20	11	23	23	60	41	36	23	47	19	16	31	58	41	12	46	52	57	56	44	15	36	42	28	29	72	33	35	26	40	37	
40	51	60	51	18	17	31	59	34	37	45	30	22	35	26	8	15	38	34	33	56	34	50	39	32	28	56	28	7	25	32	20	53	19	43	31	23	27	22	31	30	20	14	42	30	18	12	28	12	35	50	31	4	35	64	41	19	26	61	54	16	33	29	49	3	36	20	2	26	42	19	32	50	35	27	33	54	34	45	0	45	9	29	57	43	8	15	39	38	29	30	44	58	36	56	31	31	55	15	49	12	29	20	28	40	61	30	23	31	27	22	24	20	14	42	24	27	25	35	16	25	55	23	21	37	9	8	23	25	49	29	54	53	12	46	29	29	13	11	56	42	8	14	23	35	28	26	34	18	50	9	
51	38	16	27	32	45	63	47	21	13	32	68	45	39	20	51	30	40	13	56	45	57	39	6	44	17	13	50	42	70	54	38	57	64	17	43	27	21	43	50	44	27	31	4	60	48	55	20	35	10	4	46	48	48	61	28	31	62	56	47	30	49	70	22	48	13	43	45	44	28	60	45	7	10	65	38	11	33	7	45	0	49	71	29	10	49	42	59	31	41	60	6	47	52	52	67	20	39	31	45	45	50	35	27	41	59	19	25	26	67	49	29	38	60	44	48	65	35	41	31	20	10	25	24	56	40	37	22	44	12	18	24	52	39	5	42	49	58	57	37	9	37	45	32	34	72	38	40	27	33	39	
49	48	62	49	18	26	22	54	42	43	42	21	15	44	29	16	22	47	37	24	51	25	47	43	26	32	59	37	16	20	24	16	46	15	43	41	23	33	32	41	24	26	20	46	21	10	18	34	20	39	53	40	13	27	57	38	27	17	55	48	19	25	21	49	10	42	30	11	36	39	11	42	54	38	18	42	57	31	50	9	49	0	21	55	48	16	10	30	47	38	21	49	53	28	50	22	31	52	18	43	6	39	29	36	35	55	31	30	38	19	14	23	16	13	36	34	18	22	30	18	30	59	29	27	29	9	15	27	18	51	34	54	46	10	48	23	21	16	11	53	44	16	23	32	44	22	35	43	23	47	18	
66	61	83	66	38	44	18	66	63	65	57	7	29	63	50	31	43	66	58	28	63	28	60	64	37	54	79	53	35	6	29	34	52	12	62	59	43	55	50	57	36	48	42	68	20	24	29	56	41	61	75	58	30	36	64	55	48	12	64	59	41	34	3	67	28	64	48	30	54	56	10	60	76	60	8	61	77	47	72	29	71	21	0	72	70	32	29	32	67	57	20	71	65	35	59	10	52	66	40	54	25	55	49	57	48	62	52	52	60	4	25	43	34	17	48	50	8	39	43	40	51	81	51	49	33	31	36	49	32	71	56	72	55	31	70	36	31	24	20	68	65	37	41	52	63	5	54	62	45	62	38	
77	15	24	6	39	64	58	21	48	40	15	67	43	66	33	65	47	67	26	48	20	49	16	28	36	36	23	72	58	74	46	39	37	71	15	68	34	44	65	74	37	46	47	32	55	48	69	43	52	32	28	70	61	38	37	17	51	61	31	23	42	40	70	8	60	40	64	58	67	16	63	70	35	31	65	64	22	25	36	57	29	55	72	0	40	64	45	48	59	65	55	36	21	42	29	65	27	13	43	25	50	73	57	51	26	35	28	47	51	68	47	33	39	68	28	70	65	33	30	41	37	33	46	43	45	48	51	38	40	17	40	5	31	45	24	36	43	70	66	10	23	52	63	55	61	76	61	66	43	11	55	
41	47	25	37	33	38	65	56	12	5	41	69	48	30	22	46	27	30	19	60	54	61	48	13	50	16	22	41	38	68	58	41	65	62	26	34	30	16	35	41	49	23	29	7	63	49	51	14	31	12	13	37	44	54	70	36	25	63	65	55	29	54	70	32	45	6	36	42	35	36	60	36	9	13	66	29	21	39	4	43	10	48	70	40	0	45	43	64	21	32	63	4	56	58	61	69	25	49	30	54	46	41	29	18	48	68	24	20	17	68	51	32	41	58	51	40	66	39	47	31	19	15	20	21	61	39	34	21	47	22	14	34	61	40	15	47	53	55	54	47	18	34	39	25	25	71	29	31	25	43	35	
34	59	65	58	25	12	38	67	35	39	52	34	30	31	31	1	18	34	40	41	63	41	58	44	40	32	61	21	6	27	40	28	61	20	49	27	30	29	18	25	38	22	18	46	37	26	5	30	13	39	54	26	3	43	72	48	19	31	69	62	22	41	33	56	5	39	16	6	22	49	23	28	53	39	31	29	59	42	48	8	49	16	32	64	45	0	23	46	36	25	37	47	66	44	64	36	37	63	21	57	20	23	18	28	48	69	36	24	30	31	30	31	28	15	50	18	31	33	43	23	30	58	25	25	45	17	13	27	33	55	31	61	61	20	50	37	37	10	12	63	47	12	9	22	32	29	22	30	22	57	10	
52	38	54	39	10	31	22	44	39	38	32	26	7	45	21	23	20	48	29	20	41	21	37	35	17	26	50	42	20	29	18	6	38	25	34	43	14	30	35	45	15	24	18	40	20	6	26	31	20	33	46	43	19	19	49	28	26	20	46	39	14	18	27	39	17	37	33	17	39	29	18	45	48	32	23	43	48	21	44	15	42	10	29	45	43	23	0	25	46	40	20	43	43	22	41	25	23	42	14	34	4	43	30	35	25	46	23	28	37	25	9	14	6	23	27	38	23	12	20	12	24	52	27	24	23	7	15	21	10	42	29	44	38	4	41	14	15	26	21	43	36	17	28	32	44	31	36	44	20	37	20	
78	34	66	43	32	56	14	36	62	60	33	25	18	70	42	46	45	73	45	5	34	5	33	52	14	48	63	67	45	36	6	24	20	38	44	68	34	53	60	70	15	48	43	58	12	20	48	54	46	52	62	69	43	10	32	34	51	20	32	29	38	10	29	46	41	59	59	41	64	34	28	70	66	51	24	68	61	26	63	39	59	30	32	48	64	46	25	0	71	66	12	62	35	6	27	22	39	38	38	25	26	68	55	59	22	30	40	52	61	28	16	32	24	39	20	63	24	25	19	35	46	68	51	47	3	32	41	44	17	54	52	50	23	29	56	17	11	45	39	41	50	42	53	57	69	37	62	70	44	37	45	
20	64	46	56	38	26	68	73	11	19	57	68	53	9	31	38	26	9	34	66	70	67	64	31	58	26	44	23	32	63	64	46	77	56	44	14	38	18	20	21	57	22	28	28	66	52	41	18	27	27	35	17	37	62	85	51	20	64	80	71	32	61	68	51	39	19	22	36	18	52	57	16	30	28	65	9	42	51	25	38	31	47	67	59	21	36	46	71	0	14	66	25	72	66	76	69	37	66	32	68	47	22	18	11	60	82	36	18	9	65	55	40	46	51	63	24	65	47	58	35	26	36	19	23	68	40	32	27	53	43	21	54	74	42	36	55	59	46	48	65	36	31	28	15	5	66	14	10	26	60	29	
12	66	57	60	35	13	60	75	20	28	59	59	48	6	33	26	22	9	39	60	72	61	66	38	56	29	54	9	22	52	59	42	76	45	49	2	37	21	7	9	54	20	23	37	59	45	29	21	20	33	45	5	27	59	85	54	15	55	81	72	29	58	58	57	29	28	9	27	4	54	48	5	41	34	56	5	52	51	36	29	41	38	57	65	32	25	40	66	14	0	59	36	75	62	76	60	39	69	29	68	40	9	10	14	60	82	38	18	15	56	49	39	42	40	62	9	56	45	56	32	28	47	19	23	63	33	25	28	49	50	25	61	74	36	44	52	55	34	37	68	43	23	16	10	9	54	4	5	24	63	20	
70	43	70	49	29	47	2	46	59	58	40	13	15	64	40	36	40	67	46	8	43	8	42	53	19	46	66	58	37	24	9	22	32	25	48	61	32	50	53	62	18	44	38	58	0	14	37	51	39	51	63	61	34	17	44	39	46	8	44	40	34	15	17	51	31	57	51	32	57	40	16	63	66	50	12	62	64	31	63	30	60	21	20	55	63	37	20	12	66	59	0	62	45	15	39	10	40	47	34	35	19	60	49	55	29	42	40	48	57	16	11	31	22	27	29	55	12	25	25	32	43	70	47	44	13	26	34	41	16	58	49	56	35	24	58	19	12	34	28	49	52	35	44	51	63	25	55	63	40	44	38	
45	44	21	33	33	41	64	53	16	8	38	69	47	34	21	48	29	34	17	59	50	60	44	10	48	16	18	45	40	69	57	40	62	63	23	38	29	18	39	45	47	25	30	4	62	49	53	17	33	10	9	41	46	52	67	33	28	63	61	52	30	52	70	28	46	8	39	43	39	33	60	40	5	11	66	33	16	37	1	44	6	49	71	36	4	47	43	62	25	36	62	0	52	56	58	68	23	45	30	50	46	45	31	22	45	64	22	22	21	68	50	31	40	59	48	43	66	37	45	31	19	11	22	22	59	40	36	22	46	18	15	30	57	40	11	45	51	57	55	43	14	36	42	28	29	71	33	35	26	39	37	
87	8	45	19	41	70	48	1	61	55	15	58	38	77	41	66	53	79	38	37	2	37	8	43	28	46	43	80	61	68	36	38	18	67	29	77	38	55	72	82	30	54	52	48	45	44	70	55	57	45	47	79	62	28	16	21	59	52	10	5	46	30	62	25	61	54	71	59	75	20	58	80	53	45	57	75	42	24	53	58	47	53	65	21	56	66	43	35	72	75	45	52	0	30	9	56	35	8	47	10	47	81	64	62	18	14	36	56	63	61	41	36	38	66	17	77	57	32	23	44	46	52	55	52	33	49	54	47	35	36	51	26	12	45	42	30	34	70	64	11	38	55	68	64	73	69	70	77	50	13	59	
74	28	59	36	27	53	17	31	57	54	26	28	14	66	36	44	40	69	39	7	28	7	27	46	8	42	56	64	42	39	6	19	17	39	38	65	28	48	57	67	9	43	38	52	15	18	46	49	42	46	55	65	41	4	29	27	47	23	29	25	33	4	32	39	39	53	55	38	61	28	29	66	59	45	27	64	55	20	57	36	52	28	35	42	58	44	22	6	66	62	15	56	30	0	24	25	33	32	33	20	24	65	51	54	15	27	34	47	56	31	14	26	19	39	14	60	27	19	12	31	40	62	46	42	3	29	37	38	12	47	46	44	20	25	49	11	7	45	38	35	44	38	50	52	64	40	58	66	39	31	42	
89	15	53	27	41	70	41	10	65	59	19	52	34	79	44	64	54	81	42	31	9	31	14	48	24	49	51	80	60	63	30	36	9	62	35	79	38	57	73	83	26	55	53	54	39	40	67	58	57	50	53	80	60	23	9	25	60	47	5	6	46	25	56	32	59	58	72	58	76	24	53	81	59	49	51	77	50	24	59	56	52	50	59	29	61	64	41	27	76	76	39	58	9	24	0	49	38	16	47	7	44	81	65	65	16	6	39	58	66	55	36	36	36	62	13	77	51	31	20	44	49	59	57	53	26	47	54	48	31	43	54	34	4	43	48	26	29	67	61	19	43	55	67	65	76	64	72	79	51	20	59	
70	53	78	59	35	47	8	57	63	63	50	3	23	66	47	35	43	69	54	18	54	18	52	61	29	52	75	57	38	16	19	29	42	19	57	62	39	54	53	61	28	48	41	65	10	19	34	56	42	58	71	61	33	27	54	49	49	5	54	50	39	26	7	61	31	62	51	33	57	50	12	63	73	57	4	64	73	40	69	31	67	22	10	65	69	36	25	22	69	60	10	68	56	25	49	0	48	57	38	45	23	59	51	58	39	52	48	51	60	7	19	38	29	23	39	54	4	33	35	37	49	77	51	48	23	29	37	47	25	66	55	66	45	28	66	29	22	30	25	59	60	38	44	54	66	16	57	65	44	55	40	
52	27	31	21	13	37	42	36	26	21	19	49	25	41	6	38	20	43	6	36	33	37	26	13	25	11	27	46	31	52	34	18	40	47	12	42	8	19	38	47	24	19	20	19	40	28	42	19	25	13	23	44	34	29	47	14	25	42	42	33	15	29	50	19	33	20	37	31	41	15	41	44	26	12	46	39	25	14	24	31	20	31	52	27	25	37	23	39	37	39	40	23	35	33	38	48	0	29	16	30	27	47	30	27	23	44	1	21	28	48	29	9	18	44	26	43	46	14	22	14	11	29	20	17	36	23	24	12	23	19	16	24	37	21	18	22	29	44	41	29	12	25	36	29	38	54	35	42	16	23	28	
82	4	37	11	38	66	50	8	55	48	10	60	37	71	36	63	49	73	31	39	7	40	5	35	28	40	35	75	57	68	38	36	24	66	22	72	33	49	67	77	30	49	48	41	47	43	67	49	53	38	39	74	59	29	24	15	54	54	18	10	42	31	63	17	58	47	67	56	70	14	58	74	45	38	58	69	34	21	46	55	39	52	66	13	49	63	42	38	66	69	47	45	8	32	16	57	29	0	43	13	46	76	59	57	18	22	31	51	57	61	41	32	36	65	18	72	58	30	22	40	41	44	49	46	36	46	50	41	34	28	45	18	18	43	34	29	35	68	63	3	31	52	64	58	67	70	65	71	45	6	55	
41	39	45	37	6	23	36	48	25	25	32	39	20	33	11	22	7	35	19	33	45	34	39	25	26	14	41	33	15	38	31	13	46	33	28	32	9	16	25	35	25	10	5	28	34	20	26	17	10	21	35	33	18	30	56	27	13	33	52	44	1	29	39	35	18	24	24	15	29	28	29	34	36	20	35	30	39	23	31	15	31	18	40	43	30	21	14	38	32	29	34	30	47	33	47	38	16	43	0	40	15	34	18	21	31	53	15	14	23	37	23	11	13	29	33	29	35	16	27	2	11	41	13	10	35	9	8	8	21	34	16	40	45	10	31	23	27	28	26	43	26	9	21	19	31	41	25	32	6	37	12	
81	10	47	21	33	62	37	11	57	51	13	48	28	71	36	57	46	73	34	27	8	27	8	40	18	41	45	73	53	58	25	29	12	57	28	71	31	50	65	75	20	48	45	46	35	34	61	50	50	42	47	73	53	18	17	17	53	42	12	5	39	20	52	26	52	50	64	51	68	17	48	73	52	41	46	69	44	16	51	49	45	43	54	25	54	57	34	25	68	68	35	50	10	20	7	45	30	13	40	0	38	74	58	57	8	14	31	50	58	50	31	29	29	56	7	69	46	24	13	37	41	53	49	46	23	40	46	41	25	37	46	29	7	36	41	20	24	60	54	16	36	48	60	57	68	59	64	71	43	14	51	
51	42	58	43	13	29	21	48	40	40	36	23	10	45	25	20	21	48	32	21	45	21	41	39	20	29	54	40	18	25	20	10	40	21	38	42	18	31	34	43	18	25	19	43	19	5	23	32	20	36	49	42	17	22	52	32	27	17	49	42	16	20	24	43	15	39	32	14	38	33	14	44	51	35	20	43	52	25	47	12	45	6	25	50	46	20	4	26	47	40	19	46	47	24	44	23	27	46	15	38	0	42	29	36	29	49	26	29	38	22	10	18	10	19	31	36	20	16	24	14	26	55	28	25	24	7	15	24	13	46	31	48	41	5	44	17	17	22	17	47	39	16	26	32	44	27	36	44	21	41	19	
11	73	66	68	40	12	61	82	29	37	66	58	51	13	40	24	27	15	46	63	79	64	73	47	60	37	63	2	23	50	62	46	80	43	57	8	43	29	8	2	58	27	28	46	60	48	26	30	24	42	54	5	26	63	90	60	21	55	87	78	35	61	56	64	28	37	9	27	6	61	47	7	50	42	55	13	61	57	45	29	50	39	55	73	41	23	43	68	22	9	60	45	81	65	81	59	47	76	34	74	42	0	16	23	65	87	45	25	24	54	52	45	46	38	68	5	55	50	61	37	36	56	27	30	66	36	28	34	53	59	33	69	79	39	53	56	58	31	35	76	51	26	15	18	17	52	12	12	30	70	23	
23	56	51	51	24	9	50	65	17	23	49	50	37	15	23	19	11	18	30	50	62	51	56	32	45	21	48	15	13	45	48	31	65	38	41	13	27	14	8	17	43	10	12	31	49	35	23	15	9	27	40	14	18	48	74	44	5	46	70	62	19	47	49	48	20	23	8	18	10	45	39	15	37	27	47	13	46	41	32	20	35	29	49	57	29	18	30	55	18	10	49	31	64	51	65	51	30	59	18	58	29	16	0	10	49	72	29	10	12	47	39	29	31	33	52	13	47	34	46	21	19	43	11	13	53	23	14	18	38	44	18	52	63	26	38	41	44	28	29	59	36	13	10	4	15	47	6	14	14	53	11	
25	54	43	47	27	20	57	63	7	14	47	58	41	14	21	30	15	16	25	54	60	55	54	24	47	16	40	23	22	54	53	35	66	47	36	16	27	7	16	23	45	11	17	23	55	41	34	8	16	19	31	19	28	51	74	41	9	53	70	60	21	50	57	43	29	14	17	27	17	42	47	18	27	20	54	12	38	40	22	28	27	36	57	51	18	28	35	59	11	14	55	22	62	54	65	58	27	57	21	57	36	23	10	0	49	72	26	7	2	55	44	29	35	42	52	21	54	36	47	23	16	33	8	12	57	29	21	16	42	36	11	47	63	31	30	44	48	38	39	56	29	20	21	6	10	56	11	14	15	50	19	
72	13	45	21	25	54	32	19	50	45	11	42	20	63	28	49	38	65	28	22	16	22	12	35	10	34	42	64	44	50	20	20	17	49	24	62	22	42	56	66	12	39	36	41	29	26	52	42	41	36	43	64	44	12	25	13	44	36	21	13	30	13	45	24	43	44	55	42	60	13	40	65	48	35	40	61	41	8	46	40	41	35	48	26	48	48	25	22	60	60	29	45	18	15	16	39	23	18	31	8	29	65	49	49	0	22	24	42	50	43	23	20	20	48	3	60	40	15	5	28	33	49	41	37	19	31	37	33	17	33	39	28	14	27	37	12	17	51	46	20	32	39	51	49	60	52	55	63	35	15	42	
95	21	59	33	47	76	44	14	71	66	26	55	39	85	50	70	60	88	49	34	15	34	20	54	29	56	57	86	66	66	33	41	10	66	41	85	45	64	79	89	31	62	59	60	42	44	72	64	63	56	60	87	66	27	2	31	67	50	4	12	53	29	59	38	64	65	78	63	82	31	57	87	66	55	54	83	56	31	65	61	59	55	62	35	68	69	46	30	82	82	42	64	14	27	6	52	44	22	53	14	49	87	72	72	22	0	46	65	73	58	41	43	41	66	19	83	54	37	26	50	55	65	63	60	29	53	60	55	36	49	61	40	8	49	54	32	33	71	65	25	50	61	73	72	82	67	78	85	58	26	65	
51	28	31	22	13	36	43	37	25	20	21	49	25	40	5	37	19	42	5	37	34	38	28	13	26	10	27	44	30	52	34	18	41	47	13	41	8	18	37	46	25	18	19	18	40	28	41	18	24	12	23	43	33	30	49	15	23	43	44	34	14	30	50	20	33	19	36	30	39	16	41	43	26	11	46	38	25	15	23	30	19	31	52	28	24	36	23	40	36	38	40	22	36	34	39	48	1	31	15	31	26	45	29	26	24	46	0	20	26	48	29	9	18	43	27	42	46	15	23	13	10	29	18	15	37	22	23	10	24	19	15	25	38	21	17	23	29	43	40	30	12	24	35	27	36	54	34	40	15	24	27	
30	48	41	42	19	19	50	57	11	15	41	51	34	20	15	26	8	22	20	47	54	48	48	22	40	11	38	25	18	49	45	27	59	42	31	21	20	4	18	26	38	4	10	22	48	34	30	5	11	17	30	23	24	44	68	35	5	46	63	54	14	43	51	38	25	14	18	22	19	36	41	23	28	17	48	18	36	34	23	23	25	30	52	47	20	24	28	52	18	18	48	22	56	47	58	51	21	51	14	50	29	25	10	7	42	65	20	0	9	49	37	22	27	38	45	23	48	29	39	16	10	34	1	5	49	22	15	9	35	34	8	43	57	24	28	36	41	34	34	50	26	14	19	7	17	51	14	20	8	44	14	
25	55	42	47	28	22	59	64	5	13	48	60	43	14	22	32	17	15	25	56	61	57	55	24	49	16	39	24	25	56	54	36	67	50	36	17	28	8	18	24	47	13	19	22	57	43	36	8	18	19	30	20	30	52	75	42	11	55	71	61	23	52	60	43	32	13	19	29	18	43	49	19	26	20	57	12	37	41	21	31	26	38	60	51	17	30	37	61	9	15	57	21	63	56	66	60	28	57	23	58	38	24	12	2	50	73	26	9	0	57	46	30	36	45	53	23	57	37	48	25	17	32	10	13	58	31	23	17	44	36	12	47	64	33	29	45	50	40	41	56	29	22	23	8	10	59	12	14	17	51	21	
65	57	79	62	35	43	14	61	61	62	53	4	25	62	47	30	41	65	54	24	59	24	56	61	33	51	76	52	34	8	25	30	48	13	59	58	40	52	49	56	31	45	39	65	16	20	29	54	39	58	71	57	29	32	60	51	46	8	60	55	38	30	2	63	27	61	47	29	53	52	8	59	73	57	4	60	74	43	69	27	67	19	4	68	68	31	25	28	65	56	16	68	61	31	55	7	48	61	37	50	22	54	47	55	43	58	48	49	57	0	21	39	30	17	44	49	4	35	39	36	48	77	49	47	29	28	34	46	28	67	53	68	51	28	66	32	26	24	19	63	61	35	40	50	62	9	53	61	42	58	36	
61	36	59	41	18	39	13	42	48	46	32	20	4	54	29	30	29	57	35	11	39	12	35	42	13	34	56	50	28	27	10	10	31	26	38	52	21	39	44	53	11	33	27	47	11	4	32	40	29	40	52	52	26	13	43	30	35	14	41	36	23	11	23	42	24	45	42	24	48	31	17	54	55	39	18	52	54	21	51	22	49	14	25	47	51	30	9	16	55	49	11	50	41	14	36	19	29	41	23	31	10	52	39	44	23	41	29	37	46	21	0	20	10	25	24	46	18	14	18	21	32	59	36	33	14	16	24	30	6	47	38	47	32	13	47	11	7	30	24	42	41	26	36	41	53	29	45	54	29	37	29	
52	28	40	27	6	34	34	37	31	28	21	39	16	42	10	32	17	45	15	28	34	29	28	22	18	16	36	44	25	43	26	9	36	38	20	42	2	22	36	46	17	19	16	27	31	19	36	23	21	20	32	43	28	22	45	17	24	33	41	33	10	22	41	25	27	27	35	25	39	18	32	44	35	19	36	40	34	12	32	24	29	23	43	33	32	31	14	32	40	39	31	31	36	26	36	38	9	32	11	29	18	45	29	29	20	43	9	22	30	39	20	0	9	36	23	40	36	7	17	8	14	38	21	17	29	15	18	13	15	28	20	31	34	13	27	15	21	37	33	32	22	19	32	29	39	45	35	42	14	26	23	
55	32	49	33	8	34	24	39	38	36	26	30	7	46	18	28	21	49	24	20	35	21	31	31	13	24	46	45	24	34	18	0	33	31	28	45	10	29	38	48	11	24	19	36	22	9	32	30	22	29	42	46	24	16	44	22	27	24	41	33	13	15	32	33	23	35	36	21	42	23	24	47	44	28	27	44	43	15	41	20	38	16	34	39	41	28	6	24	46	42	22	40	38	19	36	29	18	36	13	29	10	46	31	35	20	41	18	27	36	30	10	9	0	29	22	41	27	6	15	11	22	48	26	23	21	11	18	20	7	37	28	38	33	7	36	9	13	32	27	37	31	19	32	33	44	36	38	46	19	31	23	
49	61	74	62	30	27	27	67	49	52	55	21	28	46	40	14	30	49	48	34	64	34	60	54	38	43	71	36	20	12	34	29	57	5	56	42	35	42	33	40	36	34	29	57	27	22	12	43	26	50	64	41	14	39	69	51	33	20	67	61	30	37	18	61	13	51	31	15	37	52	11	43	65	49	18	44	68	44	60	14	60	13	17	68	58	15	23	39	51	40	27	59	66	39	62	23	44	65	29	56	19	38	33	42	48	66	43	38	45	17	25	36	29	0	49	33	18	35	43	30	40	70	37	36	38	21	23	37	31	63	43	67	58	23	60	36	33	7	3	66	56	23	24	37	47	14	38	45	33	60	23	
75	14	48	23	27	56	31	18	53	48	13	42	21	66	31	51	41	68	31	21	15	21	13	38	11	37	45	66	46	51	19	22	13	50	27	65	25	45	59	69	13	42	39	44	29	27	54	45	44	39	46	67	47	11	22	16	47	36	19	12	33	13	45	26	45	47	58	44	62	16	41	67	51	38	40	64	43	12	49	42	44	36	48	28	51	50	27	20	63	62	29	48	17	14	13	39	26	18	33	7	31	68	52	52	3	19	27	45	53	44	24	23	22	49	0	63	40	17	6	31	36	52	44	40	17	33	40	36	18	36	42	30	11	29	40	13	17	53	47	20	35	41	54	52	63	52	58	66	38	17	45	
16	69	64	64	35	7	56	77	28	35	62	52	46	15	36	19	23	18	43	57	74	58	68	45	55	34	61	3	18	45	56	41	75	38	54	10	38	27	5	7	53	23	24	44	55	42	21	28	19	40	52	8	21	58	86	56	18	50	82	73	30	56	51	61	23	35	5	22	5	57	41	10	49	40	50	14	59	53	44	24	48	34	50	70	40	18	38	63	24	9	55	43	77	60	77	54	43	72	29	69	36	5	13	21	60	83	42	23	23	49	46	40	41	33	63	0	50	45	56	32	32	55	24	26	61	31	23	31	48	57	31	66	74	34	51	51	53	26	30	72	49	21	10	16	19	47	10	14	26	66	18	
66	54	77	59	33	43	10	58	60	60	50	3	22	62	44	31	40	65	52	20	55	20	52	58	29	49	73	53	34	12	21	27	44	15	55	58	37	51	49	57	28	44	38	63	12	17	30	52	38	56	69	57	29	28	56	48	45	4	56	51	36	26	5	60	27	60	47	29	53	49	8	59	71	55	0	60	71	39	67	27	65	18	8	65	66	31	23	24	65	56	12	66	57	27	51	4	46	58	35	46	20	55	47	54	40	54	46	48	57	4	18	36	27	18	40	50	0	32	35	34	46	75	47	45	25	26	33	44	24	65	52	65	47	25	64	29	23	26	20	60	58	34	40	50	62	13	53	61	41	55	36	
58	26	44	27	9	38	28	33	38	35	20	35	10	49	17	34	23	51	21	21	30	22	25	28	11	23	41	49	29	40	19	6	30	37	23	48	9	29	41	51	10	25	21	33	25	15	37	30	26	27	38	49	30	15	40	16	30	29	36	28	15	15	37	27	28	34	40	27	45	17	29	50	41	26	32	46	39	9	38	25	35	22	39	33	39	33	12	25	47	45	25	37	32	19	31	33	14	30	16	24	16	50	34	36	15	37	15	29	37	35	14	7	6	35	17	45	32	0	11	13	21	44	27	24	22	16	22	19	8	32	27	33	29	13	32	8	14	38	33	31	27	23	36	35	46	42	41	48	21	25	27	
69	18	47	24	21	50	28	24	48	43	15	37	15	60	26	44	34	62	28	18	21	19	17	35	5	32	44	60	39	45	16	15	19	44	25	59	19	39	53	62	7	36	33	41	25	21	47	40	37	35	43	60	40	8	29	15	41	31	25	18	26	9	40	27	38	42	51	37	56	15	35	61	48	34	35	58	42	8	46	35	41	30	43	30	47	43	20	19	58	56	25	45	23	12	20	35	22	22	27	13	24	61	46	47	5	26	23	39	48	39	18	17	15	43	6	56	35	11	0	24	31	50	38	34	16	26	33	30	12	35	37	31	17	23	37	7	12	47	41	24	32	35	47	46	57	47	52	60	32	19	38	
44	37	44	35	3	25	34	45	27	26	30	38	18	35	10	24	10	38	18	31	42	32	36	24	24	14	41	35	17	38	29	11	44	33	26	34	7	18	28	38	22	12	8	28	32	18	28	19	13	21	35	36	20	27	53	25	16	32	50	41	2	26	39	33	19	25	27	17	31	26	29	36	36	20	34	33	38	20	32	16	31	18	40	41	31	23	12	35	35	32	32	31	44	31	44	37	14	40	2	37	14	37	21	23	28	50	13	16	25	36	21	8	11	30	31	32	34	13	24	0	12	41	15	12	33	9	10	9	18	33	17	38	42	8	30	20	24	30	26	41	26	11	23	21	33	41	27	35	8	34	14	
41	38	34	32	14	28	46	47	16	14	31	50	29	30	5	31	11	32	11	42	44	43	38	14	32	2	31	35	23	50	40	22	50	44	21	31	12	8	27	36	31	9	12	16	43	30	35	8	16	10	24	33	28	36	58	25	14	44	53	44	10	36	51	28	28	13	27	25	30	26	41	33	24	9	46	28	29	24	20	25	20	30	51	37	19	30	24	46	26	28	43	19	46	40	49	49	11	41	11	41	26	36	19	16	33	55	10	10	17	48	32	14	22	40	36	32	46	21	31	12	0	29	8	6	43	20	17	2	29	25	6	33	47	21	20	29	35	38	37	40	17	17	27	17	26	52	24	30	7	34	19	
56	44	11	32	42	53	72	52	27	19	40	78	55	45	30	60	40	45	23	66	51	67	45	16	54	26	10	56	52	79	63	48	65	74	25	49	37	29	50	56	53	36	41	12	70	57	64	28	44	19	6	52	57	57	68	36	39	72	62	53	40	58	80	27	57	20	51	55	50	36	70	51	6	20	75	44	10	41	11	55	10	59	81	33	15	58	52	68	36	47	70	11	52	62	59	77	29	44	41	53	55	56	43	33	49	65	29	34	32	77	59	38	48	70	52	55	75	44	50	41	29	0	34	33	65	50	47	32	53	16	26	27	60	49	12	51	58	68	66	42	17	47	53	39	40	82	44	46	37	39	48	
32	47	41	41	18	20	49	56	12	14	40	50	33	21	13	26	7	24	19	46	53	47	47	21	39	10	37	26	18	48	44	26	57	42	30	22	18	4	19	27	37	3	9	21	47	33	30	5	11	16	29	24	24	42	66	34	6	45	62	53	13	42	51	37	24	14	19	22	21	35	40	24	28	16	47	19	35	32	23	23	25	29	51	46	20	25	27	51	19	19	47	22	55	46	57	51	20	49	13	49	28	27	11	8	41	63	18	1	10	49	36	21	26	37	44	24	47	27	38	15	8	34	0	3	48	21	14	8	33	33	7	41	55	23	27	35	40	34	34	49	25	14	19	8	18	51	15	21	7	43	14	
35	43	40	38	15	22	46	52	15	15	36	48	30	25	10	26	6	27	17	43	49	44	43	19	35	8	36	29	18	47	41	23	54	41	27	25	15	6	21	30	33	3	7	21	44	30	30	7	11	14	29	27	23	39	63	31	8	43	58	49	10	38	49	34	24	15	21	21	24	31	38	28	28	14	45	23	34	29	23	21	24	27	49	43	21	25	24	47	23	23	44	22	52	42	53	48	17	46	10	46	25	30	13	12	37	60	15	5	13	47	33	17	23	36	40	26	45	24	34	12	6	33	3	0	45	18	13	5	30	31	7	39	52	20	25	31	36	34	33	46	23	13	21	12	22	49	18	25	4	40	14	
76	32	63	40	29	54	15	34	59	57	30	26	15	68	39	45	42	71	42	5	31	5	30	49	11	45	60	65	43	37	5	21	19	37	41	66	31	50	58	68	12	45	40	55	13	19	47	51	43	49	59	67	41	7	31	31	49	21	31	27	35	7	30	43	39	56	57	39	62	31	28	68	63	48	25	66	58	23	60	37	56	29	33	45	61	45	23	3	68	63	13	59	33	3	26	23	36	36	35	23	24	66	53	57	19	29	37	49	58	29	14	29	21	38	17	61	25	22	16	33	43	65	48	45	0	30	38	41	14	51	49	47	22	27	53	14	8	44	38	38	47	40	51	54	66	38	59	68	41	34	43	
45	42	53	42	9	24	28	50	33	34	36	29	15	38	19	17	14	41	28	27	46	28	41	33	24	23	50	34	13	29	25	11	44	24	35	36	14	25	28	38	22	18	12	37	26	12	21	26	13	30	44	36	13	26	55	32	20	24	52	44	10	25	30	41	12	33	26	10	32	33	20	38	45	29	26	36	48	25	41	9	40	9	31	48	39	17	7	32	40	33	26	40	49	29	47	29	23	46	9	40	7	36	23	29	31	53	22	22	31	28	16	15	11	21	33	31	26	16	26	9	20	50	21	18	30	0	8	18	16	42	25	46	44	3	39	20	22	22	18	47	35	9	21	25	37	31	29	37	14	41	13	
37	47	52	45	13	16	36	55	26	29	40	36	23	30	18	14	7	32	27	35	52	36	46	31	31	20	48	26	7	34	34	18	52	27	36	27	17	18	20	29	29	11	5	34	34	20	18	20	5	27	41	28	10	34	62	35	12	32	59	51	9	33	36	43	10	28	18	8	23	36	26	29	41	26	33	27	46	30	36	8	37	15	36	51	34	13	15	41	32	25	34	36	54	37	54	37	24	50	8	46	15	28	14	21	37	60	23	15	23	34	24	18	18	23	40	23	33	22	33	10	17	47	14	13	38	8	0	14	25	42	20	48	51	11	38	28	30	21	19	51	34	1	13	17	29	36	21	29	10	45	5	
40	38	37	33	12	26	43	47	18	16	31	47	27	30	5	28	9	32	13	40	44	41	38	17	31	5	34	34	20	47	38	20	49	41	23	30	10	9	26	35	29	7	9	19	41	27	33	10	14	12	27	32	25	35	58	26	13	41	53	44	8	34	48	30	25	15	25	22	29	26	38	33	27	12	44	28	31	24	23	23	22	27	49	38	21	27	21	44	27	28	41	22	47	38	48	47	12	41	8	41	24	34	18	16	33	55	10	9	17	46	30	13	20	37	36	31	44	19	30	9	2	32	8	5	41	18	14	0	27	27	8	35	47	18	23	27	33	36	34	41	19	15	25	17	27	49	23	30	5	35	17	
62	30	53	34	15	41	19	36	45	43	25	27	3	54	25	33	28	56	30	13	33	14	29	37	7	31	50	51	30	34	11	7	28	32	31	52	17	36	45	54	5	31	26	42	16	9	36	37	29	35	47	53	29	9	39	23	34	20	37	30	20	8	30	35	27	42	43	27	48	24	23	54	50	34	24	51	48	15	47	25	44	18	32	40	47	33	10	17	53	49	16	46	35	12	31	25	23	34	21	25	13	53	38	42	17	36	24	35	44	28	6	15	7	31	18	48	24	8	12	18	29	53	33	30	14	16	25	27	0	41	35	40	28	13	41	5	6	35	29	36	36	26	38	40	52	35	45	53	26	30	29	
61	28	12	16	33	53	60	36	32	24	24	67	43	50	23	56	36	51	14	52	34	53	29	12	40	23	8	59	48	71	50	37	49	66	9	53	28	30	52	59	40	34	37	15	58	47	60	29	41	17	11	56	52	43	51	20	39	61	46	37	33	44	70	11	52	23	52	49	53	20	61	55	17	17	65	49	7	27	19	49	12	51	71	17	22	55	42	54	43	50	58	18	36	47	43	66	19	28	34	37	46	59	44	36	33	49	19	34	36	67	47	28	37	63	36	57	65	32	35	33	25	16	33	31	51	42	42	27	41	0	26	12	44	41	7	38	45	63	60	26	8	42	52	41	45	73	47	51	32	23	45	
37	43	33	35	20	27	51	52	10	8	36	55	35	26	10	33	13	27	13	48	49	49	43	14	38	5	30	33	25	54	46	28	56	48	24	27	18	4	26	33	37	9	14	14	49	35	37	3	18	9	22	30	30	42	64	30	13	49	59	49	15	42	55	31	31	8	26	28	27	31	45	30	21	9	52	24	28	30	16	29	18	34	56	40	14	31	29	52	21	25	49	15	51	46	54	55	16	45	16	46	31	33	18	11	39	61	15	8	12	53	38	20	28	43	42	31	52	27	37	17	6	26	7	7	49	25	20	8	35	26	0	35	53	26	20	35	41	41	40	44	18	20	27	15	22	56	21	26	10	39	21	
72	19	19	7	37	61	59	26	43	35	17	68	43	61	30	62	44	62	22	50	25	50	20	22	37	31	17	68	55	73	48	38	41	70	12	63	31	39	61	69	38	42	44	27	56	48	66	39	49	27	23	66	58	40	42	17	47	61	36	28	39	41	70	5	57	34	60	55	63	16	63	65	29	26	65	59	17	25	31	54	24	54	72	5	34	61	44	50	54	61	56	30	26	44	34	66	24	18	40	29	48	69	52	47	28	40	25	43	47	68	47	31	38	67	30	66	65	33	31	38	33	27	41	39	47	46	48	35	40	12	35	0	35	44	19	36	43	68	64	15	17	49	60	50	56	75	57	61	40	14	52	
87	16	54	28	38	67	37	13	64	58	20	48	31	77	42	61	52	79	41	27	12	27	15	47	20	48	52	78	57	59	26	33	5	58	35	77	36	56	70	80	22	53	50	53	35	36	64	56	55	49	54	78	57	19	11	24	58	43	9	8	44	21	52	33	55	57	69	55	74	24	49	79	59	48	47	75	51	23	58	53	52	46	55	31	61	61	38	23	74	74	35	57	12	20	4	45	37	18	45	7	41	79	63	63	14	8	38	57	64	51	32	34	33	58	11	74	47	29	17	42	47	60	55	52	22	44	51	47	28	44	53	35	0	40	48	23	25	63	57	21	43	52	65	63	74	60	70	77	49	21	56	
48	39	52	39	7	27	26	46	35	35	33	29	11	41	19	21	16	44	26	24	43	25	38	33	20	23	49	38	17	30	22	7	41	25	33	39	13	26	31	41	18	20	14	37	24	10	24	27	16	30	43	39	17	23	52	29	22	23	49	41	10	22	30	38	15	34	30	14	35	30	20	41	45	29	25	39	46	22	41	12	39	10	31	45	40	20	4	29	42	36	24	40	45	25	43	28	21	43	10	36	5	39	26	31	27	49	21	24	33	28	13	13	7	23	29	34	25	13	23	8	21	49	23	20	27	3	11	18	13	41	26	44	40	0	38	17	18	25	20	44	34	13	24	27	40	32	32	40	16	38	16	
55	33	14	22	31	47	60	42	25	17	28	67	43	43	20	52	31	44	12	53	40	54	34	6	41	18	10	53	44	69	51	36	53	64	13	46	26	24	46	53	41	28	32	8	58	46	56	23	37	11	6	49	48	45	57	24	33	60	51	42	30	46	68	17	48	16	46	46	47	24	59	48	11	11	64	42	8	29	12	46	5	48	70	24	15	50	41	56	36	44	58	11	42	49	48	66	18	34	31	41	44	53	38	30	37	54	17	28	29	66	47	27	36	60	40	51	64	32	37	30	20	12	27	25	53	39	38	23	41	7	20	19	48	38	0	39	46	59	57	32	5	38	47	35	38	71	41	44	28	28	40	
65	25	50	30	17	44	22	31	46	43	21	31	8	56	25	38	30	59	28	14	28	15	24	35	3	31	47	55	34	39	12	9	24	37	28	55	17	37	48	58	2	33	28	41	19	14	40	38	32	35	45	56	34	7	34	19	37	25	32	25	22	7	34	31	32	42	46	31	51	20	28	57	49	34	29	54	45	11	46	29	42	23	36	36	47	37	14	17	55	52	19	45	30	11	26	29	22	29	23	20	17	56	41	44	12	32	23	36	45	32	11	15	9	36	13	51	29	8	7	20	29	51	35	31	14	20	28	27	5	38	35	36	23	17	39	0	7	40	34	31	34	29	41	42	54	40	48	56	28	26	33	
67	31	57	37	21	46	15	35	51	49	27	25	7	60	31	37	34	62	35	7	32	8	29	42	6	37	54	57	35	34	5	13	24	33	36	58	23	42	50	60	5	37	32	48	12	11	39	43	35	41	52	58	34	6	36	26	40	18	34	29	26	4	28	38	32	48	48	31	54	27	24	60	56	40	23	57	52	18	52	29	49	21	31	43	53	37	15	11	59	55	12	51	34	7	29	22	29	35	27	24	17	58	44	48	17	33	29	41	50	26	7	21	13	33	17	53	23	14	12	24	35	58	40	36	8	22	30	33	6	45	41	43	25	18	46	7	0	38	32	37	41	31	43	46	58	35	51	59	32	32	35	
42	64	73	64	31	20	34	71	45	49	58	28	32	40	39	8	28	43	48	40	67	40	63	53	43	41	70	29	16	19	39	32	62	12	56	35	36	38	26	33	40	32	26	55	34	26	5	40	23	48	63	34	10	44	74	54	29	27	72	65	29	42	26	63	10	48	25	13	30	55	18	36	62	48	26	38	67	47	57	13	58	16	24	70	55	10	26	45	46	34	34	57	70	45	67	30	44	68	28	60	22	31	28	38	51	71	43	34	40	24	30	37	32	7	53	26	26	38	47	30	38	68	34	34	44	22	21	36	35	63	41	68	63	25	59	40	38	0	6	69	55	21	18	32	42	21	32	39	31	63	19	
46	59	71	60	27	24	28	65	45	48	53	23	26	43	37	11	26	46	45	33	62	34	58	51	37	39	67	33	16	15	33	27	56	8	53	39	32	38	30	37	34	31	25	53	28	20	9	39	23	47	61	38	10	38	68	49	30	21	66	59	26	36	21	59	9	48	28	12	34	50	12	40	61	46	20	41	65	42	56	11	57	11	20	66	54	12	21	39	48	37	28	55	64	38	61	25	41	63	26	54	17	35	29	39	46	65	40	34	41	19	24	33	27	3	47	30	20	33	41	26	37	66	34	33	38	18	19	34	29	60	40	64	57	20	57	34	32	6	0	64	52	19	21	33	44	17	34	42	29	58	19	
81	6	34	9	38	66	52	11	53	46	11	62	39	70	35	64	49	72	30	42	10	42	7	34	30	39	32	75	58	70	40	37	27	67	20	71	33	48	67	76	31	48	48	39	49	44	68	48	53	37	37	73	60	32	27	15	54	56	21	13	42	34	65	14	59	45	66	57	70	14	59	73	43	36	60	68	32	22	44	56	37	53	68	10	47	63	43	41	65	68	49	43	11	35	19	59	29	3	43	16	47	76	59	56	20	25	30	50	56	63	42	32	37	66	20	72	60	31	24	41	40	42	49	46	38	47	51	41	36	26	44	15	21	44	32	31	37	69	64	0	29	52	64	58	66	71	64	70	45	6	55	
54	29	18	19	26	45	55	38	25	17	24	61	37	43	15	48	28	44	7	48	36	49	30	5	36	15	15	51	40	64	46	31	48	59	8	45	21	22	44	52	36	26	29	10	52	41	52	21	33	9	11	48	44	40	53	19	31	55	47	38	25	40	63	14	44	17	44	42	45	19	54	48	16	9	58	41	12	24	15	42	9	44	65	23	18	47	36	50	36	43	52	14	38	44	43	60	12	31	26	36	39	51	36	29	32	50	12	26	29	61	41	22	31	56	35	49	58	27	32	26	17	17	25	23	47	35	34	19	36	8	18	17	43	34	5	34	41	55	52	29	0	34	44	33	38	66	39	44	24	25	37	
35	48	52	46	14	15	37	56	26	29	41	37	24	28	19	13	7	31	27	37	53	38	48	32	33	20	49	25	6	34	35	19	53	28	37	26	18	18	18	28	31	11	5	34	35	22	18	20	4	27	42	26	10	36	64	36	11	33	60	52	10	35	37	44	10	28	17	7	22	37	26	28	41	27	34	26	47	31	36	8	37	16	37	52	34	12	17	42	31	23	35	36	55	38	55	38	25	52	9	48	16	26	13	20	39	61	24	14	22	35	26	19	19	23	41	21	34	23	35	11	17	47	14	13	40	9	1	15	26	42	20	49	52	13	38	29	31	21	19	52	34	0	12	16	28	36	19	28	10	46	3	
25	61	61	57	26	3	45	69	28	34	54	43	36	22	30	10	16	25	38	47	66	48	60	40	45	29	57	13	7	36	46	32	65	29	48	18	30	23	9	17	43	18	16	41	44	32	13	25	11	35	49	17	11	48	76	49	13	40	73	64	22	46	42	55	13	33	7	12	13	50	32	19	47	35	40	20	55	44	42	14	45	23	41	63	39	9	28	53	28	16	44	42	68	50	67	44	36	64	21	60	26	15	10	21	51	73	35	19	23	40	36	32	32	24	54	10	40	36	47	23	27	53	19	21	51	21	13	25	38	52	27	60	65	24	47	41	43	18	21	64	44	12	0	14	23	38	13	21	20	58	8	
23	56	48	50	25	13	53	65	13	19	48	53	39	13	22	23	12	16	28	52	62	53	55	29	46	18	45	18	17	49	50	33	65	42	39	13	26	11	11	18	44	9	13	28	51	37	27	12	12	24	36	15	22	49	75	43	5	49	70	61	19	48	52	46	24	19	11	21	12	44	42	15	33	24	50	11	43	41	28	23	32	32	52	55	25	22	32	57	15	10	51	28	64	52	65	54	29	58	19	57	32	18	4	6	49	72	27	7	8	50	41	29	33	37	52	16	50	35	46	21	17	39	8	12	54	25	17	17	40	41	15	50	63	27	35	42	46	32	33	58	33	16	14	0	12	51	6	13	14	52	14	
16	65	50	57	37	21	65	74	13	21	58	65	51	5	31	33	24	5	35	64	71	65	65	34	57	26	47	18	28	59	62	44	76	52	46	9	37	18	15	17	55	21	25	31	63	49	37	18	24	29	38	13	33	61	85	52	17	61	80	71	31	60	64	53	35	22	17	33	13	53	54	11	34	30	62	4	45	51	29	35	34	44	63	61	25	32	44	69	5	9	63	29	73	64	76	66	38	67	31	68	44	17	15	10	60	82	36	17	10	62	53	39	44	47	63	19	62	46	57	33	26	40	18	22	66	37	29	27	52	45	22	56	74	40	38	54	58	42	44	66	38	28	23	12	0	62	9	6	25	61	26	
63	65	85	69	40	41	23	70	63	65	61	13	32	61	51	28	43	63	59	33	67	33	64	65	41	55	81	50	34	2	34	36	57	9	65	56	45	55	47	54	40	48	41	69	25	27	26	56	40	62	76	55	28	41	69	59	47	17	69	64	41	39	8	70	26	64	45	29	51	60	12	57	77	61	13	59	79	50	72	28	72	22	5	76	71	29	31	37	66	54	25	71	69	40	64	16	54	70	41	59	27	52	47	56	52	67	54	51	59	9	29	45	36	14	52	47	13	42	47	41	52	82	51	49	38	31	36	49	35	73	56	75	60	32	71	40	35	21	17	71	66	36	38	51	62	0	52	59	45	66	37	
16	62	54	56	31	11	57	71	17	25	55	56	44	9	29	24	17	12	35	57	68	57	62	35	51	25	51	12	19	50	55	38	71	43	45	7	33	17	6	12	49	16	19	34	55	42	27	18	16	30	42	8	24	55	81	49	11	52	77	68	25	54	55	53	26	25	7	24	6	50	45	9	38	30	53	7	49	47	33	26	38	35	54	61	29	22	36	62	14	4	55	33	70	58	72	57	35	65	25	64	36	12	6	11	55	78	34	14	12	53	45	35	38	38	58	10	53	41	52	27	24	44	15	18	59	29	21	23	45	47	21	57	70	32	41	48	51	32	34	64	39	19	13	6	9	52	0	8	20	59	17	
10	69	56	62	39	18	65	78	19	27	61	64	52	1	35	31	25	4	40	65	75	66	68	39	59	31	53	13	27	57	63	46	79	50	51	4	40	22	12	11	57	23	27	36	63	50	34	22	24	34	44	7	32	63	88	56	18	60	84	74	33	62	63	58	34	27	14	32	8	57	53	5	40	34	61	2	51	54	35	34	40	43	62	66	31	30	44	70	10	5	63	35	77	66	79	65	42	71	32	71	44	12	14	14	63	85	40	20	14	61	54	42	46	45	66	14	61	48	60	35	30	46	21	25	68	37	29	30	53	51	26	61	77	40	44	56	59	39	42	70	44	28	21	13	6	59	8	0	27	65	25	
37	42	42	38	11	21	42	51	19	19	35	44	26	28	10	23	4	30	18	39	48	40	42	21	32	10	39	29	15	43	37	19	51	37	28	27	12	10	22	31	30	4	4	24	40	26	28	11	9	17	31	29	20	35	60	29	9	39	56	47	6	35	45	35	20	18	21	18	25	30	34	29	31	17	41	25	36	26	26	18	27	23	45	43	25	22	20	44	26	24	40	26	50	39	51	44	16	45	6	43	21	30	14	15	35	58	15	8	17	42	29	14	19	33	38	26	41	21	32	8	7	37	7	4	41	14	10	5	26	32	10	40	49	16	28	28	32	31	29	45	24	10	20	14	25	45	20	27	0	39	12	
75	5	33	7	32	60	47	13	48	42	5	57	33	65	30	58	43	66	25	37	11	38	6	29	25	34	31	69	52	64	35	31	26	62	16	66	27	42	61	71	26	42	42	35	44	39	62	42	47	32	34	68	54	27	28	9	48	50	22	14	36	29	60	12	53	41	60	51	64	8	54	68	40	31	55	63	30	16	40	50	33	47	62	11	43	57	37	37	60	63	44	39	13	31	20	55	23	6	37	14	41	70	53	50	15	26	24	44	51	58	37	26	31	60	17	66	55	25	19	34	34	39	43	40	34	41	45	35	30	23	39	14	21	38	28	26	32	63	58	6	25	46	58	52	61	66	59	65	39	0	49	
32	52	54	49	17	11	39	60	26	29	45	39	28	26	22	11	8	29	30	40	57	41	51	34	36	22	51	21	3	34	38	23	57	28	40	23	21	19	15	25	34	12	8	35	38	25	16	20	3	29	43	23	9	39	67	40	10	35	64	55	13	38	38	47	10	29	13	7	19	41	28	25	43	29	36	24	49	35	37	9	39	18	38	55	35	10	20	45	29	20	38	37	59	42	59	40	28	55	12	51	19	23	11	19	42	65	27	14	21	36	29	23	23	23	45	18	36	27	38	14	19	48	14	14	43	13	5	17	29	45	21	52	56	16	40	33	35	19	19	55	37	3	8	14	26	37	17	25	12	49	0	

