2  100
42	64	90	34	79	35	80	13	50	45	45	30	55	93	53	60	87	74	17	3	74	95	29	8	55	20	71	36	60	77	78	4	36	73	30	2	66	53	53	16	55	58	10	58	12	92	52	31	100	78	19	39	92	6	55	57	6	50	26	74	40	54	17	39	3	70	80	4	54	54	23	95	28	82	2	23	93	14	9	51	94	59	30	25	28	66	42	2	25	100	41	66	56	23	67	76	57	40	18	35	
83	39	9	17	92	69	90	47	60	92	48	75	27	64	35	33	91	65	43	12	32	37	42	58	95	56	36	20	2	93	34	44	37	88	98	52	64	99	58	2	19	38	57	60	51	68	34	86	34	72	76	58	38	56	71	51	79	6	94	82	33	68	38	30	36	60	39	72	47	81	5	15	14	42	92	70	6	74	42	62	49	35	23	16	42	79	84	99	74	1	79	74	38	32	53	48	45	89	48	56	
1956	2543	2325	3343	1536	3627	3630	3371	1166	698	4585	4630	3515	3950	1701	3164	1838	2807	2768	362	4337	2396	4724	654	4569	4003	897	307	3273	4582	435	4023	1310	3697	677	4473	4723	3819	4203	1070	1221	2275	1515	3053	3545	393	1181	4021	215	3357	3635	1745	3171	1669	476	887	3099	1825	4378	3121	2165	2994	3300	1517	4251	2181	2562	3480	3686	3888	3913	93	1107	2859	972	213	3278	99	3571	2616	827	963	2045	4742	4521	1021	2808	542	358	2577	1708	1619	3111	3185	1762	4458	4245	3986	1147	2306	
0	52	60	78	57	68	45	46	51	29	40	36	68	56	70	66	39	78	37	33	47	71	60	63	66	35	36	67	51	77	57	56	7	42	52	35	40	69	58	88	63	73	68	84	33	59	51	55	21	34	67	44	62	64	44	68	42	48	62	66	80	23	65	65	6	65	67	38	68	60	63	56	34	50	46	39	63	14	56	17	83	76	69	19	76	18	68	74	47	45	51	63	23	74	62	71	31	94	61	14	27	
52	0	25	60	11	77	7	46	68	54	53	47	52	57	66	37	21	43	20	35	61	49	77	60	35	23	16	22	44	50	60	74	45	34	31	22	37	82	73	69	70	33	84	53	55	69	67	64	31	19	63	61	42	81	65	80	48	11	53	29	46	32	36	20	46	39	32	14	57	25	42	45	27	18	10	13	30	47	73	37	51	66	18	40	45	37	29	58	37	54	19	70	32	58	69	34	25	67	20	50	49	
60	25	0	35	15	59	26	31	54	49	43	38	28	39	44	12	20	19	23	30	48	24	62	40	10	24	31	12	26	25	43	60	54	23	13	25	27	65	58	44	52	13	68	29	48	53	53	48	41	27	43	49	19	65	55	62	37	17	32	5	23	36	11	12	54	14	8	27	34	0	18	25	26	10	18	26	5	50	58	43	26	42	22	42	20	42	7	34	22	41	9	53	37	33	52	11	29	42	7	53	45	
78	60	35	0	50	37	59	32	43	53	42	43	9	26	18	23	46	26	50	44	41	11	47	21	25	49	61	44	26	13	28	47	73	36	30	50	38	44	43	10	33	35	48	17	50	37	42	35	65	54	20	44	18	48	49	41	37	50	16	33	24	56	24	46	72	21	29	58	10	35	18	21	47	42	51	57	30	64	45	62	20	11	55	59	20	61	34	4	31	37	41	34	57	3	34	29	53	18	41	65	52	
57	11	15	50	0	72	15	41	64	54	51	45	43	52	58	27	20	31	22	34	58	39	73	53	25	24	23	11	38	40	55	70	50	30	24	24	34	77	69	59	64	21	79	42	55	65	63	60	37	23	56	58	33	77	63	75	45	10	46	18	35	36	26	9	51	29	22	20	49	15	33	38	27	12	11	18	20	51	69	42	40	57	12	43	34	41	18	49	32	51	12	65	36	49	64	23	28	56	9	54	49	
68	77	59	37	72	0	73	31	17	38	29	35	35	20	19	51	57	61	59	45	21	42	12	19	54	56	70	71	33	49	16	14	67	43	47	58	40	7	10	42	7	66	11	55	34	9	16	14	66	62	18	23	41	11	25	4	30	66	28	61	59	56	52	72	65	48	57	68	29	59	42	33	52	59	66	68	56	54	13	59	56	27	81	54	55	58	62	34	39	25	59	6	57	35	7	60	58	54	66	53	41	
45	7	26	59	15	73	0	41	62	48	48	41	51	53	63	37	16	45	14	29	56	48	72	57	36	17	9	26	40	50	56	69	38	29	29	16	32	78	68	68	66	36	79	55	49	65	62	60	24	13	60	56	41	76	60	76	43	9	50	30	48	26	36	24	39	38	34	7	55	26	41	42	21	17	8	6	31	40	68	30	52	64	25	33	46	30	31	57	33	49	18	66	25	57	65	36	18	68	22	43	43	
46	46	31	32	41	31	41	0	23	21	12	10	23	13	25	29	25	42	27	15	17	28	31	18	31	25	39	43	7	35	15	29	42	11	18	26	9	36	27	42	24	42	38	42	19	23	22	18	37	31	22	18	20	35	23	34	6	35	16	35	42	27	29	43	41	27	33	37	22	31	21	12	21	29	35	36	31	32	27	31	42	30	52	27	37	30	37	28	9	9	29	25	28	29	24	37	27	49	38	33	20	
51	68	54	43	64	17	62	23	0	22	14	21	38	18	27	50	46	61	48	33	6	45	9	22	52	45	58	66	28	52	15	6	51	33	41	46	30	18	7	51	14	64	17	59	18	9	1	8	51	50	24	7	40	13	8	17	19	57	29	57	61	42	50	66	49	47	55	57	33	54	41	31	41	51	57	56	53	38	5	43	60	35	75	38	56	42	59	39	32	13	52	13	43	40	12	58	45	61	61	37	25	
29	54	49	53	54	38	48	21	22	0	12	11	45	29	42	49	34	62	33	19	17	50	31	35	51	30	41	60	29	57	28	27	29	26	37	31	22	40	29	63	33	62	39	64	4	29	22	25	31	35	39	15	42	35	15	39	16	45	37	54	63	23	49	59	27	48	53	41	43	49	43	34	26	42	44	41	50	16	27	22	64	49	66	17	58	22	56	49	28	17	43	33	24	50	32	57	29	71	53	15	5	
40	53	43	42	51	29	48	12	14	12	0	6	34	17	30	41	32	54	33	18	8	39	24	23	43	30	43	54	19	46	17	21	38	20	30	32	16	32	21	51	23	54	32	53	8	20	14	15	37	36	27	7	32	28	12	30	6	43	25	47	54	27	41	54	36	39	45	42	31	43	33	23	26	38	43	42	42	26	20	30	54	37	62	25	49	29	49	37	20	5	38	23	28	38	22	49	30	59	48	26	12	
36	47	38	43	45	35	41	10	21	11	6	0	34	20	34	38	26	51	26	12	15	38	31	26	40	24	37	50	17	45	21	27	33	15	26	25	11	38	27	53	29	51	39	52	10	26	21	21	31	29	30	14	30	35	18	36	5	37	26	43	52	21	38	49	31	36	42	35	33	38	31	22	19	33	37	35	39	21	26	24	52	40	57	19	47	23	45	38	17	10	33	29	22	39	28	46	24	60	43	22	9	
68	52	28	9	43	35	51	23	38	45	34	34	0	20	17	18	37	25	41	35	34	7	42	16	20	39	52	39	16	14	23	42	64	27	22	41	28	42	38	19	29	32	45	21	42	32	37	30	56	45	17	36	10	44	42	39	29	42	9	28	24	47	18	40	63	15	24	49	6	28	10	12	38	34	43	48	24	55	40	53	22	13	50	49	19	51	29	6	21	29	33	30	48	6	30	26	44	26	35	56	43	
56	57	39	26	52	20	53	13	18	29	17	20	20	0	13	33	37	44	40	28	14	27	23	6	35	37	52	51	13	34	3	22	54	24	27	39	22	26	19	34	12	48	28	41	25	13	17	10	50	43	10	17	22	26	23	23	14	46	11	41	43	40	33	52	52	30	38	49	15	39	23	14	34	39	46	49	37	42	20	44	42	20	61	39	38	42	43	22	20	12	39	13	41	23	12	42	40	44	46	43	29	
70	66	44	18	58	19	63	25	27	42	30	34	17	13	0	34	48	42	51	40	27	24	29	7	37	49	63	55	23	29	14	29	67	35	34	51	34	26	25	23	15	49	30	35	39	19	26	19	62	55	3	29	25	30	34	23	28	55	12	44	40	53	35	56	66	31	41	60	10	44	25	20	46	47	55	59	40	56	27	57	37	8	66	53	36	56	46	14	30	25	46	16	54	15	16	43	52	35	51	56	43	
66	37	12	23	27	51	37	29	50	49	41	38	18	33	34	0	28	13	32	33	44	12	56	32	2	31	41	21	22	13	36	55	60	24	13	33	28	58	52	32	44	15	61	18	48	46	49	43	49	35	33	46	10	59	52	55	35	28	23	10	14	42	1	22	60	2	6	38	24	12	9	18	32	20	29	36	7	54	53	49	16	31	32	47	10	48	11	22	21	38	19	45	43	22	45	8	36	31	18	56	46	
39	21	20	46	20	57	16	25	46	34	32	26	37	37	48	28	0	39	3	14	40	37	56	41	28	4	15	28	25	41	40	53	33	13	16	5	16	62	52	56	50	34	63	47	34	49	46	43	21	7	45	40	28	60	44	59	27	11	36	26	42	16	27	27	33	28	27	12	41	20	28	28	7	10	10	11	24	31	52	23	45	50	32	23	38	21	28	43	18	33	11	50	16	44	49	31	8	59	22	34	29	
78	43	19	26	31	61	45	42	61	62	54	51	25	44	42	13	39	0	43	46	57	18	68	42	12	43	51	22	35	13	47	66	72	37	26	44	41	68	63	31	55	11	71	12	61	57	61	54	61	46	42	59	22	70	65	65	48	36	33	14	4	55	13	24	72	15	12	47	32	19	21	31	44	30	38	46	15	67	65	61	9	37	32	60	6	60	13	28	34	51	29	56	55	27	55	8	48	26	22	70	59	
37	20	23	50	22	59	14	27	48	33	33	26	41	40	51	32	3	43	0	14	41	40	57	44	31	2	12	30	28	44	43	54	30	16	19	2	18	63	53	60	52	37	65	50	35	50	47	45	17	4	48	41	31	61	45	61	29	12	39	29	45	14	31	29	30	32	31	9	44	23	32	31	7	13	11	8	27	29	53	20	48	53	34	21	42	19	31	47	21	34	14	52	14	47	51	35	6	62	25	32	28	
33	35	30	44	34	45	29	15	33	19	18	12	35	28	40	33	14	46	14	0	26	37	43	33	34	12	25	40	18	43	30	39	29	8	19	13	6	49	39	54	38	43	50	50	20	37	32	31	22	17	37	26	28	47	30	47	14	25	30	35	47	12	32	39	28	32	35	23	36	30	29	23	7	22	25	23	31	21	38	18	49	44	46	14	43	16	37	40	13	20	23	39	13	41	38	39	12	60	34	23	15	
47	61	48	41	58	21	56	17	6	17	8	15	34	14	27	44	40	57	41	26	0	41	16	20	47	38	52	60	22	48	13	12	46	27	35	40	24	23	12	49	16	59	23	55	13	12	5	8	46	44	23	2	35	20	8	22	12	50	25	52	57	36	45	60	44	42	50	50	30	48	36	26	34	45	50	50	47	33	11	38	56	34	69	33	52	37	54	37	26	7	45	15	37	37	14	53	39	59	55	32	20	
71	49	24	11	39	42	48	28	45	50	39	38	7	27	24	12	37	18	40	37	41	0	50	24	14	39	51	33	21	7	30	49	66	29	21	41	31	50	45	20	37	25	53	14	47	40	44	37	57	44	24	43	9	52	49	47	34	39	16	22	16	49	13	35	65	10	18	48	13	24	8	16	38	31	40	46	19	58	47	55	15	20	44	52	12	53	23	10	24	35	30	37	49	10	37	19	44	22	30	60	47	
60	77	62	47	73	12	72	31	9	31	24	31	42	23	29	56	56	68	57	43	16	50	0	26	59	54	68	74	36	56	20	4	60	43	50	56	39	9	4	52	14	72	8	63	27	10	10	13	61	60	27	17	46	4	16	10	28	66	34	65	66	52	57	75	58	54	62	66	37	62	47	38	50	60	66	66	60	47	4	53	64	37	84	48	62	52	67	43	41	22	60	13	53	44	13	65	55	64	69	46	34	
63	60	40	21	53	19	57	18	22	35	23	26	16	6	7	32	41	42	44	33	20	24	26	0	35	42	56	52	16	30	7	26	60	28	29	44	27	26	22	29	13	47	29	37	31	16	21	14	55	48	4	23	22	28	28	23	21	49	8	41	40	45	32	53	58	29	38	53	11	40	22	15	39	42	49	52	37	48	24	50	38	14	62	45	36	48	43	17	23	18	41	13	46	18	13	41	45	39	47	49	35	
66	35	10	25	25	54	36	31	52	51	43	40	20	35	37	2	28	12	31	34	47	14	59	35	0	31	40	18	24	15	39	57	61	25	14	33	29	61	55	34	47	12	64	19	50	49	51	45	49	35	36	48	13	62	54	58	37	26	26	7	14	43	2	20	60	5	3	37	27	10	12	21	32	19	28	35	5	55	56	49	17	34	29	48	10	48	8	25	23	40	18	48	43	25	48	6	36	32	16	57	47	
35	23	24	49	24	56	17	25	45	30	30	24	39	37	49	31	4	43	2	12	38	39	54	42	31	0	14	32	26	44	40	51	29	14	18	2	15	61	51	59	49	38	62	50	32	48	44	42	17	6	46	38	30	58	42	59	26	14	37	30	46	12	31	31	29	32	31	12	42	24	31	29	4	14	13	11	28	27	50	18	48	51	36	19	42	17	32	45	19	32	15	49	12	46	49	35	5	62	26	30	25	
36	16	31	61	23	70	9	39	58	41	43	37	52	52	63	41	15	51	12	25	52	51	68	56	40	14	0	34	40	55	54	65	29	28	30	12	30	75	64	71	63	43	76	60	43	62	58	57	15	8	60	51	43	72	55	73	40	14	51	36	54	18	40	32	30	42	39	3	56	31	43	43	18	21	13	5	36	32	64	22	57	65	33	25	51	21	38	58	33	46	22	64	18	59	63	42	13	72	29	35	36	
67	22	12	44	11	71	26	43	66	60	54	50	39	51	55	21	28	22	30	40	60	33	74	52	18	32	34	0	38	32	55	72	60	34	25	32	38	77	70	51	64	11	80	34	59	65	65	61	47	32	54	61	30	78	67	75	48	19	43	11	26	44	20	2	61	24	15	30	45	12	30	37	35	18	21	29	15	59	71	50	31	53	10	51	26	49	10	44	34	53	17	65	44	43	64	15	36	48	6	62	55	
51	44	26	26	38	33	40	7	28	29	19	17	16	13	23	22	25	35	28	18	22	21	36	16	24	26	40	38	0	27	17	34	47	12	14	28	12	39	31	36	26	36	41	35	26	26	27	22	40	32	20	24	13	39	30	36	13	33	11	29	35	31	22	39	46	20	27	37	17	26	14	5	23	26	33	36	25	38	32	36	35	25	48	33	30	35	31	22	7	16	25	27	32	22	26	30	29	42	33	39	26	
77	50	25	13	40	49	50	35	52	57	46	45	14	34	29	13	41	13	44	43	48	7	56	30	15	44	55	32	27	0	37	56	72	34	25	46	37	56	52	19	43	22	59	7	54	46	51	44	62	48	30	50	15	58	56	53	41	41	23	22	10	54	14	34	71	12	18	51	19	25	14	23	43	34	43	50	20	64	54	60	8	24	43	58	7	59	22	15	30	42	32	44	55	14	44	17	49	17	31	66	54	
57	60	43	28	55	16	56	15	15	28	17	21	23	3	14	36	40	47	43	30	13	30	20	7	39	40	54	55	17	37	0	19	55	26	31	42	24	22	15	36	9	51	25	44	25	10	14	7	52	46	10	15	26	22	21	19	16	49	14	45	46	42	37	55	53	34	42	52	18	43	27	18	36	43	50	51	41	43	17	45	45	21	65	40	41	44	47	24	23	12	42	10	43	25	9	45	42	46	50	43	29	
56	74	60	47	70	14	69	29	6	27	21	27	42	22	29	55	53	66	54	39	12	49	4	26	57	51	65	72	34	56	19	0	56	40	47	53	36	13	4	53	14	70	12	63	23	10	7	12	57	57	27	13	45	8	12	13	25	63	33	63	66	48	55	72	54	52	60	63	37	60	46	36	47	58	63	63	59	43	2	49	64	38	81	44	61	48	65	43	38	19	58	13	49	44	13	64	51	64	67	42	30	
7	45	54	73	50	67	38	42	51	29	38	33	64	54	67	60	33	72	30	29	46	66	60	60	61	29	29	60	47	72	55	56	0	37	46	28	35	69	58	84	61	67	68	78	33	58	51	53	14	28	64	44	57	64	44	68	39	41	58	59	75	17	60	59	2	60	61	31	65	54	58	52	28	43	40	32	57	13	56	11	77	72	62	14	71	12	61	69	42	43	45	61	17	70	60	65	24	89	55	14	26	
42	34	23	36	30	43	29	11	33	26	20	15	27	24	35	24	13	37	16	8	27	29	43	28	25	14	28	34	12	34	26	40	37	0	11	16	4	48	39	47	36	36	50	41	25	35	33	30	29	20	32	28	19	46	33	46	15	23	23	28	39	20	24	34	36	23	27	25	29	23	20	15	11	18	23	25	24	30	38	26	40	37	42	23	34	24	30	33	5	20	18	36	21	33	35	31	17	51	28	32	22	
52	31	13	30	24	47	29	18	41	37	30	26	22	27	34	13	16	26	19	19	35	21	50	29	14	18	30	25	14	25	31	47	46	11	0	20	15	53	45	40	40	25	55	31	36	41	40	36	36	23	32	36	12	53	42	50	24	20	22	17	28	29	13	25	46	13	16	27	26	13	12	14	18	12	21	26	13	40	46	35	30	35	34	33	24	34	19	28	9	28	12	41	29	28	40	20	23	43	19	43	33	
35	22	25	50	24	58	16	26	46	31	32	25	41	39	51	33	5	44	2	13	40	41	56	44	33	2	12	32	28	46	42	53	28	16	20	0	17	63	52	61	51	38	64	51	33	50	46	44	16	4	48	40	32	60	43	60	28	14	39	31	47	12	32	31	28	33	32	10	44	25	33	31	5	15	13	10	29	27	52	18	50	53	36	19	43	17	33	47	21	34	16	51	12	48	50	36	4	63	26	30	26	
40	37	27	38	34	40	32	9	30	22	16	11	28	22	34	28	16	41	18	6	24	31	39	27	29	15	30	38	12	37	24	36	35	4	15	17	0	45	35	48	33	40	46	44	21	32	29	27	28	21	31	24	22	43	29	43	11	26	23	32	42	19	27	38	34	26	31	27	29	27	23	16	12	21	26	27	28	27	35	24	43	37	46	21	38	23	34	34	7	17	22	34	20	34	33	35	18	53	32	29	18	
69	82	65	44	77	7	78	36	18	40	32	38	42	26	26	58	62	68	63	49	23	50	9	26	61	61	75	77	39	56	22	13	69	48	53	63	45	0	11	49	13	73	4	62	36	13	18	18	69	67	25	25	48	6	25	3	34	71	34	67	66	59	59	78	67	55	64	73	36	65	49	40	57	65	72	72	63	56	13	61	64	34	87	56	62	60	69	41	45	29	65	12	60	42	13	67	62	61	72	55	43	
58	73	58	43	69	10	68	27	7	29	21	27	38	19	25	52	52	63	53	39	12	45	4	22	55	51	64	70	31	52	15	4	58	39	45	52	35	11	0	49	10	67	11	59	25	6	7	9	58	56	23	14	42	7	14	10	24	62	29	60	62	49	52	70	56	49	58	63	33	58	43	33	47	56	62	62	56	45	2	50	60	33	79	45	57	49	62	39	36	18	56	9	50	40	9	61	51	60	65	44	32	
88	69	44	10	59	42	68	42	51	63	51	53	19	34	23	32	56	31	60	54	49	20	52	29	34	59	71	51	36	19	36	53	84	47	40	61	48	49	49	0	38	42	53	20	60	43	50	43	76	64	26	52	28	53	57	46	47	59	26	41	28	67	33	53	83	30	37	68	19	44	28	31	57	51	60	66	39	74	51	72	23	15	62	69	26	71	41	14	41	46	50	39	68	13	40	36	63	12	50	75	62	
63	70	52	33	64	7	66	24	14	33	23	29	29	12	15	44	50	55	52	38	16	37	14	13	47	49	63	64	26	43	9	14	61	36	40	51	33	13	10	38	0	60	16	49	29	5	13	8	60	55	13	18	34	15	22	10	24	59	21	54	53	50	45	65	60	42	51	61	23	52	35	26	45	52	59	61	49	49	13	53	51	23	74	48	49	52	55	29	32	19	52	1	51	30	1	53	51	50	59	49	35	
73	33	13	35	21	66	36	42	64	62	54	51	32	48	49	15	34	11	37	43	59	25	72	47	12	38	43	11	36	22	51	70	67	36	25	38	40	73	67	42	60	0	76	23	61	62	63	58	54	39	49	60	25	74	66	70	48	28	38	8	15	50	14	13	67	18	9	39	38	13	24	34	39	23	29	38	12	64	68	57	20	45	21	56	15	55	6	36	34	52	22	61	50	35	60	6	42	37	13	66	58	
68	84	68	48	79	11	79	38	17	39	32	39	45	28	30	61	63	71	65	50	23	53	8	29	64	62	76	80	41	59	25	12	68	50	55	64	46	4	11	53	16	76	0	65	35	14	18	19	69	68	29	25	51	4	24	7	35	73	38	70	70	60	61	80	66	58	67	74	39	68	51	43	58	67	73	73	66	55	12	61	67	38	89	56	65	60	72	45	47	30	67	15	61	46	16	70	63	65	75	54	42	
84	53	29	17	42	55	55	42	59	64	53	52	21	41	35	18	47	12	50	50	55	14	63	37	19	50	60	34	35	7	44	63	78	41	31	51	44	62	59	20	49	23	65	0	61	53	58	51	68	54	36	57	22	65	63	59	48	46	30	24	8	60	19	36	78	18	21	56	26	29	21	30	50	38	47	55	24	71	61	67	3	29	44	65	8	65	24	20	37	50	37	50	61	19	50	19	55	14	33	73	61	
33	55	48	50	55	34	49	19	18	4	8	10	42	25	39	48	34	61	35	20	13	47	27	31	50	32	43	59	26	54	25	23	33	25	36	33	21	36	25	60	29	61	35	61	0	25	18	21	34	36	35	11	40	31	11	35	13	46	34	53	61	26	48	59	31	46	52	43	40	48	41	31	28	42	45	43	49	20	23	26	62	45	66	21	57	25	55	46	27	13	43	29	26	47	28	56	31	68	53	19	7	
59	69	53	37	65	9	65	23	9	29	20	26	32	13	19	46	49	57	50	37	12	40	10	16	49	48	62	65	26	46	10	10	58	35	41	50	32	13	6	43	5	62	14	53	25	0	8	5	57	54	17	14	36	12	17	10	22	58	24	55	56	47	47	66	56	44	52	60	27	53	37	28	44	52	59	59	51	45	8	50	54	27	75	45	51	49	57	33	32	16	52	4	48	34	3	55	49	54	60	45	32	
51	67	53	42	63	16	62	22	1	22	14	21	37	17	26	49	46	61	47	32	5	44	10	21	51	44	58	65	27	51	14	7	51	33	40	46	29	18	7	50	13	63	18	58	18	8	0	7	51	50	23	7	39	14	8	17	18	56	28	56	60	42	49	66	49	46	54	56	32	53	40	30	40	51	56	56	52	38	5	43	59	34	74	38	55	42	58	38	31	12	51	12	43	39	12	57	45	60	60	37	25	
55	64	48	35	60	14	60	18	8	25	15	21	30	10	19	43	43	54	45	31	8	37	13	14	45	42	57	61	22	44	7	12	53	30	36	44	27	18	9	43	8	58	19	51	21	5	7	0	52	48	16	10	32	17	15	16	16	53	21	51	53	42	43	61	51	40	48	55	25	48	33	24	39	47	53	54	47	41	10	45	52	27	70	40	48	44	53	31	27	11	47	8	43	32	7	52	44	53	55	40	27	
21	31	41	65	37	66	24	37	51	31	37	31	56	50	62	49	21	61	17	22	46	57	61	55	49	17	15	47	40	62	52	57	14	29	36	16	28	69	58	76	60	54	69	68	34	57	51	52	0	14	59	44	48	65	46	68	36	27	52	47	63	10	48	45	15	49	49	17	58	41	48	44	18	31	26	18	45	19	57	9	66	66	48	13	60	9	49	62	34	41	32	60	9	62	59	52	12	79	42	22	27	
34	19	27	54	23	62	13	31	50	35	36	29	45	43	55	35	7	46	4	17	44	44	60	48	35	6	8	32	32	48	46	57	28	20	23	4	21	67	56	64	55	39	68	54	36	54	50	48	14	0	52	43	36	64	47	65	32	13	43	32	49	13	35	31	28	36	34	6	48	27	36	35	9	16	12	6	31	28	56	19	52	57	35	20	46	18	34	51	25	38	17	55	13	51	55	38	5	66	27	31	30	
67	63	43	20	56	18	60	22	24	39	27	30	17	10	3	33	45	42	48	37	23	24	27	4	36	46	60	54	20	30	10	27	64	32	32	48	31	25	23	26	13	49	29	36	35	17	23	16	59	52	0	26	24	28	31	22	25	52	10	43	41	49	34	55	62	31	40	57	10	43	24	18	43	45	53	56	39	52	25	54	38	11	65	49	36	52	45	16	27	22	44	14	50	17	14	42	49	37	50	53	39	
44	61	49	44	58	23	56	18	7	15	7	14	36	17	29	46	40	59	41	26	2	43	17	23	48	38	51	61	24	50	15	13	44	28	36	40	24	25	14	52	18	60	25	57	11	14	7	10	44	43	26	0	37	21	6	24	13	50	27	53	59	35	46	61	42	44	51	50	33	49	38	28	34	46	50	50	49	31	12	36	58	37	69	31	54	35	55	39	27	8	46	18	36	40	17	55	38	62	55	30	18	
62	42	19	18	33	41	41	20	40	42	32	30	10	22	25	10	28	22	31	28	35	9	46	22	13	30	43	30	13	15	26	45	57	19	12	32	22	48	42	28	34	25	51	22	40	36	39	32	48	36	24	37	0	49	43	45	26	32	13	19	22	39	10	31	56	7	16	39	15	19	1	9	29	24	33	38	15	49	43	46	22	23	41	43	17	44	21	16	15	29	23	35	40	16	34	19	35	31	26	51	39	
64	81	65	48	77	11	76	35	13	35	28	35	44	26	30	59	60	70	61	47	20	52	4	28	62	58	72	78	39	58	22	8	64	46	53	60	43	6	7	53	15	74	4	65	31	12	14	17	65	64	28	21	49	0	20	8	32	70	36	68	68	56	59	78	62	56	65	70	38	65	50	40	54	64	70	70	63	51	8	57	66	38	87	52	64	56	69	44	44	26	64	14	57	45	14	68	59	65	72	50	38	
44	65	55	49	63	25	60	23	8	15	12	18	42	23	34	52	44	65	45	30	8	49	16	28	54	42	55	67	30	56	21	12	44	33	42	43	29	25	14	57	22	66	24	63	11	17	8	15	46	47	31	6	43	20	0	24	18	55	33	59	65	37	52	67	42	50	57	53	38	55	44	34	38	51	55	53	54	31	12	37	64	42	75	32	60	37	61	45	32	14	51	21	38	46	20	61	42	67	61	30	19	
68	80	62	41	75	4	76	34	17	39	30	36	39	23	23	55	59	65	61	47	22	47	10	23	58	59	73	75	36	53	19	13	68	46	50	60	43	3	10	46	10	70	7	59	35	10	17	16	68	65	22	24	45	8	24	0	32	69	31	64	63	58	56	75	66	52	61	71	33	62	46	37	55	62	69	70	60	55	12	60	61	31	84	55	59	59	66	38	43	27	62	9	59	39	10	64	60	58	70	54	42	
42	48	37	37	45	30	43	6	19	16	6	5	29	14	28	35	27	48	29	14	12	34	28	21	37	26	40	48	13	41	16	25	39	15	24	28	11	34	24	47	24	48	35	48	13	22	18	16	36	32	25	13	26	32	18	32	0	38	21	41	48	26	35	48	37	33	39	38	27	37	27	18	22	33	38	38	36	27	24	29	48	34	56	24	43	28	42	33	14	5	33	24	27	34	23	43	27	55	42	28	14	
48	11	17	50	10	66	9	35	57	45	43	37	42	46	55	28	11	36	12	25	50	39	66	49	26	14	14	19	33	41	49	63	41	23	20	14	26	71	62	59	59	28	73	46	46	58	56	53	27	13	52	50	32	70	55	69	38	0	42	22	39	26	27	18	41	29	25	11	46	17	32	34	18	8	1	10	21	41	62	32	43	55	22	33	37	31	23	48	26	43	9	59	26	48	58	28	18	59	15	44	40	
62	53	32	16	46	28	50	16	29	37	25	26	9	11	12	23	36	33	39	30	25	16	34	8	26	37	51	43	11	23	14	33	58	23	22	39	23	34	29	26	21	38	38	30	34	24	28	21	52	43	10	27	13	36	33	31	21	42	0	33	32	42	24	44	57	20	29	48	6	32	14	8	34	34	43	47	29	48	31	47	31	14	54	43	27	46	34	12	18	21	34	22	43	13	21	32	40	34	39	49	36	
66	29	5	33	18	61	30	35	57	54	47	43	28	41	44	10	26	14	29	35	52	22	65	41	7	30	36	11	29	22	45	63	59	28	17	31	32	67	60	41	54	8	70	24	53	55	56	51	47	32	43	53	19	68	59	64	41	22	33	0	17	42	9	12	59	13	4	33	34	5	19	27	31	16	23	31	4	56	61	49	22	42	21	48	16	47	2	33	26	45	15	55	42	32	54	5	35	38	9	58	50	
80	46	23	24	35	59	48	42	61	63	54	52	24	43	40	14	42	4	45	47	57	16	66	40	14	46	54	26	35	10	46	66	75	39	28	47	42	66	62	28	53	15	70	8	61	56	60	53	63	49	41	59	22	68	65	63	48	39	32	17	0	57	15	28	74	15	15	50	30	23	21	31	46	33	41	49	18	69	64	64	5	35	36	62	5	62	17	26	35	51	32	54	58	25	54	12	51	22	26	71	60	
23	32	36	56	36	56	26	27	42	23	27	21	47	40	53	42	16	55	14	12	36	49	52	45	43	12	18	44	31	54	42	48	17	20	29	12	19	59	49	67	50	50	60	60	26	47	42	42	10	13	49	35	39	56	37	58	26	26	42	42	57	0	42	43	17	42	43	18	48	36	40	35	10	26	25	19	39	15	47	6	59	57	48	7	53	5	44	53	25	31	28	50	1	53	49	47	8	71	38	18	18	
65	36	11	24	26	52	36	29	50	49	41	38	18	33	35	1	27	13	31	32	45	13	57	32	2	31	40	20	22	14	37	55	60	24	13	32	27	59	52	33	45	14	61	19	48	47	49	43	48	35	34	46	10	59	52	56	35	27	24	9	15	42	0	21	59	3	5	37	25	11	10	19	31	19	28	35	6	54	53	48	17	32	31	47	11	47	10	23	21	38	18	46	42	23	45	8	36	32	17	56	46	
65	20	12	46	9	72	24	43	66	59	54	49	40	52	56	22	27	24	29	39	60	35	75	53	20	31	32	2	39	34	55	72	59	34	25	31	38	78	70	53	65	13	80	36	59	66	66	61	45	31	55	61	31	78	67	75	48	18	44	12	28	43	21	0	59	25	16	29	46	12	31	38	34	17	19	27	16	58	71	49	33	54	9	50	28	48	12	45	34	53	16	65	43	45	65	17	35	50	5	61	54	
6	46	54	72	51	65	39	41	49	27	36	31	63	52	66	60	33	72	30	28	44	65	58	58	60	29	30	61	46	71	53	54	2	36	46	28	34	67	56	83	60	67	66	78	31	56	49	51	15	28	62	42	56	62	42	66	37	41	57	59	74	17	59	59	0	59	60	32	63	54	57	51	28	44	40	33	57	11	54	10	77	71	63	13	70	12	61	68	41	41	45	59	17	69	58	64	24	88	55	12	24	
65	39	14	21	29	48	38	27	47	48	39	36	15	30	31	2	28	15	32	32	42	10	54	29	5	32	42	24	20	12	34	52	60	23	13	33	26	55	49	30	42	18	58	18	46	44	46	40	49	36	31	44	7	56	50	52	33	29	20	13	15	42	3	25	59	0	9	39	21	14	6	16	31	21	30	37	9	53	50	49	17	29	34	46	11	47	14	20	19	36	20	43	43	19	42	11	36	30	20	55	44	
67	32	8	29	22	57	34	33	55	53	45	42	24	38	41	6	27	12	31	35	50	18	62	38	3	31	39	15	27	18	42	60	61	27	16	32	31	64	58	37	51	9	67	21	52	52	54	48	49	34	40	51	16	65	57	61	39	25	29	4	15	43	5	16	60	9	0	35	30	8	15	24	32	18	26	34	3	56	59	50	18	38	26	48	12	48	5	29	25	43	17	51	43	28	51	4	36	34	13	58	49	
38	14	27	58	20	68	7	37	57	41	42	35	49	49	60	38	12	47	9	23	50	48	66	53	37	12	3	30	37	51	52	63	31	25	27	10	27	73	63	68	61	39	74	56	43	60	56	55	17	6	57	50	39	70	53	71	38	11	48	33	50	18	37	29	32	39	35	0	53	27	40	40	16	17	10	1	32	33	62	23	54	62	31	26	48	22	34	55	30	44	18	62	18	55	61	39	12	69	26	36	36	
68	57	34	10	49	29	55	22	33	43	31	33	6	15	10	24	41	32	44	36	30	13	37	11	27	42	56	45	17	19	18	37	65	29	26	44	29	36	33	19	23	38	39	26	40	27	32	25	58	48	10	33	15	38	38	33	27	46	6	34	30	48	25	46	63	21	30	53	0	34	15	13	40	38	47	52	30	54	35	54	27	9	56	50	25	52	35	6	23	26	37	24	49	7	24	32	46	28	41	55	42	
60	25	0	35	15	59	26	31	54	49	43	38	28	39	44	12	20	19	23	30	48	24	62	40	10	24	31	12	26	25	43	60	54	23	13	25	27	65	58	44	52	13	68	29	48	53	53	48	41	27	43	49	19	65	55	62	37	17	32	5	23	36	11	12	54	14	8	27	34	0	18	25	26	10	18	26	5	50	58	43	26	42	22	42	20	42	7	34	22	41	9	53	37	33	52	11	29	42	7	53	45	
63	42	18	18	33	42	41	21	41	43	33	31	10	23	25	9	28	21	32	29	36	8	47	22	12	31	43	30	14	14	27	46	58	20	12	33	23	49	43	28	35	24	51	21	41	37	40	33	48	36	24	38	1	50	44	46	27	32	14	19	21	40	10	31	57	6	15	40	15	18	0	10	30	24	33	38	15	50	44	46	21	24	40	43	16	45	20	16	15	30	23	36	41	16	35	18	35	31	25	52	40	
56	45	25	21	38	33	42	12	31	34	23	22	12	14	20	18	28	31	31	23	26	16	38	15	21	29	43	37	5	23	18	36	52	15	14	31	16	40	33	31	26	34	43	30	31	28	30	24	44	35	18	28	9	40	34	37	18	34	8	27	31	35	19	38	51	16	24	40	13	25	10	0	26	26	35	39	23	43	34	41	30	22	47	37	26	39	29	17	10	20	26	27	36	18	27	27	32	37	32	44	31	
34	27	26	47	27	52	21	21	41	26	26	19	38	34	46	32	7	44	7	7	34	38	50	39	32	4	18	35	23	43	36	47	28	11	18	5	12	57	47	57	45	39	58	50	28	44	40	39	18	9	43	34	29	54	38	55	22	18	34	31	46	10	31	34	28	31	32	16	40	26	30	26	0	17	17	15	29	24	46	17	48	49	40	16	42	16	33	44	16	28	18	46	11	44	45	36	6	61	29	27	21	
50	18	10	42	12	59	17	29	51	42	38	33	34	39	47	20	10	30	13	22	45	31	60	42	19	14	21	18	26	34	43	58	43	18	12	15	21	65	56	51	52	23	67	38	42	52	51	47	31	16	45	46	24	64	51	62	33	8	34	16	33	26	19	17	44	21	18	17	38	10	24	26	17	0	9	16	15	41	56	33	36	47	24	33	30	32	18	40	19	38	1	53	27	40	52	21	19	52	12	44	37	
46	10	18	51	11	66	8	35	57	44	43	37	43	46	55	29	10	38	11	25	50	40	66	49	28	13	13	21	33	43	50	63	40	23	21	13	26	72	62	60	59	29	73	47	45	59	56	53	26	12	53	50	33	70	55	69	38	1	43	23	41	25	28	19	40	30	26	10	47	18	33	35	17	9	0	8	23	40	62	31	45	56	23	32	38	30	24	49	26	43	10	60	25	49	59	29	17	60	16	43	39	
39	13	26	57	18	68	6	36	56	41	42	35	48	49	59	36	11	46	8	23	50	46	66	52	35	11	5	29	36	50	51	63	32	25	26	10	27	72	62	66	61	38	73	55	43	59	56	54	18	6	56	50	38	70	53	70	38	10	47	31	49	19	35	27	33	37	34	1	52	26	38	39	15	16	8	0	31	34	62	24	53	61	30	26	46	23	33	54	29	43	17	61	18	54	60	37	12	68	25	37	36	
63	30	5	30	20	56	31	31	53	50	42	39	24	37	40	7	24	15	27	31	47	19	60	37	5	28	36	15	25	20	41	59	57	24	13	29	28	63	56	39	49	12	66	24	49	51	52	47	45	31	39	49	15	63	54	60	36	21	29	4	18	39	6	16	57	9	3	32	30	5	15	23	29	15	23	31	0	52	57	46	21	38	25	45	15	45	6	29	22	40	13	50	40	29	50	7	33	37	11	55	46	
14	47	50	64	51	54	40	32	38	16	26	21	55	42	56	54	31	67	29	21	33	58	47	48	55	27	32	59	38	64	43	43	13	30	40	27	27	56	45	74	49	64	55	71	20	45	38	41	19	28	52	31	49	51	31	55	27	41	48	56	69	15	54	58	11	53	56	33	54	50	50	43	24	41	40	34	52	0	43	10	70	62	63	8	64	10	57	60	34	31	42	49	15	60	48	60	23	80	53	3	13	
56	73	58	45	69	13	68	27	5	27	20	26	40	20	27	53	52	65	53	38	11	47	4	24	56	50	64	71	32	54	17	2	56	38	46	52	35	13	2	51	13	68	12	61	23	8	5	10	57	56	25	12	43	8	12	12	24	62	31	61	64	47	53	71	54	50	59	62	35	58	44	34	46	56	62	62	57	43	0	49	62	36	80	43	59	48	63	41	37	18	56	12	48	42	11	62	51	62	65	42	30	
17	37	43	62	42	59	30	31	43	22	30	24	53	44	57	49	23	61	20	18	38	55	53	50	49	18	22	50	36	60	45	49	11	26	35	18	24	61	50	72	53	57	61	67	26	50	43	45	9	19	54	36	46	57	37	60	29	32	47	49	64	6	48	49	10	49	50	23	54	43	46	41	17	33	31	24	46	10	49	0	66	62	54	5	60	1	51	58	31	34	34	53	6	59	52	54	14	77	45	13	18	
83	51	26	20	40	56	52	42	60	64	54	52	22	42	37	16	45	9	48	49	56	15	64	38	17	48	57	31	35	8	45	64	77	40	30	50	43	64	60	23	51	20	67	3	62	54	59	52	66	52	38	58	22	66	64	61	48	43	31	22	5	59	17	33	77	17	18	54	27	26	21	30	48	36	45	53	21	70	62	66	0	31	41	64	6	64	21	22	36	50	35	52	60	21	52	16	53	17	31	72	61	
76	66	42	11	57	27	64	30	35	49	37	40	13	20	8	31	50	37	53	44	34	20	37	14	34	51	65	53	25	24	21	38	72	37	35	53	37	34	33	15	23	45	38	29	45	27	34	27	66	57	11	37	23	38	42	31	34	55	14	42	35	57	32	54	71	29	38	62	9	42	24	22	49	47	56	61	38	62	36	62	31	0	63	58	31	60	43	9	32	32	46	24	58	9	24	39	55	27	49	63	49	
69	18	22	55	12	81	25	52	75	66	62	57	50	61	66	32	32	32	34	46	69	44	84	62	29	36	33	10	48	43	65	81	62	42	34	36	46	87	79	62	74	21	89	44	66	75	74	70	48	35	65	69	41	87	75	84	56	22	54	21	36	48	31	9	63	34	26	31	56	22	40	47	40	24	23	30	25	63	80	54	41	63	0	55	36	53	21	55	43	62	23	74	48	54	74	25	40	58	14	66	61	
19	40	42	59	43	54	33	27	38	17	25	19	49	39	53	47	23	60	21	14	33	52	48	45	48	19	25	51	33	58	40	44	14	23	33	19	21	56	45	69	48	56	56	65	21	45	38	40	13	20	49	31	43	52	32	55	24	33	43	48	62	7	47	50	13	46	48	26	50	42	43	37	16	33	32	26	45	8	43	5	64	58	55	0	57	4	50	55	28	29	34	48	7	55	47	52	15	74	45	11	13	
76	45	20	20	34	55	46	37	56	58	49	47	19	38	36	10	38	6	42	43	52	12	62	36	10	42	51	26	30	7	41	61	71	34	24	43	38	62	57	26	49	15	65	8	57	51	55	48	60	46	36	54	17	64	60	59	43	37	27	16	5	53	11	28	70	11	12	48	25	20	16	26	42	30	38	46	15	64	59	60	6	31	36	57	0	58	16	22	31	46	29	49	54	21	49	11	47	22	25	67	55	
18	37	42	61	41	58	30	30	42	22	29	23	51	42	56	48	21	60	19	16	37	53	52	48	48	17	21	49	35	59	44	48	12	24	34	17	23	60	49	71	52	55	60	65	25	49	42	44	9	18	52	35	44	56	37	59	28	31	46	47	62	5	47	48	12	47	48	22	52	42	45	39	16	32	30	23	45	10	48	1	64	60	53	4	58	0	49	57	30	33	33	52	5	57	51	52	13	76	44	13	18	
68	29	7	34	18	62	31	37	59	56	49	45	29	43	46	11	28	13	31	37	54	23	67	43	8	32	38	10	31	22	47	65	61	30	19	33	34	69	62	41	55	6	72	24	55	57	58	53	49	34	45	55	21	69	61	66	42	23	34	2	17	44	10	12	61	14	5	34	35	7	20	29	33	18	24	33	6	57	63	51	21	43	21	50	16	49	0	34	28	47	16	56	44	33	56	5	37	38	9	60	52	
74	58	34	4	49	34	57	28	39	49	37	38	6	22	14	22	43	28	47	40	37	10	43	17	25	45	58	44	22	15	24	43	69	33	28	47	34	41	39	14	29	36	45	20	46	33	38	31	62	51	16	39	16	44	45	38	33	48	12	33	26	53	23	45	68	20	29	55	6	34	16	17	44	40	49	54	29	60	41	58	22	9	55	55	22	57	34	0	27	33	39	30	54	1	30	30	49	22	41	61	48	
47	37	22	31	32	39	33	9	32	28	20	17	21	20	30	21	18	34	21	13	26	24	41	23	23	19	33	34	7	30	23	38	42	5	9	21	7	45	36	41	32	34	47	37	27	32	31	27	34	25	27	27	15	44	32	43	14	26	18	26	35	25	21	34	41	19	25	30	23	22	15	10	16	19	26	29	22	34	37	31	36	32	43	28	31	30	28	27	0	19	19	33	26	28	32	29	22	46	28	36	25	
45	54	41	37	51	25	49	9	13	17	5	10	29	12	25	38	33	51	34	20	7	35	22	18	40	32	46	53	16	42	12	19	43	20	28	34	17	29	18	46	19	52	30	50	13	16	12	11	41	38	22	8	29	26	14	27	5	43	21	45	51	31	38	53	41	36	43	44	26	41	30	20	28	38	43	43	40	31	18	34	50	32	62	29	46	33	47	33	19	0	38	19	32	34	18	46	33	55	47	31	17	
51	19	9	41	12	59	18	29	52	43	38	33	33	39	46	19	11	29	14	23	45	30	60	41	18	15	22	17	25	32	42	58	45	18	12	16	22	65	56	50	52	22	67	37	43	52	51	47	32	17	44	46	23	64	51	62	33	9	34	15	32	28	18	16	45	20	17	18	37	9	23	26	18	1	10	17	13	42	56	34	35	46	23	34	29	33	16	39	19	38	0	52	28	39	52	20	20	50	11	45	38	
63	70	53	34	65	6	66	25	13	33	23	29	30	13	16	45	50	56	52	39	15	37	13	13	48	49	64	65	27	44	10	13	61	36	41	51	34	12	9	39	1	61	15	50	29	4	12	8	60	55	14	18	35	14	21	9	24	59	22	55	54	50	46	65	59	43	51	62	24	53	36	27	46	53	60	61	50	49	12	53	52	24	74	48	49	52	56	30	33	19	52	0	51	31	1	54	51	51	60	48	35	
23	32	37	57	36	57	25	28	43	24	28	22	48	41	54	43	16	55	14	13	37	49	53	46	43	12	18	44	32	55	43	49	17	21	29	12	20	60	50	68	51	50	61	61	26	48	43	43	9	13	50	36	40	57	38	59	27	26	43	42	58	1	42	43	17	43	43	18	49	37	41	36	11	27	25	18	40	15	48	6	60	58	48	7	54	5	44	54	26	32	28	51	0	54	50	47	8	72	39	18	19	
74	58	33	3	49	35	57	29	40	50	38	39	6	23	15	22	44	27	47	41	37	10	44	18	25	46	59	43	22	14	25	44	70	33	28	48	34	42	40	13	30	35	46	19	47	34	39	32	62	51	17	40	16	45	46	39	34	48	13	32	25	53	23	45	69	19	28	55	7	33	16	18	44	40	49	54	29	60	42	59	21	9	54	55	21	57	33	1	28	34	39	31	54	0	31	29	50	21	40	62	48	
62	69	52	34	64	7	65	24	12	32	22	28	30	12	16	45	49	55	51	38	14	37	13	13	48	49	63	64	26	44	9	13	60	35	40	50	33	13	9	40	1	60	16	50	28	3	12	7	59	55	14	17	34	14	20	10	23	58	21	54	54	49	45	65	58	42	51	61	24	52	35	27	45	52	59	60	50	48	11	52	52	24	74	47	49	51	56	30	32	18	52	1	50	31	0	54	50	51	59	47	34	
71	34	11	29	23	60	36	37	58	57	49	46	26	42	43	8	31	8	35	39	53	19	65	41	6	35	42	15	30	17	45	64	65	31	20	36	35	67	61	36	53	6	70	19	56	55	57	52	52	38	42	55	19	68	61	64	43	28	32	5	12	47	8	17	64	11	4	39	32	11	18	27	36	21	29	37	7	60	62	54	16	39	25	52	11	52	5	30	29	46	20	54	47	29	54	0	40	33	14	62	53	
31	25	29	53	28	58	18	27	45	29	30	24	44	40	52	36	8	48	6	12	39	44	55	45	36	5	13	36	29	49	42	51	24	17	23	4	18	62	51	63	51	42	63	55	31	49	45	44	12	5	49	38	35	59	42	60	27	18	40	35	51	8	36	35	24	36	36	12	46	29	35	32	6	19	17	12	33	23	51	14	53	55	40	15	47	13	37	49	22	33	20	51	8	50	50	40	0	66	31	26	24	
94	67	42	18	56	54	68	49	61	71	59	60	26	44	35	31	59	26	62	60	59	22	64	39	32	62	72	48	42	17	46	64	89	51	43	63	53	61	60	12	50	37	65	14	68	54	60	53	79	66	37	62	31	65	67	58	55	59	34	38	22	71	32	50	88	30	34	69	28	42	31	37	61	52	60	68	37	80	62	77	17	27	58	74	22	76	38	22	46	55	50	51	72	21	51	33	66	0	47	82	69	
61	20	7	41	9	66	22	38	61	53	48	43	35	46	51	18	22	22	25	34	55	30	69	47	16	26	29	6	33	31	50	67	55	28	19	26	32	72	65	50	59	13	75	33	53	60	60	55	42	27	50	55	26	72	61	70	42	15	39	9	26	38	17	5	55	20	13	26	41	7	25	32	29	12	16	25	11	53	65	45	31	49	14	45	25	44	9	41	28	47	11	60	39	40	59	14	31	47	0	56	49	
14	50	53	65	54	53	43	33	37	15	26	22	56	43	56	56	34	70	32	23	32	60	46	49	57	30	35	62	39	66	43	42	14	32	43	30	29	55	44	75	49	66	54	73	19	45	37	40	22	31	53	30	51	50	30	54	28	44	49	58	71	18	56	61	12	55	58	36	55	53	52	44	27	44	43	37	55	3	42	13	72	63	66	11	67	13	60	61	36	31	45	48	18	62	47	62	26	82	56	0	13	
27	49	45	52	49	41	43	20	25	5	12	9	43	29	43	46	29	59	28	15	20	47	34	35	47	25	36	55	26	54	29	30	26	22	33	26	18	43	32	62	35	58	42	61	7	32	25	27	27	30	39	18	39	38	19	42	14	40	36	50	60	18	46	54	24	44	49	36	42	45	40	31	21	37	39	36	46	13	30	18	61	49	61	13	55	18	52	48	25	17	38	35	19	48	34	53	24	69	49	13	0	

