2  100
42	61	17	75	68	6	37	59	53	32	43	31	60	96	59	77	78	11	51	34	83	78	4	37	22	23	62	37	43	50	33	91	91	44	55	78	4	4	37	81	40	68	66	85	57	1	5	3	79	91	47	7	66	59	75	79	40	97	88	35	60	51	30	53	12	68	100	58	4	15	67	89	33	100	68	12	17	82	27	86	48	32	55	60	67	6	82	7	25	93	75	68	14	18	93	15	40	49	33	3	
29	85	22	27	22	80	13	43	67	85	15	80	55	52	48	96	4	91	38	5	50	15	34	32	39	74	83	17	79	6	21	31	56	10	36	19	63	66	55	40	49	6	1	14	35	70	91	45	12	37	96	34	56	73	64	52	86	92	3	79	95	60	26	85	75	39	83	65	78	17	39	91	21	97	59	97	90	10	39	66	39	20	54	36	46	77	56	82	20	1	94	97	23	36	99	38	95	78	78	45	
2705	4819	147	706	2839	3083	4952	701	4197	4855	1993	2247	2531	3538	2234	1408	4479	2156	4525	145	1192	3976	2075	2379	3042	3065	3973	4495	1897	4019	3853	859	2213	3562	3526	2655	2285	2872	3859	1496	2533	3124	1438	4830	1393	3599	2280	347	1229	4365	2036	1153	4624	3165	3369	4160	3683	3380	111	3562	2104	2893	3868	765	3338	521	3060	4115	4599	4701	4315	4345	4306	1883	1666	3253	3306	2990	3652	2317	2511	1612	3382	4012	2052	1921	1871	1835	4585	4429	4344	1910	3085	3595	811	2665	346	4231	4090	209	
0	50	71	47	27	38	55	50	32	85	28	77	71	28	76	47	65	68	32	74	59	19	43	34	52	47	27	83	20	42	72	35	48	40	70	86	61	67	68	48	51	92	69	87	69	6	29	48	72	11	55	48	12	87	19	66	94	74	43	56	67	23	48	93	50	75	36	48	39	61	66	68	62	62	78	85	49	69	43	69	53	55	57	45	75	46	29	28	37	84	51	74	58	43	71	64	42	35	23	38	69	
50	0	22	42	23	50	29	57	20	46	26	47	68	36	60	7	18	65	44	30	9	31	53	46	55	53	48	41	37	8	38	22	23	49	67	46	62	49	32	29	37	55	22	47	72	49	22	35	63	39	49	59	39	53	45	64	57	26	10	29	72	28	26	58	46	34	48	30	13	37	67	40	13	22	58	54	26	41	7	75	51	5	49	46	48	55	28	21	30	51	34	25	8	34	64	32	38	17	29	27	20	
71	22	0	50	45	62	31	65	39	30	44	37	71	52	57	24	8	67	58	14	16	52	63	59	63	62	64	24	55	30	28	39	30	60	70	30	67	48	23	36	42	39	23	30	76	69	41	41	63	60	54	68	59	41	63	67	42	5	27	30	77	50	33	44	52	19	61	37	35	37	71	35	14	17	53	43	33	35	27	80	57	17	53	55	40	65	45	42	43	39	39	2	16	44	65	27	48	39	48	40	14	
47	42	50	0	39	14	19	15	30	47	27	34	28	19	29	35	41	24	16	43	49	36	14	15	13	11	23	47	28	41	33	23	20	12	27	48	20	20	33	13	8	51	63	49	30	42	30	8	26	42	9	18	37	43	28	23	51	49	32	20	30	43	17	50	4	41	14	12	44	18	25	25	52	33	31	41	17	26	37	32	8	45	10	5	31	15	23	36	14	42	11	51	48	8	26	27	6	43	30	16	58	
27	23	45	39	0	39	37	50	10	64	12	60	67	23	66	21	40	64	32	50	31	9	44	35	50	46	33	60	19	15	52	17	29	40	66	64	59	55	47	32	39	72	42	65	68	27	9	36	65	16	48	50	17	68	27	62	74	48	19	38	67	5	31	74	43	52	37	33	12	45	64	50	35	39	65	67	32	52	17	70	48	28	49	40	59	47	16	3	25	66	37	47	31	32	65	44	33	8	11	24	42	
38	50	62	14	39	0	33	12	33	62	27	49	32	16	41	43	53	30	7	57	58	33	5	4	14	9	11	61	22	46	48	27	31	2	31	63	23	34	47	26	22	66	72	64	31	32	32	22	34	37	19	10	31	58	19	27	66	62	39	34	29	41	29	64	15	55	2	25	48	33	28	40	62	46	43	55	29	41	43	31	16	54	21	10	45	8	24	38	20	56	25	63	57	18	33	41	14	46	28	23	68	
55	29	31	19	37	33	0	34	27	30	28	22	40	28	30	23	23	36	31	24	34	39	33	31	31	30	38	29	36	32	17	21	8	31	39	31	35	19	14	8	11	36	48	32	44	51	29	11	34	48	22	37	43	31	40	36	38	30	22	1	45	43	7	37	21	22	32	8	37	8	39	13	37	14	29	30	6	14	27	48	25	30	22	24	21	34	26	34	18	29	8	32	33	15	35	8	19	38	33	16	41	
50	57	65	15	50	12	34	0	42	60	38	45	20	27	32	50	57	18	19	58	65	44	7	16	4	4	23	61	34	55	47	36	35	10	19	61	11	28	47	29	23	62	79	62	19	44	42	24	24	49	14	4	43	54	31	16	62	65	46	35	17	52	33	60	13	55	14	28	57	32	16	38	68	48	36	50	32	39	51	19	10	60	15	11	41	4	34	48	27	52	26	67	63	22	22	41	19	56	39	30	74	
32	20	39	30	10	33	27	42	0	55	6	50	58	17	56	15	33	55	26	42	29	13	37	29	42	38	29	51	17	14	43	7	19	33	57	55	50	45	38	22	29	62	41	56	60	30	2	26	55	22	39	43	20	58	25	53	64	42	11	28	59	15	20	64	34	43	31	23	14	35	55	40	33	30	55	57	21	42	13	62	39	25	39	32	49	40	9	7	15	56	27	42	28	22	56	34	24	13	9	14	40	
85	46	30	47	64	62	30	60	55	0	58	15	56	59	37	43	27	53	61	16	44	67	61	61	56	57	68	6	66	52	13	50	37	59	55	1	56	33	17	38	39	9	53	2	62	82	57	40	47	77	46	64	73	12	71	53	12	25	45	30	65	69	37	14	47	12	61	39	58	28	58	22	44	25	32	16	36	21	48	67	50	43	45	52	20	61	56	61	49	12	37	28	43	46	50	21	49	61	62	47	44	
28	26	44	27	12	27	28	38	6	58	0	51	55	11	54	21	37	51	20	46	35	10	31	23	38	34	22	55	11	20	45	7	21	28	54	58	46	44	41	21	27	65	48	59	55	25	5	24	53	19	36	38	15	60	19	50	66	47	17	29	55	16	21	66	31	47	25	22	20	35	51	41	39	34	54	58	22	43	19	57	35	31	37	28	49	34	4	10	13	58	26	47	34	20	53	36	21	18	4	12	46	
77	47	37	34	60	49	22	45	50	15	51	0	40	50	21	42	32	37	50	23	48	61	47	49	41	43	57	18	58	51	9	44	30	47	40	16	41	18	15	29	28	16	59	17	47	73	51	29	31	70	31	50	66	9	61	38	17	33	42	21	49	65	29	15	34	18	49	29	57	17	42	9	49	25	17	7	28	8	46	51	35	46	30	39	5	47	48	56	40	7	26	36	47	35	34	15	38	59	55	39	51	
71	68	71	28	67	32	40	20	58	56	55	40	0	46	20	61	63	3	39	59	74	63	27	36	18	23	43	58	54	68	45	51	45	30	1	57	9	23	48	39	31	55	88	57	7	65	58	34	9	69	19	24	63	46	51	5	54	68	59	41	10	70	42	51	24	55	34	38	72	34	5	36	77	53	25	42	41	37	64	12	19	70	19	27	35	25	50	65	42	45	34	71	73	36	6	43	33	71	57	44	82	
28	36	52	19	23	16	28	27	17	59	11	50	46	0	49	29	44	43	9	50	44	17	21	12	28	23	12	57	8	31	46	13	23	17	45	60	37	39	42	20	23	65	58	61	46	23	16	20	45	23	28	27	17	59	12	41	66	53	25	29	44	25	22	65	23	50	14	20	31	33	42	40	48	38	50	57	22	41	29	47	27	40	29	19	47	24	8	21	10	57	23	54	43	15	45	37	13	29	12	12	55	
76	60	57	29	66	41	30	32	56	37	54	21	20	49	0	54	49	18	45	43	64	64	37	43	28	32	51	40	57	62	29	49	38	38	20	38	23	11	33	34	27	35	77	39	27	71	57	30	11	72	21	37	66	26	58	19	34	53	52	31	30	70	36	31	26	38	42	33	67	22	23	21	66	41	5	22	35	21	57	32	24	61	20	31	17	36	50	63	41	25	29	56	63	34	14	30	35	68	58	42	69	
47	7	24	35	21	43	23	50	15	43	21	42	61	29	54	0	18	58	37	29	15	27	46	39	48	46	42	39	32	9	34	16	16	42	61	44	55	43	28	22	30	52	29	44	65	45	17	28	56	36	42	52	35	50	40	57	54	27	4	23	65	27	19	55	39	31	41	23	14	31	60	35	18	18	52	50	20	36	4	68	44	10	42	38	43	48	22	18	23	47	27	26	13	27	58	27	31	17	24	20	25	
65	18	8	41	40	53	23	57	33	27	37	32	63	44	49	18	0	59	50	11	17	46	55	51	54	53	56	22	48	26	22	31	22	52	62	28	59	40	17	28	34	36	27	28	67	62	35	33	55	55	45	60	53	37	55	59	39	9	21	22	69	45	24	41	44	16	52	29	32	29	62	28	17	9	46	38	25	28	22	71	48	15	45	46	34	56	37	37	35	35	30	10	16	35	57	20	40	35	41	32	19	
68	65	67	24	64	30	36	18	55	53	51	37	3	43	18	58	59	0	36	56	71	60	25	33	15	20	41	55	51	65	42	48	41	27	2	54	7	20	45	35	27	53	85	55	9	62	55	30	7	66	16	22	60	44	49	2	52	65	55	37	12	67	39	49	20	52	31	34	68	30	5	33	73	50	23	40	38	34	60	14	16	67	15	24	32	22	47	61	39	43	31	68	69	32	4	40	30	68	54	41	78	
32	44	58	16	32	7	31	19	26	61	20	50	39	9	45	37	50	36	0	54	52	25	12	3	21	16	7	60	15	40	47	21	28	9	38	62	30	36	45	23	22	66	66	63	38	26	25	21	39	30	23	18	24	59	13	34	67	59	33	32	36	34	26	66	18	53	5	22	41	33	35	40	56	43	47	57	26	42	37	39	21	48	25	13	47	15	17	30	15	57	24	60	51	15	39	40	12	38	21	18	63	
74	30	14	43	50	57	24	58	42	16	46	23	59	50	43	29	11	56	54	0	28	55	57	55	54	54	61	10	55	37	14	39	26	55	59	16	57	36	11	31	35	25	37	16	65	71	44	35	51	64	44	61	61	26	62	56	28	10	31	23	67	55	28	30	44	5	56	32	43	26	60	23	28	12	39	28	28	22	33	69	48	27	44	48	27	58	45	47	40	24	32	13	27	39	54	16	43	46	50	37	28	
59	9	16	49	31	58	34	65	29	44	35	48	74	44	64	15	17	71	52	28	0	40	61	55	63	60	57	39	46	16	39	31	29	57	74	44	69	54	33	36	43	53	14	45	78	58	31	41	68	48	55	67	48	54	54	70	56	21	19	34	79	36	32	58	53	33	56	37	20	42	73	43	4	23	61	55	33	43	16	82	58	4	55	53	50	63	37	30	38	52	40	19	1	42	70	34	46	24	38	35	11	
19	31	52	36	9	33	39	44	13	67	10	61	63	17	64	27	46	60	25	55	40	0	37	28	45	41	25	64	10	24	55	17	31	34	62	68	54	54	50	32	37	75	51	69	63	18	10	34	62	9	45	44	8	70	18	58	76	55	24	39	62	8	31	76	40	56	31	32	21	45	59	51	44	43	64	69	32	53	24	64	44	36	46	36	59	41	13	10	22	68	36	54	39	29	62	47	30	17	6	22	51	
43	53	63	14	44	5	33	7	37	61	31	47	27	21	37	46	55	25	12	57	61	37	0	9	9	5	16	61	27	50	47	31	32	3	26	62	18	31	47	26	22	64	75	63	26	37	36	22	30	42	16	6	36	56	24	23	64	63	42	34	24	46	30	62	13	55	7	25	51	32	23	39	64	46	40	53	30	40	46	26	12	56	18	9	43	3	28	42	22	54	25	65	59	19	28	41	15	50	33	25	70	
34	46	59	15	35	4	31	16	29	61	23	49	36	12	43	39	51	33	3	55	55	28	9	0	18	13	8	60	18	42	47	23	29	6	35	62	27	35	46	24	21	66	68	63	35	29	28	20	37	33	21	15	27	58	15	31	66	60	35	32	33	37	27	65	17	53	2	23	43	33	32	40	58	44	45	56	27	41	39	35	18	50	23	11	46	12	19	33	16	56	24	61	53	16	36	40	12	41	24	19	65	
52	55	63	13	50	14	31	4	42	56	38	41	18	28	28	48	54	15	21	54	63	45	9	18	0	5	25	57	36	54	43	35	33	12	17	57	9	24	43	27	20	58	77	58	17	47	42	21	20	51	10	8	45	49	33	13	57	62	45	32	17	53	30	55	10	51	16	25	56	28	14	34	66	45	31	46	30	35	50	19	6	58	11	10	36	7	34	48	26	48	23	64	61	21	18	37	18	55	40	29	71	
47	53	62	11	46	9	30	4	38	57	34	43	23	23	32	46	53	20	16	54	60	41	5	13	5	0	20	58	31	51	44	32	31	7	22	58	14	26	44	25	19	60	75	59	22	41	38	20	25	46	12	7	40	52	28	18	60	61	42	31	21	49	29	58	10	52	11	24	53	29	19	35	64	44	35	48	28	36	47	23	8	56	13	7	39	4	29	44	23	50	22	63	59	18	23	38	14	51	35	26	69	
27	48	64	23	33	11	38	23	29	68	22	57	43	12	51	42	56	41	7	61	57	25	16	8	25	20	0	67	14	43	55	25	34	13	42	69	34	43	52	30	29	73	70	70	42	21	27	28	45	27	30	21	21	66	8	39	74	65	38	39	40	33	32	73	25	60	9	29	43	40	39	48	61	49	54	64	32	49	41	42	27	52	31	20	54	19	20	32	21	64	31	66	56	22	44	47	19	40	22	24	67	
83	41	24	47	60	61	29	61	51	6	55	18	58	57	40	39	22	55	60	10	39	64	61	60	57	58	67	0	64	48	14	48	34	59	58	6	58	35	14	37	39	15	47	6	65	79	53	40	50	73	47	65	70	18	69	56	18	19	41	28	67	65	35	20	48	7	61	37	53	29	60	23	38	21	36	21	34	22	43	69	51	38	46	52	23	62	53	57	47	17	36	22	38	44	52	20	48	56	59	45	38	
20	37	55	28	19	22	36	34	17	66	11	58	54	8	57	32	48	51	15	55	46	10	27	18	36	31	14	64	0	31	53	16	29	24	53	67	45	47	49	28	31	73	58	68	53	15	15	28	53	15	36	33	9	67	8	49	74	57	28	36	51	19	29	73	31	56	20	28	29	41	50	48	50	43	58	65	29	49	30	54	35	42	38	27	55	30	10	18	17	65	31	58	45	23	53	44	22	26	8	19	57	
42	8	30	41	15	46	32	55	14	52	20	51	68	31	62	9	26	65	40	37	16	24	50	42	54	51	43	48	31	0	43	19	24	46	67	53	61	51	37	29	37	61	27	53	71	42	15	34	64	31	49	56	32	59	39	63	63	34	10	32	71	20	26	64	45	40	44	31	5	40	66	44	20	27	61	59	27	45	5	74	50	13	49	44	52	53	23	14	27	57	34	33	15	33	65	36	36	9	22	25	27	
72	38	28	33	52	48	17	47	43	13	45	9	45	46	29	34	22	42	47	14	39	55	47	47	43	44	55	14	53	43	0	38	24	46	45	14	44	21	6	25	25	19	50	15	51	68	45	26	37	64	33	51	60	15	57	42	21	25	34	16	53	58	24	21	34	10	48	25	49	15	46	9	40	16	24	16	23	8	38	56	37	37	32	38	12	48	43	49	35	13	23	28	38	32	39	8	35	51	49	34	42	
35	22	39	23	17	27	21	36	7	50	7	44	51	13	49	16	31	48	21	39	31	17	31	23	35	32	25	48	16	19	38	0	14	27	50	51	43	38	33	15	22	58	45	52	53	31	8	19	48	26	32	37	22	53	24	46	59	41	12	22	52	21	14	59	27	40	25	16	21	28	48	34	35	27	48	51	15	36	16	55	32	27	32	25	42	33	6	14	8	51	20	41	30	15	49	29	17	20	11	7	42	
48	23	30	20	29	31	8	35	19	37	21	30	45	23	38	16	22	41	28	26	29	31	32	29	33	31	34	34	29	24	24	14	0	30	44	37	39	27	20	6	14	43	43	38	48	45	21	12	40	40	26	38	36	39	35	40	45	31	14	8	49	34	2	45	23	26	30	7	29	16	44	21	32	15	37	38	3	22	19	52	28	25	26	24	29	34	19	26	13	36	10	32	28	13	41	15	17	30	25	10	38	
40	49	60	12	40	2	31	10	33	59	28	47	30	17	38	42	52	27	9	55	57	34	3	6	12	7	13	59	24	46	46	27	30	0	29	60	21	31	45	24	20	63	71	61	29	34	33	20	31	39	16	10	33	55	21	25	63	60	38	32	27	42	27	62	13	53	4	23	48	31	26	37	61	44	41	52	27	39	43	30	13	53	18	7	42	6	24	38	19	54	23	62	56	16	30	39	12	46	29	22	67	
70	67	70	27	66	31	39	19	57	55	54	40	1	45	20	61	62	2	38	59	74	62	26	35	17	22	42	58	53	67	45	50	44	29	0	56	8	23	48	38	30	55	87	57	7	64	57	33	9	68	18	23	62	46	50	4	54	68	58	40	10	69	41	51	23	55	33	37	71	33	4	36	76	53	25	42	41	36	63	12	18	70	18	26	35	24	50	64	41	45	33	70	72	35	6	43	32	70	56	43	81	
86	46	30	48	64	63	31	61	55	1	58	16	57	60	38	44	28	54	62	16	44	68	62	62	57	58	69	6	67	53	14	51	37	60	56	0	57	34	17	39	40	9	53	1	63	83	58	41	48	77	47	65	74	13	72	54	12	25	45	30	66	70	38	14	48	12	62	40	59	29	59	23	44	25	33	17	37	22	48	68	51	43	46	53	21	62	57	61	50	12	38	28	44	47	50	22	50	61	63	48	44	
61	62	67	20	59	23	35	11	50	56	46	41	9	37	23	55	59	7	30	57	69	54	18	27	9	14	34	58	45	61	44	43	39	21	8	57	0	23	46	33	25	57	83	58	9	55	50	27	13	60	13	15	54	48	42	5	56	65	52	36	10	62	36	53	16	53	25	31	64	30	5	35	72	49	28	44	36	35	57	12	11	65	13	18	36	15	42	56	34	47	29	68	67	28	11	40	26	64	49	37	77	
67	49	48	20	55	34	19	28	45	33	44	18	23	39	11	43	40	20	36	36	54	54	31	35	24	26	43	35	47	51	21	38	27	31	23	34	23	0	25	23	16	34	67	35	29	62	46	19	15	62	14	32	56	25	49	20	33	45	41	20	32	59	25	31	18	31	34	22	56	12	25	13	56	31	10	22	24	13	46	34	18	50	13	24	13	30	40	52	31	24	18	48	52	24	18	20	25	57	47	31	60	
68	32	23	33	47	47	14	47	38	17	41	15	48	42	33	28	17	45	45	11	33	50	47	46	43	44	52	14	49	37	6	33	20	45	48	17	46	25	0	22	25	24	44	18	54	65	40	25	40	60	33	51	56	21	55	45	26	20	29	13	55	53	20	26	34	8	46	23	43	15	49	12	34	10	29	22	20	12	32	58	37	31	33	38	17	48	39	44	32	19	22	23	32	30	43	6	33	45	45	30	36	
48	29	36	13	32	26	8	29	22	38	21	29	39	20	34	22	28	35	23	31	36	32	26	24	27	25	30	37	28	29	25	15	6	24	38	39	33	23	22	0	8	44	50	40	42	43	23	5	34	40	20	32	36	38	32	34	46	36	19	8	43	37	3	45	17	30	25	1	33	13	37	20	39	20	33	37	3	21	25	45	21	31	20	18	27	28	18	29	10	36	5	38	34	8	35	17	12	34	25	9	44	
51	37	42	8	39	22	11	23	29	39	27	28	31	23	27	30	34	27	22	35	43	37	22	21	20	19	29	39	31	37	25	22	14	20	30	40	25	16	25	8	0	44	57	41	34	46	30	3	26	45	12	26	40	37	33	26	44	42	27	12	35	43	11	43	9	33	22	6	41	11	29	18	46	25	27	34	10	19	33	38	14	39	12	13	24	23	23	36	14	35	3	44	42	8	27	19	10	41	31	15	52	
92	55	39	51	72	66	36	62	62	9	65	16	55	65	35	52	36	53	66	25	53	75	64	66	58	60	73	15	73	61	19	58	43	63	55	9	57	34	24	44	44	0	62	9	62	88	64	45	46	84	48	66	80	9	77	54	3	34	53	36	65	77	43	6	50	20	66	45	67	33	58	25	53	33	30	13	43	24	56	67	52	52	47	56	21	64	62	69	55	10	42	37	52	51	49	28	54	69	69	53	53	
69	22	23	63	42	72	48	79	41	53	48	59	88	58	77	29	27	85	66	37	14	51	75	68	77	75	70	47	58	27	50	45	43	71	87	53	83	67	44	50	57	62	0	53	92	69	43	55	82	58	70	81	59	63	67	84	65	28	33	47	93	46	46	67	67	42	70	51	30	55	87	55	11	36	74	65	47	56	29	96	72	18	70	67	62	77	50	41	52	62	54	25	15	56	84	47	60	34	50	49	9	
87	47	30	49	65	64	32	62	56	2	59	17	57	61	39	44	28	55	63	16	45	69	63	63	58	59	70	6	68	53	15	52	38	61	57	1	58	35	18	40	41	9	53	0	64	83	58	42	49	78	48	66	75	14	73	55	12	25	46	31	67	71	39	14	49	13	63	41	59	30	60	24	44	26	34	17	38	23	49	69	52	44	47	54	22	63	57	62	51	13	39	28	44	47	51	23	51	62	63	49	44	
69	72	76	30	68	31	44	19	60	62	55	47	7	46	27	65	67	9	38	65	78	63	26	35	17	22	42	65	53	71	51	53	48	29	7	63	9	29	54	42	34	62	92	64	0	63	60	37	16	68	22	21	62	53	50	8	61	74	61	45	3	71	46	58	26	61	33	41	74	39	5	42	81	58	32	49	45	43	67	5	21	74	22	27	41	23	51	66	44	52	38	76	77	38	13	48	35	73	57	46	86	
6	49	69	42	27	32	51	44	30	82	25	73	65	23	71	45	62	62	26	71	58	18	37	29	47	41	21	79	15	42	68	31	45	34	64	83	55	62	65	43	46	88	69	83	63	0	27	44	66	12	50	42	10	82	13	60	89	72	41	52	61	23	44	89	45	71	30	43	39	56	60	63	62	59	73	80	45	65	42	63	47	54	51	39	70	40	26	28	33	80	46	72	57	38	65	60	36	35	21	34	69	
29	22	41	30	9	32	29	42	2	57	5	51	58	16	57	17	35	55	25	44	31	10	36	28	42	38	27	53	15	15	45	8	21	33	57	58	50	46	40	23	30	64	43	58	60	27	0	27	56	20	39	43	18	60	23	53	66	44	13	29	59	13	22	66	34	46	30	24	15	36	55	42	35	32	56	59	23	43	15	62	39	27	40	32	50	39	8	6	16	58	28	44	30	23	56	36	25	13	7	15	42	
48	35	41	8	36	22	11	24	26	40	24	29	34	20	30	28	33	30	21	35	41	34	22	20	21	20	28	40	28	34	26	19	12	20	33	41	27	19	25	5	3	45	55	42	37	44	27	0	29	42	14	27	37	39	31	29	46	41	25	12	37	40	9	45	11	33	21	4	38	12	32	20	44	24	30	36	8	21	30	40	16	37	14	13	26	23	20	33	11	37	3	43	40	5	30	19	8	38	28	12	50	
72	63	63	26	65	34	34	24	55	47	53	31	9	45	11	56	55	7	39	51	68	62	30	37	20	25	45	50	53	64	37	48	40	31	9	48	13	15	40	34	26	46	82	49	16	66	56	29	0	68	17	28	62	37	52	8	45	61	54	34	19	69	37	42	22	47	35	33	68	27	12	28	71	46	16	33	36	28	59	21	18	65	16	26	26	28	49	62	40	36	29	63	67	33	3	36	32	68	56	41	75	
11	39	60	42	16	37	48	49	22	77	19	70	69	23	72	36	55	66	30	64	48	9	42	33	51	46	27	73	15	31	64	26	40	39	68	77	60	62	60	40	45	84	58	78	68	12	20	42	68	0	51	47	6	79	19	64	85	63	33	48	66	12	40	85	46	65	35	41	28	54	65	60	51	52	72	77	41	62	33	68	50	44	52	42	68	45	21	18	30	77	44	63	47	37	68	56	37	24	15	31	58	
55	49	54	9	48	19	22	14	39	46	36	31	19	28	21	42	45	16	23	44	55	45	16	21	10	12	30	47	36	49	33	32	26	16	18	47	13	14	33	20	12	48	70	48	22	50	39	14	17	51	0	18	46	40	36	14	48	52	39	23	23	52	23	46	5	41	20	18	52	18	17	24	58	36	24	36	22	25	44	26	4	51	1	10	27	16	32	45	23	38	15	55	54	16	17	28	15	52	39	25	63	
48	59	68	18	50	10	37	4	43	64	38	50	24	27	37	52	60	22	18	61	67	44	6	15	8	7	21	65	33	56	51	37	38	10	23	65	15	32	51	32	26	66	81	66	21	42	43	27	28	47	18	0	41	58	29	20	66	68	48	38	19	52	35	64	17	59	13	31	58	36	19	42	70	51	40	55	35	43	53	21	14	62	19	13	45	3	34	48	29	57	29	70	65	25	26	45	21	56	39	32	76	
12	39	59	37	17	31	43	43	20	73	15	66	63	17	66	35	53	60	24	61	48	8	36	27	45	40	21	70	9	32	60	22	36	33	62	74	54	56	56	36	40	80	59	75	62	10	18	37	62	6	46	41	0	75	13	58	82	62	31	44	60	14	36	81	41	63	29	36	29	49	59	56	52	49	67	73	37	57	32	62	44	44	47	36	64	39	17	18	26	73	39	62	47	32	62	52	31	25	11	27	59	
87	53	41	43	68	58	31	54	58	12	60	9	46	59	26	50	37	44	59	26	54	70	56	58	49	52	66	18	67	59	15	53	39	55	46	13	48	25	21	38	37	9	63	14	53	82	60	39	37	79	40	58	75	0	70	45	8	36	50	30	56	73	38	6	42	21	58	38	64	26	49	19	54	31	21	4	37	17	54	58	44	52	38	48	13	56	57	65	49	2	36	39	53	44	40	23	47	67	64	48	55	
19	45	63	28	27	19	40	31	25	71	19	61	51	12	58	40	55	49	13	62	54	18	24	15	33	28	8	69	8	39	57	24	35	21	50	72	42	49	55	32	33	77	67	73	50	13	23	31	52	19	36	29	13	70	0	46	78	64	36	41	48	26	34	77	31	62	17	32	38	44	47	51	58	50	59	68	34	53	38	50	34	50	38	26	58	27	18	26	22	68	34	65	53	26	51	49	24	35	17	24	65	
66	64	67	23	62	27	36	16	53	53	50	38	5	41	19	57	59	2	34	56	70	58	23	31	13	18	39	56	49	63	42	46	40	25	4	54	5	20	45	34	26	54	84	55	8	60	53	29	8	64	14	20	58	45	46	0	53	65	54	36	11	65	38	50	18	52	29	33	67	30	4	33	72	49	24	41	37	34	59	13	14	66	14	22	33	20	45	59	37	44	30	67	68	31	6	39	28	66	52	39	77	
94	57	42	51	74	66	38	62	64	12	66	17	54	66	34	54	39	52	67	28	56	76	64	66	57	60	74	18	74	63	21	59	45	63	54	12	56	33	26	46	44	3	65	12	61	89	66	46	45	85	48	66	82	8	78	53	0	37	55	37	64	79	45	3	51	23	66	46	69	33	57	26	56	35	29	12	44	25	59	66	52	55	47	56	21	64	64	71	56	9	43	40	55	52	48	29	54	72	70	55	56	
74	26	5	49	48	62	30	65	42	25	47	33	68	53	53	27	9	65	59	10	21	55	63	60	62	61	65	19	57	34	25	41	31	60	68	25	65	45	20	36	42	34	28	25	74	72	44	41	61	63	52	68	62	36	64	65	37	0	30	29	75	54	33	39	51	15	61	37	39	34	69	32	19	16	49	38	33	32	31	78	56	22	52	54	37	65	47	46	44	34	38	3	21	44	63	25	48	43	50	41	19	
43	10	27	32	19	39	22	46	11	45	17	42	59	25	52	4	21	55	33	31	19	24	42	35	45	42	38	41	28	10	34	12	14	38	58	45	52	41	29	19	27	53	33	46	61	41	13	25	54	33	39	48	31	50	36	54	55	30	0	22	62	24	16	55	35	33	37	21	15	30	57	34	23	20	51	50	17	35	5	64	40	14	39	35	42	44	18	16	19	48	24	30	18	24	55	26	27	16	20	16	29	
56	29	30	20	38	34	1	35	28	30	29	21	41	29	31	23	22	37	32	23	34	39	34	32	32	31	39	28	36	32	16	22	8	32	40	30	36	20	13	8	12	36	47	31	45	52	29	12	34	48	23	38	44	30	41	36	37	29	22	0	46	43	7	37	22	21	33	9	37	8	40	12	36	13	29	29	7	13	27	49	26	30	23	25	20	35	26	35	19	28	9	31	32	16	36	8	20	38	33	17	41	
67	72	77	30	67	29	45	17	59	65	55	49	10	44	30	65	69	12	36	67	79	62	24	33	17	21	40	67	51	71	53	52	49	27	10	66	10	32	55	43	35	65	93	67	3	61	59	37	19	66	23	19	60	56	48	11	64	75	62	46	0	70	46	61	26	63	31	41	73	40	7	44	82	59	35	52	45	45	67	2	21	74	23	27	44	21	51	65	43	55	38	78	77	38	16	50	34	72	56	46	87	
23	28	50	43	5	41	43	52	15	69	16	65	70	25	70	27	45	67	34	55	36	8	46	37	53	49	33	65	19	20	58	21	34	42	69	70	62	59	53	37	43	77	46	71	71	23	13	40	69	12	52	52	14	73	26	65	79	54	24	43	70	0	36	79	47	58	39	37	16	50	67	56	40	44	70	72	37	57	23	72	51	33	53	43	64	49	20	8	29	71	41	53	36	36	69	50	37	12	13	28	47	
48	26	33	17	31	29	7	33	20	37	21	29	42	22	36	19	24	39	26	28	32	31	30	27	30	29	32	35	29	26	24	14	2	27	41	38	36	25	20	3	11	43	46	39	46	44	22	9	37	40	23	35	36	38	34	38	45	33	16	7	46	36	0	44	20	27	28	5	31	14	41	20	35	17	35	37	1	21	22	49	25	28	23	21	28	32	19	27	12	36	8	34	31	11	38	15	15	32	25	10	41	
93	58	44	50	74	64	37	60	64	14	66	15	51	65	31	55	41	49	66	30	58	76	62	65	55	58	73	20	73	64	21	59	45	62	51	14	53	31	26	45	43	6	67	14	58	89	66	45	42	85	46	64	81	6	77	50	3	39	55	37	61	79	44	0	49	25	65	45	70	32	54	25	58	36	26	9	44	24	59	63	50	56	44	54	19	62	63	71	55	8	42	42	57	51	45	29	53	72	70	54	58	
50	46	52	4	43	15	21	13	34	47	31	34	24	23	26	39	44	20	18	44	53	40	13	17	10	10	25	48	31	45	34	27	23	13	23	48	16	18	34	17	9	50	67	49	26	45	34	11	22	46	5	17	41	42	31	18	51	51	35	22	26	47	20	49	0	42	16	15	48	19	21	25	56	35	28	39	20	26	41	29	5	48	6	5	29	14	27	41	18	41	13	53	51	12	22	28	10	47	34	20	61	
75	34	19	41	52	55	22	55	43	12	47	18	55	50	38	31	16	52	53	5	33	56	55	53	51	52	60	7	56	40	10	40	26	53	55	12	53	31	8	30	33	20	42	13	61	71	46	33	47	65	41	59	63	21	62	52	23	15	33	21	63	58	27	25	42	0	54	30	46	23	56	18	33	13	34	23	27	18	36	65	45	31	41	46	21	56	45	49	39	19	30	18	32	37	49	14	41	49	51	37	33	
36	48	61	14	37	2	32	14	31	61	25	49	34	14	42	41	52	31	5	56	56	31	7	2	16	11	9	61	20	44	48	25	30	4	33	62	25	34	46	25	22	66	70	63	33	30	30	21	35	35	20	13	29	58	17	29	66	61	37	33	31	39	28	65	16	54	0	24	45	33	30	40	60	45	44	55	28	41	41	33	17	52	22	10	45	10	21	35	18	56	24	62	55	17	34	40	13	44	26	21	66	
48	30	37	12	33	25	8	28	23	39	22	29	38	20	33	23	29	34	22	32	37	32	25	23	25	24	29	37	28	31	25	16	7	23	37	40	31	22	23	1	6	45	51	41	41	43	24	4	33	41	18	31	36	38	32	33	46	37	21	9	41	37	5	45	15	30	24	0	34	13	36	19	40	21	32	37	4	21	26	44	20	33	18	17	27	27	19	30	10	36	4	39	36	7	34	17	11	35	26	9	46	
39	13	35	44	12	48	37	57	14	58	20	57	72	31	67	14	32	68	41	43	20	21	51	43	56	53	43	53	29	5	49	21	29	48	71	59	64	56	43	33	41	67	30	59	74	39	15	38	68	28	52	58	29	64	38	67	69	39	15	37	73	16	31	70	48	46	45	34	0	45	69	49	24	33	66	64	32	50	10	76	53	18	53	46	57	54	24	11	30	62	38	38	20	36	69	41	38	4	21	27	31	
61	37	37	18	45	33	8	32	35	28	35	17	34	33	22	31	29	30	33	26	42	45	32	33	28	29	40	29	41	40	15	28	16	31	33	29	30	12	15	13	11	33	55	30	39	56	36	12	27	54	18	36	49	26	44	30	33	34	30	8	40	50	14	32	19	23	33	13	45	0	34	7	44	19	21	24	13	8	35	43	22	38	17	23	14	33	32	42	23	24	9	37	40	18	29	9	21	46	39	22	48	
66	67	71	25	64	28	39	16	55	58	51	42	5	42	23	60	62	5	35	60	73	59	23	32	14	19	39	60	50	66	46	48	44	26	4	59	5	25	49	37	29	58	87	60	5	60	55	32	12	65	17	19	59	49	47	4	57	69	57	40	7	67	41	54	21	56	30	36	69	34	0	37	76	53	28	45	40	38	62	9	16	69	17	23	37	20	47	61	39	48	33	71	72	33	9	43	31	69	54	42	81	
68	40	35	25	50	40	13	38	40	22	41	9	36	40	21	35	28	33	40	23	43	51	39	40	34	35	48	23	48	44	9	34	21	37	36	23	35	13	12	20	18	25	55	24	42	63	42	20	28	60	24	42	56	19	51	33	26	32	34	12	44	56	20	25	25	18	40	19	49	7	37	0	44	19	18	17	19	1	39	47	28	40	23	30	8	39	38	47	30	17	17	35	42	25	31	8	28	50	45	29	48	
62	13	14	52	35	62	37	68	33	44	39	49	77	48	66	18	17	73	56	28	4	44	64	58	66	64	61	38	50	20	40	35	32	61	76	44	72	56	34	39	46	53	11	44	81	62	35	44	71	51	58	70	52	54	58	72	56	19	23	36	82	40	35	58	56	33	60	40	24	44	76	44	0	25	63	55	36	45	20	84	60	8	58	56	51	66	41	34	42	52	43	17	5	45	72	36	49	28	42	38	7	
62	22	17	33	39	46	14	48	30	25	34	25	53	38	41	18	9	50	43	12	23	43	46	44	45	44	49	21	43	27	16	27	15	44	53	25	49	31	10	20	25	33	36	26	58	59	32	24	46	52	36	51	49	31	50	49	35	16	20	13	59	44	17	36	35	13	45	21	33	19	53	19	25	0	38	32	17	20	23	62	39	21	36	38	26	48	33	36	28	29	22	18	22	28	48	11	32	36	38	25	28	
78	58	53	31	65	43	29	36	55	32	54	17	25	50	5	52	46	23	47	39	61	64	40	45	31	35	54	36	58	61	24	48	37	41	25	33	28	10	29	33	27	30	74	34	32	73	56	30	16	72	24	40	67	21	59	24	29	49	51	29	35	70	35	26	28	34	44	32	66	21	28	18	63	38	0	17	34	17	56	37	27	58	22	34	12	39	51	62	42	20	28	52	60	35	19	26	36	67	58	42	66	
85	54	43	41	67	55	30	50	57	16	58	7	42	57	22	50	38	40	57	28	55	69	53	56	46	48	64	21	65	59	16	51	38	52	42	17	44	22	22	37	34	13	65	17	49	80	59	36	33	77	36	55	73	4	68	41	12	38	50	29	52	72	37	9	39	23	55	37	64	24	45	17	55	32	17	0	36	15	54	54	40	53	35	45	10	52	56	64	47	4	33	41	54	42	36	23	44	66	62	46	57	
49	26	33	17	32	29	6	32	21	36	22	28	41	22	35	20	25	38	26	28	33	32	30	27	30	28	32	34	29	27	23	15	3	27	41	37	36	24	20	3	10	43	47	38	45	45	23	8	36	41	22	35	37	37	34	37	44	33	17	7	45	37	1	44	20	27	28	4	32	13	40	19	36	17	34	36	0	20	23	48	24	29	22	21	27	31	19	28	12	35	7	34	31	11	38	15	15	33	26	10	41	
69	41	35	26	52	41	14	39	42	21	43	8	37	41	21	36	28	34	42	22	43	53	40	41	35	36	49	22	49	45	8	36	22	39	36	22	35	13	12	21	19	24	56	23	43	65	43	21	28	62	25	43	57	17	53	34	25	32	35	13	45	57	21	24	26	18	41	21	50	8	38	1	45	20	17	15	20	0	40	47	29	41	24	31	7	40	40	49	31	15	18	35	42	27	31	9	29	51	47	30	48	
43	7	27	37	17	43	27	51	13	48	19	46	64	29	57	4	22	60	37	33	16	24	46	39	50	47	41	43	30	5	38	16	19	43	63	48	57	46	32	25	33	56	29	49	67	42	15	30	59	33	44	53	32	54	38	59	59	31	5	27	67	23	22	59	41	36	41	26	10	35	62	39	20	23	56	54	23	40	0	70	46	12	45	40	47	49	21	15	24	52	30	30	15	29	60	31	32	13	22	21	27	
69	75	80	32	70	31	48	19	62	67	57	51	12	47	32	68	71	14	39	69	82	64	26	35	19	23	42	69	54	74	56	55	52	30	12	68	12	34	58	45	38	67	96	69	5	63	62	40	21	68	26	21	62	58	50	13	66	78	64	49	2	72	49	63	29	65	33	44	76	43	9	47	84	62	37	54	48	47	70	0	24	77	26	30	46	23	53	68	46	57	41	80	80	40	18	53	37	75	59	49	90	
53	51	57	8	48	16	25	10	39	50	35	35	19	27	24	44	48	16	21	48	58	44	12	18	6	8	27	51	35	50	37	32	28	13	18	51	11	18	37	21	14	52	72	52	21	47	39	16	18	50	4	14	44	44	34	14	52	56	40	26	21	51	25	50	5	45	17	20	53	22	16	28	60	39	27	40	24	29	46	24	0	53	5	8	31	12	31	45	23	42	18	58	56	17	18	31	14	52	38	25	66	
55	5	17	45	28	54	30	60	25	43	31	46	70	40	61	10	15	67	48	27	4	36	56	50	58	56	52	38	42	13	37	27	25	53	70	43	65	50	31	31	39	52	18	44	74	54	27	37	65	44	51	62	44	52	50	66	55	22	14	30	74	33	28	56	48	31	52	33	18	38	69	40	8	21	58	53	29	41	12	77	53	0	51	49	47	59	32	26	34	50	36	20	3	37	66	31	41	21	34	30	15	
57	49	53	10	49	21	22	15	39	45	37	30	19	29	20	42	45	15	25	44	55	46	18	23	11	13	31	46	38	49	32	32	26	18	18	46	13	13	33	20	12	47	70	47	22	51	40	14	16	52	1	19	47	38	38	14	47	52	39	23	23	53	23	44	6	41	22	18	53	17	17	23	58	36	22	35	22	24	45	26	5	51	0	11	25	17	33	46	24	37	15	54	54	17	16	27	16	52	40	25	63	
45	46	55	5	40	10	24	11	32	52	28	39	27	19	31	38	46	24	13	48	53	36	9	11	10	7	20	52	27	44	38	25	24	7	26	53	18	24	38	18	13	56	67	54	27	39	32	13	26	42	10	13	36	48	26	22	56	54	35	25	27	43	21	54	5	46	10	17	46	23	23	30	56	38	34	45	21	31	40	30	8	49	11	0	35	10	24	38	16	46	16	56	52	11	26	32	7	45	30	19	62	
75	48	40	31	59	45	21	41	49	20	49	5	35	47	17	43	34	32	47	27	50	59	43	46	36	39	54	23	55	52	12	42	29	42	35	21	36	13	17	27	24	21	62	22	41	70	50	26	26	68	27	45	64	13	58	33	21	37	42	20	44	64	28	19	29	21	45	27	57	14	37	8	51	26	12	10	27	7	47	46	31	47	25	35	0	43	46	55	38	11	24	40	49	32	29	16	34	59	53	37	54	
46	55	65	15	47	8	34	4	40	61	34	47	25	24	36	48	56	22	15	58	63	41	3	12	7	4	19	62	30	53	48	33	34	6	24	62	15	30	48	28	23	64	77	63	23	40	39	23	28	45	16	3	39	56	27	20	64	65	44	35	21	49	32	62	14	56	10	27	54	33	20	39	66	48	39	52	31	40	49	23	12	59	17	10	43	0	31	45	25	54	26	66	62	21	26	42	17	53	36	28	72	
29	28	45	23	16	24	26	34	9	56	4	48	50	8	50	22	37	47	17	45	37	13	28	19	34	29	20	53	10	23	43	6	19	24	50	57	42	40	39	18	23	62	50	57	51	26	8	20	49	21	32	34	17	57	18	45	64	47	18	26	51	20	19	63	27	45	21	19	24	32	47	38	41	33	51	56	19	40	21	53	31	32	33	24	46	31	0	14	9	55	22	47	35	16	49	34	17	22	7	9	47	
28	21	42	36	3	38	34	48	7	61	10	56	65	21	63	18	37	61	30	47	30	10	42	33	48	44	32	57	18	14	49	14	26	38	64	61	56	52	44	29	36	69	41	62	66	28	6	33	62	18	45	48	18	65	26	59	71	46	16	35	65	8	27	71	41	49	35	30	11	42	61	47	34	36	62	64	28	49	15	68	45	26	46	38	55	45	14	0	22	63	34	45	29	29	62	41	31	8	10	21	41	
37	30	43	14	25	20	18	27	15	49	13	40	42	10	41	23	35	39	15	40	38	22	22	16	26	23	21	47	17	27	35	8	13	19	41	50	34	31	32	10	14	55	52	51	44	33	16	11	40	30	23	29	26	49	22	37	56	44	19	19	43	29	12	55	18	39	18	10	30	23	39	30	42	28	42	47	12	31	24	46	23	34	24	16	38	25	9	22	0	47	13	45	37	7	40	27	8	29	16	3	48	
84	51	39	42	66	56	29	52	56	12	58	7	45	57	25	47	35	43	57	24	52	68	54	56	48	50	64	17	65	57	13	51	36	54	45	12	47	24	19	36	35	10	62	13	52	80	58	37	36	77	38	57	73	2	68	44	9	34	48	28	55	71	36	8	41	19	56	36	62	24	48	17	52	29	20	4	35	15	52	57	42	50	37	46	11	54	55	63	47	0	34	37	51	42	39	21	45	64	62	46	53	
51	34	39	11	37	25	8	26	27	37	26	26	34	23	29	27	30	31	24	32	40	36	25	24	23	22	31	36	31	34	23	20	10	23	33	38	29	18	22	5	3	42	54	39	38	46	28	3	29	44	15	29	39	36	34	30	43	38	24	9	38	41	8	42	13	30	24	4	38	9	33	17	43	22	28	33	7	18	30	41	18	36	15	16	24	26	22	34	13	34	0	40	38	8	30	16	11	39	30	13	48	
74	25	2	51	47	63	32	67	42	28	47	36	71	54	56	26	10	68	60	13	19	54	65	61	64	63	66	22	58	33	28	41	32	62	70	28	68	48	23	38	44	37	25	28	76	72	44	43	63	63	55	70	62	39	65	67	40	3	30	31	78	53	34	42	53	18	62	39	38	37	71	35	17	18	52	41	34	35	30	80	58	20	54	56	40	66	47	45	45	37	40	0	19	45	66	27	50	42	50	42	16	
58	8	16	48	31	57	33	63	28	43	34	47	73	43	63	13	16	69	51	27	1	39	59	53	61	59	56	38	45	15	38	30	28	56	72	44	67	52	32	34	42	52	15	44	77	57	30	40	67	47	54	65	47	53	53	68	55	21	18	32	77	36	31	57	51	32	55	36	20	40	72	42	5	22	60	54	31	42	15	80	56	3	54	52	49	62	35	29	37	51	38	19	0	40	69	33	44	24	37	34	12	
43	34	44	8	32	18	15	22	22	46	20	35	36	15	34	27	35	32	15	39	42	29	19	16	21	18	22	44	23	33	32	15	13	16	35	47	28	24	30	8	8	51	56	47	38	38	23	5	33	37	16	25	32	44	26	31	52	44	24	16	38	36	11	51	12	37	17	7	36	18	33	25	45	28	35	42	11	27	29	40	17	37	17	11	32	21	16	29	7	42	8	45	40	0	33	24	4	35	23	8	51	
71	64	65	26	65	33	35	22	56	50	53	34	6	45	14	58	57	4	39	54	70	62	28	36	18	23	44	52	53	65	39	49	41	30	6	50	11	18	43	35	27	49	84	51	13	65	56	30	3	68	17	26	62	40	51	6	48	63	55	36	16	69	38	45	22	49	34	34	69	29	9	31	72	48	19	36	38	31	60	18	18	66	16	26	29	26	49	62	40	39	30	66	69	33	0	38	32	69	56	41	77	
64	32	27	27	44	41	8	41	34	21	36	15	43	37	30	27	20	40	40	16	34	47	41	40	37	38	47	20	44	36	8	29	15	39	43	22	40	20	6	17	19	28	47	23	48	60	36	19	36	56	28	45	52	23	49	39	29	25	26	8	50	50	15	29	28	14	40	17	41	9	43	8	36	11	26	23	15	9	31	53	31	31	27	32	16	42	34	41	27	21	16	27	33	24	38	0	27	43	41	25	39	
42	38	48	6	33	14	19	19	24	49	21	38	33	13	35	31	40	30	12	43	46	30	15	12	18	14	19	48	22	36	35	17	17	12	32	50	26	25	33	12	10	54	60	51	35	36	25	8	32	37	15	21	31	47	24	28	54	48	27	20	34	37	15	53	10	41	13	11	38	21	31	28	49	32	36	44	15	29	32	37	14	41	16	7	34	17	17	31	8	45	11	50	44	4	32	27	0	38	24	11	55	
35	17	39	43	8	46	38	56	13	61	18	59	71	29	68	17	35	68	38	46	24	17	50	41	55	51	40	56	26	9	51	20	30	46	70	61	64	57	45	34	41	69	34	62	73	35	13	38	68	24	52	56	25	67	35	66	72	43	16	38	72	12	32	72	47	49	44	35	4	46	69	50	28	36	67	66	33	51	13	75	52	21	52	45	59	53	22	8	29	64	39	42	24	35	69	43	38	0	18	27	35	
23	29	48	30	11	28	33	39	9	62	4	55	57	12	58	24	41	54	21	50	38	6	33	24	40	35	22	59	8	22	49	11	25	29	56	63	49	47	45	25	31	69	50	63	57	21	7	28	56	15	39	39	11	64	17	52	70	50	20	33	56	13	25	70	34	51	26	26	21	39	54	45	42	38	58	62	26	47	22	59	38	34	40	30	53	36	7	10	16	62	30	50	37	23	56	41	24	18	0	16	49	
38	27	40	16	24	23	16	30	14	47	12	39	44	12	42	20	32	41	18	37	35	22	25	19	29	26	24	45	19	25	34	7	10	22	43	48	37	31	30	9	15	53	49	49	46	34	15	12	41	31	25	32	27	48	24	39	55	41	16	17	46	28	10	54	20	37	21	9	27	22	42	29	38	25	42	46	10	30	21	49	25	30	25	19	37	28	9	21	3	46	13	42	34	8	41	25	11	27	16	0	45	
69	20	14	58	42	68	41	74	40	44	46	51	82	55	69	25	19	78	63	28	11	51	70	65	71	69	67	38	57	27	42	42	38	67	81	44	77	60	36	44	52	53	9	44	86	69	42	50	75	58	63	76	59	55	65	77	56	19	29	41	87	47	41	58	61	33	66	46	31	48	81	48	7	28	66	57	41	48	27	90	66	15	63	62	54	72	47	41	48	53	48	16	12	51	77	39	55	35	49	45	0	

