2  150
14	43	70	76	77	43	2	3	56	6	63	38	21	52	43	86	55	90	22	72	50	67	99	95	73	69	40	52	88	84	75	19	28	68	25	18	15	42	18	42	100	36	73	62	34	27	90	11	49	81	53	59	44	43	63	54	56	80	12	78	33	43	26	66	62	31	77	45	81	24	98	54	30	85	88	73	68	82	64	52	10	33	28	52	8	32	12	89	32	53	73	1	85	90	92	23	92	29	58	87	5	16	83	42	66	19	42	2	62	24	68	21	28	99	3	4	14	45	37	46	85	61	34	20	70	64	81	97	21	75	50	15	99	13	16	97	57	16	18	16	35	26	12	19	20	52	91	6	11	59	
34	63	27	91	55	75	97	72	100	86	81	100	92	42	50	74	45	2	80	73	56	26	81	26	4	40	33	78	55	90	28	16	3	68	100	47	51	46	50	84	63	78	33	47	75	21	27	23	22	31	38	1	47	81	74	28	60	67	40	80	12	30	69	23	44	81	71	47	91	53	91	37	84	53	65	77	43	44	73	50	99	48	65	27	35	74	67	1	95	75	43	76	33	39	19	54	64	10	37	27	96	58	62	32	83	79	92	66	92	46	12	13	33	7	21	92	19	36	89	80	31	28	75	100	42	71	41	47	71	55	25	36	41	63	81	39	80	17	60	6	73	2	44	32	84	55	96	55	49	38	
3634	4871	6693	6132	6817	127	1107	1675	5436	573	5692	554	6365	3012	3845	758	3440	6626	64	1299	3101	319	6681	1955	3710	7071	1156	1942	495	6699	2247	7027	2383	1773	7309	6215	6012	3395	6095	2064	2573	395	7025	3583	56	1605	727	6169	2411	6130	5427	1643	2713	6185	7229	5600	6366	4083	6939	3564	7296	6367	1352	4322	244	6480	6354	5090	4249	934	1913	4709	1629	5655	3180	3651	5966	5700	3644	361	6938	6214	2019	4680	5497	6039	388	3368	6469	2248	6427	2777	3233	3484	1781	1735	382	3903	6252	4794	4725	7372	6152	3414	705	1553	3159	5415	4531	1344	4162	3040	4469	1686	7284	4647	797	3915	5726	5476	5033	388	5015	165	3318	7030	806	1859	4335	6195	2211	6669	5281	1244	3104	2458	3725	534	1296	5385	635	5550	5262	7136	3179	7142	1644	2537	2402	5009	
0	21	52	56	57	7	31	52	73	77	30	49	45	44	42	63	69	45	16	76	65	74	70	60	83	72	16	28	75	73	57	68	41	20	69	38	23	79	69	66	29	45	60	80	39	14	63	23	65	68	50	81	70	2	45	15	22	38	60	74	42	73	89	13	85	69	70	65	63	59	92	55	66	62	13	56	71	68	66	72	61	18	3	77	52	79	13	21	35	64	58	41	79	60	79	58	60	33	26	91	63	22	59	34	5	73	46	20	61	56	31	31	66	34	70	20	18	41	81	79	58	49	67	71	30	40	82	65	70	92	50	31	68	56	86	30	61	66	66	64	54	66	60	74	63	38	64	67	75	55	63	
21	0	37	46	45	15	10	39	55	56	9	29	38	24	21	42	48	26	4	57	46	53	49	50	63	52	9	11	58	59	38	51	34	1	52	31	12	58	55	47	24	26	39	60	28	9	46	16	45	47	30	60	51	18	26	16	7	17	41	53	21	52	69	13	66	49	49	46	46	51	73	45	47	43	16	50	50	52	45	60	53	5	18	56	31	60	8	7	17	46	44	20	62	47	60	37	54	27	6	72	42	3	43	23	16	52	38	5	51	49	23	22	45	14	50	7	20	21	64	62	38	28	55	54	11	33	63	48	51	72	36	27	59	40	68	26	46	60	51	43	44	54	49	54	42	31	45	50	54	36	55	
52	37	0	15	10	49	31	5	22	41	30	24	21	34	26	32	44	13	40	27	21	41	41	19	38	34	36	26	24	22	47	15	20	36	17	19	29	43	17	16	27	15	35	37	15	46	11	29	24	39	16	37	60	51	43	38	31	30	56	33	30	43	45	39	36	48	37	58	13	24	41	16	59	56	40	26	32	16	30	23	24	36	51	35	34	31	41	44	43	14	7	30	26	10	29	36	28	23	32	42	37	34	7	19	47	45	18	42	19	24	24	22	40	27	49	44	37	38	29	27	19	34	18	19	40	20	33	12	57	44	4	27	26	4	35	28	9	32	14	34	14	17	15	29	44	21	57	17	45	53	24	
56	46	15	0	7	55	42	10	32	56	41	40	12	48	40	47	60	28	48	39	35	56	57	4	50	49	42	35	32	19	62	23	15	45	26	17	35	57	18	29	27	30	51	50	18	54	23	33	39	55	31	50	75	55	57	41	39	43	71	47	45	59	57	43	45	64	53	73	25	8	50	1	74	71	43	12	47	24	45	16	8	43	55	48	49	43	48	53	56	27	11	44	32	11	39	52	13	23	42	51	53	43	18	23	51	60	10	51	5	9	25	25	56	39	65	53	38	52	34	33	35	49	11	28	51	16	43	22	73	55	13	26	13	18	43	26	14	17	15	50	2	12	5	42	60	18	72	28	61	68	9	
57	45	10	7	0	55	39	6	25	49	38	34	17	43	35	41	54	23	47	32	28	49	50	10	43	42	42	34	25	16	57	16	19	44	19	20	34	50	13	22	29	25	45	43	18	53	16	33	32	48	26	43	70	55	53	42	38	39	66	40	40	52	50	44	39	58	46	68	18	15	43	8	69	66	44	19	40	17	38	15	14	42	56	41	44	36	47	52	53	20	4	39	26	4	32	46	19	25	40	44	47	42	11	23	52	54	14	50	10	16	26	26	49	36	59	52	40	48	28	27	28	44	10	21	49	19	36	15	67	48	9	28	16	11	36	29	7	23	10	43	7	9	5	35	54	21	67	21	54	63	15	
7	15	49	55	55	0	25	50	69	71	24	44	45	38	36	57	62	40	10	71	60	68	63	59	78	67	13	23	71	71	50	64	41	14	65	38	20	73	67	61	29	41	54	75	37	7	59	22	60	62	45	75	63	5	38	15	18	31	53	68	36	67	84	12	81	63	64	58	59	59	87	54	59	55	13	56	65	65	60	70	61	13	4	71	45	75	8	14	28	59	55	34	75	58	75	51	60	33	21	87	57	16	56	32	5	67	46	13	60	56	30	30	59	29	63	13	18	34	77	76	53	42	65	68	23	40	78	61	63	86	47	31	68	53	82	30	58	66	63	58	53	64	58	69	56	38	57	63	68	48	63	
31	10	31	42	39	25	0	33	46	45	2	18	37	14	10	31	38	18	15	47	36	42	38	47	53	41	18	9	49	53	29	43	34	11	43	30	15	48	48	38	26	17	28	49	26	19	37	20	34	36	21	50	43	29	18	24	12	6	34	43	11	42	58	22	56	39	38	38	37	49	63	42	40	36	25	49	39	43	34	54	50	14	29	45	20	50	18	14	13	37	38	9	53	41	51	26	52	28	5	62	31	9	36	22	27	42	36	13	47	47	25	23	34	4	40	15	27	13	55	53	28	18	49	45	9	33	53	40	42	61	30	29	55	33	59	29	40	58	45	33	40	48	44	44	33	31	37	41	43	30	52	
52	39	5	10	6	50	33	0	26	46	32	29	16	38	30	37	50	18	41	32	26	46	47	14	42	39	36	28	27	21	52	18	16	38	20	16	29	48	17	21	24	20	41	42	13	47	15	28	29	45	21	42	65	50	47	37	32	33	61	38	34	49	49	39	39	53	43	62	17	19	45	10	64	60	39	21	37	18	35	21	19	36	51	40	38	36	42	46	47	19	5	34	29	8	33	42	23	21	34	46	43	36	10	17	47	50	13	44	15	18	22	21	45	30	55	46	36	42	31	30	25	39	16	22	42	17	37	15	62	49	3	24	22	9	38	25	9	27	13	39	9	15	10	34	50	18	62	20	51	58	19	
73	55	22	32	25	69	46	26	0	29	46	31	42	42	37	27	39	28	59	7	12	31	34	34	18	22	57	45	3	19	49	9	42	55	6	42	49	30	15	7	49	28	34	19	37	64	10	50	16	33	25	19	58	71	51	59	51	42	58	19	40	34	25	60	13	43	29	58	9	40	19	33	59	57	61	44	21	8	23	26	38	55	71	19	38	11	61	60	55	9	21	40	8	21	7	37	44	46	49	20	34	52	15	41	68	37	38	59	33	41	46	44	35	42	45	61	59	48	10	8	20	40	25	4	54	42	11	10	55	23	26	49	35	18	13	50	18	45	17	29	32	23	28	12	43	43	58	5	36	57	37	
77	56	41	56	49	71	45	46	29	0	47	27	62	33	35	13	15	36	61	22	21	4	10	59	16	7	62	50	31	48	30	36	61	56	33	59	57	2	44	27	62	34	18	11	53	65	33	60	17	11	30	12	34	75	38	67	55	39	38	10	35	8	17	66	25	19	7	36	31	65	30	57	37	36	69	68	9	35	12	54	63	59	74	10	26	21	64	59	48	29	45	36	35	46	25	21	69	61	50	28	15	55	37	54	72	10	59	58	58	65	59	57	14	42	20	59	69	39	36	34	23	29	53	32	49	61	24	35	30	23	45	64	63	38	31	64	43	72	44	12	55	51	53	16	21	61	36	30	9	39	63	
30	9	30	41	38	24	2	32	46	47	0	19	35	16	11	33	39	17	14	47	36	44	40	45	53	42	16	7	48	52	31	43	32	10	43	28	13	49	47	38	24	17	30	50	24	19	37	18	35	38	21	50	45	28	21	22	10	8	37	43	13	43	59	20	56	41	40	41	37	47	63	40	42	38	23	47	40	43	35	53	48	12	28	46	22	50	17	14	15	36	37	11	53	40	51	28	50	26	3	63	33	8	35	20	25	43	34	13	46	45	22	21	36	4	42	15	25	15	55	53	28	20	48	45	10	31	54	40	44	62	29	27	54	32	59	26	39	56	44	34	39	47	42	44	35	29	40	40	45	32	50	
49	29	24	40	34	44	18	29	31	27	19	0	41	11	7	13	23	12	33	30	19	25	22	44	35	22	34	23	34	43	22	31	38	29	30	35	29	29	37	24	37	10	13	31	29	38	25	33	17	20	8	31	35	47	20	39	28	12	31	24	9	25	40	39	39	25	21	33	24	48	46	40	34	31	41	50	21	31	16	46	48	31	47	27	9	33	36	32	25	23	31	10	39	34	34	13	52	36	23	45	16	27	26	29	45	26	38	31	44	47	34	32	19	15	27	33	41	17	41	39	11	9	43	32	24	38	36	28	33	43	26	39	51	24	42	39	31	57	35	15	38	41	39	26	21	37	32	27	27	29	49	
45	38	21	12	17	45	37	16	42	62	35	41	0	47	38	51	63	28	39	48	42	61	61	15	58	55	32	29	43	32	62	33	4	37	36	7	26	64	30	37	16	30	53	58	12	44	31	23	45	59	33	58	76	44	55	30	31	40	70	54	43	63	65	33	55	66	58	73	33	14	60	11	74	70	32	11	53	34	50	28	16	34	45	56	49	52	38	45	51	35	20	41	44	21	49	54	15	12	35	62	56	35	26	15	41	65	3	43	16	11	15	15	59	35	68	45	27	49	46	45	39	49	24	38	46	5	53	31	74	65	17	14	23	25	54	15	24	21	27	53	11	24	17	50	62	7	72	37	65	66	18	
44	24	34	48	43	38	14	38	42	33	16	11	47	0	8	20	24	20	28	41	30	30	25	53	44	30	32	22	45	53	16	42	43	24	41	40	29	36	48	35	39	18	15	39	35	31	36	33	27	23	18	40	30	42	9	38	26	8	23	33	3	29	48	36	49	25	26	26	35	56	56	48	27	23	39	57	29	42	24	57	57	28	42	36	7	43	32	25	14	34	41	5	50	43	45	13	60	39	19	55	18	23	36	33	40	29	45	25	53	55	36	34	21	13	26	26	41	6	52	50	22	4	52	43	15	43	47	39	28	52	35	41	60	34	53	41	41	65	46	21	47	51	48	36	19	42	25	38	30	19	58	
42	21	26	40	35	36	10	30	37	35	11	7	38	8	0	21	29	12	25	37	26	32	28	44	42	30	27	16	40	46	24	36	35	21	35	32	23	37	41	29	31	10	19	38	26	30	30	27	24	26	12	39	38	39	17	32	20	5	31	32	5	32	48	31	46	31	28	34	29	48	53	40	36	32	34	48	29	36	24	49	48	24	39	35	12	40	29	25	19	28	33	4	44	36	41	18	51	31	15	52	22	19	29	25	37	32	36	24	44	46	29	27	25	7	32	25	35	12	46	44	17	10	44	37	17	34	43	33	36	51	26	34	52	26	49	33	34	56	38	22	38	43	40	33	25	34	33	32	33	28	49	
63	42	32	47	41	57	31	37	27	13	33	13	51	20	21	0	12	24	47	24	16	11	9	51	24	10	48	37	30	45	22	32	49	43	29	47	43	16	39	23	50	22	7	19	41	51	27	47	11	7	18	20	30	61	26	53	42	25	31	13	21	12	28	52	31	16	7	30	25	56	37	48	31	29	55	59	9	31	5	50	56	45	61	16	13	25	50	45	35	23	37	22	35	39	28	10	60	49	36	35	6	41	30	42	59	13	49	44	51	56	47	45	8	29	18	46	55	26	37	35	12	16	47	30	36	49	29	30	27	32	35	52	56	29	36	52	36	64	38	2	46	45	46	18	15	49	30	26	14	31	56	
69	48	44	60	54	62	38	50	39	15	39	23	63	24	29	12	0	35	52	34	28	11	5	64	31	17	56	45	42	57	16	44	61	49	42	58	52	16	52	35	60	32	10	26	52	55	40	56	23	5	29	27	19	67	26	61	49	31	23	21	26	7	32	60	39	4	10	21	38	69	45	60	22	21	62	71	18	44	16	62	68	52	66	23	17	34	56	49	36	36	50	28	46	52	38	11	73	59	43	43	7	47	43	52	65	5	61	49	64	68	57	55	4	36	5	50	64	28	48	46	25	19	60	42	39	61	38	43	15	38	47	62	69	42	45	62	49	77	51	10	59	58	58	27	7	60	21	38	7	25	69	
45	26	13	28	23	40	18	18	28	36	17	12	28	20	12	24	35	0	30	31	20	35	33	32	38	30	29	17	31	35	34	25	26	26	25	23	22	38	30	21	26	2	25	36	17	36	19	24	21	31	6	36	48	43	29	32	22	16	43	30	17	36	45	32	40	38	31	45	19	36	46	28	46	43	34	37	28	25	24	37	36	27	43	33	21	34	32	32	30	19	21	16	35	24	34	25	40	25	20	46	27	24	18	18	40	37	26	31	33	35	23	21	30	14	39	32	33	24	37	35	13	21	32	27	27	25	37	22	45	47	15	28	40	15	41	28	22	45	27	26	26	31	28	29	33	25	44	23	38	40	37	
16	4	40	48	47	10	15	41	59	61	14	33	39	28	25	47	52	30	0	61	50	58	53	52	67	56	7	13	61	62	42	55	35	4	55	31	13	63	57	51	24	30	43	64	30	6	49	16	49	51	34	65	55	14	30	13	9	21	45	58	26	57	73	10	70	53	54	50	49	52	77	47	51	47	13	50	54	55	50	62	54	5	13	60	35	64	4	7	20	49	46	24	65	49	64	41	54	27	10	76	47	6	46	25	12	57	39	5	53	50	24	23	49	18	54	7	17	25	67	66	42	32	57	58	15	34	67	52	55	76	38	26	61	43	72	25	49	60	54	48	46	56	51	58	47	32	49	53	58	40	56	
76	57	27	39	32	71	47	32	7	22	47	30	48	41	37	24	34	31	61	0	11	25	29	41	11	17	60	48	8	26	46	16	48	57	13	47	53	23	23	11	54	30	31	12	42	66	16	54	14	28	26	12	54	74	49	63	53	42	55	13	40	29	18	63	9	39	24	54	14	47	15	40	55	53	65	51	16	15	19	33	45	58	74	12	36	4	63	62	55	13	28	40	12	28	4	34	51	51	51	15	30	55	21	45	71	31	45	61	40	48	51	49	31	43	40	62	63	47	13	12	19	38	32	11	54	48	6	17	50	17	31	55	42	23	12	55	25	52	24	25	39	30	35	6	39	49	54	11	31	55	44	
65	46	21	35	28	60	36	26	12	21	36	19	42	30	26	16	28	20	50	11	0	21	24	38	18	13	49	37	15	29	37	16	41	46	13	39	42	22	24	7	45	19	22	16	34	55	12	44	5	22	15	16	47	63	39	53	43	31	46	12	29	25	25	53	20	32	19	46	10	43	26	35	47	45	55	47	12	15	12	34	42	47	63	14	26	14	53	51	44	8	24	29	20	25	14	25	48	43	40	26	22	44	16	36	60	27	39	49	37	44	42	40	24	32	34	51	53	36	22	20	8	28	32	14	43	41	17	15	43	26	25	46	42	17	23	46	21	51	23	18	34	30	32	8	31	41	46	10	27	45	42	
74	53	41	56	49	68	42	46	31	4	44	25	61	30	32	11	11	35	58	25	21	0	6	60	20	8	60	48	33	50	26	37	60	54	34	58	55	5	45	28	61	33	14	15	52	62	34	58	17	7	29	16	30	72	35	65	53	36	34	12	31	4	21	64	29	15	4	32	32	65	34	57	33	32	66	68	10	37	11	56	64	56	72	13	23	24	61	55	44	30	45	33	38	46	28	17	69	60	47	32	12	52	38	53	70	6	59	55	59	65	58	56	10	40	16	56	67	36	39	37	22	26	54	34	46	60	27	36	26	27	45	63	64	38	35	63	43	72	45	9	55	52	54	18	17	60	32	31	5	35	64	
70	49	41	57	50	63	38	47	34	10	40	22	61	25	28	9	5	33	53	29	24	6	0	60	26	12	56	44	37	53	20	40	59	49	37	56	51	12	48	31	59	31	9	21	50	57	36	55	19	2	27	22	24	68	29	61	49	32	28	16	27	3	27	60	34	9	5	26	34	66	40	57	27	26	63	68	13	39	12	58	65	52	67	18	18	29	57	50	38	31	46	29	42	48	33	12	70	58	43	38	6	48	39	51	65	4	58	50	60	65	56	54	4	36	10	51	63	30	43	41	21	21	56	37	41	59	32	38	20	33	44	61	65	38	40	61	45	73	47	7	56	54	55	22	11	58	26	33	5	29	65	
60	50	19	4	10	59	47	14	34	59	45	44	15	53	44	51	64	32	52	41	38	60	60	0	52	52	46	40	34	19	67	25	18	49	28	21	39	61	19	32	30	34	55	52	22	58	25	37	42	59	36	52	79	58	62	44	43	47	75	50	49	62	59	47	47	68	56	77	28	6	50	5	79	75	46	10	50	26	49	14	4	47	59	51	53	45	52	57	60	30	14	48	33	13	41	56	10	26	46	52	57	47	21	27	55	64	13	55	1	7	29	29	59	43	69	57	42	56	35	34	39	53	10	30	56	19	45	24	77	57	17	29	9	21	43	30	16	13	17	53	6	11	6	44	64	21	77	30	64	72	5	
83	63	38	50	43	78	53	42	18	16	53	35	58	44	42	24	31	38	67	11	18	20	26	52	0	14	67	55	18	37	45	27	58	63	24	57	61	16	33	21	63	37	31	5	52	72	27	63	18	26	33	4	50	81	51	71	61	47	54	10	44	24	7	71	9	35	21	52	25	58	14	51	53	52	73	62	14	26	19	44	56	65	81	8	38	7	70	67	59	23	39	45	21	39	12	34	62	61	57	12	29	61	32	55	78	26	55	66	51	59	60	58	29	49	36	68	72	50	22	21	25	40	43	22	59	58	9	28	46	8	42	64	53	33	15	65	36	63	35	24	50	41	46	9	37	59	52	22	25	54	55	
72	52	34	49	42	67	41	39	22	7	42	22	55	30	30	10	17	30	56	17	13	8	12	52	14	0	57	45	25	41	31	29	54	52	26	52	51	9	37	20	56	28	16	9	46	60	26	54	10	12	24	10	37	70	37	61	50	35	40	4	31	12	18	61	22	22	7	38	24	57	28	49	39	38	63	60	2	28	6	48	56	54	70	6	24	16	59	55	45	21	37	32	29	39	20	19	61	54	45	26	15	50	30	47	67	14	52	54	51	57	53	51	15	38	23	55	63	36	30	29	16	26	46	26	46	54	20	28	33	22	38	57	55	30	27	58	35	65	37	10	48	43	46	10	23	54	38	23	14	40	56	
16	9	36	42	42	13	18	36	57	62	16	34	32	32	27	48	56	29	7	60	49	60	56	46	67	57	0	12	59	57	47	51	28	8	52	25	7	64	53	49	16	29	46	64	24	12	46	9	49	54	34	65	60	14	35	6	6	24	51	58	29	59	73	4	69	57	56	55	47	46	75	41	57	52	7	43	55	52	51	57	48	4	14	61	38	63	6	15	26	47	42	27	62	45	63	44	47	20	13	75	49	9	43	19	11	60	33	13	47	43	17	17	52	19	58	14	10	30	65	63	42	36	51	55	21	27	66	48	60	75	34	19	55	40	70	18	45	53	50	50	40	51	45	58	51	25	54	51	61	46	50	
28	11	26	35	34	23	9	28	45	50	7	23	29	22	16	37	45	17	13	48	37	48	44	40	55	45	12	0	48	48	38	41	25	10	41	21	7	52	44	38	17	17	35	52	18	19	35	11	37	42	22	53	52	26	28	16	5	14	44	46	19	48	61	16	57	47	44	48	35	41	63	34	49	45	18	40	43	41	38	49	43	10	26	49	28	51	15	18	22	36	33	17	51	36	51	34	44	19	6	63	38	8	32	13	23	48	28	16	40	39	15	14	41	9	48	18	19	22	54	52	30	26	44	44	17	24	54	38	51	63	25	20	48	29	58	19	35	50	40	38	33	43	38	46	41	22	47	39	50	39	44	
75	58	24	32	25	71	49	27	3	31	48	34	43	45	40	30	42	31	61	8	15	33	37	34	18	25	59	48	0	18	52	9	43	57	7	43	52	31	15	10	51	31	37	21	39	67	12	53	19	36	28	20	61	73	54	61	53	45	61	21	43	37	25	62	13	46	31	61	12	40	17	33	62	60	63	44	23	8	26	25	38	57	74	21	41	11	63	63	58	12	22	43	5	21	7	40	44	48	51	18	37	55	17	43	70	39	39	62	33	41	48	46	38	44	47	64	61	51	7	5	23	43	25	4	57	44	11	11	57	23	28	51	34	19	11	52	18	45	17	32	32	23	28	14	45	45	61	8	39	60	37	
73	59	22	19	16	71	53	21	19	48	52	43	32	53	46	45	57	35	62	26	29	50	53	19	37	41	57	48	18	0	64	12	34	58	15	36	50	49	5	22	45	36	50	39	34	68	17	49	34	51	35	38	75	71	63	58	53	51	74	38	51	53	43	60	30	61	48	74	19	24	33	21	76	73	60	29	40	13	41	7	22	57	72	39	52	30	63	66	65	21	15	50	16	12	25	52	28	41	54	35	51	56	17	39	68	55	29	64	17	26	42	42	53	49	63	66	56	59	17	17	34	53	8	15	62	35	28	14	72	40	23	44	17	20	26	45	13	28	8	47	21	7	14	32	59	37	74	19	55	72	20	
57	38	47	62	57	50	29	52	49	30	31	22	62	16	24	22	16	34	42	46	37	26	20	67	45	31	47	38	52	64	0	52	59	39	50	56	45	32	59	43	55	32	15	40	50	43	46	49	32	19	31	41	13	55	12	53	41	24	9	35	19	23	47	51	53	14	24	10	45	71	59	62	12	8	54	72	31	52	27	69	71	43	54	37	13	47	46	36	23	43	54	21	57	56	50	12	75	55	34	57	16	38	48	49	54	21	60	37	67	70	52	51	16	29	14	37	56	17	59	57	30	13	65	51	27	59	51	50	13	53	49	57	74	46	58	57	54	79	57	21	61	63	62	40	8	58	9	46	23	9	72	
68	51	15	23	16	64	43	18	9	36	43	31	33	42	36	32	44	25	55	16	16	37	40	25	27	29	51	41	9	12	52	0	34	51	3	34	44	37	7	9	42	26	38	28	30	61	6	45	21	38	24	27	62	66	51	53	46	41	61	26	40	41	34	54	22	49	35	62	7	31	27	24	63	60	55	35	27	1	28	18	29	50	66	27	39	20	56	57	55	8	13	40	11	12	16	40	35	39	45	28	38	49	8	34	63	43	30	56	24	32	39	38	40	39	50	58	53	48	13	12	21	41	17	5	52	34	20	3	59	32	19	42	26	11	20	43	9	36	8	34	23	14	19	20	47	36	61	6	43	60	28	
41	34	20	15	19	41	34	16	42	61	32	38	4	43	35	49	61	26	35	48	41	60	59	18	58	54	28	25	43	34	59	34	0	33	36	3	22	63	32	37	12	28	51	57	8	40	31	19	44	57	31	57	73	40	51	26	26	36	67	53	40	61	65	29	56	64	56	70	33	18	61	14	71	67	28	15	52	35	49	31	20	30	41	55	46	52	34	41	47	35	21	38	45	23	49	51	19	8	31	62	54	31	26	11	37	63	5	39	19	15	11	11	57	31	65	41	23	46	47	46	38	46	26	39	42	1	53	32	71	65	16	10	27	25	55	11	25	25	29	51	13	27	20	49	59	3	69	37	63	63	22	
20	1	36	45	44	14	11	38	55	56	10	29	37	24	21	43	49	26	4	57	46	54	49	49	63	52	8	10	57	58	39	51	33	0	51	29	11	59	54	47	23	26	39	60	27	9	45	15	45	47	30	60	52	18	27	14	6	17	42	53	22	53	69	12	66	50	50	47	45	50	73	44	48	44	15	49	50	51	45	59	52	4	18	56	31	60	7	8	18	45	43	20	61	46	60	37	52	25	6	72	43	2	43	22	16	53	37	6	50	48	22	21	45	14	50	8	18	22	63	62	38	29	54	54	12	32	63	48	52	72	35	25	58	39	68	25	45	58	50	44	43	53	48	54	43	30	46	49	54	38	53	
69	52	17	26	19	65	43	20	6	33	43	30	36	41	35	29	42	25	55	13	13	34	37	28	24	26	52	41	7	15	50	3	36	51	0	36	45	34	10	6	44	25	35	25	32	61	5	46	18	36	23	24	60	67	50	54	47	40	59	23	39	38	31	55	19	46	32	59	6	34	25	27	61	58	56	38	24	2	25	21	32	51	67	24	38	17	57	57	54	7	15	39	10	15	13	38	38	40	45	26	36	49	10	36	64	40	32	56	27	35	41	39	38	39	47	58	54	47	12	10	19	39	20	2	51	37	17	4	57	29	20	44	30	12	18	45	12	40	11	31	26	18	22	17	44	38	59	3	40	58	31	
38	31	19	17	20	38	30	16	42	59	28	35	7	40	32	47	58	23	31	47	39	58	56	21	57	52	25	21	43	36	56	34	3	29	36	0	18	61	33	36	9	25	48	56	6	37	31	16	42	54	29	56	70	37	48	23	23	33	63	51	36	59	64	26	55	61	54	66	32	21	61	16	68	64	25	19	50	35	47	33	23	26	38	53	43	51	31	38	44	34	21	35	45	24	49	48	23	5	28	62	51	28	26	7	34	60	8	36	22	18	8	8	54	28	62	37	21	42	47	46	36	42	28	39	38	2	53	31	68	64	15	8	30	24	54	9	25	29	29	49	15	28	21	48	56	2	66	36	61	59	25	
23	12	29	35	34	20	15	29	49	57	13	29	26	29	23	43	52	22	13	53	42	55	51	39	61	51	7	7	52	50	45	44	22	11	45	18	0	59	46	42	12	23	42	58	17	19	39	4	43	49	27	58	58	21	34	10	5	21	50	52	26	55	67	10	62	54	50	54	39	39	68	34	55	51	12	37	49	44	45	49	41	8	22	55	35	56	13	19	27	40	34	24	55	37	55	41	41	14	11	68	45	10	35	12	18	55	26	17	40	37	11	10	48	16	55	19	12	28	57	56	35	33	44	48	22	21	59	41	58	69	26	14	48	32	63	14	37	47	42	45	33	43	38	51	48	19	53	44	56	46	43	
79	58	43	57	50	73	48	48	30	2	49	29	64	36	37	16	16	38	63	23	22	5	12	61	16	9	64	52	31	49	32	37	63	59	34	61	59	0	45	29	64	36	20	11	55	67	35	62	19	13	32	12	35	77	40	69	58	41	40	11	37	9	16	68	25	20	9	37	32	66	30	58	38	37	71	69	11	36	14	56	65	61	77	10	29	21	66	61	50	30	46	38	36	47	26	23	70	63	52	27	17	57	39	56	75	11	61	60	60	66	61	59	16	45	21	62	71	41	36	35	25	31	54	33	51	63	24	37	31	22	47	66	64	39	31	66	44	73	45	15	57	52	55	17	23	63	37	31	10	41	65	
69	55	17	18	13	67	48	17	15	44	47	37	30	48	41	39	52	30	57	23	24	45	48	19	33	37	53	44	15	5	59	7	32	54	10	33	46	45	0	16	42	31	45	35	30	64	12	46	29	46	29	35	70	68	57	54	49	46	68	34	45	48	40	56	28	56	43	69	14	25	31	20	70	68	56	29	35	8	36	10	23	53	68	34	46	26	59	61	60	16	11	45	14	9	22	47	29	38	49	33	46	52	12	35	64	50	27	59	18	26	39	38	48	44	58	61	53	53	15	15	28	47	10	11	57	33	26	9	67	38	19	41	19	15	24	42	8	30	3	41	19	8	13	28	54	34	68	14	51	66	22	
66	47	16	29	22	61	38	21	7	27	38	24	37	35	29	23	35	21	51	11	7	28	31	32	21	20	49	38	10	22	43	9	37	47	6	36	42	29	16	0	43	21	29	21	31	57	6	43	12	29	17	21	53	64	44	52	43	34	53	18	33	32	28	53	20	39	26	53	4	37	26	30	54	52	54	41	18	8	19	27	36	48	64	19	31	15	53	53	48	2	18	33	15	18	13	31	41	40	41	26	29	45	11	34	61	34	34	51	31	38	39	38	31	34	41	53	52	41	17	15	13	33	25	8	46	37	17	8	50	28	20	43	35	12	20	44	15	44	16	25	29	23	25	13	38	38	52	3	34	51	36	
29	24	27	27	29	29	26	24	49	62	24	37	16	39	31	50	60	26	24	54	45	61	59	30	63	56	16	17	51	45	55	42	12	23	44	9	12	64	42	43	0	28	50	61	12	29	38	8	46	57	32	62	69	28	45	14	17	31	61	56	35	62	70	17	62	62	57	65	39	30	68	25	66	62	16	27	54	43	50	43	32	19	29	58	43	58	22	31	39	40	30	33	53	33	56	49	31	4	23	69	53	22	34	8	25	63	17	29	31	27	3	5	56	26	63	30	11	39	55	54	40	42	38	46	33	11	60	39	68	71	23	2	39	31	62	2	34	37	38	52	25	38	31	54	57	9	64	43	64	57	34	
45	26	15	30	25	41	17	20	28	34	17	10	30	18	10	22	32	2	30	30	19	33	31	34	37	28	29	17	31	36	32	26	28	26	25	25	23	36	31	21	28	0	23	34	19	36	20	26	19	29	4	35	45	43	27	33	23	15	41	29	15	34	44	33	39	36	29	43	19	38	46	30	44	41	35	40	26	26	22	38	38	27	43	31	19	33	33	32	29	19	22	14	35	25	33	23	42	27	20	46	25	24	19	20	41	35	28	30	35	37	25	23	28	13	37	32	34	23	37	36	12	19	34	28	26	28	37	23	43	46	17	30	42	16	41	30	23	47	28	24	29	32	30	28	31	27	42	23	36	38	39	
60	39	35	51	45	54	28	41	34	18	30	13	53	15	19	7	10	25	43	31	22	14	9	55	31	16	46	35	37	50	15	38	51	39	35	48	42	20	45	29	50	23	0	26	42	47	33	46	17	8	20	27	25	58	20	51	40	22	24	20	17	13	34	50	38	13	11	24	31	60	44	51	25	23	53	62	16	37	12	55	60	43	57	22	8	32	47	41	29	29	41	19	42	43	35	3	64	49	33	42	3	38	35	42	56	13	51	40	55	59	47	45	6	26	14	41	54	21	44	42	17	11	52	36	31	51	36	36	21	39	38	52	61	33	43	52	41	68	44	6	50	50	50	25	9	50	23	32	14	24	60	
80	60	37	50	43	75	49	42	19	11	50	31	58	39	38	19	26	36	64	12	16	15	21	52	5	9	64	52	21	39	40	28	57	60	25	56	58	11	35	21	61	34	26	0	50	69	27	60	15	21	30	1	45	78	46	68	58	43	49	6	40	19	9	68	13	30	16	47	25	58	19	51	48	47	70	62	10	27	15	46	57	62	78	3	33	9	67	63	54	23	39	41	24	39	14	29	62	59	53	17	24	58	32	53	75	21	55	62	51	59	58	56	24	46	31	64	69	46	25	24	22	36	45	23	55	57	13	28	41	13	41	62	55	33	20	63	36	65	36	19	50	43	46	8	32	58	47	22	20	49	56	
39	28	15	18	18	37	26	13	37	53	24	29	12	35	26	41	52	17	30	42	34	52	50	22	52	46	24	18	39	34	50	30	8	27	32	6	17	55	30	31	12	19	42	50	0	36	26	15	36	48	23	50	64	37	43	24	21	28	58	45	31	53	59	26	51	55	48	61	27	23	56	17	62	58	26	23	44	31	41	32	25	25	38	48	38	46	30	35	39	29	18	29	41	21	44	42	26	8	24	57	45	25	22	5	34	54	10	33	23	21	9	8	48	23	56	35	23	37	43	42	30	37	27	34	34	8	48	27	62	59	11	12	31	19	50	13	22	32	26	43	16	27	21	43	50	8	60	31	55	54	26	
14	9	46	54	53	7	19	47	64	65	19	38	44	31	30	51	55	36	6	66	55	62	57	58	72	60	12	19	67	68	43	61	40	9	61	37	19	67	64	57	29	36	47	69	36	0	55	21	54	55	40	70	56	12	31	17	15	25	46	62	30	60	78	13	76	56	58	51	55	58	82	53	52	48	16	56	59	61	54	68	60	11	11	65	38	70	6	7	21	55	52	28	71	55	70	45	60	32	15	82	50	12	52	31	11	60	45	6	59	55	29	29	53	23	56	6	21	27	73	72	47	36	63	63	16	39	73	57	56	81	44	31	67	49	78	31	55	66	60	52	52	62	57	63	49	37	50	59	62	41	62	
63	46	11	23	16	59	37	15	10	33	37	25	31	36	30	27	40	19	49	16	12	34	36	25	27	26	46	35	12	17	46	6	31	45	5	31	39	35	12	6	38	20	33	27	26	55	0	40	17	34	18	27	58	61	45	48	41	35	56	24	34	37	34	50	24	44	31	56	2	31	30	24	58	55	51	35	24	6	24	22	30	45	61	25	34	20	51	52	49	4	12	34	16	12	17	34	35	35	40	30	34	43	5	30	58	39	28	50	25	32	35	34	36	33	45	52	48	42	18	16	16	35	20	8	46	32	21	3	54	33	15	39	29	7	24	39	9	38	11	29	23	17	19	19	42	33	56	5	39	54	30	
23	16	29	33	33	22	20	28	50	60	18	33	23	33	27	47	56	24	16	54	44	58	55	37	63	54	9	11	53	49	49	45	19	15	46	16	4	62	46	43	8	26	46	60	15	21	40	0	45	53	30	61	63	22	39	8	9	25	55	55	30	58	69	10	63	58	54	59	41	37	70	32	60	56	10	34	52	45	48	48	39	11	22	57	39	58	15	23	32	41	34	28	56	37	57	45	38	11	16	70	49	14	36	10	18	59	24	21	38	34	8	8	52	20	59	22	8	33	58	56	38	37	43	48	26	18	61	42	62	71	26	10	46	33	64	10	37	44	42	48	31	43	36	53	52	16	58	45	60	50	41	
65	45	24	39	32	60	34	29	16	17	35	17	45	27	24	11	23	21	49	14	5	17	19	42	18	10	49	37	19	34	32	21	44	45	18	42	43	19	29	12	46	19	17	15	36	54	17	45	0	17	15	15	42	63	35	53	42	29	42	9	26	20	24	53	22	27	14	41	15	48	29	39	43	40	55	50	8	20	7	39	47	46	63	12	22	16	52	49	41	12	28	27	24	29	18	20	52	44	38	28	17	43	21	38	60	22	42	48	42	48	43	41	19	31	29	50	54	33	26	24	7	24	37	19	41	44	19	19	38	26	28	48	46	20	26	48	26	55	28	13	38	35	36	9	26	44	41	15	22	41	46	
68	47	39	55	48	62	36	45	33	11	38	20	59	23	26	7	5	31	51	28	22	7	2	59	26	12	54	42	36	51	19	38	57	47	36	54	49	13	46	29	57	29	8	21	48	55	34	53	17	0	25	22	25	66	27	59	47	30	28	16	25	5	28	58	34	10	5	26	32	64	40	55	27	26	61	66	12	38	10	57	63	50	65	18	16	28	55	49	37	30	44	27	41	46	32	10	68	56	41	38	5	46	38	49	64	6	56	48	58	63	54	52	3	34	11	49	61	29	42	40	20	19	54	36	39	57	32	37	21	33	43	59	64	37	39	59	43	72	46	5	54	52	53	22	11	56	26	32	7	28	63	
50	30	16	31	26	45	21	21	25	30	21	8	33	18	12	18	29	6	34	26	15	29	27	36	33	24	34	22	28	35	31	24	31	30	23	29	27	32	29	17	32	4	20	30	23	40	18	30	15	25	0	31	43	48	28	38	27	17	40	24	16	30	39	38	35	33	25	41	17	40	42	32	43	39	39	42	22	24	18	38	40	31	48	27	17	29	37	35	31	16	23	16	32	25	30	20	44	31	24	42	22	28	18	24	45	31	31	34	36	39	29	27	25	17	34	36	39	24	34	32	8	18	34	25	28	31	33	21	41	41	18	34	42	15	38	34	23	48	27	20	30	32	31	24	28	31	41	20	32	37	41	
81	60	37	50	43	75	50	42	19	12	50	31	58	40	39	20	27	36	65	12	16	16	22	52	4	10	65	53	20	38	41	27	57	60	24	56	58	12	35	21	62	35	27	1	50	70	27	61	15	22	31	0	46	78	47	69	58	44	50	7	40	20	8	69	13	31	17	48	25	58	18	51	49	48	71	62	11	26	16	45	56	62	78	4	34	9	68	64	55	23	39	42	24	39	14	30	62	59	54	16	25	58	32	53	76	22	55	63	51	59	58	57	25	46	32	65	70	47	24	23	23	37	44	23	55	58	12	28	42	12	41	63	54	33	19	63	36	64	36	20	50	42	46	8	33	58	48	22	21	50	56	
70	51	60	75	70	63	43	65	58	34	45	35	76	30	38	30	19	48	55	54	47	30	24	79	50	37	60	52	61	75	13	62	73	52	60	70	58	35	70	53	69	45	25	45	64	56	58	63	42	25	43	46	0	68	25	66	55	37	10	41	33	26	51	64	59	15	30	5	56	84	64	75	5	8	67	85	37	62	35	80	84	56	67	42	26	53	59	49	35	54	66	35	66	68	57	23	88	69	47	62	24	51	60	63	67	24	74	50	79	83	66	65	22	43	14	50	70	30	67	65	42	27	77	61	40	72	57	61	4	57	62	71	86	58	65	71	65	92	69	29	74	75	74	47	15	72	6	56	25	15	84	
2	18	51	55	55	5	29	50	71	75	28	47	44	42	39	61	67	43	14	74	63	72	68	58	81	70	14	26	73	71	55	66	40	18	67	37	21	77	68	64	28	43	58	78	37	12	61	22	63	66	48	78	68	0	43	14	20	35	58	72	40	71	87	11	83	67	68	63	61	58	90	53	64	60	12	55	68	66	64	70	60	16	1	74	49	77	10	19	33	62	56	38	77	59	77	56	59	32	24	89	61	20	57	32	3	71	45	18	59	55	29	30	64	32	68	18	17	39	79	77	55	47	65	69	28	39	80	63	68	89	48	30	67	54	84	29	59	65	64	62	53	65	58	72	61	37	62	65	73	53	62	
45	26	43	57	53	38	18	47	51	38	21	20	55	9	17	26	26	29	30	49	39	35	29	62	51	37	35	28	54	63	12	51	51	27	50	48	34	40	57	44	45	27	20	46	43	31	45	39	35	27	28	47	25	43	0	41	30	14	16	40	12	32	55	39	57	25	31	20	44	65	64	57	21	17	42	65	36	51	31	66	66	31	42	43	13	51	34	24	10	43	50	13	59	53	53	17	68	46	23	62	23	26	46	40	42	31	53	25	62	63	43	41	24	20	25	25	45	5	61	59	31	11	62	52	15	51	55	49	25	59	44	48	69	43	61	47	51	74	55	26	56	60	58	44	19	49	19	47	33	11	67	
15	16	38	41	42	15	24	37	59	67	22	39	30	38	32	53	61	32	13	63	53	65	61	44	71	61	6	16	61	58	53	53	26	14	54	23	10	69	54	52	14	33	51	68	24	17	48	8	53	59	38	69	66	14	41	0	12	30	57	62	35	65	77	3	72	63	61	62	49	44	78	39	63	59	2	41	59	54	55	56	46	10	15	65	44	66	10	21	33	50	42	33	64	45	65	50	45	18	19	78	55	15	45	19	11	65	31	19	45	41	15	16	58	25	64	20	4	36	67	65	46	42	51	57	27	25	69	50	66	79	34	16	53	42	72	15	46	51	51	55	39	51	44	61	57	23	61	53	66	52	48	
22	7	31	39	38	18	12	32	51	55	10	28	31	26	20	42	49	22	9	53	43	53	49	43	61	50	6	5	53	53	41	46	26	6	47	23	5	58	49	43	17	23	40	58	21	15	41	9	42	47	27	58	55	20	30	12	0	18	46	51	23	53	67	10	63	51	49	50	41	44	69	38	51	47	13	42	48	46	44	53	45	4	20	54	32	57	10	14	23	41	37	21	57	40	56	38	46	19	7	69	43	5	38	16	17	53	31	12	44	41	16	15	46	13	52	14	15	24	59	57	35	30	48	49	17	26	60	43	54	69	29	19	52	34	64	19	40	52	45	43	37	47	42	51	45	24	49	45	54	41	47	
38	17	30	43	39	31	6	33	42	39	8	12	40	8	5	25	31	16	21	42	31	36	32	47	47	35	24	14	45	51	24	41	36	17	40	33	21	41	46	34	31	15	22	43	28	25	35	25	29	30	17	44	37	35	14	30	18	0	30	37	5	35	53	28	51	33	32	34	34	51	58	43	35	31	31	51	33	41	29	53	51	20	35	40	14	45	25	19	14	33	37	3	50	40	46	20	54	32	11	57	25	15	34	25	33	36	38	19	48	49	29	27	28	5	34	20	33	9	52	50	23	12	49	42	11	36	49	38	36	56	30	34	55	31	54	33	38	59	43	26	41	47	44	39	27	35	33	37	37	26	52	
60	41	56	71	66	53	34	61	58	38	37	31	70	23	31	31	23	43	45	55	46	34	28	75	54	40	51	44	61	74	9	61	67	42	59	63	50	40	68	53	61	41	24	49	58	46	56	55	42	28	40	50	10	58	16	57	46	30	0	44	27	30	55	55	62	20	33	5	54	79	68	71	6	2	58	80	40	61	36	78	80	47	57	46	22	56	49	39	25	52	63	28	66	65	59	21	83	62	39	66	25	42	57	56	57	29	68	40	76	78	59	57	25	35	19	40	61	21	68	66	40	22	74	61	30	66	60	59	12	61	58	64	83	55	67	63	63	88	67	30	70	72	71	49	17	65	4	56	30	5	80	
74	53	33	47	40	68	43	38	19	10	43	24	54	33	32	13	21	30	58	13	12	12	16	50	10	4	58	46	21	38	35	26	53	53	23	51	52	11	34	18	56	29	20	6	45	62	24	55	9	16	24	7	41	72	40	62	51	37	44	0	33	16	15	62	18	26	11	42	21	55	24	47	43	42	64	59	4	25	8	44	54	55	71	2	27	12	61	57	48	19	35	34	25	36	16	23	59	54	47	22	19	51	28	47	69	18	51	56	49	56	53	51	19	39	27	58	63	39	26	25	16	29	43	22	48	53	16	26	37	19	37	57	53	29	23	57	33	62	34	14	46	41	43	6	27	53	42	20	18	44	54	
42	21	30	45	40	36	11	34	40	35	13	9	43	3	5	21	26	17	26	40	29	31	27	49	44	31	29	19	43	51	19	40	40	22	39	36	26	37	45	33	35	15	17	40	31	30	34	30	26	25	16	40	33	40	12	35	23	5	27	33	0	30	49	33	48	28	28	30	33	53	55	45	31	27	36	53	29	40	24	54	53	25	40	36	9	42	30	24	15	32	38	2	48	40	43	15	56	36	16	54	20	20	33	29	38	31	41	23	49	51	33	31	23	10	29	24	38	8	50	48	20	7	49	41	15	39	46	37	32	52	31	38	57	31	52	37	38	61	43	22	43	48	45	35	22	38	29	36	32	23	54	
73	52	43	59	52	67	42	49	34	8	43	25	63	29	32	12	7	36	57	29	25	4	3	62	24	12	59	48	37	53	23	41	61	53	38	59	55	9	48	32	62	34	13	19	53	60	37	58	20	5	30	20	26	71	32	65	53	35	30	16	30	0	25	63	33	11	5	28	35	68	38	59	29	28	66	70	13	40	13	59	67	56	71	17	21	28	60	54	42	33	48	32	41	49	32	15	72	61	47	36	10	51	41	54	69	2	60	54	62	67	59	57	7	39	12	55	67	34	43	41	24	24	57	38	44	61	31	40	22	31	47	64	67	40	39	64	46	75	48	10	58	55	56	22	14	61	28	34	2	32	67	
89	69	45	57	50	84	58	49	25	17	59	40	65	48	48	28	32	45	73	18	25	21	27	59	7	18	73	61	25	43	47	34	65	69	31	64	67	16	40	28	70	44	34	9	59	78	34	69	24	28	39	8	51	87	55	77	67	53	55	15	49	25	0	77	13	36	23	53	32	65	15	58	54	53	79	69	19	33	24	50	63	71	87	12	42	14	76	72	63	30	46	50	27	46	18	37	69	68	63	13	32	67	39	61	84	27	62	72	58	66	67	65	31	55	37	73	78	54	27	26	31	44	50	29	64	65	14	35	47	6	49	71	60	40	20	71	43	70	42	28	57	48	53	16	39	66	53	29	26	57	62	
13	13	39	43	44	12	22	39	60	66	20	39	33	36	31	52	60	32	10	63	53	64	60	47	71	61	4	16	62	60	51	54	29	12	55	26	10	68	56	53	17	33	50	68	26	13	50	10	53	58	38	69	64	11	39	3	10	28	55	62	33	63	77	0	72	61	60	59	50	47	79	42	60	56	3	44	59	55	55	58	49	8	12	65	42	67	7	18	30	50	44	31	66	47	66	49	48	21	17	79	53	13	46	21	8	64	34	16	48	44	18	18	56	24	62	17	7	34	68	66	46	40	53	58	24	28	70	51	64	79	36	19	56	43	73	18	47	54	52	54	41	53	47	62	55	26	58	54	65	50	51	
85	66	36	45	39	81	56	39	13	25	56	39	55	49	46	31	39	40	70	9	20	29	34	47	9	22	69	57	13	30	53	22	56	66	19	55	62	25	28	20	62	39	38	13	51	76	24	63	22	34	35	13	59	83	57	72	63	51	62	18	48	33	13	72	0	43	29	60	23	53	6	46	61	60	74	57	22	21	26	37	51	67	83	16	44	6	73	71	64	22	35	49	14	34	6	41	57	60	60	6	37	64	29	54	80	35	52	70	46	54	59	58	37	52	45	71	72	55	13	13	28	46	38	17	63	56	2	24	55	10	40	63	47	31	6	64	32	58	30	32	46	36	41	13	45	57	60	19	34	62	50	
69	49	48	64	58	63	39	53	43	19	41	25	66	25	31	16	4	38	53	39	32	15	9	68	35	22	57	47	46	61	14	49	64	50	46	61	54	20	56	39	62	36	13	30	55	56	44	58	27	10	33	31	15	67	25	63	51	33	20	26	28	11	36	61	43	0	14	17	42	73	49	64	18	17	64	75	22	48	20	67	72	53	67	27	19	38	57	49	36	40	54	30	51	56	42	13	77	62	44	47	10	48	47	55	65	9	64	49	68	72	59	57	8	38	1	50	66	28	52	50	29	21	64	46	39	64	42	47	11	42	51	64	73	46	49	64	53	81	55	14	63	62	62	32	6	63	17	42	10	22	73	
70	49	37	53	46	64	38	43	29	7	40	21	58	26	28	7	10	31	54	24	19	4	5	56	21	7	56	44	31	48	24	35	56	50	32	54	50	9	43	26	57	29	11	16	48	58	31	54	14	5	25	17	30	68	31	61	49	32	33	11	28	5	23	60	29	14	0	31	29	62	35	53	32	31	62	64	8	34	7	53	61	52	68	13	19	23	57	52	41	27	42	29	36	43	27	14	66	56	43	33	8	48	35	49	66	7	55	51	56	62	54	52	8	36	16	52	63	32	38	36	18	22	51	32	42	56	27	34	26	28	41	59	61	34	34	59	40	69	42	5	52	49	51	17	16	56	31	29	8	33	61	
65	46	58	73	68	58	38	62	58	36	41	33	73	26	34	30	21	45	50	54	46	32	26	77	52	38	55	48	61	74	10	62	70	47	59	66	54	37	69	53	65	43	24	47	61	51	56	59	41	26	41	48	5	63	20	62	50	34	5	42	30	28	53	59	60	17	31	0	55	82	66	73	1	3	62	83	38	61	35	79	82	51	62	44	24	54	54	44	30	53	64	31	66	67	58	21	85	66	43	64	24	46	58	59	62	26	71	45	77	80	63	61	23	39	16	45	65	25	68	66	40	24	75	60	35	69	58	60	7	59	60	68	84	57	65	67	64	90	67	29	72	73	73	48	15	68	1	56	27	10	82	
63	46	13	25	18	59	37	17	9	31	37	24	33	35	29	25	38	19	49	14	10	32	34	28	25	24	47	35	12	19	45	7	33	45	6	32	39	32	14	4	39	19	31	25	27	55	2	41	15	32	17	25	56	61	44	49	41	34	54	21	33	35	32	50	23	42	29	55	0	33	29	26	56	53	51	37	22	7	22	24	32	45	61	23	32	18	51	51	48	2	14	33	16	14	16	33	38	36	39	29	32	43	7	31	58	37	30	50	27	34	36	35	33	33	43	52	49	41	18	16	14	33	22	8	45	33	20	5	52	31	17	40	31	8	23	40	11	40	13	27	25	20	22	17	40	34	54	4	37	52	32	
59	51	24	8	15	59	49	19	40	65	47	48	14	56	48	56	69	36	52	47	43	65	66	6	58	57	46	41	40	24	71	31	18	50	34	21	39	66	25	37	30	38	60	58	23	58	31	37	48	64	40	58	84	58	65	44	44	51	79	55	53	68	65	47	53	73	62	82	33	0	56	8	83	79	46	5	55	32	54	18	2	47	59	57	58	51	52	59	63	36	19	52	39	19	47	61	4	26	48	58	62	49	27	28	55	69	13	57	7	3	29	29	65	46	74	58	41	60	41	40	44	57	15	36	58	19	51	30	82	63	22	28	10	27	49	29	22	8	23	59	10	17	12	50	69	21	81	36	70	76	5	
92	73	41	50	43	87	63	45	19	30	63	46	60	56	53	37	45	46	77	15	26	34	40	50	14	28	75	63	17	33	59	27	61	73	25	61	68	30	31	26	68	46	44	19	56	82	30	70	29	40	42	18	64	90	64	78	69	58	68	24	55	38	15	79	6	49	35	66	29	56	0	51	67	66	80	61	28	26	32	40	54	73	90	22	50	13	79	78	70	28	40	56	17	39	12	47	60	65	66	2	43	70	34	60	87	40	57	76	49	58	65	64	43	59	50	78	78	62	16	16	35	53	41	22	70	62	9	29	60	9	45	69	50	37	7	69	36	61	34	38	50	39	45	19	51	63	66	25	39	68	53	
55	45	16	1	8	54	42	10	33	57	40	40	11	48	40	48	60	28	47	40	35	57	57	5	51	49	41	34	33	21	62	24	14	44	27	16	34	58	20	30	25	30	51	51	17	53	24	32	39	55	32	51	75	53	57	39	38	43	71	47	45	59	58	42	46	64	53	73	26	8	51	0	74	71	41	11	47	25	46	17	8	42	54	49	49	44	47	52	55	28	12	43	34	12	40	52	12	21	41	52	53	42	19	22	50	61	8	50	6	8	24	24	56	38	66	52	37	52	35	35	35	49	12	29	51	15	44	23	73	56	13	24	14	18	44	25	15	16	17	50	1	13	6	43	60	17	72	29	61	68	9	
66	47	59	74	69	59	40	64	59	37	42	34	74	27	36	31	22	46	51	55	47	33	27	79	53	39	57	49	62	76	12	63	71	48	61	68	55	38	70	54	66	44	25	48	62	52	58	60	43	27	43	49	5	64	21	63	51	35	6	43	31	29	54	60	61	18	32	1	56	83	67	74	0	4	63	84	39	63	36	80	83	52	63	45	25	55	55	45	31	54	66	33	67	68	59	23	87	67	44	65	25	48	60	60	63	27	72	46	79	82	64	62	24	40	17	46	66	27	69	67	42	25	77	62	36	71	59	61	8	60	61	69	85	58	67	68	65	91	69	30	73	75	74	49	16	69	2	57	28	11	84	
62	43	56	71	66	55	36	60	57	36	38	31	70	23	32	29	21	43	47	53	45	32	26	75	52	38	52	45	60	73	8	60	67	44	58	64	51	37	68	52	62	41	23	47	58	48	55	56	40	26	39	48	8	60	17	59	47	31	2	42	27	28	53	56	60	17	31	3	53	79	66	71	4	0	59	80	38	60	34	77	79	48	59	44	22	54	51	41	27	51	62	29	65	65	57	20	83	63	40	64	23	43	57	56	59	26	69	42	75	78	60	58	23	36	17	42	62	23	67	65	39	21	74	59	32	67	58	58	10	59	58	65	82	55	65	64	62	88	66	28	70	72	71	47	15	66	2	55	27	7	80	
13	16	40	43	44	13	25	39	61	69	23	41	32	39	34	55	62	34	13	65	55	66	63	46	73	63	7	18	63	60	54	55	28	15	56	25	12	71	56	54	16	35	53	70	26	16	51	10	55	61	39	71	67	12	42	2	13	31	58	64	36	66	79	3	74	64	62	62	51	46	80	41	63	59	0	43	61	56	57	58	48	11	13	67	45	68	10	21	33	52	45	34	67	47	67	51	47	20	20	80	56	16	47	21	9	66	33	19	47	43	17	18	59	26	65	20	5	37	69	67	48	43	53	59	27	27	71	52	67	81	37	18	55	44	75	17	48	53	53	56	41	53	47	63	58	25	61	55	68	53	50	
56	50	26	12	19	56	49	21	44	68	47	50	11	57	48	59	71	37	50	51	47	68	68	10	62	60	43	40	44	29	72	35	15	49	38	19	37	69	29	41	27	40	62	62	23	56	35	34	50	66	42	62	85	55	65	41	42	51	80	59	53	70	69	44	57	75	64	83	37	5	61	11	84	80	43	0	58	36	57	23	7	45	56	60	59	55	50	57	62	39	23	52	44	23	51	62	4	23	47	62	64	47	30	26	52	72	12	55	11	3	26	27	67	46	76	57	38	60	45	45	46	58	20	40	57	16	55	34	83	67	23	25	15	30	54	26	26	10	27	61	12	22	16	54	71	18	82	40	72	77	9	
71	50	32	47	40	65	39	37	21	9	40	21	53	29	29	9	18	28	54	16	12	10	13	50	14	2	55	43	23	40	31	27	52	50	24	50	49	11	35	18	54	26	16	10	44	59	24	52	8	12	22	11	37	68	36	59	48	33	40	4	29	13	19	59	22	22	8	38	22	55	28	47	39	38	61	58	0	27	5	46	54	52	68	6	23	16	58	53	44	20	36	31	28	37	19	19	60	52	44	26	15	48	28	45	66	15	50	53	49	56	51	49	15	36	24	54	61	35	29	28	14	25	44	24	44	52	20	26	34	23	36	55	54	28	27	56	34	63	35	10	46	42	44	9	23	52	38	21	15	40	54	
68	52	16	24	17	65	43	18	8	35	43	31	34	42	36	31	44	25	55	15	15	37	39	26	26	28	52	41	8	13	52	1	35	51	2	35	44	36	8	8	43	26	37	27	31	61	6	45	20	38	24	26	62	66	51	54	46	41	61	25	40	40	33	55	21	48	34	61	7	32	26	25	63	60	56	36	27	0	27	19	30	51	67	26	39	19	57	58	55	8	13	40	10	13	15	39	36	39	46	27	38	49	9	35	63	42	31	56	25	33	40	38	40	39	49	58	53	48	12	11	21	41	18	4	52	35	19	3	59	31	19	43	27	12	19	44	10	37	9	33	24	15	20	19	46	36	61	5	42	59	29	
66	45	30	45	38	60	34	35	23	12	35	16	50	24	24	5	16	24	50	19	12	11	12	49	19	6	51	38	26	41	27	28	49	45	25	47	45	14	36	19	50	22	12	15	41	54	24	48	7	10	18	16	35	64	31	55	44	29	36	8	24	13	24	55	26	20	7	35	22	54	32	46	36	34	57	57	5	27	0	46	53	48	63	11	18	20	53	48	39	19	34	26	31	36	23	15	58	49	39	31	11	43	27	42	61	15	47	48	48	54	47	45	12	31	22	49	57	30	32	30	11	21	44	26	39	49	24	26	31	28	33	52	53	27	31	52	33	62	35	6	44	42	43	13	19	49	35	22	15	36	53	
72	60	23	16	15	70	54	21	26	54	53	46	28	57	49	50	62	37	62	33	34	56	58	14	44	48	57	49	25	7	69	18	31	59	21	33	49	56	10	27	43	38	55	46	32	68	22	48	39	57	38	45	80	70	66	56	53	53	78	44	54	59	50	58	37	67	53	79	24	18	40	17	80	77	58	23	46	19	46	0	16	57	71	45	55	37	62	67	67	26	16	53	23	13	32	57	21	39	55	42	56	57	20	37	67	61	26	65	12	21	41	40	58	50	68	67	54	61	24	24	38	56	5	22	63	32	35	19	77	47	24	42	10	22	33	42	15	21	11	52	17	6	11	38	64	34	78	25	61	76	14	
61	53	24	8	14	61	50	19	38	63	48	48	16	57	48	56	68	36	54	45	42	64	65	4	56	56	48	43	38	22	71	29	20	52	32	23	41	65	23	36	32	38	60	57	25	60	30	39	47	63	40	56	84	60	66	46	45	51	80	54	53	67	63	49	51	72	61	82	32	2	54	8	83	79	48	7	54	30	53	16	0	49	61	55	57	49	54	60	64	34	18	52	37	17	45	61	6	28	49	56	61	50	26	29	57	68	15	58	5	5	31	31	64	47	74	60	43	60	38	38	43	58	13	34	59	21	49	28	81	61	21	30	8	26	47	31	20	8	21	58	10	15	10	49	69	23	81	34	69	76	2	
18	5	36	43	42	13	14	36	55	59	12	31	34	28	24	45	52	27	5	58	47	56	52	47	65	54	4	10	57	57	43	50	30	4	51	26	8	61	53	48	19	27	43	62	25	11	45	11	46	50	31	62	56	16	31	10	4	20	47	55	25	56	71	8	67	53	52	51	45	47	73	42	52	48	11	45	52	51	48	57	49	0	16	58	34	61	5	12	22	46	42	23	61	45	61	41	49	22	9	73	46	5	42	20	13	56	34	10	48	45	18	18	49	16	54	11	14	26	64	62	39	32	52	54	17	29	64	47	56	73	33	21	56	39	68	21	44	55	50	47	41	51	46	55	47	27	50	49	57	42	51	
3	18	51	55	56	4	29	51	71	74	28	47	45	42	39	61	66	43	13	74	63	72	67	59	81	70	14	26	74	72	54	66	41	18	67	38	22	77	68	64	29	43	57	78	38	11	61	22	63	65	48	78	67	1	42	15	20	35	57	71	40	71	87	12	83	67	68	62	61	59	90	54	63	59	13	56	68	67	63	71	61	16	0	74	49	77	10	18	32	62	57	38	77	59	77	55	60	33	24	89	60	20	58	33	4	71	46	17	60	56	30	30	63	32	67	17	18	38	79	78	55	46	66	70	27	40	80	63	67	89	48	31	68	55	85	30	60	66	65	62	53	65	59	72	60	38	61	66	72	52	63	
77	56	35	48	41	71	45	40	19	10	46	27	56	36	35	16	23	33	60	12	14	13	18	51	8	6	61	49	21	39	37	27	55	56	24	53	55	10	34	19	58	31	22	3	48	65	25	57	12	18	27	4	42	74	43	65	54	40	46	2	36	17	12	65	16	27	13	44	23	57	22	49	45	44	67	60	6	26	11	45	55	58	74	0	29	11	64	60	51	21	37	37	25	38	15	25	61	56	50	20	21	54	30	50	72	19	53	59	50	57	55	53	21	42	28	60	66	42	26	24	19	32	44	23	51	55	14	27	39	16	39	60	54	31	22	60	34	63	35	16	48	42	45	6	29	55	44	21	18	46	55	
52	31	34	49	44	45	20	38	38	26	22	9	49	7	12	13	17	21	35	36	26	23	18	53	38	24	38	28	41	52	13	39	46	31	38	43	35	29	46	31	43	19	8	33	38	38	34	39	22	16	17	34	26	49	13	44	32	14	22	27	9	21	42	42	44	19	19	24	32	58	50	49	25	22	45	59	23	39	18	55	57	34	49	29	0	37	39	32	21	31	40	11	46	43	40	6	61	43	25	49	11	30	35	37	47	21	47	32	53	56	41	39	14	19	20	33	47	12	48	46	18	2	52	39	22	46	41	37	24	46	36	46	60	33	48	46	40	66	44	14	48	50	49	30	13	45	23	34	23	20	58	
79	60	31	43	36	75	50	36	11	21	50	33	52	43	40	25	34	34	64	4	14	24	29	45	7	16	63	51	11	30	47	20	52	60	17	51	56	21	26	15	58	33	32	9	46	70	20	58	16	28	29	9	53	77	51	66	57	45	56	12	42	28	14	67	6	38	23	54	18	51	13	44	55	54	68	55	16	19	20	37	49	61	77	11	37	0	67	65	57	17	32	43	15	32	5	35	55	55	54	12	31	58	25	49	74	30	49	64	44	52	55	53	31	46	39	65	67	49	15	14	22	40	36	15	57	52	4	21	50	13	36	59	46	27	11	59	29	56	28	26	43	34	39	7	39	53	54	15	29	56	48	
13	8	41	48	47	8	18	42	61	64	17	36	38	32	29	50	56	32	4	63	53	61	57	52	70	59	6	15	63	63	46	56	34	7	57	31	13	66	59	53	22	33	47	67	30	6	51	15	52	55	37	68	59	10	34	10	10	25	49	61	30	60	76	7	73	57	57	54	51	52	79	47	55	51	10	50	58	57	53	62	54	5	10	64	39	67	0	11	24	51	47	28	67	50	67	45	53	26	13	79	50	9	48	25	8	61	39	9	53	49	23	23	53	21	58	10	14	29	69	68	45	36	57	60	19	33	70	53	59	79	39	25	61	45	74	24	50	60	55	51	46	57	51	61	51	31	53	55	62	44	56	
21	7	44	53	52	14	14	46	60	59	14	32	45	25	25	45	49	32	7	62	51	55	50	57	67	55	15	18	63	66	36	57	41	8	57	38	19	61	61	53	31	32	41	63	35	7	52	23	49	49	35	64	49	19	24	21	14	19	39	57	24	54	72	18	71	49	52	44	51	59	78	52	45	41	21	57	53	58	48	67	60	12	18	60	32	65	11	0	14	51	51	22	68	54	65	38	61	34	12	77	44	10	50	31	18	54	45	2	58	56	30	30	46	18	49	1	25	20	70	68	42	29	62	60	9	40	68	54	49	76	43	34	66	46	73	33	53	67	58	46	51	61	56	58	43	39	43	55	55	34	62	
35	17	43	56	53	28	13	47	55	48	15	25	51	14	19	35	36	30	20	55	44	44	38	60	59	45	26	22	58	65	23	55	47	18	54	44	27	50	60	48	39	29	29	54	39	21	49	32	41	37	31	55	35	33	10	33	23	14	25	48	15	42	63	30	64	36	41	30	48	63	70	55	31	27	33	62	44	55	39	67	64	22	32	51	21	57	24	14	0	47	51	15	63	54	59	26	66	41	16	69	32	18	48	36	32	42	50	15	61	61	38	36	34	17	36	15	37	8	65	63	36	18	62	56	5	47	61	52	35	67	43	42	69	45	67	41	52	72	57	35	54	61	57	51	30	45	29	51	43	20	65	
64	46	14	27	20	59	37	19	9	29	36	23	35	34	28	23	36	19	49	13	8	30	31	30	23	21	47	36	12	21	43	8	35	45	7	34	40	30	16	2	40	19	29	23	29	55	4	41	12	30	16	23	54	62	43	50	41	33	52	19	32	33	30	50	22	40	27	53	2	36	28	28	54	51	52	39	20	8	19	26	34	46	62	21	31	17	51	51	47	0	16	32	16	17	15	31	40	38	39	28	30	43	9	32	59	35	32	50	29	36	37	36	31	32	41	52	50	40	18	16	12	32	24	9	45	35	19	7	50	30	18	41	34	10	22	42	13	43	15	25	27	22	24	15	38	36	52	4	35	51	34	
58	44	7	11	4	55	38	5	21	45	37	31	20	41	33	37	50	21	46	28	24	45	46	14	39	37	42	33	22	15	54	13	21	43	15	21	34	46	11	18	30	22	41	39	18	52	12	34	28	44	23	39	66	56	50	42	37	37	63	35	38	48	46	44	35	54	42	64	14	19	40	12	66	62	45	23	36	13	34	16	18	42	57	37	40	32	47	51	51	16	0	37	23	3	28	43	24	26	39	41	43	41	7	23	53	50	17	49	13	20	28	26	45	34	55	51	41	45	25	24	25	41	11	18	47	22	32	11	63	44	8	30	19	7	33	31	3	27	8	39	11	10	8	31	50	23	64	17	50	60	18	
41	20	30	44	39	34	9	34	40	36	11	10	41	5	4	22	28	16	24	40	29	33	29	48	45	32	27	17	43	50	21	40	38	20	39	35	24	38	45	33	33	14	19	41	29	28	34	28	27	27	16	42	35	38	13	33	21	3	28	34	2	32	50	31	49	30	29	31	33	52	56	43	33	29	34	52	31	40	26	53	52	23	38	37	11	43	28	22	15	32	37	0	48	40	44	17	55	34	14	55	22	18	33	27	36	32	40	22	48	50	31	29	25	8	31	23	36	8	50	48	21	9	49	41	13	38	47	37	34	53	30	36	56	30	52	36	38	60	42	23	42	47	44	36	24	36	30	36	34	24	53	
79	62	26	32	26	75	53	29	8	35	53	39	44	50	44	35	46	35	65	12	20	38	42	33	21	29	62	51	5	16	57	11	45	61	10	45	55	36	14	15	53	35	42	24	41	71	16	56	24	41	32	24	66	77	59	64	57	50	66	25	48	41	27	66	14	51	36	66	16	39	17	34	67	65	67	44	28	10	31	23	37	61	77	25	46	15	67	68	63	16	23	48	0	22	10	45	43	50	56	19	42	59	19	46	74	44	41	66	32	41	50	49	43	49	52	68	64	56	2	1	28	48	24	7	61	46	13	14	62	24	30	53	33	22	10	54	20	44	17	37	33	22	28	19	50	47	66	12	43	65	36	
60	47	10	11	4	58	41	8	21	46	40	34	21	43	36	39	52	24	49	28	25	46	48	13	39	39	45	36	21	12	56	12	23	46	15	24	37	47	9	18	33	25	43	39	21	55	12	37	29	46	25	39	68	59	53	45	40	40	65	36	40	49	46	47	34	56	43	67	14	19	39	12	68	65	47	23	37	13	36	13	17	45	59	38	43	32	50	54	54	17	3	40	22	0	28	45	23	29	42	40	45	44	8	26	56	51	18	52	12	20	30	29	47	37	57	54	44	48	24	23	26	43	8	17	50	24	32	11	65	44	11	32	17	10	32	33	3	26	5	41	11	7	7	31	53	25	66	17	51	63	17	
79	60	29	39	32	75	51	33	7	25	51	34	49	45	41	28	38	34	64	4	14	28	33	41	12	20	63	51	7	25	50	16	49	60	13	49	55	26	22	13	56	33	35	14	44	70	17	57	18	32	30	14	57	77	53	65	56	46	59	16	43	32	18	66	6	42	27	58	16	47	12	40	59	57	67	51	19	15	23	32	45	61	77	15	40	5	67	65	59	15	28	44	10	28	0	38	51	53	54	13	34	58	22	48	74	34	46	64	40	48	53	51	35	47	44	66	66	51	10	9	23	42	32	11	58	50	4	17	54	16	33	56	41	25	8	57	25	52	24	29	39	30	35	10	42	50	58	12	34	59	44	
58	37	36	52	46	51	26	42	37	21	28	13	54	13	18	10	11	25	41	34	25	17	12	56	34	19	44	34	40	52	12	40	51	37	38	48	41	23	47	31	49	23	3	29	42	45	34	45	20	10	20	30	23	56	17	50	38	20	21	23	15	15	37	49	41	13	14	21	33	61	47	52	23	20	51	62	19	39	15	57	61	41	55	25	6	35	45	38	26	31	43	17	45	45	38	0	65	49	32	45	5	36	37	42	54	15	51	38	56	60	46	44	8	25	14	39	53	18	46	44	18	8	54	39	28	51	39	38	20	42	39	51	62	35	46	51	42	69	46	9	51	52	51	28	8	50	21	34	17	21	61	
60	54	28	13	19	60	52	23	44	69	50	52	15	60	51	60	73	40	54	51	48	69	70	10	62	61	47	44	44	28	75	35	19	52	38	23	41	70	29	41	31	42	64	62	26	60	35	38	52	68	44	62	88	59	68	45	46	54	83	59	56	72	69	48	57	77	66	85	38	4	60	12	87	83	47	4	60	36	58	21	6	49	60	61	61	55	53	61	66	40	24	55	43	23	51	65	0	27	50	62	66	51	31	30	56	73	15	59	11	5	30	31	68	49	78	61	42	63	44	44	48	61	19	40	61	20	55	34	85	67	25	29	12	31	53	30	26	6	27	63	13	21	16	54	73	22	84	40	74	79	7	
33	27	23	23	25	33	28	21	46	61	26	36	12	39	31	49	59	25	27	51	43	60	58	26	61	54	20	19	48	41	55	39	8	25	40	5	14	63	38	40	4	27	49	59	8	32	35	11	44	56	31	59	69	32	46	18	19	32	62	54	36	61	68	21	60	62	56	66	36	26	65	21	67	63	20	23	52	39	49	39	28	22	33	56	43	55	26	34	41	38	26	34	50	29	53	49	27	0	25	66	52	24	30	7	29	62	13	32	27	23	3	5	55	26	63	34	15	41	52	51	38	42	34	43	36	7	57	36	68	68	20	3	35	28	59	4	30	33	34	51	21	34	27	51	57	5	65	40	63	58	30	
26	6	32	42	40	21	5	34	49	50	3	23	35	19	15	36	43	20	10	51	40	47	43	46	57	45	13	6	51	54	34	45	31	6	45	28	11	52	49	41	23	20	33	53	24	15	40	16	38	41	24	54	47	24	23	19	7	11	39	47	16	47	63	17	60	44	43	43	39	48	66	41	44	40	20	47	44	46	39	55	49	9	24	50	25	54	13	12	16	39	39	14	56	42	54	32	50	25	0	66	37	4	37	20	22	47	35	10	47	46	21	20	39	7	45	12	22	17	58	56	31	23	50	48	10	31	57	42	47	65	31	26	55	34	62	25	41	56	46	38	40	49	44	48	38	29	42	43	48	34	51	
91	72	42	51	44	87	62	46	20	28	63	45	62	55	52	35	43	46	76	15	26	32	38	52	12	26	75	63	18	35	57	28	62	72	26	62	68	27	33	26	69	46	42	17	57	82	30	70	28	38	42	16	62	89	62	78	69	57	66	22	54	36	13	79	6	47	33	64	29	58	2	52	65	64	80	62	26	27	31	42	56	73	89	20	49	12	79	77	69	28	41	55	19	40	13	45	62	66	66	0	41	70	35	61	87	38	58	76	51	60	66	64	41	58	48	77	79	61	18	18	34	51	43	23	69	63	9	30	58	7	46	69	52	38	9	70	37	63	35	36	51	41	46	18	49	63	64	25	37	66	55	
63	42	37	53	47	57	31	43	34	15	33	16	56	18	22	6	7	27	47	30	22	12	6	57	29	15	49	38	37	51	16	38	54	43	36	51	45	17	46	29	53	25	3	24	45	50	34	49	17	5	22	25	24	61	23	55	43	25	25	19	20	10	32	53	37	10	8	24	32	62	43	53	25	23	56	64	15	38	11	56	61	46	60	21	11	31	50	44	32	30	43	22	42	45	34	5	66	52	37	41	0	41	36	45	59	10	53	43	57	61	50	48	3	29	12	44	57	24	43	42	18	14	53	37	34	53	35	37	20	37	40	55	63	35	42	55	42	70	45	5	52	51	52	24	8	53	23	32	11	25	62	
22	3	34	43	42	16	9	36	52	55	8	27	35	23	19	41	47	24	6	55	44	52	48	47	61	50	9	8	55	56	38	49	31	2	49	28	10	57	52	45	22	24	38	58	25	12	43	14	43	46	28	58	51	20	26	15	5	15	42	51	20	51	67	13	64	48	48	46	43	49	70	42	48	43	16	47	48	49	43	57	50	5	20	54	30	58	9	10	18	43	41	18	59	44	58	36	51	24	4	70	41	0	40	20	17	51	35	8	48	46	21	20	44	12	49	10	18	21	61	59	36	27	52	51	12	30	61	45	51	70	33	24	56	37	66	24	43	57	48	42	41	51	46	52	42	29	45	47	53	37	52	
59	43	7	18	11	56	36	10	15	37	35	26	26	36	29	30	43	18	46	21	16	38	39	21	32	30	43	32	17	17	48	8	26	43	10	26	35	39	12	11	34	19	35	32	22	52	5	36	21	38	18	32	60	57	46	45	38	34	57	28	33	41	39	46	29	47	35	58	7	27	34	19	60	57	47	30	28	9	27	20	26	42	58	30	35	25	48	50	48	9	7	33	19	8	22	37	31	30	37	35	36	40	0	26	54	43	23	48	21	27	31	29	39	32	48	50	44	41	22	20	18	36	17	12	45	27	26	5	57	38	10	34	26	3	28	35	5	34	9	32	18	15	15	24	44	28	58	10	43	55	25	
34	23	19	23	23	32	22	17	41	54	20	29	15	33	25	42	52	18	25	45	36	53	51	27	55	47	19	13	43	39	49	34	11	22	36	7	12	56	35	34	8	20	42	53	5	31	30	10	38	49	24	53	63	32	40	19	16	25	56	47	29	54	61	21	54	55	49	59	31	28	60	22	60	56	21	26	45	35	42	37	29	20	33	50	37	49	25	31	36	32	23	27	46	26	48	42	30	7	20	61	45	20	26	0	29	55	14	28	28	25	5	3	48	20	56	30	18	34	48	46	31	35	32	38	31	10	51	31	61	62	15	10	36	23	54	10	26	36	31	44	21	32	26	45	50	9	58	35	56	52	31	
5	16	47	51	52	5	27	47	68	72	25	45	41	40	37	59	65	40	12	71	60	70	65	55	78	67	11	23	70	68	54	63	37	16	64	34	18	75	64	61	25	41	56	75	34	11	58	18	60	64	45	76	67	3	42	11	17	33	57	69	38	69	84	8	80	65	66	62	58	55	87	50	63	59	9	52	66	63	61	67	57	13	4	72	47	74	8	18	32	59	53	36	74	56	74	54	56	29	22	87	59	17	54	29	0	69	42	17	56	52	26	26	62	30	66	17	14	37	76	74	53	45	62	66	27	36	77	60	67	87	45	27	64	51	81	26	56	62	61	60	50	61	55	69	59	34	61	62	70	52	59	
73	52	45	60	54	67	42	50	37	10	43	26	65	29	32	13	5	37	57	31	27	6	4	64	26	14	60	48	39	55	21	43	63	53	40	60	55	11	50	34	63	35	13	21	54	60	39	59	22	6	31	22	24	71	31	65	53	36	29	18	31	2	27	64	35	9	7	26	37	69	40	61	27	26	66	72	15	42	15	61	68	56	71	19	21	30	61	54	42	35	50	32	44	51	34	15	73	62	47	38	10	51	43	55	69	0	62	54	64	69	60	58	7	40	10	55	67	33	45	43	25	24	59	40	44	62	34	42	20	33	48	65	69	42	41	65	48	77	50	11	60	57	58	24	13	62	26	36	1	30	68	
46	38	18	10	14	46	36	13	38	59	34	38	3	45	36	49	61	26	39	45	39	59	58	13	55	52	33	28	39	29	60	30	5	37	32	8	26	61	27	34	17	28	51	55	10	45	28	24	42	56	31	55	74	45	53	31	31	38	68	51	41	60	62	34	52	64	55	71	30	13	57	8	72	69	33	12	50	31	47	26	15	34	46	53	47	49	39	45	50	32	17	40	41	18	46	51	15	13	35	58	53	35	23	14	42	62	0	43	14	10	16	16	56	34	65	45	28	48	43	42	36	47	21	35	45	6	50	28	72	62	14	15	22	22	50	16	21	21	24	51	8	22	15	47	59	8	70	33	63	65	17	
20	5	42	51	50	13	13	44	59	58	13	31	43	25	24	44	49	31	5	61	49	55	50	55	66	54	13	16	62	64	37	56	39	6	56	36	17	60	59	51	29	30	40	62	33	6	50	21	48	48	34	63	50	18	25	19	12	19	40	56	23	54	72	16	70	49	51	45	50	57	76	50	46	42	19	55	53	56	48	65	58	10	17	59	32	64	9	2	15	50	49	22	66	52	64	38	59	32	10	76	43	8	48	28	17	54	43	0	56	54	28	27	46	17	50	2	23	20	68	66	41	29	60	58	10	38	67	53	50	75	41	31	64	45	72	31	51	65	56	45	49	59	54	57	43	36	44	54	55	35	60	
61	51	19	5	10	60	47	15	33	58	46	44	16	53	44	51	64	33	53	40	37	59	60	1	51	51	47	40	33	17	67	24	19	50	27	22	40	60	18	31	31	35	55	51	23	59	25	38	42	58	36	51	79	59	62	45	44	48	76	49	49	62	58	48	46	68	56	77	27	7	49	6	79	75	47	11	49	25	48	12	5	48	60	50	53	44	53	58	61	29	13	48	32	12	40	56	11	27	47	51	57	48	21	28	56	64	14	56	0	8	30	30	59	44	69	58	43	57	33	33	38	54	8	29	56	20	44	23	77	56	18	30	8	21	42	31	15	13	16	53	7	10	5	44	64	22	77	29	64	73	5	
56	49	24	9	16	56	47	18	41	65	45	47	11	55	46	56	68	35	50	48	44	65	65	7	59	57	43	39	41	26	70	32	15	48	35	18	37	66	26	38	27	37	59	59	21	55	32	34	48	63	39	59	83	55	63	41	41	49	78	56	51	67	66	44	54	72	62	80	34	3	58	8	82	78	43	3	56	33	54	21	5	45	56	57	56	52	49	56	61	36	20	50	41	20	48	60	5	23	46	60	61	46	27	25	52	69	10	54	8	0	26	26	64	44	73	56	38	58	42	42	43	56	17	37	56	16	52	31	81	64	21	25	13	27	51	26	23	10	24	58	9	19	13	51	68	18	80	37	70	75	8	
31	23	24	25	26	30	25	22	46	59	22	34	15	36	29	47	57	23	24	51	42	58	56	29	60	53	17	15	48	42	52	39	11	22	41	8	11	61	39	39	3	25	47	58	9	29	35	8	43	54	29	58	66	29	43	15	16	29	59	53	33	59	67	18	59	59	54	63	36	29	65	24	64	60	17	26	51	40	47	41	31	18	30	55	41	55	23	30	38	37	28	31	50	30	53	46	30	3	21	66	50	21	31	5	26	60	16	28	30	26	0	2	53	23	61	30	13	37	53	51	36	39	36	43	32	10	57	36	65	68	20	5	38	28	59	5	31	36	36	49	23	35	29	51	54	8	62	40	61	55	33	
31	22	22	25	26	30	23	21	44	57	21	32	15	34	27	45	55	21	23	49	40	56	54	29	58	51	17	14	46	42	51	38	11	21	39	8	10	59	38	38	5	23	45	56	8	29	34	8	41	52	27	57	65	30	41	16	15	27	57	51	31	57	65	18	58	57	52	61	35	29	64	24	62	58	18	27	49	38	45	40	31	18	30	53	39	53	23	30	36	36	26	29	49	29	51	44	31	5	20	64	48	20	29	3	26	58	16	27	30	26	2	0	51	21	59	29	15	36	51	50	34	37	35	42	31	10	55	35	63	66	19	7	38	26	58	7	30	37	34	47	23	35	28	49	52	8	60	39	59	53	33	
66	45	40	56	49	59	34	45	35	14	36	19	59	21	25	8	4	30	49	31	24	10	4	59	29	15	52	41	38	53	16	40	57	45	38	54	48	16	48	31	56	28	6	24	48	53	36	52	19	3	25	25	22	64	24	58	46	28	25	19	23	7	31	56	37	8	8	23	33	65	43	56	24	23	59	67	15	40	12	58	64	49	63	21	14	31	53	46	34	31	45	25	43	47	35	8	68	55	39	41	3	44	39	48	62	7	56	46	59	64	53	51	0	32	9	47	60	26	44	43	20	17	55	38	36	56	35	38	19	36	43	58	65	38	42	58	44	72	47	6	55	53	54	24	8	56	23	34	8	25	64	
34	14	27	39	36	29	4	30	42	42	4	15	35	13	7	29	36	14	18	43	32	40	36	43	49	38	19	9	44	49	29	39	31	14	39	28	16	45	44	34	26	13	26	46	23	23	33	20	31	34	17	46	43	32	20	25	13	5	35	39	10	39	55	24	52	38	36	39	33	46	59	38	40	36	26	46	36	39	31	50	47	16	32	42	19	46	21	18	17	32	34	8	49	37	47	25	49	26	7	58	29	12	32	20	30	40	34	17	44	44	23	21	32	0	39	19	28	14	51	49	24	17	45	41	13	31	49	36	42	58	26	28	52	29	55	28	36	55	41	30	37	44	40	40	32	29	38	37	41	31	48	
70	50	49	65	59	63	40	55	45	20	42	27	68	26	32	18	5	39	54	40	34	16	10	69	36	23	58	48	47	63	14	50	65	50	47	62	55	21	58	41	63	37	14	31	56	56	45	59	29	11	34	32	14	68	25	64	52	34	19	27	29	12	37	62	45	1	16	16	43	74	50	66	17	17	65	76	24	49	22	68	74	54	67	28	20	39	58	49	36	41	55	31	52	57	44	14	78	63	45	48	12	49	48	56	66	10	65	50	69	73	61	59	9	39	0	50	67	29	54	52	30	22	65	48	40	65	43	48	10	43	52	66	75	47	50	65	54	82	57	16	64	63	64	33	7	64	16	44	11	22	74	
20	7	44	53	52	13	15	46	61	59	15	33	45	26	25	46	50	32	7	62	51	56	51	57	68	55	14	18	64	66	37	58	41	8	58	37	19	62	61	53	30	32	41	64	35	6	52	22	50	49	36	65	50	18	25	20	14	20	40	58	24	55	73	17	71	50	52	45	52	58	78	52	46	42	20	57	54	58	49	67	60	11	17	60	33	65	10	1	15	52	51	23	68	54	66	39	61	34	12	77	44	10	50	30	17	55	45	2	58	56	30	29	47	19	50	0	24	21	70	68	43	30	62	60	10	40	69	55	50	76	43	33	66	47	74	32	53	67	58	47	51	61	56	59	44	38	44	56	56	35	62	
18	20	37	38	40	18	27	36	59	69	25	41	27	41	35	55	64	33	17	63	53	67	63	42	72	63	10	19	61	56	56	53	23	18	54	21	12	71	53	52	11	34	54	69	23	21	48	8	54	61	39	70	70	17	45	4	15	33	61	63	38	67	78	7	72	66	63	65	49	41	78	37	66	62	5	38	61	53	57	54	43	14	18	66	47	67	14	25	37	50	41	36	64	44	66	53	42	15	22	79	57	18	44	18	14	67	28	23	43	38	13	15	60	28	67	24	0	39	66	65	47	45	49	57	31	22	69	50	69	80	34	13	50	41	72	12	45	48	49	57	37	49	43	62	60	20	64	53	69	56	45	
41	21	38	52	48	34	13	42	48	39	15	17	49	6	12	26	28	24	25	47	36	36	30	56	50	36	30	22	51	59	17	48	46	22	47	42	28	41	53	41	39	23	21	46	37	27	42	33	33	29	24	47	30	39	5	36	24	9	21	39	8	34	54	34	55	28	32	25	41	60	62	52	27	23	37	60	35	48	30	61	60	26	38	42	12	49	29	20	8	40	45	8	56	48	51	18	63	41	17	61	24	21	41	34	37	33	48	20	57	58	37	36	26	14	29	21	39	0	58	56	28	10	57	49	10	45	53	45	30	59	39	42	64	39	59	42	46	68	51	27	50	55	53	42	22	44	25	44	35	17	61	
81	64	29	34	28	77	55	31	10	36	55	41	46	52	46	37	48	37	67	13	22	39	43	35	22	30	65	54	7	17	59	13	47	63	12	47	57	36	15	17	55	37	44	25	43	73	18	58	26	42	34	24	67	79	61	67	59	52	68	26	50	43	27	68	13	52	38	68	18	41	16	35	69	67	69	45	29	12	32	24	38	64	79	26	48	15	69	70	65	18	25	50	2	24	10	46	44	52	58	18	43	61	22	48	76	45	43	68	33	42	53	51	44	51	54	70	66	58	0	2	30	50	25	9	63	48	13	16	64	23	32	55	34	25	9	56	22	45	18	38	35	23	29	20	52	49	67	14	44	67	37	
79	62	27	33	27	76	53	30	8	34	53	39	45	50	44	35	46	35	66	12	20	37	41	34	21	29	63	52	5	17	57	12	46	62	10	46	56	35	15	15	54	36	42	24	42	72	16	56	24	40	32	23	65	77	59	65	57	50	66	25	48	41	26	66	13	50	36	66	16	40	16	35	67	65	67	45	28	11	30	24	38	62	78	24	46	14	68	68	63	16	24	48	1	23	9	44	44	51	56	18	42	59	20	46	74	43	42	66	33	42	51	50	43	49	52	68	65	56	2	0	28	48	25	8	61	46	12	14	62	23	31	54	34	23	9	55	21	45	18	37	34	23	29	18	50	48	65	12	43	65	37	
58	38	19	35	28	53	28	25	20	23	28	11	39	22	17	12	25	13	42	19	8	22	21	39	25	16	42	30	23	34	30	21	38	38	19	36	35	25	28	13	40	12	17	22	30	47	16	38	7	20	8	23	42	55	31	46	35	23	40	16	20	24	31	46	28	29	18	40	14	44	35	35	42	39	48	46	14	21	11	38	43	39	55	19	18	22	45	42	36	12	25	21	28	26	23	18	48	38	31	34	18	36	18	31	53	25	36	41	38	43	36	34	20	24	30	43	47	28	30	28	0	20	35	21	34	38	25	19	38	33	23	41	44	17	31	41	24	52	27	14	34	33	33	16	26	38	40	16	26	38	43	
49	28	34	49	44	42	18	39	40	29	20	9	49	4	10	16	19	21	32	38	28	26	21	53	40	26	36	26	43	53	13	41	46	29	39	42	33	31	47	33	42	19	11	36	37	36	35	37	24	19	18	37	27	47	11	42	30	12	22	29	7	24	44	40	46	21	22	24	33	57	53	49	25	21	43	58	25	41	21	56	58	32	46	32	2	40	36	29	18	32	41	9	48	43	42	8	61	42	23	51	14	27	36	35	45	24	47	29	54	56	39	37	17	17	22	30	45	10	50	48	20	0	52	41	20	45	44	38	25	49	36	44	61	34	50	44	41	66	45	17	48	51	49	33	15	44	23	36	25	19	58	
67	55	18	11	10	65	49	16	25	53	48	43	24	52	44	47	60	32	57	32	32	54	56	10	43	46	51	44	25	8	65	17	26	54	20	28	44	54	10	25	38	34	52	45	27	63	20	43	37	54	34	44	77	65	62	51	48	49	74	43	49	57	50	53	38	64	51	75	22	15	41	12	77	74	53	20	44	18	44	5	13	52	66	44	52	36	57	62	62	24	11	49	24	8	32	54	19	34	50	43	53	52	17	32	62	59	21	60	8	17	36	35	55	45	65	62	49	57	25	25	35	52	0	21	58	27	36	17	74	48	19	37	9	18	34	38	11	20	8	49	13	2	6	37	61	29	75	23	59	72	12	
71	54	19	28	21	68	45	22	4	32	45	32	38	43	37	30	42	27	58	11	14	34	37	30	22	26	55	44	4	15	51	5	39	54	2	39	48	33	11	8	46	28	36	23	34	63	8	48	19	36	25	23	61	69	52	57	49	42	61	22	41	38	29	58	17	46	32	60	8	36	22	29	62	59	59	40	24	4	26	22	34	54	70	23	39	15	60	60	56	9	18	41	7	17	11	39	40	43	48	23	37	51	12	38	66	40	35	58	29	37	43	42	38	41	48	60	57	49	9	8	21	41	21	0	54	39	15	7	57	27	23	47	31	15	15	47	14	41	13	32	28	19	24	16	45	40	60	5	40	59	33	
30	11	40	51	49	23	9	42	54	49	10	24	46	15	17	36	39	27	15	54	43	46	41	56	59	46	21	17	57	62	27	52	42	12	51	38	22	51	57	46	33	26	31	55	34	16	46	26	41	39	28	55	40	28	15	27	17	11	30	48	15	44	64	24	63	39	42	35	45	58	70	51	36	32	27	57	44	52	39	63	59	17	27	51	22	57	19	9	5	45	47	13	61	50	58	28	61	36	10	69	34	12	45	31	27	44	45	10	56	56	32	31	36	13	40	10	31	10	63	61	34	20	58	54	0	41	60	49	40	67	39	36	64	42	66	36	49	67	54	36	49	57	53	50	33	40	34	49	45	25	61	
40	33	20	16	19	40	33	17	42	61	31	38	5	43	34	49	61	25	34	48	41	60	59	19	58	54	27	24	44	35	59	34	1	32	37	2	21	63	33	37	11	28	51	57	8	39	32	18	44	57	31	58	72	39	51	25	26	36	66	53	39	61	65	28	56	64	56	69	33	19	62	15	71	67	27	16	52	35	49	32	21	29	40	55	46	52	33	40	47	35	22	38	46	24	50	51	20	7	31	63	53	30	27	10	36	62	6	38	20	16	10	10	56	31	65	40	22	45	48	46	38	45	27	39	41	0	54	32	71	65	16	9	28	25	55	10	25	26	29	51	14	28	21	50	59	2	68	37	63	62	23	
82	63	33	43	36	78	53	37	11	24	54	36	53	47	43	29	38	37	67	6	17	27	32	45	9	20	66	54	11	28	51	20	53	63	17	53	59	24	26	17	60	37	36	13	48	73	21	61	19	32	33	12	57	80	55	69	60	49	60	16	46	31	14	70	2	42	27	58	20	51	9	44	59	58	71	55	20	19	24	35	49	64	80	14	41	4	70	68	61	19	32	47	13	32	4	39	55	57	57	9	35	61	26	51	77	34	50	67	44	52	57	55	35	49	43	69	69	53	13	12	25	44	36	15	60	54	0	21	53	12	37	60	45	29	7	61	29	56	28	30	43	34	39	11	43	55	58	16	33	60	48	
65	48	12	22	15	61	40	15	10	35	40	28	31	39	33	30	43	22	52	17	15	36	38	24	28	28	48	38	11	14	50	3	32	48	4	31	41	37	9	8	39	23	36	28	27	57	3	42	19	37	21	28	61	63	49	50	43	38	59	26	37	40	35	51	24	47	34	60	5	30	29	23	61	58	52	34	26	3	26	19	28	47	63	27	37	21	53	54	52	7	11	37	14	11	17	38	34	36	42	30	37	45	5	31	60	42	28	53	23	31	36	35	38	36	48	55	50	45	16	14	19	38	17	7	49	32	21	0	57	33	16	40	27	8	23	40	8	36	8	32	22	15	18	20	45	33	59	6	42	57	28	
70	51	57	73	67	63	42	62	55	30	44	33	74	28	36	27	15	45	55	50	43	26	20	77	46	33	60	51	57	72	13	59	71	52	57	68	58	31	67	50	68	43	21	41	62	56	54	62	38	21	41	42	4	68	25	66	54	36	12	37	32	22	47	64	55	11	26	7	52	82	60	73	8	10	67	83	34	59	31	77	81	56	67	39	24	50	59	49	35	50	63	34	62	65	54	20	85	68	47	58	20	51	57	61	67	20	72	50	77	81	65	63	19	42	10	50	69	30	64	62	38	25	74	57	40	71	53	57	0	53	60	70	83	55	61	70	62	90	66	25	72	72	72	43	12	70	8	53	21	17	82	
92	72	44	55	48	86	61	49	23	23	62	43	65	52	51	32	38	47	76	17	26	27	33	57	8	22	75	63	23	40	53	32	65	72	29	64	69	22	38	28	71	46	39	13	59	81	33	71	26	33	41	12	57	89	59	79	69	56	61	19	52	31	6	79	10	42	28	59	31	63	9	56	60	59	81	67	23	31	28	47	61	73	89	16	46	13	79	76	67	30	44	53	24	44	16	42	67	68	65	7	37	70	38	62	87	33	62	75	56	64	68	66	36	58	43	76	80	59	23	23	33	49	48	27	67	65	12	33	53	0	49	72	57	40	15	72	41	68	40	32	55	46	51	17	44	66	59	28	32	62	60	
50	36	4	13	9	47	30	3	26	45	29	26	17	35	26	35	47	15	38	31	25	45	44	17	42	38	34	25	28	23	49	19	16	35	20	15	26	47	19	20	23	17	38	41	11	44	15	26	28	43	18	41	62	48	44	34	29	30	58	37	31	47	49	36	40	51	41	60	17	22	45	13	61	58	37	23	36	19	33	24	21	33	48	39	36	36	39	43	43	18	8	30	30	11	33	39	25	20	31	46	40	33	10	15	45	48	14	41	18	21	20	19	43	26	52	43	34	39	32	31	23	36	19	23	39	16	37	16	60	49	0	23	25	8	39	24	11	30	16	37	12	18	13	33	47	17	59	21	49	55	22	
31	27	27	26	28	31	29	24	49	64	27	39	14	41	34	52	62	28	26	55	46	63	61	29	64	57	19	20	51	44	57	42	10	25	44	8	14	66	41	43	2	30	52	62	12	31	39	10	48	59	34	63	71	30	48	16	19	34	64	57	38	64	71	19	63	64	59	68	40	28	69	24	69	65	18	25	55	43	52	42	30	21	31	60	46	59	25	34	42	41	30	36	53	32	56	51	29	3	26	69	55	24	34	10	27	65	15	31	30	25	5	7	58	28	66	33	13	42	55	54	41	44	37	47	36	9	60	40	70	72	23	0	37	31	63	1	33	35	38	54	24	37	30	55	59	7	67	44	66	60	32	
68	59	26	13	16	68	55	22	35	63	54	51	23	60	52	56	69	40	61	42	42	64	65	9	53	55	55	48	34	17	74	26	27	58	30	30	48	64	19	35	39	42	61	55	31	67	29	46	46	64	42	54	86	67	69	53	52	55	83	53	57	67	60	56	47	73	61	84	31	10	50	14	85	82	55	15	54	27	53	10	8	56	68	54	60	46	61	66	69	34	19	56	33	17	41	62	12	35	55	52	63	56	26	36	64	69	22	64	8	13	38	38	65	52	75	66	50	64	34	34	44	61	9	31	64	28	45	27	83	57	25	37	0	27	43	38	20	11	18	59	15	12	11	47	70	30	83	33	69	80	5	
56	40	4	18	11	53	33	9	18	38	32	24	25	34	26	29	42	15	43	23	17	38	38	21	33	30	40	29	19	20	46	11	25	39	12	24	32	39	15	12	31	16	33	33	19	49	7	33	20	37	15	33	58	54	43	42	34	31	55	29	31	40	40	43	31	46	34	57	8	27	37	18	58	55	44	30	28	12	27	22	26	39	55	31	33	27	45	46	45	10	7	30	22	10	25	35	31	28	34	38	35	37	3	23	51	42	22	45	21	27	28	26	38	29	47	47	41	39	25	23	17	34	18	15	42	25	29	8	55	40	8	31	27	0	31	32	7	34	12	31	17	17	16	25	43	26	56	12	42	53	26	
86	68	35	43	36	82	59	38	13	31	59	42	54	53	49	36	45	41	72	12	23	35	40	43	15	27	70	58	11	26	58	20	55	68	18	54	63	31	24	20	62	41	43	20	50	78	24	64	26	39	38	19	65	84	61	72	64	54	67	23	52	39	20	73	6	49	34	65	23	49	7	44	67	65	75	54	27	19	31	33	47	68	85	22	48	11	74	73	67	22	33	52	10	32	8	46	53	59	62	9	42	66	28	54	81	41	50	72	42	51	59	58	42	55	50	74	72	59	9	9	31	50	34	15	66	55	7	23	61	15	39	63	43	31	0	63	29	54	27	37	43	32	38	18	50	56	65	19	40	67	46	
30	26	28	26	29	30	29	25	50	64	26	39	15	41	33	52	62	28	25	55	46	63	61	30	65	58	18	19	52	45	57	43	11	25	45	9	14	66	42	44	2	30	52	63	13	31	39	10	48	59	34	63	71	29	47	15	19	33	63	57	37	64	71	18	64	64	59	67	40	29	69	25	68	64	17	26	56	44	52	42	31	21	30	60	46	59	24	33	41	42	31	36	54	33	57	51	30	4	25	70	55	24	35	10	26	65	16	31	31	26	5	7	58	28	65	32	12	42	56	55	41	44	38	47	36	10	61	40	70	72	24	1	38	32	63	0	34	36	39	54	25	38	31	55	59	8	66	44	66	59	33	
61	46	9	14	7	58	40	9	18	43	39	31	24	41	34	36	49	22	49	25	21	43	45	16	36	35	45	35	18	13	54	9	25	45	12	25	37	44	8	15	34	23	41	36	22	55	9	37	26	43	23	36	65	59	51	46	40	38	63	33	38	46	43	47	32	53	40	64	11	22	36	15	65	62	48	26	34	10	33	15	20	44	60	34	40	29	50	53	52	13	3	38	20	3	25	42	26	30	41	37	42	43	5	26	56	48	21	51	15	23	31	30	44	36	54	53	45	46	22	21	24	41	11	14	49	25	29	8	62	41	11	33	20	7	29	34	0	29	5	38	14	9	10	28	50	27	63	14	48	60	20	
66	60	32	17	23	66	58	27	45	72	56	57	21	65	56	64	77	45	60	52	51	72	73	13	63	65	53	50	45	28	79	36	25	58	40	29	47	73	30	44	37	47	68	65	32	66	38	44	55	72	48	64	92	65	74	51	52	59	88	62	61	75	70	54	58	81	69	90	40	8	61	16	91	88	53	10	63	37	62	21	8	55	66	63	66	56	60	67	72	43	27	60	44	26	52	69	6	33	56	63	70	57	34	36	62	77	21	65	13	10	36	37	72	55	82	67	48	68	45	45	52	66	20	41	67	26	56	36	90	68	30	35	11	34	54	36	29	0	28	66	18	22	18	57	77	28	89	42	77	85	8	
66	51	14	15	10	63	45	13	17	44	44	35	27	46	38	38	51	27	54	24	23	45	47	17	35	37	50	40	17	8	57	8	29	50	11	29	42	45	3	16	38	28	44	36	26	60	11	42	28	46	27	36	69	64	55	51	45	43	67	34	43	48	42	52	30	55	42	67	13	23	34	17	69	66	53	27	35	9	35	11	21	50	65	35	44	28	55	58	57	15	8	42	17	5	24	46	27	34	46	35	45	48	9	31	61	50	24	56	16	24	36	34	47	41	57	58	49	51	18	18	27	45	8	13	54	29	28	8	66	40	16	38	18	12	27	39	5	28	0	41	16	6	11	28	53	31	67	14	50	64	20	
64	43	34	50	43	58	33	39	29	12	34	15	53	21	22	2	10	26	48	25	18	9	7	53	24	10	50	38	32	47	21	34	51	44	31	49	45	15	41	25	52	24	6	19	43	52	29	48	13	5	20	20	29	62	26	55	43	26	30	14	22	10	28	54	32	14	5	29	27	59	38	50	30	28	56	61	10	33	6	52	58	47	62	16	14	26	51	46	35	25	39	23	37	41	29	9	63	51	38	36	5	42	32	44	60	11	51	45	53	58	49	47	6	30	16	47	57	27	38	37	14	17	49	32	36	51	30	32	25	32	37	54	59	31	37	54	38	66	41	0	49	47	48	19	13	51	28	28	12	30	58	
54	44	14	2	7	53	40	9	32	55	39	38	11	47	38	46	59	26	46	39	34	55	56	6	50	48	40	33	32	21	61	23	13	43	26	15	33	57	19	29	25	29	50	50	16	52	23	31	38	54	30	50	74	53	56	39	37	41	70	46	43	58	57	41	46	63	52	72	25	10	50	1	73	70	41	12	46	24	44	17	10	41	53	48	48	43	46	51	54	27	11	42	33	11	39	51	13	21	40	51	52	41	18	21	50	60	8	49	7	9	23	23	55	37	64	51	37	50	35	34	34	48	13	28	49	14	43	22	72	55	12	24	15	17	43	25	14	18	16	49	0	13	6	42	59	16	71	28	60	66	11	
66	54	17	12	9	64	48	15	23	51	47	41	24	51	43	45	58	31	56	30	30	52	54	11	41	43	51	43	23	7	63	14	27	53	18	28	43	52	8	23	38	32	50	43	27	62	17	43	35	52	32	42	75	65	60	51	47	47	72	41	48	55	48	53	36	62	49	73	20	17	39	13	75	72	53	22	42	15	42	6	15	51	65	42	50	34	57	61	61	22	10	47	22	7	30	52	21	34	49	41	51	51	15	32	61	57	22	59	10	19	35	35	53	44	63	61	49	55	23	23	33	51	2	19	57	28	34	15	72	46	18	37	12	17	32	38	9	22	6	47	13	0	7	35	59	29	73	21	57	70	14	
60	49	15	5	5	58	44	10	28	53	42	39	17	48	40	46	58	28	51	35	32	54	55	6	46	46	45	38	28	14	62	19	20	48	22	21	38	55	13	25	31	30	50	46	21	57	19	36	36	53	31	46	74	58	58	44	42	44	71	43	45	56	53	47	41	62	51	73	22	12	45	6	74	71	47	16	44	20	43	11	10	46	59	45	49	39	51	56	57	24	8	44	28	7	35	51	16	27	44	46	52	46	15	26	55	58	15	54	5	13	29	28	54	40	64	56	43	53	29	29	33	49	6	24	53	21	39	18	72	51	13	30	11	16	38	31	10	18	11	48	6	7	0	38	59	22	72	24	59	68	10	
74	54	29	42	35	69	44	34	12	16	44	26	50	36	33	18	27	29	58	6	8	18	22	44	9	10	58	46	14	32	40	20	49	54	17	48	51	17	28	13	54	28	25	8	43	63	19	53	9	22	24	8	47	72	44	61	51	39	49	6	35	22	16	62	13	32	17	48	17	50	19	43	49	47	63	54	9	19	13	38	49	55	72	6	30	7	61	58	51	15	31	36	19	31	10	28	54	51	48	18	24	52	24	45	69	24	47	57	44	51	51	49	24	40	33	59	62	42	20	18	16	33	37	16	50	50	11	20	43	17	33	55	47	25	18	55	28	57	28	19	42	35	38	0	32	50	47	14	24	49	48	
63	42	44	60	54	56	33	50	43	21	35	21	62	19	25	15	7	33	47	39	31	17	11	64	37	23	51	41	45	59	8	47	59	43	44	56	48	23	54	38	57	31	9	32	50	49	42	52	26	11	28	33	15	61	19	57	45	27	17	27	22	14	39	55	45	6	16	15	40	69	51	60	16	15	58	71	23	46	19	64	69	47	60	29	13	39	51	43	30	38	50	24	50	53	42	8	73	57	38	49	8	42	44	50	59	13	59	43	64	68	54	52	8	32	7	44	60	22	52	50	26	15	61	45	33	59	43	45	12	44	47	59	70	43	50	59	50	77	53	13	59	59	59	32	0	58	15	41	14	18	69	
38	31	21	18	21	38	31	18	43	61	29	37	7	42	34	49	60	25	32	49	41	60	58	21	59	54	25	22	45	37	58	36	3	30	38	2	19	63	34	38	9	27	50	58	8	37	33	16	44	56	31	58	72	37	49	23	24	35	65	53	38	61	66	26	57	63	56	68	34	21	63	17	69	66	25	18	52	36	49	34	23	27	38	55	45	53	31	39	45	36	23	36	47	25	50	50	22	5	29	63	53	29	28	9	34	62	8	36	22	18	8	8	56	29	64	38	20	44	49	48	38	44	29	40	40	2	55	33	70	66	17	7	30	26	56	8	27	28	31	51	16	29	22	50	58	0	67	38	63	61	25	
64	45	57	72	67	57	37	62	58	36	40	32	72	25	33	30	21	44	49	54	46	32	26	77	52	38	54	47	61	74	9	61	69	46	59	66	53	37	68	52	64	42	23	47	60	50	56	58	41	26	41	48	6	62	19	61	49	33	4	42	29	28	53	58	60	17	31	1	54	81	66	72	2	2	61	82	38	61	35	78	81	50	61	44	23	54	53	43	29	52	64	30	66	66	58	21	84	65	42	64	23	45	58	58	61	26	70	44	77	80	62	60	23	38	16	44	64	25	67	65	40	23	75	60	34	68	58	59	8	59	59	67	83	56	65	66	63	89	67	28	71	73	72	47	15	67	0	55	27	9	82	
67	50	17	28	21	63	41	20	5	30	40	27	37	38	32	26	38	23	53	11	10	31	33	30	22	23	51	39	8	19	46	6	37	49	3	36	44	31	14	3	43	23	32	22	31	59	5	45	15	32	20	22	56	65	47	53	45	37	56	20	36	34	29	54	19	42	29	56	4	36	25	29	57	55	55	40	21	5	22	25	34	49	66	21	34	15	55	55	51	4	17	36	12	17	12	34	40	40	43	25	32	47	10	35	62	36	33	54	29	37	40	39	34	37	44	56	53	44	14	12	16	36	23	5	49	37	16	6	53	28	21	44	33	12	19	44	14	42	14	28	28	21	24	14	41	38	55	0	36	54	34	
75	54	45	61	54	68	43	51	36	9	45	27	65	30	33	14	7	38	58	31	27	5	5	64	25	14	61	50	39	55	23	43	63	54	40	61	56	10	51	34	64	36	14	20	55	62	39	60	22	7	32	21	25	73	33	66	54	37	30	18	32	2	26	65	34	10	8	27	37	70	39	61	28	27	68	72	15	42	15	61	69	57	72	18	23	29	62	55	43	35	50	34	43	51	34	17	74	63	48	37	11	53	43	56	70	1	63	55	64	70	61	59	8	41	11	56	69	35	44	43	26	25	59	40	45	63	33	42	21	32	49	66	69	42	40	66	48	77	50	12	60	57	59	24	14	63	27	36	0	32	69	
55	36	53	68	63	48	30	58	57	39	32	29	66	19	28	31	25	40	40	55	45	35	29	72	54	40	46	39	60	72	9	60	63	38	58	59	46	41	66	51	57	38	24	49	54	41	54	50	41	28	37	50	15	53	11	52	41	26	5	44	23	32	57	50	62	22	33	10	52	76	68	68	11	7	53	77	40	59	36	76	76	42	52	46	20	56	44	34	20	51	60	24	65	63	59	21	79	58	34	66	25	37	55	52	52	30	65	35	73	75	55	53	25	31	22	35	56	17	67	65	38	19	72	59	25	62	60	57	17	62	55	60	80	53	67	59	60	85	64	30	66	70	68	49	18	61	9	54	32	0	77	
63	55	24	9	15	63	52	19	37	63	50	49	18	58	49	56	69	37	56	44	42	64	65	5	55	56	50	44	37	20	72	28	22	53	31	25	43	65	22	36	34	39	60	56	26	62	30	41	46	63	41	56	84	62	67	48	47	52	80	54	54	67	62	51	50	73	61	82	32	5	53	9	84	80	50	9	54	29	53	14	2	51	63	55	58	48	56	62	65	34	18	53	36	17	44	61	7	30	51	55	62	52	25	31	59	68	17	60	5	8	33	33	64	48	74	62	45	61	37	37	43	58	12	33	61	23	48	28	82	60	22	32	5	26	46	33	20	8	20	58	11	14	10	48	69	25	82	34	69	77	0	

