4  50
18	88	23	45	51	97	74	32	44	45	2	86	6	78	86	69	8	51	5	58	18	39	65	95	94	50	26	1	14	69	27	18	21	32	34	84	43	64	79	22	1	80	31	46	49	79	64	60	47	33	
66	52	27	99	50	65	50	60	11	50	18	16	93	67	17	42	5	54	86	23	60	29	71	79	59	32	49	18	13	91	13	93	16	6	68	24	55	31	49	58	85	68	9	17	42	31	78	30	30	7	
59	69	54	66	41	5	25	50	10	3	29	94	34	69	67	8	1	61	63	69	85	83	57	50	26	84	67	57	91	60	41	70	2	3	89	74	15	71	11	83	3	48	2	29	57	51	74	26	50	60	
49	83	71	27	79	70	73	28	51	17	57	49	10	48	24	25	84	21	12	47	35	96	65	66	10	85	41	84	28	5	7	76	75	6	32	34	41	80	19	69	69	15	96	68	52	26	98	42	49	5	
1659	1349	1537	765	2436	1929	606	1916	1542	1590	1609	1653	680	1607	2420	2481	290	81	1876	280	2474	650	2140	2028	1027	1016	524	1630	1563	1516	2089	1250	721	1624	2239	90	1742	105	63	1256	309	1025	1433	324	782	2121	1517	1320	1635	2042	
0	41	83	32	42	48	62	29	45	7	56	33	68	55	32	49	64	71	25	25	47	87	53	72	32	52	44	44	14	66	73	50	55	82	33	63	57	60	66	46	26	53	78	32	64	9	81	68	62	61	23	
41	0	50	30	31	9	22	13	17	34	50	24	28	20	34	8	55	37	30	28	15	48	21	31	27	39	32	41	37	59	34	11	18	43	9	44	19	43	25	5	36	17	44	14	34	33	50	39	26	23	17	
83	50	0	53	44	41	33	62	38	76	45	50	51	60	55	46	42	13	60	58	62	21	65	47	52	37	42	49	72	47	24	54	58	19	53	27	54	31	32	48	62	33	6	65	18	78	4	14	25	28	63	
32	30	53	0	9	30	42	29	20	26	25	6	56	50	4	35	33	43	7	7	44	63	51	59	3	20	12	13	19	36	50	42	49	57	22	31	49	28	46	34	9	30	48	34	35	31	50	38	38	38	23	
42	31	44	9	0	28	38	34	16	35	18	10	55	52	11	35	25	34	17	16	47	55	53	56	10	11	2	9	29	29	44	43	50	50	25	21	49	18	42	34	18	26	40	39	27	40	41	30	32	33	30	
48	9	41	30	28	0	14	21	12	40	45	24	26	24	34	7	49	28	32	30	22	40	27	29	27	33	28	38	41	54	26	15	22	34	14	36	21	36	18	7	38	8	35	24	25	41	41	30	17	14	24	
62	22	33	42	38	14	0	35	22	54	52	36	20	27	46	14	53	21	45	43	29	26	32	19	39	39	37	47	55	59	12	21	25	21	28	38	21	39	4	17	50	12	27	36	22	55	33	26	10	7	39	
29	13	62	29	34	21	35	0	26	22	53	24	38	27	32	21	59	49	25	24	19	62	25	43	26	44	35	42	28	63	47	20	26	56	10	51	28	50	38	18	31	29	56	5	44	21	61	49	38	36	7	
45	17	38	20	16	12	22	26	0	37	33	14	38	36	24	19	37	25	24	22	33	43	39	40	17	21	16	26	35	42	30	27	34	37	16	26	33	25	26	19	29	10	32	30	19	40	36	24	18	18	25	
7	34	76	26	35	40	54	22	37	0	51	26	61	49	27	42	59	63	19	19	41	80	47	65	25	46	37	39	10	61	66	43	48	74	26	57	50	54	58	39	21	45	70	26	57	5	73	61	55	53	16	
56	50	45	25	18	45	52	53	33	51	0	28	71	70	24	52	8	41	32	32	65	63	72	71	27	12	17	12	42	10	54	60	68	58	44	18	67	15	55	52	30	41	43	58	34	56	42	34	43	45	48	
33	24	50	6	10	24	36	24	14	26	28	0	50	45	10	29	35	38	10	8	39	58	46	53	3	21	12	17	21	39	45	36	43	52	17	30	43	28	40	28	14	24	45	30	31	30	48	35	33	32	19	
68	28	51	56	55	26	20	38	38	61	71	50	0	15	61	21	73	40	58	56	22	37	20	5	53	59	55	65	65	79	27	18	14	34	37	58	10	59	18	23	64	30	46	36	42	59	52	46	30	27	45	
55	20	60	50	52	24	27	27	36	49	70	45	15	0	55	17	74	48	50	48	8	50	5	21	47	58	52	61	55	79	38	9	2	46	28	61	6	61	28	17	56	31	54	23	47	46	61	52	36	33	34	
32	34	55	4	11	34	46	32	24	27	24	10	61	55	0	40	32	45	8	8	48	66	55	63	7	21	13	12	18	34	54	46	53	60	26	32	53	29	50	38	7	34	51	38	38	32	53	41	41	41	26	
49	8	46	35	35	7	14	21	19	42	52	29	21	17	40	0	56	33	37	35	16	41	21	24	32	41	35	45	44	61	27	8	15	36	16	43	14	43	17	2	43	13	40	21	30	41	46	35	21	18	25	
64	55	42	33	25	49	53	59	37	59	8	35	73	74	32	56	0	39	40	40	70	61	76	73	34	15	23	20	50	5	54	65	72	56	50	16	70	14	56	56	38	44	41	64	33	64	38	32	44	47	55	
71	37	13	43	34	28	21	49	25	63	41	38	40	48	45	33	39	0	48	47	49	22	52	38	41	30	33	41	60	45	15	41	46	17	40	23	42	26	21	35	52	20	7	52	7	66	13	7	12	15	50	
25	30	60	7	17	32	45	25	24	19	32	10	58	50	8	37	40	48	0	2	43	68	50	61	7	27	19	20	12	42	55	41	48	62	21	38	49	35	49	35	6	34	55	31	41	24	57	45	42	42	19	
25	28	58	7	16	30	43	24	22	19	32	8	56	48	8	35	40	47	2	0	41	66	48	59	6	27	18	20	13	42	53	40	46	60	19	37	47	35	47	33	8	32	53	29	40	24	56	44	41	40	17	
47	15	62	44	47	22	29	19	33	41	65	39	22	8	48	16	70	49	43	41	0	54	6	28	41	55	48	56	47	75	41	8	8	50	22	59	12	58	31	14	49	30	56	15	47	38	62	51	37	34	26	
87	48	21	63	55	40	26	62	43	80	63	58	37	50	66	41	61	22	68	66	54	0	55	32	60	52	54	63	79	66	14	46	48	5	54	45	44	48	23	44	72	34	20	62	29	81	25	29	25	26	65	
53	21	65	51	53	27	32	25	39	47	72	46	20	5	55	21	76	52	50	48	6	55	0	26	48	61	54	63	53	81	43	12	7	51	29	64	11	64	33	20	56	34	59	21	51	44	65	56	40	37	32	
72	31	47	59	56	29	19	43	40	65	71	53	5	21	63	24	73	38	61	59	28	32	26	0	56	59	56	66	69	78	23	22	20	29	40	58	16	59	17	26	67	30	43	41	41	64	49	44	29	26	49	
32	27	52	3	10	27	39	26	17	25	27	3	53	47	7	32	34	41	7	6	41	60	48	56	0	21	12	16	20	37	48	39	46	55	19	31	46	28	43	31	11	27	47	32	33	30	49	37	35	35	21	
52	39	37	20	11	33	39	44	21	46	12	21	59	58	21	41	15	30	27	27	55	52	61	59	21	0	9	12	39	20	43	49	56	47	34	11	55	8	43	41	28	29	34	49	23	51	34	24	31	33	40	
44	32	42	12	2	28	37	35	16	37	17	12	55	52	13	35	23	33	19	18	48	54	54	56	12	9	0	10	31	27	43	43	50	48	26	19	49	16	41	35	20	25	38	41	25	42	39	28	31	32	31	
44	41	49	13	9	38	47	42	26	39	12	17	65	61	12	45	20	41	20	20	56	63	63	66	16	12	10	0	30	22	53	52	59	58	34	23	59	19	51	44	18	35	46	48	34	44	46	35	41	42	37	
14	37	72	19	29	41	55	28	35	10	42	21	65	55	18	44	50	60	12	13	47	79	53	69	20	39	31	30	0	52	65	48	54	73	28	50	56	47	59	42	12	44	67	33	53	16	69	57	54	53	21	
66	59	47	36	29	54	59	63	42	61	10	39	79	79	34	61	5	45	42	42	75	66	81	78	37	20	27	22	52	0	60	70	77	61	54	21	75	19	62	61	40	49	46	68	39	66	43	37	50	52	58	
73	34	24	50	44	26	12	47	30	66	54	45	27	38	54	27	54	15	55	53	41	14	43	23	48	43	43	53	65	60	0	33	36	8	40	38	32	40	10	30	59	21	19	48	20	67	26	22	12	12	50	
50	11	54	42	43	15	21	20	27	43	60	36	18	9	46	8	65	41	41	40	8	46	12	22	39	49	43	52	48	70	33	0	7	42	20	52	8	52	23	8	48	22	48	18	39	41	54	44	29	26	27	
55	18	58	49	50	22	25	26	34	48	68	43	14	2	53	15	72	46	48	46	8	48	7	20	46	56	50	59	54	77	36	7	0	44	27	59	4	59	26	15	55	29	52	22	45	46	59	49	34	31	33	
82	43	19	57	50	34	21	56	37	74	58	52	34	46	60	36	56	17	62	60	50	5	51	29	55	47	48	58	73	61	8	42	44	0	48	40	40	43	18	38	66	29	17	57	24	75	22	24	19	20	59	
33	9	53	22	25	14	28	10	16	26	44	17	37	28	26	16	50	40	21	19	22	54	29	40	19	34	26	34	28	54	40	20	27	48	0	41	28	40	32	14	27	20	47	14	35	26	52	40	30	28	10	
63	44	27	31	21	36	38	51	26	57	18	30	58	61	32	43	16	23	38	37	59	45	64	58	31	11	19	23	50	21	38	52	59	40	41	0	57	3	41	44	39	30	25	56	17	61	23	16	28	31	49	
57	19	54	49	49	21	21	28	33	50	67	43	10	6	53	14	70	42	49	47	12	44	11	16	46	55	49	59	56	75	32	8	4	40	28	57	0	57	22	15	56	27	49	26	42	49	55	47	31	27	35	
60	43	31	28	18	36	39	50	25	54	15	28	59	61	29	43	14	26	35	35	58	48	64	59	28	8	16	19	47	19	40	52	59	43	40	3	57	0	42	44	36	30	28	54	19	58	27	19	30	32	47	
66	25	32	46	42	18	4	38	26	58	55	40	18	28	50	17	56	21	49	47	31	23	33	17	43	43	41	51	59	62	10	23	26	18	32	41	22	42	0	20	55	16	27	39	24	59	34	27	12	9	42	
46	5	48	34	34	7	17	18	19	39	52	28	23	17	38	2	56	35	35	33	14	44	20	26	31	41	35	44	42	61	30	8	15	38	14	44	15	44	20	0	41	15	42	18	32	39	48	37	23	20	23	
26	36	62	9	18	38	50	31	29	21	30	14	64	56	7	43	38	52	6	8	49	72	56	67	11	28	20	18	12	40	59	48	55	66	27	39	56	36	55	41	0	39	58	37	45	27	60	48	47	47	25	
53	17	33	30	26	8	12	29	10	45	41	24	30	31	34	13	44	20	34	32	30	34	34	30	27	29	25	35	44	49	21	22	29	29	20	30	27	30	16	15	39	0	27	31	17	46	33	22	10	8	30	
78	44	6	48	40	35	27	56	32	70	43	45	46	54	51	40	41	7	55	53	56	20	59	43	47	34	38	46	67	46	19	48	52	17	47	25	49	28	27	42	58	27	0	59	13	73	6	10	19	22	57	
32	14	65	34	39	24	36	5	30	26	58	30	36	23	38	21	64	52	31	29	15	62	21	41	32	49	41	48	33	68	48	18	22	57	14	56	26	54	39	18	37	31	59	0	48	23	64	53	41	38	12	
64	34	18	35	27	25	22	44	19	57	34	31	42	47	38	30	33	7	41	40	47	29	51	41	33	23	25	34	53	39	20	39	45	24	35	17	42	19	24	32	45	17	13	48	0	59	17	5	12	15	44	
9	33	78	31	40	41	55	21	40	5	56	30	59	46	32	41	64	66	24	24	38	81	44	64	30	51	42	44	16	66	67	41	46	75	26	61	49	58	59	39	27	46	73	23	59	0	76	64	56	55	16	
81	50	4	50	41	41	33	61	36	73	42	48	52	61	53	46	38	13	57	56	62	25	65	49	49	34	39	46	69	43	26	54	59	22	52	23	55	27	34	48	60	33	6	64	17	76	0	12	25	28	62	
68	39	14	38	30	30	26	49	24	61	34	35	46	52	41	35	32	7	45	44	51	29	56	44	37	24	28	35	57	37	22	44	49	24	40	16	47	19	27	37	48	22	10	53	5	64	12	0	16	19	49	
62	26	25	38	32	17	10	38	18	55	43	33	30	36	41	21	44	12	42	41	37	25	40	29	35	31	31	41	54	50	12	29	34	19	30	28	31	30	12	23	47	10	19	41	12	56	25	16	0	3	40	
61	23	28	38	33	14	7	36	18	53	45	32	27	33	41	18	47	15	42	40	34	26	37	26	35	33	32	42	53	52	12	26	31	20	28	31	27	32	9	20	47	8	22	38	15	55	28	19	3	0	39	
23	17	63	23	30	24	39	7	25	16	48	19	45	34	26	25	55	50	19	17	26	65	32	49	21	40	31	37	21	58	50	27	33	59	10	49	35	47	42	23	25	30	57	12	44	16	62	49	40	39	0	

