4  150
20	11	63	20	99	90	50	74	25	43	9	14	59	81	73	75	32	47	67	91	64	66	96	47	63	70	51	59	58	9	31	34	64	57	88	43	48	48	86	52	75	28	99	47	11	74	24	7	71	60	40	35	65	20	88	33	62	88	5	16	98	69	85	37	56	18	96	48	61	74	33	52	85	48	42	56	31	83	70	15	89	5	1	52	21	83	27	45	73	97	6	79	72	58	64	41	13	68	85	63	86	53	63	89	38	77	36	74	43	57	93	84	62	85	72	8	62	93	31	61	87	48	21	73	39	24	42	45	68	34	96	90	35	72	35	5	34	45	18	12	39	47	63	24	79	53	13	46	82	88	
3	88	11	47	59	96	22	20	88	75	67	99	10	13	86	23	1	69	86	34	68	59	76	7	42	76	46	18	24	87	43	11	43	59	67	54	69	28	12	3	57	85	76	98	49	91	82	99	5	81	24	80	3	83	77	96	82	7	83	40	49	31	70	9	37	37	93	79	39	24	64	31	98	56	71	17	74	64	32	99	77	67	94	70	85	30	29	73	27	14	30	35	69	56	57	30	63	13	41	88	100	20	99	67	49	98	50	97	89	48	12	23	43	81	57	46	12	22	86	3	10	21	36	68	8	16	59	26	90	5	82	99	24	29	2	76	38	51	21	33	36	37	62	74	15	7	90	3	28	63	
68	52	54	79	72	62	29	47	1	52	78	61	99	83	20	41	27	27	86	79	11	71	100	6	88	59	100	55	84	89	12	32	59	91	76	70	20	88	36	60	72	67	76	54	92	64	42	25	91	91	2	78	61	12	5	5	61	88	91	63	49	4	88	87	11	92	81	1	81	75	74	46	26	33	26	88	78	20	81	29	78	43	87	70	29	8	17	63	19	75	75	100	8	2	18	65	39	33	64	10	68	1	30	72	83	13	58	95	89	82	71	78	36	60	33	6	88	66	42	88	65	34	29	60	100	92	5	80	25	91	12	61	14	100	29	85	29	76	95	33	70	32	86	75	81	24	22	64	25	46	
25	64	68	86	20	67	80	32	95	24	17	51	3	48	64	57	37	10	16	91	48	91	85	9	41	2	92	19	27	53	46	60	55	57	61	53	6	72	19	37	72	68	28	97	5	90	80	13	64	49	59	35	21	82	12	2	89	19	16	33	10	5	70	73	58	6	45	61	34	55	2	72	60	61	36	19	77	38	39	58	55	83	43	82	9	52	46	54	28	64	64	54	25	86	32	6	4	33	85	37	45	24	32	58	27	29	87	8	67	68	35	40	1	71	16	14	94	72	95	61	94	51	13	78	19	86	84	29	1	35	11	14	68	14	26	68	79	78	89	59	16	87	78	55	31	50	90	14	53	42	
6343	5472	4672	5714	488	7460	1800	1864	6837	5132	7417	6645	1654	2004	1713	6701	1216	1989	4715	6824	1411	5257	3969	1979	6709	4225	1030	2667	3436	5050	3780	6751	4255	6887	3921	859	3889	1525	5057	3726	2795	172	6615	3594	5874	993	1578	3213	3913	1016	5023	2207	1312	3281	72	3684	932	3635	4531	1528	2164	4893	3248	5423	5018	5522	1628	473	1814	3123	4936	2756	1442	4565	7457	3367	708	1087	4782	7013	7346	4544	1504	2391	6850	6238	5255	3370	63	6667	1717	5668	3696	7459	5851	5473	6555	2028	5157	6675	4672	5251	1962	6690	3784	2253	369	6743	580	5583	3292	6803	2566	4026	6763	1229	1072	7240	4792	2369	1967	6696	6881	3876	6271	4988	6935	374	499	1011	2548	5053	5405	1135	3413	3009	4539	3490	1159	5422	2450	3110	3282	831	4144	2324	6626	5846	1720	7081	
0	55	50	79	67	55	59	76	65	61	29	63	33	69	44	20	72	23	34	82	58	71	72	17	54	72	44	85	61	68	72	69	71	64	64	37	59	66	37	25	86	76	47	51	92	55	38	41	15	11	32	8	38	23	95	27	73	77	45	57	41	44	10	89	22	51	30	80	40	84	48	13	48	66	70	69	62	63	70	49	60	91	69	85	47	49	78	38	57	36	85	49	65	42	48	51	62	41	26	51	57	69	59	69	60	51	54	55	78	60	67	68	76	31	65	40	36	87	81	61	21	55	70	60	63	57	46	77	59	20	71	44	74	57	40	35	67	39	60	43	30	70	87	52	64	69	39	48	71	43	66	
55	0	21	41	65	63	10	38	29	60	48	54	24	16	41	35	21	44	22	34	65	24	43	46	13	56	12	51	6	34	19	62	18	9	10	17	5	59	21	32	39	44	22	5	47	6	38	13	49	48	52	46	26	49	53	33	18	31	18	58	13	52	47	52	51	9	27	44	15	51	13	42	6	42	57	36	9	47	69	5	8	45	63	42	17	53	25	21	65	18	40	47	43	13	15	41	38	56	33	16	14	18	10	18	6	4	2	17	32	5	23	57	54	23	45	45	55	50	43	7	35	7	57	35	65	6	22	37	31	36	64	58	22	64	27	30	37	45	50	33	34	47	48	4	59	15	19	57	26	43	67	
50	21	0	29	43	43	16	26	14	38	33	33	32	35	22	31	24	32	29	32	44	22	26	36	8	36	15	37	23	19	26	41	25	26	29	22	20	38	32	25	35	28	3	16	41	27	21	21	39	41	37	42	12	36	45	23	34	26	33	37	19	33	41	39	38	28	20	30	24	36	30	41	20	23	37	20	30	26	48	19	29	40	42	34	5	33	31	13	44	23	34	27	23	16	6	20	18	38	24	34	10	38	31	23	26	18	19	6	27	23	44	36	35	26	25	26	38	38	31	21	38	14	37	15	43	17	5	27	12	31	43	39	27	43	11	16	20	27	29	14	21	28	37	23	38	32	13	37	20	24	45	
79	41	29	0	44	53	31	3	14	43	56	35	60	46	40	60	23	58	57	15	53	18	12	63	30	29	42	10	38	10	28	40	27	38	42	49	36	38	59	54	14	9	32	39	16	47	43	48	66	68	58	71	40	61	16	51	40	13	58	44	46	49	69	11	63	50	49	3	50	10	54	70	44	19	32	10	45	26	48	42	46	15	41	9	33	46	27	43	53	51	12	40	20	43	33	33	20	55	53	57	27	50	49	26	43	41	39	26	12	38	60	33	22	55	23	45	57	9	2	35	67	34	32	20	48	35	33	4	20	59	40	55	25	52	38	43	13	46	33	37	48	19	8	45	40	42	42	51	15	42	48	
67	65	43	44	0	15	58	44	41	6	38	10	69	78	27	56	60	45	66	59	12	56	32	51	51	16	57	42	67	39	64	5	63	69	72	61	63	6	70	52	59	35	43	60	60	71	33	61	52	56	35	63	42	44	56	48	75	55	75	10	60	23	58	46	45	71	51	42	64	40	73	66	63	26	12	37	74	20	4	62	73	59	4	53	47	18	67	50	13	61	57	20	26	57	49	23	29	27	50	77	52	82	75	61	70	62	63	48	55	66	88	11	24	61	22	28	32	46	45	64	68	58	12	31	5	60	43	47	35	55	5	24	64	12	41	42	34	29	14	34	42	25	48	67	5	75	51	19	52	26	4	
55	63	43	53	15	0	59	52	45	11	26	18	62	78	22	47	64	33	60	66	3	60	41	39	51	28	53	52	67	45	67	19	66	69	72	56	63	18	64	43	67	44	41	58	69	69	27	57	40	44	23	51	38	32	66	39	77	61	70	9	55	12	46	57	33	68	44	51	59	50	69	55	60	34	24	44	73	27	16	60	72	68	18	62	46	10	71	45	2	56	65	16	33	53	48	23	34	14	41	73	53	81	74	64	69	60	61	48	61	66	86	22	35	54	30	20	19	56	54	64	58	57	24	35	9	60	41	55	38	45	20	11	67	2	36	36	41	20	20	30	34	34	58	65	15	76	46	7	57	20	12	
59	10	16	31	58	59	0	28	20	54	48	48	32	19	38	39	12	45	29	25	60	14	34	48	8	48	15	41	8	25	12	55	11	10	14	23	5	53	30	35	29	35	18	10	37	16	36	20	51	51	52	51	26	50	43	34	18	21	28	52	19	49	51	42	52	19	29	34	22	41	23	48	14	34	50	27	16	39	63	12	16	36	56	32	15	49	18	22	60	24	30	43	35	17	13	36	30	54	35	26	6	23	18	10	13	11	8	10	22	8	31	50	45	29	37	42	53	40	33	5	42	5	50	27	59	4	19	27	24	40	57	55	14	59	26	30	28	43	43	30	35	38	38	14	53	16	20	53	16	40	61	
76	38	26	3	44	52	28	0	11	42	54	34	57	44	38	57	21	55	54	15	52	16	11	60	26	29	38	13	35	8	25	39	25	36	40	46	33	38	56	51	15	10	29	36	18	44	41	44	63	65	56	68	37	59	19	48	38	12	55	43	43	47	66	14	61	47	46	6	47	13	51	67	41	18	32	8	42	25	48	39	43	16	40	10	30	44	25	39	52	48	13	39	19	40	30	31	18	54	50	54	24	48	46	23	40	38	36	23	11	35	57	33	23	51	22	43	55	12	5	32	64	31	32	18	47	32	30	3	18	56	40	53	23	51	36	41	11	44	32	34	46	18	11	42	39	39	38	49	12	39	48	
65	29	14	14	41	45	20	11	0	37	43	30	46	39	28	45	19	44	43	21	46	15	13	49	17	29	28	22	29	5	23	37	22	30	34	36	26	34	45	39	23	15	18	27	28	36	30	34	52	54	46	56	26	48	30	37	35	16	46	37	32	39	55	25	50	38	35	16	37	22	42	56	32	14	31	7	36	21	45	30	36	26	38	20	19	37	26	28	46	37	21	31	15	29	19	23	12	45	38	45	15	43	39	20	33	29	27	13	16	28	51	31	25	40	18	33	46	23	16	25	52	22	31	10	43	24	19	12	8	45	38	45	22	45	24	29	8	35	26	23	34	18	22	33	35	35	27	42	11	30	44	
61	60	38	43	6	11	54	42	37	0	32	8	63	74	21	50	57	39	60	57	10	52	31	45	46	16	51	41	62	36	60	8	59	64	68	55	58	6	64	46	57	34	38	55	59	65	27	56	46	50	30	57	37	38	55	41	71	52	69	4	54	17	52	45	40	66	45	41	58	39	67	60	58	24	12	34	69	17	9	57	68	58	7	52	42	12	63	44	10	55	55	14	23	51	44	18	25	22	43	71	47	77	70	57	65	57	57	43	52	61	83	11	24	55	20	22	26	45	44	59	61	53	12	27	5	55	38	45	30	49	9	19	60	9	35	36	31	23	10	28	36	24	47	62	3	70	45	14	49	20	7	
29	48	33	56	38	26	48	54	43	32	0	34	38	64	16	21	57	7	37	64	29	55	47	13	40	43	36	60	53	46	59	40	58	56	58	35	50	37	41	19	66	51	30	42	72	51	13	37	14	18	5	25	22	6	72	16	65	59	48	28	36	15	20	64	8	50	22	56	38	59	49	29	43	40	41	46	57	36	41	43	56	70	39	64	33	20	64	26	28	34	65	20	39	35	35	24	37	13	17	53	43	66	57	56	54	44	46	39	59	52	68	39	48	32	38	12	8	63	58	52	33	44	41	36	34	47	29	56	36	20	41	15	60	28	22	18	43	10	31	20	13	43	63	48	34	62	28	19	53	15	37	
63	54	33	35	10	18	48	34	30	8	34	0	60	67	20	50	50	40	58	49	18	45	23	46	41	9	47	33	56	28	53	8	53	58	62	52	53	5	61	45	49	26	33	50	51	60	27	52	48	51	33	57	34	40	47	41	65	44	65	9	50	20	53	38	42	61	43	33	55	32	63	60	53	16	6	26	63	9	15	52	63	50	8	44	37	15	56	41	18	52	47	14	15	47	39	14	18	26	43	67	41	71	65	50	60	52	52	37	44	55	78	5	17	53	12	22	30	37	36	53	61	47	6	20	13	50	34	37	24	49	9	24	53	17	32	34	24	24	4	25	36	16	39	57	5	64	41	19	41	20	13	
33	24	32	60	69	62	32	57	46	63	38	60	0	37	42	18	45	32	3	58	65	46	58	30	30	66	18	69	31	51	43	68	43	33	32	10	30	65	4	19	62	61	30	22	69	23	35	12	32	30	43	25	26	36	75	22	42	53	12	60	14	49	28	71	37	19	17	62	10	68	15	20	18	55	66	53	30	56	73	20	28	68	68	63	27	53	50	20	64	9	62	48	55	17	26	46	50	51	21	18	33	37	27	42	28	21	25	33	54	30	34	65	67	7	56	42	47	69	62	32	12	28	66	47	67	29	29	57	44	19	70	53	46	63	28	26	52	42	56	35	27	60	68	21	64	38	20	54	47	42	69	
69	16	35	46	78	78	19	44	39	74	64	67	37	0	57	51	22	60	35	35	80	27	52	62	27	68	28	56	11	43	18	75	18	9	6	32	15	72	33	48	39	52	37	21	47	14	54	29	65	64	69	61	43	65	55	49	7	33	26	72	29	68	63	56	67	18	43	49	29	57	22	56	22	54	70	45	7	59	82	21	9	46	76	44	33	68	22	37	79	33	41	62	54	29	30	56	50	72	49	21	26	4	10	20	10	20	17	30	34	12	15	70	64	38	57	60	71	54	48	14	49	21	70	47	79	18	37	42	43	52	77	73	21	79	43	46	47	61	63	48	50	58	52	17	73	4	35	72	31	59	81	
44	41	22	40	27	22	38	38	28	21	16	20	42	57	0	30	45	21	39	49	24	42	30	27	30	28	31	44	45	30	47	27	46	48	51	34	42	24	43	25	51	34	20	36	56	47	7	35	29	32	18	38	16	22	56	21	56	44	48	17	34	11	34	47	24	46	24	39	38	42	47	40	38	23	26	29	51	19	31	38	50	54	27	48	24	12	52	23	23	34	50	6	22	31	26	7	20	17	23	51	32	60	52	44	48	38	39	27	44	44	64	25	32	34	21	5	17	46	42	43	41	35	26	19	25	38	19	40	20	29	29	17	48	22	14	15	27	6	16	8	16	27	47	43	22	54	24	15	39	2	27	
20	35	31	60	56	47	39	57	45	50	21	50	18	51	30	0	51	14	18	62	49	51	54	12	33	57	24	67	42	49	51	57	50	45	45	19	39	54	21	5	65	57	27	31	72	37	23	22	14	13	26	11	19	18	76	9	54	57	29	46	22	34	12	70	19	34	10	61	22	66	31	10	29	49	56	50	44	48	60	30	42	71	57	65	27	39	58	17	49	18	65	36	48	23	28	36	44	34	7	35	37	52	42	49	41	31	35	35	58	41	51	55	60	13	48	28	30	68	62	42	11	34	56	42	53	37	26	58	40	1	59	37	54	48	21	17	49	27	46	25	14	53	68	34	52	50	19	39	51	30	56	
72	21	24	23	60	64	12	21	19	57	57	50	45	22	45	51	0	56	42	13	65	5	31	59	18	48	28	33	16	22	4	57	4	16	20	36	15	54	43	46	17	30	27	22	25	26	45	33	62	63	61	63	36	60	33	46	17	11	39	56	31	56	63	33	62	30	41	27	35	34	34	60	27	34	50	24	23	40	65	25	24	24	57	22	25	55	7	34	65	37	19	49	35	29	23	41	31	62	47	36	14	26	27	3	21	23	20	18	12	16	37	51	43	42	38	50	62	31	25	13	55	17	50	29	62	16	28	19	26	52	58	62	3	64	35	40	27	51	46	38	45	37	29	25	55	18	32	60	9	47	63	
23	44	32	58	45	33	45	55	44	39	7	40	32	60	21	14	56	0	31	64	36	54	50	6	37	49	32	63	50	47	57	46	56	53	54	29	47	43	35	13	67	53	28	39	72	47	15	32	8	11	12	18	19	5	74	11	62	59	42	35	31	22	13	67	7	44	17	58	33	62	43	21	38	43	46	48	53	40	48	39	51	71	46	65	30	27	62	23	35	29	66	25	43	31	32	28	39	20	11	47	41	61	52	54	50	40	43	37	59	49	62	45	53	25	42	17	16	65	60	49	25	41	46	38	41	44	27	57	37	12	48	23	58	35	20	15	45	16	37	21	10	47	65	43	41	59	25	26	52	20	44	
34	22	29	57	66	60	29	54	43	60	37	58	3	35	39	18	42	31	0	55	62	43	55	30	27	63	15	66	28	48	41	66	40	31	30	7	27	62	4	17	59	57	27	19	66	21	33	9	32	30	42	26	24	35	72	21	39	50	11	57	11	48	29	68	37	17	15	59	7	65	14	21	15	52	63	50	28	53	70	17	26	65	66	60	24	51	47	17	62	6	59	46	52	13	23	43	47	49	19	17	30	35	25	39	26	19	22	30	51	28	33	62	64	5	53	40	46	66	59	29	13	25	63	44	64	26	26	54	41	19	68	51	43	61	25	24	49	40	53	32	25	57	65	19	61	35	17	53	44	40	67	
82	34	32	15	59	66	25	15	21	57	64	49	58	35	49	62	13	64	55	0	66	11	26	68	29	44	40	24	30	21	17	55	17	29	33	48	29	53	56	57	4	25	35	35	12	39	51	45	72	73	67	74	44	68	20	55	28	5	53	57	44	60	73	22	70	43	52	19	48	25	48	72	40	32	48	22	36	39	63	38	37	11	55	9	35	58	13	44	66	49	6	52	33	41	34	44	32	66	56	50	25	39	40	16	34	36	33	27	5	30	50	48	38	54	36	55	67	21	16	27	67	30	48	31	62	29	37	12	29	62	55	66	14	65	43	48	25	56	46	44	54	34	18	39	54	31	43	63	11	51	63	
58	65	44	53	12	3	60	52	46	10	29	18	65	80	24	49	65	36	62	66	0	61	41	42	53	26	55	52	68	45	68	17	67	71	74	58	65	16	67	46	67	44	43	60	69	70	29	59	43	47	26	54	40	35	66	42	78	61	72	9	58	15	49	56	36	70	47	51	61	50	71	58	62	34	22	44	75	27	13	62	74	68	16	62	47	12	72	47	1	58	65	17	33	55	50	24	34	17	44	75	54	83	76	65	71	62	63	50	61	67	88	21	34	57	30	22	22	55	54	66	61	59	22	36	7	62	43	55	38	48	18	14	68	1	38	38	41	22	20	32	37	34	57	67	13	77	48	10	57	22	9	
71	24	22	18	56	60	14	16	15	52	55	45	46	27	42	51	5	54	43	11	61	0	26	58	17	43	29	29	20	17	9	52	8	20	24	37	18	50	44	46	15	25	25	24	23	29	42	34	61	62	58	63	34	58	29	45	21	7	42	52	32	53	62	29	61	32	41	22	36	29	37	60	29	29	46	19	27	36	60	26	28	21	53	18	24	51	10	33	61	38	16	45	30	30	23	37	27	59	46	39	14	31	31	7	25	25	22	16	8	20	41	46	38	43	33	47	59	27	20	17	55	18	46	25	58	18	26	14	22	51	53	59	7	60	33	38	22	48	42	35	44	32	25	28	50	23	32	56	4	44	59	
72	43	26	12	32	41	34	11	13	31	47	23	58	52	30	54	31	50	55	26	41	26	0	56	30	17	41	13	42	8	35	28	34	43	47	48	39	26	58	48	26	3	28	40	28	49	35	47	58	61	48	65	34	53	26	45	47	23	59	32	45	38	62	17	55	51	44	10	50	12	55	65	45	7	21	6	50	14	36	43	50	27	29	21	31	34	36	39	41	49	24	29	8	42	32	23	10	45	47	58	28	56	53	32	47	42	41	26	22	42	65	21	12	52	11	35	47	16	13	39	63	35	21	12	36	37	29	14	14	54	28	44	33	40	33	37	6	37	21	29	41	7	17	47	28	48	38	39	21	32	36	
17	46	36	63	51	39	48	60	49	45	13	46	30	62	27	12	59	6	30	68	42	58	56	0	41	55	34	69	52	53	60	52	59	55	56	30	49	49	34	14	71	59	33	41	78	48	21	33	3	5	16	12	24	7	79	13	64	63	41	41	33	28	7	72	7	45	19	64	33	68	43	16	40	49	53	53	55	46	54	41	53	76	52	70	34	33	66	25	41	29	71	32	49	33	36	34	45	25	13	47	44	63	53	57	52	42	45	42	64	51	63	51	59	25	48	23	20	71	65	51	21	43	53	43	47	46	31	62	43	10	54	28	62	41	25	20	51	22	43	26	15	53	71	45	47	61	27	32	57	26	50	
54	13	8	30	51	51	8	26	17	46	40	41	30	27	30	33	18	37	27	29	53	17	30	41	0	42	12	39	15	22	19	49	18	18	21	20	12	46	29	28	32	32	10	10	40	20	28	18	44	45	44	45	18	42	44	27	26	24	29	45	16	41	45	41	44	21	23	32	20	39	25	43	15	29	44	24	22	33	55	13	22	38	49	33	7	41	25	16	52	21	32	35	29	13	5	28	24	46	28	28	3	30	24	16	19	12	11	4	24	15	37	43	40	25	31	34	45	39	32	13	38	6	44	21	51	9	11	26	17	34	50	47	20	51	18	22	24	34	36	21	27	33	37	17	45	24	14	45	17	31	53	
72	56	36	29	16	28	48	29	29	16	43	9	66	68	28	57	48	49	63	44	26	43	17	55	42	0	51	26	57	25	52	11	51	59	63	57	54	10	67	52	44	19	37	52	44	63	34	56	57	60	43	66	40	50	40	48	64	41	69	19	54	30	62	30	51	64	50	26	59	24	67	68	57	14	4	23	64	10	19	55	64	43	12	38	41	25	53	46	27	57	41	23	13	51	42	21	18	36	50	70	42	72	67	49	61	55	54	38	40	56	79	5	8	59	11	31	40	30	29	54	68	49	4	21	20	51	38	32	25	56	11	34	51	26	38	41	21	33	12	32	43	10	32	59	13	64	46	29	39	28	20	
44	12	15	42	57	53	15	38	28	51	36	47	18	28	31	24	28	32	15	40	55	29	41	34	12	51	0	51	18	33	27	55	26	21	22	8	15	52	17	20	44	43	13	7	51	15	27	6	37	36	41	35	15	37	56	21	30	35	18	49	4	42	36	53	39	14	15	44	9	50	16	32	7	38	51	35	21	41	61	7	19	50	55	45	10	43	34	9	55	9	44	38	38	1	9	33	33	45	21	20	15	30	21	25	18	8	11	15	36	17	33	51	50	14	40	34	43	51	44	17	26	10	51	30	56	13	13	39	27	25	57	47	30	54	17	18	35	34	42	23	22	43	49	12	51	27	7	47	29	33	58	
85	51	37	10	42	52	41	13	22	41	60	33	69	56	44	67	33	63	66	24	52	29	13	69	39	26	51	0	48	18	38	37	37	49	53	58	46	36	68	61	21	9	40	49	19	57	48	57	72	74	62	77	47	66	14	58	50	23	68	43	55	51	75	4	68	60	57	7	60	2	64	77	54	20	30	16	55	26	45	52	56	18	38	14	42	47	36	51	52	60	19	43	21	52	42	36	24	58	60	67	37	60	59	36	53	51	49	35	22	48	70	31	18	63	23	49	60	4	8	45	75	44	30	25	46	45	41	14	26	66	37	56	35	51	45	50	18	50	33	42	55	18	6	55	38	52	50	52	25	45	46	
61	6	23	38	67	67	8	35	29	62	53	56	31	11	45	42	16	50	28	30	68	20	42	52	15	57	18	48	0	33	13	64	13	3	5	23	3	61	28	38	34	43	25	11	42	9	43	20	55	54	58	52	31	55	49	39	12	27	23	60	19	56	54	49	57	13	33	41	21	48	18	49	13	43	59	35	7	48	71	11	8	41	65	38	21	57	19	27	68	25	35	51	43	19	19	44	39	61	39	20	14	14	11	13	5	10	7	19	28	1	22	58	54	30	46	49	59	47	40	3	42	9	59	36	67	6	26	34	32	42	65	62	16	67	32	35	37	49	52	37	40	47	45	9	61	9	25	61	23	47	69	
68	34	19	10	39	45	25	8	5	36	46	28	51	43	30	49	22	47	48	21	45	17	8	53	22	25	33	18	33	0	26	34	26	34	38	41	30	32	50	43	22	10	22	32	26	41	33	39	55	57	48	60	30	51	26	41	39	16	51	36	37	39	58	20	53	43	39	11	42	17	47	60	37	12	28	2	41	18	42	35	41	24	35	18	24	37	28	33	45	42	20	31	13	34	24	23	11	46	42	50	20	47	44	24	38	34	32	18	16	33	56	28	20	45	16	35	47	18	12	30	57	27	28	10	41	28	23	10	10	49	35	45	25	44	28	33	4	36	25	26	38	14	18	38	33	39	32	42	13	31	42	
72	19	26	28	64	67	12	25	23	60	59	53	43	18	47	51	4	57	41	17	68	9	35	60	19	52	27	38	13	26	0	61	1	12	16	35	13	58	41	47	21	35	29	21	29	23	47	32	63	63	63	63	37	61	37	46	12	15	37	60	30	59	63	38	63	27	41	31	33	39	32	60	25	38	54	29	19	44	68	23	20	28	61	26	26	58	6	34	68	36	23	51	39	29	24	44	35	64	47	33	16	22	23	3	18	21	18	20	16	13	33	55	47	41	42	52	64	36	29	11	54	17	54	33	66	15	30	23	29	52	62	64	3	67	37	41	31	53	50	40	46	41	33	23	59	14	32	62	13	49	67	
69	62	41	40	5	19	55	39	37	8	40	8	68	75	27	57	57	46	66	55	17	52	28	52	49	11	55	37	64	34	61	0	60	66	70	60	60	3	69	52	54	30	41	58	55	68	34	60	54	57	38	64	42	46	51	48	72	51	73	12	58	25	59	41	47	69	51	37	63	35	71	67	61	22	7	33	71	16	8	60	71	54	1	48	45	19	63	49	17	60	52	21	21	55	47	22	25	30	50	75	49	79	73	58	68	60	60	45	50	63	86	6	19	61	18	29	34	41	40	61	68	55	7	28	10	58	42	43	31	56	2	27	60	17	40	41	30	30	12	33	43	20	43	65	5	72	49	22	48	27	9	
71	18	25	27	63	66	11	25	22	59	58	53	43	18	46	50	4	56	40	17	67	8	34	59	18	51	26	37	13	26	1	60	0	12	16	34	12	57	40	46	21	34	28	20	29	22	46	31	62	62	62	62	36	60	37	45	13	15	36	59	30	58	62	37	62	26	40	31	33	38	31	59	24	37	54	28	19	43	67	22	20	28	61	26	25	57	7	33	67	35	23	50	38	28	23	43	34	63	46	33	15	22	23	2	17	21	17	19	16	13	33	54	46	40	41	51	63	35	29	10	53	16	54	32	65	14	29	23	29	51	61	63	3	66	36	40	30	52	49	39	45	41	33	22	58	14	31	61	13	48	66	
64	9	26	38	69	69	10	36	30	64	56	58	33	9	48	45	16	53	31	29	71	20	43	55	18	59	21	49	3	34	12	66	12	0	4	26	6	63	30	41	33	44	28	14	41	11	45	23	58	57	61	55	34	58	49	42	9	27	25	63	22	59	57	49	60	15	36	42	24	49	20	52	16	45	60	37	7	50	73	14	8	40	67	38	24	59	17	30	70	27	35	53	45	22	22	46	41	64	42	21	17	12	11	13	5	13	10	21	28	4	21	60	55	33	48	52	62	47	40	5	45	12	60	38	70	9	28	34	34	45	67	65	15	69	35	38	38	52	54	39	43	49	45	12	63	6	28	63	23	50	71	
64	10	29	42	72	72	14	40	34	68	58	62	32	6	51	45	20	54	30	33	74	24	47	56	21	63	22	53	5	38	16	70	16	4	0	26	9	67	29	42	37	48	30	15	45	9	48	23	59	58	62	55	36	59	53	43	9	31	23	66	23	62	57	53	61	13	37	46	24	53	18	51	16	48	64	41	3	53	77	15	5	44	70	42	26	62	21	31	73	27	39	56	49	23	24	50	44	66	43	18	20	9	7	17	4	14	11	24	32	6	17	64	59	32	52	54	64	51	44	8	44	15	64	41	73	12	31	38	38	46	71	67	19	72	37	40	42	55	58	42	44	53	49	11	67	5	29	66	27	52	75	
37	17	22	49	61	56	23	46	36	55	35	52	10	32	34	19	36	29	7	48	58	37	48	30	20	57	8	58	23	41	35	60	34	26	26	0	21	57	10	16	52	50	20	13	59	18	29	3	33	32	40	29	18	34	64	18	35	43	14	52	4	43	31	61	36	15	12	52	3	58	13	25	10	45	57	42	25	46	65	12	23	58	60	53	17	46	41	11	57	1	52	41	45	6	16	37	40	46	18	18	23	33	23	33	22	13	17	23	44	22	33	56	57	6	46	36	43	59	52	24	19	18	57	37	59	20	19	47	34	20	62	48	37	57	20	19	42	36	47	26	22	50	57	15	55	31	10	48	37	35	62	
59	5	20	36	63	63	5	33	26	58	50	53	30	15	42	39	15	47	27	29	65	18	39	49	12	54	15	46	3	30	13	60	12	6	9	21	0	58	27	35	33	40	21	8	41	11	39	18	52	52	54	50	28	52	48	36	15	25	24	57	17	53	51	47	54	14	30	39	20	46	19	47	12	39	55	32	10	44	67	10	10	40	61	36	18	53	19	24	64	23	34	47	40	16	15	40	35	57	36	21	11	18	13	12	7	8	5	15	26	2	25	55	50	28	43	45	56	45	38	2	41	6	55	32	64	3	22	32	29	40	62	58	16	63	28	32	34	46	48	33	37	44	43	9	58	12	22	57	21	43	65	
66	59	38	38	6	18	53	38	34	6	37	5	65	72	24	54	54	43	62	53	16	50	26	49	46	10	52	36	61	32	58	3	57	63	67	57	58	0	66	49	53	29	38	55	54	65	31	57	51	55	35	61	38	43	50	45	69	49	70	10	55	22	56	40	45	66	48	36	60	34	68	64	58	20	6	31	68	13	10	57	68	53	3	47	42	17	60	45	17	57	50	18	19	52	44	19	23	28	47	72	46	76	70	55	65	57	57	42	48	60	83	5	18	57	16	26	32	40	39	58	65	52	6	25	10	55	38	41	29	53	5	25	57	16	37	38	28	27	9	30	40	19	42	62	2	69	46	20	46	24	10	
37	21	32	59	70	64	30	56	45	64	41	61	4	33	43	21	43	35	4	56	67	44	58	34	29	67	17	68	28	50	41	69	40	30	29	10	27	66	0	22	60	60	30	20	68	19	37	11	36	34	46	29	27	39	73	25	38	51	8	61	13	52	32	70	41	15	20	61	8	68	11	24	15	55	66	52	26	56	74	18	24	66	70	62	27	55	47	20	66	9	60	50	55	16	26	47	50	53	24	14	31	33	23	40	25	19	22	32	52	27	30	66	67	9	56	44	50	68	61	29	16	25	66	47	68	26	29	55	44	23	71	55	44	65	29	28	52	44	57	36	29	60	67	18	65	34	20	57	46	44	71	
25	32	25	54	52	43	35	51	39	46	19	45	19	48	25	5	46	13	17	57	46	46	48	14	28	52	20	61	38	43	47	52	46	41	42	16	35	49	22	0	60	51	21	27	67	34	18	19	17	16	24	16	13	18	70	4	50	52	29	42	19	31	16	64	19	31	5	55	19	60	30	16	26	43	51	44	41	42	55	27	39	65	52	60	22	35	53	12	45	15	60	31	43	19	23	31	38	32	2	34	32	49	39	44	38	28	31	30	52	37	49	50	54	12	43	24	28	62	56	37	16	30	51	36	49	32	20	52	34	5	54	34	49	45	15	11	43	23	41	20	9	48	62	31	47	47	14	36	45	25	52	
86	39	35	14	59	67	29	15	23	57	66	49	62	39	51	65	17	67	59	4	67	15	26	71	32	44	44	21	34	22	21	54	21	33	37	52	33	53	60	60	0	24	38	39	8	43	53	49	74	76	69	77	47	71	16	58	32	8	57	58	48	61	76	20	73	47	55	17	52	23	52	75	44	33	47	23	40	40	63	42	41	7	55	7	38	59	17	48	67	53	2	53	34	45	37	45	33	68	60	54	29	43	44	20	39	40	37	30	7	34	54	48	37	58	37	57	69	18	14	31	70	34	47	32	62	33	40	12	31	66	55	67	18	66	46	51	26	58	47	46	56	33	15	43	54	35	46	64	14	53	63	
76	44	28	9	35	44	35	10	15	34	51	26	61	52	34	57	30	53	57	25	44	25	3	59	32	19	43	9	43	10	35	30	34	44	48	50	40	29	60	51	24	0	31	42	25	50	38	49	62	64	52	68	38	56	22	48	47	22	61	35	47	42	65	13	58	53	47	7	52	8	57	68	47	11	23	8	50	17	38	45	51	24	31	18	33	38	35	42	44	51	21	33	12	44	34	26	14	48	50	60	30	56	54	32	48	44	42	28	21	43	66	24	13	54	14	39	51	12	10	40	66	37	23	15	39	38	32	13	17	57	31	47	33	43	36	40	8	40	24	32	45	10	13	48	31	48	41	43	21	35	39	
47	22	3	32	43	41	18	29	18	38	30	33	30	37	20	27	27	28	27	35	43	25	28	33	10	37	13	40	25	22	29	41	28	28	30	20	21	38	30	21	38	31	0	16	45	27	18	19	36	37	34	38	8	33	48	20	36	30	32	36	17	31	37	42	35	28	17	34	22	39	29	38	20	25	37	23	31	27	47	19	30	43	42	38	4	31	34	10	43	21	38	25	25	14	6	19	20	36	21	34	13	39	32	26	28	19	20	9	31	24	45	37	37	23	26	24	35	41	34	23	34	15	37	17	43	18	1	30	14	27	43	37	30	42	8	13	22	24	29	11	18	30	40	24	38	34	10	35	24	21	45	
51	5	16	39	60	58	10	36	27	55	42	50	22	21	36	31	22	39	19	35	60	24	40	41	10	52	7	49	11	32	21	58	20	14	15	13	8	55	20	27	39	42	16	0	47	10	33	10	44	43	47	42	21	44	53	28	23	31	19	53	9	47	43	50	46	11	22	42	12	49	15	38	5	39	53	34	15	42	64	3	13	46	58	41	12	48	27	16	59	15	40	42	39	8	10	36	34	51	28	18	12	23	15	19	11	2	4	14	32	10	28	53	50	20	41	39	49	48	41	10	32	5	53	31	60	6	17	35	27	32	59	52	24	59	22	25	34	40	45	28	29	43	47	7	54	20	14	52	25	38	62	
92	47	41	16	60	69	37	18	28	59	72	51	69	47	56	72	25	72	66	12	69	23	28	78	40	44	51	19	42	26	29	55	29	41	45	59	41	54	68	67	8	25	45	47	0	52	59	57	81	82	74	84	54	76	8	65	40	16	65	60	55	65	83	16	78	55	62	18	60	21	60	82	52	35	48	26	48	42	63	50	50	1	56	7	45	62	25	55	69	61	7	57	36	53	44	49	36	72	66	62	36	51	52	29	47	48	45	37	15	42	62	49	36	65	39	61	73	15	15	39	78	42	48	36	64	41	46	15	35	72	55	71	26	68	52	57	29	62	49	51	63	35	12	51	56	43	53	67	22	57	64	
55	6	27	47	71	69	16	44	36	65	51	60	23	14	47	37	26	47	21	39	70	29	49	48	20	63	15	57	9	41	23	68	22	11	9	18	11	65	19	34	43	50	27	10	52	0	43	15	51	50	56	46	31	52	59	35	18	36	14	63	15	57	49	58	53	4	29	50	15	57	9	42	8	49	64	43	7	53	75	8	5	50	69	47	23	59	29	25	70	19	45	53	49	16	21	47	44	61	35	10	20	15	5	23	5	8	8	24	37	9	17	63	60	24	51	49	59	56	49	12	35	13	64	41	70	12	27	43	38	38	70	62	26	69	32	34	43	50	56	38	38	53	54	3	65	14	23	62	32	48	72	
38	38	21	43	33	27	36	41	30	27	13	27	35	54	7	23	45	15	33	51	29	42	35	21	28	34	27	48	43	33	47	34	46	45	48	29	39	31	37	18	53	38	18	33	59	43	0	30	23	26	16	31	11	17	60	14	54	46	43	24	29	14	27	52	20	42	17	44	32	47	42	33	34	28	33	33	48	26	37	34	46	57	34	51	21	17	52	18	28	29	52	13	28	27	23	13	24	18	16	46	31	56	48	44	44	34	36	27	46	42	60	32	38	28	27	7	17	50	45	41	34	33	33	23	31	36	17	43	23	22	36	19	48	28	10	9	31	7	23	7	9	32	51	39	29	52	20	19	40	7	34	
41	13	21	48	61	57	20	44	34	56	37	52	12	29	35	22	33	32	9	45	59	34	47	33	18	56	6	57	20	39	32	60	31	23	23	3	18	57	11	19	49	49	19	10	57	15	30	0	36	35	42	32	19	37	62	21	32	41	13	53	2	45	34	59	39	12	14	50	3	56	12	28	7	44	56	41	22	46	65	8	20	56	60	51	16	47	38	12	58	4	50	42	44	5	15	38	39	48	20	16	21	30	20	30	19	10	13	21	42	19	30	56	56	9	45	37	45	57	50	21	22	15	56	36	60	17	18	44	33	23	62	49	34	58	20	21	41	37	47	27	24	49	55	12	56	28	10	50	35	36	62	
15	49	39	66	52	40	51	63	52	46	14	48	32	65	29	14	62	8	32	72	43	61	58	3	44	57	37	72	55	55	63	54	62	58	59	33	52	51	36	17	74	62	36	44	81	51	23	36	0	4	17	12	27	8	82	16	67	66	44	42	36	29	6	75	7	48	22	67	36	70	46	17	43	52	55	56	58	49	55	44	56	79	53	73	37	34	69	28	42	32	74	33	51	36	39	37	48	26	16	49	48	66	56	61	55	45	48	45	67	54	65	53	61	27	50	25	21	74	68	54	23	47	55	46	48	49	34	65	46	13	56	29	65	42	28	23	54	24	45	29	18	56	74	48	49	64	30	33	60	28	51	
11	48	41	68	56	44	51	65	54	50	18	51	30	64	32	13	63	11	30	73	47	62	61	5	45	60	36	74	54	57	63	57	62	57	58	32	52	55	34	16	76	64	37	43	82	50	26	35	4	0	21	8	28	12	84	17	66	67	42	46	35	33	2	77	11	47	22	69	35	73	44	13	42	54	58	58	57	52	59	43	55	81	57	75	38	38	70	29	46	31	75	37	54	35	39	40	50	30	16	47	48	65	55	61	54	44	47	46	68	53	63	57	64	26	53	29	25	76	70	54	20	47	58	49	52	49	36	67	48	12	59	33	65	46	29	24	56	27	48	32	19	59	76	47	52	63	31	37	61	31	55	
32	52	37	58	35	23	52	56	46	30	5	33	43	69	18	26	61	12	42	67	26	58	48	16	44	43	41	62	58	48	63	38	62	61	62	40	54	35	46	24	69	52	34	47	74	56	16	42	17	21	0	28	26	9	74	21	69	62	53	26	41	13	23	66	10	55	27	58	43	60	54	33	48	41	40	48	62	36	38	48	61	73	37	66	37	18	68	31	25	39	68	19	40	40	39	25	38	9	22	58	47	71	62	60	59	49	51	43	62	57	73	38	48	37	38	13	4	64	60	56	37	48	40	38	31	51	33	58	38	25	40	12	64	25	26	22	45	11	31	23	18	44	65	53	33	67	33	16	56	16	34	
8	46	42	71	63	51	51	68	56	57	25	57	25	61	38	11	63	18	26	74	54	63	65	12	45	66	35	77	52	60	63	64	62	55	55	29	50	61	29	16	77	68	38	42	84	46	31	32	12	8	28	0	30	19	87	19	64	68	37	53	32	40	5	81	19	43	22	72	31	76	40	5	39	59	64	61	53	57	66	41	51	82	64	77	39	45	69	29	53	27	77	43	58	34	40	45	54	37	17	43	48	61	51	60	51	42	45	46	69	51	59	63	69	22	58	35	32	79	73	52	13	46	64	52	59	48	37	69	51	11	66	40	65	53	32	27	59	34	54	35	23	63	79	44	59	60	30	44	62	37	62	
38	26	12	40	42	38	26	37	26	37	22	34	26	43	16	19	36	19	24	44	40	34	34	24	18	40	15	47	31	30	37	42	36	34	36	18	28	38	27	13	47	38	8	21	54	31	11	19	27	28	26	30	0	24	56	11	43	39	32	34	17	26	29	50	26	30	10	41	21	46	31	30	23	29	39	31	36	30	46	22	35	52	42	46	11	28	42	7	39	18	47	23	29	15	13	19	25	29	12	35	21	45	36	34	33	23	25	18	39	30	48	38	41	19	30	18	28	48	42	30	28	22	39	22	41	25	7	38	20	19	43	31	38	38	2	4	29	18	29	8	9	34	48	27	37	41	8	31	33	17	43	
23	49	36	61	44	32	50	59	48	38	6	40	36	65	22	18	60	5	35	68	35	58	53	7	42	50	37	66	55	51	61	46	60	58	59	34	52	43	39	18	71	56	33	44	76	52	17	37	8	12	9	19	24	0	77	16	67	63	47	34	36	21	14	70	2	50	22	61	38	65	48	24	43	46	47	51	58	42	47	44	56	75	46	69	35	26	67	28	34	34	70	26	45	36	37	30	42	18	16	52	45	67	57	59	55	45	48	42	63	54	68	46	54	30	44	18	13	68	63	54	29	46	47	41	40	49	32	61	41	17	48	21	63	34	25	20	49	17	38	24	15	49	69	48	41	64	30	25	57	21	43	
95	53	45	16	56	66	43	19	30	55	72	47	75	55	56	76	33	74	72	20	66	29	26	79	44	40	56	14	49	26	37	51	37	49	53	64	48	50	73	70	16	22	48	53	8	59	60	62	82	84	74	87	56	77	0	67	48	22	71	57	60	64	85	10	80	62	65	16	65	16	67	86	58	33	44	26	56	39	59	55	57	9	52	11	49	60	33	58	66	66	14	55	34	58	48	48	35	71	69	69	41	59	60	36	54	54	51	41	21	49	70	45	32	70	37	61	73	10	14	46	82	47	44	36	60	47	49	18	36	75	51	70	34	65	55	60	28	62	46	53	65	32	8	57	52	51	57	65	27	57	60	
27	33	23	51	48	39	34	48	37	41	16	41	22	49	21	9	46	11	21	55	42	45	45	13	27	48	21	58	39	41	46	48	45	42	43	18	36	45	25	4	58	48	20	28	65	35	14	21	16	17	21	19	11	16	67	0	51	50	32	38	20	27	17	61	18	33	6	52	22	57	32	19	27	39	47	42	42	38	51	28	40	63	48	58	21	31	52	12	41	18	58	27	39	20	22	27	35	28	2	36	31	50	41	44	39	29	32	28	51	38	52	46	50	15	39	20	24	60	53	38	20	30	47	33	45	33	18	50	31	8	50	30	48	41	12	8	40	19	37	16	5	44	59	32	43	48	14	32	44	21	48	
73	18	34	40	75	77	18	38	35	71	65	65	42	7	56	54	17	62	39	28	78	21	47	64	26	64	30	50	12	39	12	72	13	9	9	35	15	69	38	50	32	47	36	23	40	18	54	32	67	66	69	64	43	67	48	51	0	27	32	70	31	67	66	50	69	23	45	44	33	51	27	60	25	50	66	41	12	56	80	23	14	39	73	37	32	67	15	39	78	36	34	61	50	31	30	54	46	72	51	27	24	11	16	15	13	22	19	28	28	13	22	66	59	42	53	60	71	48	42	13	53	21	66	44	76	18	37	36	40	54	73	73	14	77	43	47	43	61	61	48	52	53	45	20	70	4	37	71	26	58	78	
77	31	26	13	55	61	21	12	16	52	59	44	53	33	44	57	11	59	50	5	61	7	23	63	24	41	35	23	27	16	15	51	15	27	31	43	25	49	51	52	8	22	30	31	16	36	46	41	66	67	62	68	39	63	22	50	27	0	49	52	39	55	68	22	65	40	46	17	43	24	44	67	36	28	44	18	34	35	59	34	35	14	52	11	29	53	13	39	61	45	8	47	29	37	29	39	27	61	51	47	20	37	38	14	32	32	29	22	1	27	48	44	35	49	32	49	62	20	14	24	62	25	44	26	57	25	31	9	24	57	51	61	12	60	38	43	20	50	41	38	48	30	18	35	50	29	38	58	6	46	58	
45	18	33	58	75	70	28	55	46	69	48	65	12	26	48	29	39	42	11	53	72	42	59	41	29	69	18	68	23	51	37	73	36	25	23	14	24	70	8	29	57	61	32	19	65	14	43	13	44	42	53	37	32	47	71	32	32	49	0	66	15	58	40	69	48	10	26	61	10	68	5	32	14	57	70	53	20	59	79	16	18	64	74	60	28	60	43	25	71	14	58	55	57	18	27	51	52	60	31	6	31	26	16	36	19	17	19	33	50	23	22	69	69	17	58	50	57	67	60	25	24	24	70	49	73	24	31	54	45	31	75	62	40	71	34	34	53	50	61	40	36	61	66	14	69	28	24	63	44	50	76	
57	58	37	44	10	9	52	43	37	4	28	9	60	72	17	46	56	35	57	57	9	52	32	41	45	19	49	43	60	36	60	12	59	63	66	52	57	10	61	42	58	35	36	53	60	63	24	53	42	46	26	53	34	34	57	38	70	52	66	0	51	13	48	47	35	63	42	42	55	41	65	56	55	25	15	35	67	18	13	55	66	59	11	53	40	8	63	41	9	52	56	11	24	49	42	16	25	18	40	69	46	75	68	56	63	55	55	41	52	60	81	14	26	52	21	18	22	47	45	58	58	51	15	27	7	54	36	46	30	45	13	15	59	8	32	33	32	19	11	25	33	25	48	60	7	69	42	10	48	17	9	
41	13	19	46	60	55	19	43	32	54	36	50	14	29	34	22	31	31	11	44	58	32	45	33	16	54	4	55	19	37	30	58	30	22	23	4	17	55	13	19	48	47	17	9	55	15	29	2	36	35	41	32	17	36	60	20	31	39	15	51	0	43	34	57	38	13	14	48	5	54	13	29	7	42	55	39	22	44	64	8	20	54	59	49	14	46	37	10	57	5	48	40	42	3	13	36	37	46	20	17	19	30	20	29	19	9	13	19	40	18	31	54	54	10	43	36	44	55	48	20	23	14	55	34	58	15	16	43	31	23	60	48	33	56	19	20	39	36	46	25	23	47	54	12	54	28	9	48	33	35	61	
44	52	33	49	23	12	49	47	39	17	15	20	49	68	11	34	56	22	48	60	15	53	38	28	41	30	42	51	56	39	59	25	58	59	62	43	53	22	52	31	61	42	31	47	65	57	14	45	29	33	13	40	26	21	64	27	67	55	58	13	43	0	35	55	22	57	32	48	47	49	57	43	49	30	27	39	62	25	26	49	61	64	25	57	35	5	63	33	14	43	60	8	29	42	37	16	29	6	29	61	43	71	62	55	59	49	51	39	55	55	75	26	36	42	27	7	10	54	50	54	46	47	27	29	19	50	30	50	31	33	27	6	59	13	25	24	36	7	19	19	22	33	55	54	20	65	34	5	50	9	22	
10	47	41	69	58	46	51	66	55	52	20	53	28	63	34	12	63	13	29	73	49	62	62	7	45	62	36	75	54	58	63	59	62	57	57	31	51	56	32	16	76	65	37	43	83	49	27	34	6	2	23	5	29	14	85	17	66	68	40	48	34	35	0	78	13	46	21	70	34	74	43	11	41	56	60	59	56	53	61	42	54	81	59	75	38	40	69	29	48	30	76	39	55	35	39	41	51	32	16	46	48	64	54	61	53	43	47	46	68	53	62	58	66	25	55	30	27	77	71	54	18	46	60	50	54	49	36	67	48	11	61	35	65	48	30	25	57	29	50	33	20	60	77	46	54	62	30	39	61	33	57	
89	52	39	11	46	57	42	14	25	45	64	38	71	56	47	70	33	67	68	22	56	29	17	72	41	30	53	4	49	20	38	41	37	49	53	61	47	40	70	64	20	13	42	50	16	58	52	59	75	77	66	81	50	70	10	61	50	22	69	47	57	55	78	0	72	61	60	8	62	6	65	80	55	24	34	19	56	30	49	53	57	15	42	13	44	51	35	53	56	62	17	47	25	54	44	40	27	62	63	68	38	60	60	36	54	52	50	37	21	49	71	35	22	65	27	53	64	2	9	46	77	45	34	29	50	46	44	15	30	69	41	60	35	55	48	53	21	54	37	46	58	22	4	56	42	52	52	56	26	49	50	
22	51	38	63	45	33	52	61	50	40	8	42	37	67	24	19	62	7	37	70	36	61	55	7	44	51	39	68	57	53	63	47	62	60	61	36	54	45	41	19	73	58	35	46	78	53	20	39	7	11	10	19	26	2	80	18	69	65	48	35	38	22	13	72	0	51	24	64	39	67	49	24	45	48	49	53	60	44	48	46	58	77	47	71	37	27	69	30	35	35	72	28	47	38	39	32	44	19	18	53	48	68	59	61	57	47	50	44	65	56	69	47	56	31	46	20	14	70	65	56	29	48	49	43	41	51	34	63	43	18	49	22	65	35	27	22	51	18	39	26	17	51	71	50	42	66	32	26	59	23	44	
51	9	28	50	71	68	19	47	38	66	50	61	19	18	46	34	30	44	17	43	70	32	51	45	21	64	14	60	13	43	27	69	26	15	13	15	14	66	15	31	47	53	28	11	55	4	42	12	48	47	55	43	30	50	62	33	23	40	10	63	13	57	46	61	51	0	27	53	12	60	5	38	7	50	65	45	11	54	75	8	8	54	70	51	23	58	33	23	70	16	49	53	51	15	21	47	46	60	33	7	23	18	8	26	9	9	11	25	41	13	18	64	62	21	53	49	57	59	52	16	31	16	65	43	70	15	27	46	39	35	71	61	30	69	31	33	46	49	57	38	36	55	57	5	66	18	22	61	35	48	73	
30	27	20	49	51	44	29	46	35	45	22	43	17	43	24	10	41	17	15	52	47	41	44	19	23	50	15	57	33	39	41	51	40	36	37	12	30	48	20	5	55	47	17	22	62	29	17	14	22	22	27	22	10	22	65	6	45	46	26	42	14	32	21	60	24	27	0	51	16	56	26	20	21	40	49	40	36	40	55	22	34	60	51	55	17	35	47	7	46	12	55	31	39	14	18	29	35	33	6	30	26	44	34	39	33	23	26	24	47	32	45	48	51	10	40	24	30	58	51	32	18	25	49	32	49	27	15	47	30	10	53	36	43	45	12	9	39	24	39	18	9	44	57	26	46	42	8	37	40	25	52	
80	44	30	3	42	51	34	6	16	41	56	33	62	49	39	61	27	58	59	19	51	22	10	64	32	26	44	7	41	11	31	37	31	42	46	52	39	36	61	55	17	7	34	42	18	50	44	50	67	69	58	72	41	61	16	52	44	17	61	42	48	48	70	8	64	53	51	0	53	7	57	71	47	17	30	10	49	24	45	45	49	17	38	11	35	44	30	44	51	53	15	39	18	45	35	32	19	55	54	60	30	54	52	29	46	44	42	28	16	41	64	31	19	57	21	45	57	7	3	38	68	37	30	20	46	38	35	8	21	61	37	54	29	50	40	44	12	46	31	37	49	17	7	48	38	45	43	50	18	41	46	
40	15	24	50	64	59	22	47	37	58	38	55	10	29	38	22	35	33	7	48	61	36	50	33	20	59	9	60	21	42	33	63	33	24	24	3	20	60	8	19	52	52	22	12	60	15	32	3	36	35	43	31	21	38	65	22	33	43	10	55	5	47	34	62	39	12	16	53	0	59	10	27	8	47	59	44	22	49	68	10	20	58	63	54	19	49	40	14	61	4	52	44	47	8	18	40	42	49	21	14	23	30	20	32	19	12	15	24	44	21	29	59	59	9	48	39	46	60	53	22	20	18	59	39	62	19	21	47	36	23	65	51	36	60	23	23	44	39	50	30	25	52	58	12	59	29	13	52	38	39	65	
84	51	36	10	40	50	41	13	22	39	59	32	68	57	42	66	34	62	65	25	50	29	12	68	39	24	50	2	48	17	39	35	38	49	53	58	46	34	68	60	23	8	39	49	21	57	47	56	70	73	60	76	46	65	16	57	51	24	68	41	54	49	74	6	67	60	56	7	59	0	64	76	54	19	28	15	56	24	43	52	56	20	36	16	41	45	37	50	50	59	20	41	20	51	41	34	22	56	59	67	37	61	59	37	53	51	49	35	23	48	71	29	16	62	21	47	59	6	9	45	74	44	28	24	44	45	40	15	25	65	35	55	36	49	44	49	17	49	31	41	53	16	8	55	36	53	49	50	25	44	44	
48	13	30	54	73	69	23	51	42	67	49	63	15	22	47	31	34	43	14	48	71	37	55	43	25	67	16	64	18	47	32	71	31	20	18	13	19	68	11	30	52	57	29	15	60	9	42	12	46	44	54	40	31	48	67	32	27	44	5	65	13	57	43	65	49	5	26	57	10	64	0	35	10	53	67	49	15	57	77	12	13	59	72	55	26	59	38	24	70	14	53	54	54	15	24	49	49	60	31	4	27	21	12	31	14	13	15	29	45	18	19	67	65	18	55	49	57	63	56	21	27	20	67	45	72	19	29	50	42	32	73	61	35	70	32	33	49	49	59	39	36	58	61	9	67	23	22	62	39	48	74	
13	42	41	70	66	55	48	67	56	60	29	60	20	56	40	10	60	21	21	72	58	60	65	16	43	68	32	77	49	60	60	67	59	52	51	25	47	64	24	16	75	68	38	38	82	42	33	28	17	13	33	5	30	24	86	19	60	67	32	56	29	43	11	80	24	38	20	71	27	76	35	0	35	59	66	61	49	58	69	37	47	81	67	75	37	48	66	27	57	24	75	46	59	31	38	46	55	42	18	38	46	56	46	58	47	38	42	45	67	48	54	65	70	18	59	38	37	79	72	49	8	43	66	52	62	45	36	68	51	11	69	44	62	57	32	27	59	37	56	36	24	64	78	40	62	56	29	48	60	40	65	
48	6	20	44	63	60	14	41	32	58	43	53	18	22	38	29	27	38	15	40	62	29	45	40	15	57	7	54	13	37	25	61	24	16	16	10	12	58	15	26	44	47	20	5	52	8	34	7	43	42	48	39	23	43	58	27	25	36	14	55	7	49	41	55	45	7	21	47	8	54	10	35	0	43	57	39	15	47	68	2	13	50	62	46	16	50	31	16	62	11	45	45	43	7	14	40	38	52	27	13	17	23	13	24	12	3	7	19	37	12	25	57	55	17	45	41	50	53	46	14	29	10	57	35	63	10	20	41	32	30	63	54	28	61	24	25	39	41	49	30	29	48	52	5	58	21	14	54	30	40	65	
66	42	23	19	26	34	34	18	14	24	40	16	55	54	23	49	34	43	52	32	34	29	7	49	29	14	38	20	43	12	38	22	37	45	48	45	39	20	55	43	33	11	25	39	35	49	28	44	52	54	41	59	29	46	33	39	50	28	57	25	42	30	56	24	48	50	40	17	47	19	53	59	43	0	16	10	50	7	30	42	50	34	23	28	28	27	40	35	34	46	31	22	1	39	29	15	5	37	41	57	28	57	53	35	47	41	40	25	28	42	65	16	12	48	4	28	39	23	20	40	58	35	16	8	29	37	26	21	11	48	23	36	37	33	27	31	7	29	14	23	35	5	24	46	21	50	35	32	25	24	30	
70	57	37	32	12	24	50	32	31	12	41	6	66	70	26	56	50	46	63	48	22	46	21	53	44	4	51	30	59	28	54	7	54	60	64	57	55	6	66	51	47	23	37	53	48	64	33	56	55	58	40	64	39	47	44	47	66	44	70	15	55	27	60	34	49	65	49	30	59	28	67	66	57	16	0	26	66	10	15	56	66	47	8	41	41	22	56	46	23	57	45	21	15	52	43	20	19	33	49	71	44	73	68	51	63	55	55	40	43	58	81	1	12	58	12	29	37	34	33	56	67	50	0	22	16	53	38	36	26	55	7	31	53	22	37	40	23	30	10	31	42	13	36	60	8	66	46	26	41	26	16	
69	36	20	10	37	44	27	8	7	34	46	26	53	45	29	50	24	48	50	22	44	19	6	53	24	23	35	16	35	2	29	33	28	37	41	42	32	31	52	44	23	8	23	34	26	43	33	41	56	58	48	61	31	51	26	42	41	18	53	35	39	39	59	19	53	45	40	10	44	15	49	61	39	10	26	0	43	17	41	37	43	25	34	18	25	36	30	34	44	43	21	30	11	36	26	23	10	45	43	52	22	49	46	26	40	36	34	20	17	35	58	26	18	47	14	35	47	17	12	32	58	29	26	10	40	31	25	11	10	50	34	45	27	43	29	34	3	36	24	26	38	12	17	40	32	41	33	41	15	31	40	
62	9	30	45	74	73	16	42	36	69	57	63	30	7	51	44	23	53	28	36	75	27	50	55	22	64	21	55	7	41	19	71	19	7	3	25	10	68	26	41	40	50	31	15	48	7	48	22	58	57	62	53	36	58	56	42	12	34	20	67	22	62	56	56	60	11	36	49	22	56	15	49	15	50	66	43	0	55	78	14	2	47	72	45	27	63	24	31	74	26	42	57	51	22	25	51	46	66	42	15	22	8	4	20	3	13	11	26	35	8	15	66	61	31	53	55	64	54	47	10	42	16	66	43	74	13	31	41	40	45	73	67	22	73	37	40	44	55	59	43	44	55	52	10	68	7	29	67	30	53	76	
63	47	26	26	20	27	39	25	21	17	36	9	56	59	19	48	40	40	53	39	27	36	14	46	33	10	41	26	48	18	44	16	43	50	53	46	44	13	56	42	40	17	27	42	42	53	26	46	49	52	36	57	30	42	39	38	56	35	59	18	44	25	53	30	44	54	40	24	49	24	57	58	47	7	10	17	55	0	24	45	55	41	17	35	31	21	46	36	27	47	38	17	6	41	32	12	9	31	40	60	33	63	57	41	52	45	44	29	35	47	70	10	12	49	3	24	34	29	27	45	58	39	10	12	22	42	27	28	15	47	17	30	43	26	28	31	14	25	7	22	34	8	31	50	14	55	36	26	32	20	23	
70	69	48	48	4	16	63	48	45	9	41	15	73	82	31	60	65	48	70	63	13	60	36	54	55	19	61	45	71	42	68	8	67	73	77	65	67	10	74	55	63	38	47	64	63	75	37	65	55	59	38	66	46	47	59	51	80	59	79	13	64	26	61	49	48	75	55	45	68	43	77	69	68	30	15	41	78	24	0	67	77	62	7	57	52	21	71	54	14	65	60	24	29	61	54	28	33	29	53	81	56	86	80	65	74	66	67	52	58	70	92	14	27	65	26	31	34	49	48	68	71	62	15	35	7	65	48	51	39	58	8	26	68	13	45	46	38	32	19	38	46	29	51	71	9	79	55	22	56	30	4	
49	5	19	42	62	60	12	39	30	57	43	52	20	21	38	30	25	39	17	38	62	26	43	41	13	55	7	52	11	35	23	60	22	14	15	12	10	57	18	27	42	45	19	3	50	8	34	8	44	43	48	41	22	44	55	28	23	34	16	55	8	49	42	53	46	8	22	45	10	52	12	37	2	42	56	37	14	45	67	0	12	48	61	44	15	50	29	16	61	13	42	44	42	8	13	39	37	52	28	15	15	22	13	22	11	1	5	17	34	10	26	55	53	18	44	41	50	51	44	12	31	8	56	34	62	8	19	38	30	31	62	54	26	60	23	26	37	41	48	29	30	46	50	5	57	20	14	53	28	40	64	
60	8	29	46	73	72	16	43	36	68	56	63	28	9	50	42	24	51	26	37	74	28	50	53	22	64	19	56	8	41	20	71	20	8	5	23	10	68	24	39	41	51	30	13	50	5	46	20	56	55	61	51	35	56	57	40	14	35	18	66	20	61	54	57	58	8	34	49	20	56	13	47	13	50	66	43	2	55	77	12	0	48	71	46	26	62	26	29	73	24	43	56	51	20	24	50	46	65	40	13	21	10	3	21	3	12	10	25	36	8	15	65	61	29	53	53	63	55	48	11	40	15	66	43	73	13	30	42	39	43	72	66	23	72	36	38	44	54	58	41	42	55	53	8	67	10	27	66	31	52	75	
91	45	40	15	59	68	36	16	26	58	70	50	68	46	54	71	24	71	65	11	68	21	27	76	38	43	50	18	41	24	28	54	28	40	44	58	40	53	66	65	7	24	43	46	1	50	57	56	79	81	73	82	52	75	9	63	39	14	64	59	54	64	81	15	77	54	60	17	58	20	59	81	50	34	47	25	47	41	62	48	48	0	55	6	43	61	24	53	68	59	5	55	35	51	43	48	35	70	65	61	35	50	51	27	46	47	44	36	13	41	61	48	35	64	38	60	72	14	14	38	77	40	47	35	63	40	45	14	34	71	54	70	25	67	51	56	27	61	48	50	61	34	12	49	55	42	52	66	20	56	63	
69	63	42	41	4	18	56	40	38	7	39	8	68	76	27	57	57	46	66	55	16	53	29	52	49	12	55	38	65	35	61	1	61	67	70	60	61	3	70	52	55	31	42	58	56	69	34	60	53	57	37	64	42	46	52	48	73	52	74	11	59	25	59	42	47	70	51	38	63	36	72	67	62	23	8	34	72	17	7	61	71	55	0	49	46	19	64	49	17	61	53	21	22	56	48	22	26	29	50	76	50	79	74	58	68	61	61	46	51	64	86	7	20	61	19	29	34	42	41	62	68	56	8	29	9	58	42	43	32	56	2	27	61	16	40	42	31	30	13	33	43	21	44	66	5	72	50	22	49	27	8	
85	42	34	9	53	62	32	10	20	52	64	44	63	44	48	65	22	65	60	9	62	18	21	70	33	38	45	14	38	18	26	48	26	38	42	53	36	47	62	60	7	18	38	41	7	47	51	51	73	75	66	77	46	69	11	58	37	11	60	53	49	57	75	13	71	51	55	11	54	16	55	75	46	28	41	18	45	35	57	44	46	6	49	0	38	54	23	48	62	55	4	49	29	47	38	41	28	64	59	58	30	48	49	25	43	43	40	30	10	38	59	42	30	59	32	53	66	11	8	35	71	36	41	28	57	36	39	8	28	65	49	63	23	61	45	50	21	55	42	44	55	28	8	46	49	40	47	60	16	50	57	
47	17	5	33	47	46	15	30	19	42	33	37	27	33	24	27	25	30	24	35	47	24	31	34	7	41	10	42	21	24	26	45	25	24	26	17	18	42	27	22	38	33	4	12	45	23	21	16	37	38	37	39	11	35	49	21	32	29	28	40	14	35	38	44	37	23	17	35	19	41	26	37	16	28	41	25	27	31	52	15	26	43	46	38	0	36	32	9	47	18	38	30	28	11	2	24	23	39	21	29	10	35	28	23	23	14	15	7	30	20	41	41	40	21	30	27	38	42	35	19	33	11	41	20	47	14	4	31	17	27	47	40	27	46	11	15	25	28	33	15	20	33	41	19	42	30	8	39	23	25	49	
49	53	33	46	18	10	49	44	37	12	20	15	53	68	12	39	55	27	51	58	12	51	34	33	41	25	43	47	57	37	58	19	57	59	62	46	53	17	55	35	59	38	31	48	62	59	17	47	34	38	18	45	28	26	60	31	67	53	60	8	46	5	40	51	27	58	35	44	49	45	59	48	50	27	22	36	63	21	21	50	62	61	19	54	36	0	62	35	11	46	57	6	26	43	38	14	26	11	32	63	43	71	64	55	59	50	51	39	53	56	76	20	32	45	23	10	15	50	47	55	50	47	22	27	14	50	31	47	29	37	21	9	58	10	26	26	33	11	14	20	26	29	51	55	14	66	36	5	48	10	17	
78	25	31	27	67	71	18	25	26	63	64	56	50	22	52	58	7	62	47	13	72	10	36	66	25	53	34	36	19	28	6	63	7	17	21	41	19	60	47	53	17	35	34	27	25	29	52	38	69	70	68	69	42	67	33	52	15	13	43	63	37	63	69	35	69	33	47	30	40	37	38	66	31	40	56	30	24	46	71	29	26	24	64	23	32	62	0	40	71	42	19	55	41	35	30	48	38	69	53	39	21	26	28	8	23	28	24	25	14	20	37	56	48	48	44	57	69	34	28	17	60	23	56	36	69	21	35	22	33	58	64	69	4	70	42	47	32	58	52	45	52	43	31	29	61	18	39	66	14	54	70	
38	21	13	43	50	45	22	39	28	44	26	41	20	37	23	17	34	23	17	44	47	33	39	25	16	46	9	51	27	33	34	49	33	30	31	11	24	45	20	12	48	42	10	16	55	25	18	12	28	29	31	29	7	28	58	12	39	39	25	41	10	33	29	53	30	23	7	44	14	50	24	27	16	35	46	34	31	36	54	16	29	53	49	48	9	35	40	0	46	11	48	30	35	8	10	26	30	36	12	28	19	39	30	32	27	17	20	17	40	26	42	45	47	13	36	25	34	51	45	26	24	18	46	27	48	21	9	40	24	18	50	38	36	46	8	9	33	25	36	15	13	40	51	21	44	36	2	38	33	24	51	
57	65	44	53	13	2	60	52	46	10	28	18	64	79	23	49	65	35	62	66	1	61	41	41	52	27	55	52	68	45	68	17	67	70	73	57	64	17	66	45	67	44	43	59	69	70	28	58	42	46	25	53	39	34	66	41	78	61	71	9	57	14	48	56	35	70	46	51	61	50	70	57	62	34	23	44	74	27	14	61	73	68	17	62	47	11	71	46	0	57	65	17	33	55	49	24	34	16	43	75	54	82	75	65	71	61	63	49	61	67	87	21	35	56	30	21	21	56	54	65	60	58	23	35	7	61	42	55	38	47	19	13	68	1	38	37	41	21	20	31	36	34	57	66	14	77	48	9	57	21	10	
36	18	23	51	61	56	24	48	37	55	34	52	9	33	34	18	37	29	6	49	58	38	49	29	21	57	9	60	25	42	36	60	35	27	27	1	23	57	9	15	53	51	21	15	61	19	29	4	32	31	39	27	18	34	66	18	36	45	14	52	5	43	30	62	35	16	12	53	4	59	14	24	11	46	57	43	26	47	65	13	24	59	61	55	18	46	42	11	57	0	54	41	46	8	17	38	41	46	17	18	24	34	24	34	23	14	18	24	46	24	33	57	58	5	47	36	43	60	53	25	17	19	57	38	60	21	20	48	35	19	62	48	39	57	20	20	43	36	48	27	22	51	59	16	56	32	11	48	39	36	62	
85	40	34	12	57	65	30	13	21	55	65	47	62	41	50	65	19	66	59	6	65	16	24	71	32	41	44	19	35	20	23	52	23	35	39	52	34	50	60	60	2	21	38	40	7	45	52	50	74	75	68	77	47	70	14	58	34	8	58	56	48	60	76	17	72	49	55	15	52	20	53	75	45	31	45	21	42	38	60	42	43	5	53	4	38	57	19	48	65	54	0	51	32	46	37	43	31	66	59	55	29	45	46	22	40	41	38	30	8	35	56	46	34	58	35	55	68	15	12	32	71	34	45	30	60	34	39	10	29	65	52	66	20	64	46	51	24	56	45	45	56	31	12	44	52	37	46	62	15	52	60	
49	47	27	40	20	16	43	39	31	14	20	14	48	62	6	36	49	25	46	52	17	45	29	32	35	23	38	43	51	31	51	21	50	53	56	41	47	18	50	31	53	33	25	42	57	53	13	42	33	37	19	43	23	26	55	27	61	47	55	11	40	8	39	47	28	53	31	39	44	41	54	46	45	22	21	30	57	17	24	44	56	55	21	49	30	6	55	30	17	41	51	0	21	38	32	8	20	15	29	58	37	65	58	48	53	44	45	32	47	50	70	19	29	41	19	8	17	46	42	48	47	41	21	21	18	44	25	41	23	35	23	14	52	16	21	21	27	9	11	14	22	25	47	49	16	59	31	11	42	6	21	
65	43	23	20	26	33	35	19	15	23	39	15	55	54	22	48	35	43	52	33	33	30	8	49	29	13	38	21	43	13	39	21	38	45	49	45	40	19	55	43	34	12	25	39	36	49	28	44	51	54	40	58	29	45	34	39	50	29	57	24	42	29	55	25	47	51	39	18	47	20	54	59	43	1	15	11	51	6	29	42	51	35	22	29	28	26	41	35	33	46	32	21	0	39	29	14	5	36	41	57	29	58	53	36	48	41	41	25	29	43	66	15	12	48	3	27	39	24	21	40	58	35	15	8	28	38	26	22	11	48	23	35	38	32	27	31	8	29	13	22	35	5	25	46	20	50	35	31	26	24	29	
42	13	16	43	57	53	17	40	29	51	35	47	17	29	31	23	29	31	13	41	55	30	42	33	13	51	1	52	19	34	29	55	28	22	23	6	16	52	16	19	45	44	14	8	53	16	27	5	36	35	40	34	15	36	58	20	31	37	18	49	3	42	35	54	38	15	14	45	8	51	15	31	7	39	52	36	22	41	61	8	20	51	56	47	11	43	35	8	55	8	46	38	39	0	10	33	34	45	20	20	16	30	21	27	19	9	12	16	38	18	33	51	51	12	41	34	42	52	45	18	25	12	52	31	56	14	13	40	28	23	57	46	31	54	16	18	36	34	43	23	22	44	51	12	51	28	7	46	31	33	58	
48	15	6	33	49	48	13	30	19	44	35	39	26	30	26	28	23	32	23	34	50	23	32	36	5	42	9	42	19	24	24	47	23	22	24	16	15	44	26	23	37	34	6	10	44	21	23	15	39	39	39	40	13	37	48	22	30	29	27	42	13	37	39	44	39	21	18	35	18	41	24	38	14	29	43	26	25	32	54	13	24	43	48	38	2	38	30	10	49	17	37	32	29	10	0	26	24	42	23	28	8	33	26	21	21	12	13	7	29	18	38	42	41	21	31	30	40	42	35	17	33	9	43	21	49	12	6	30	18	28	49	43	26	48	13	17	26	30	35	17	22	34	41	17	44	28	9	42	22	28	51	
51	41	20	33	23	23	36	31	23	18	24	14	46	56	7	36	41	28	43	44	24	37	23	34	28	21	33	36	44	23	44	22	43	46	50	37	40	19	47	31	45	26	19	36	49	47	13	38	37	40	25	45	19	30	48	27	54	39	51	16	36	16	41	40	32	47	29	32	40	34	49	46	40	15	20	23	51	12	28	39	50	48	22	41	24	14	48	26	24	38	43	8	14	33	26	0	13	22	29	53	30	59	52	41	47	38	39	25	39	43	65	19	24	38	13	12	24	39	34	41	47	34	20	13	23	37	20	33	15	35	24	22	44	23	17	20	20	14	10	11	22	19	39	43	18	53	27	19	34	9	25	
62	38	18	20	29	34	30	18	12	25	37	18	50	50	20	44	31	39	47	32	34	27	10	45	24	18	33	24	39	11	35	25	34	41	44	40	35	23	50	38	33	14	20	34	36	44	24	39	48	50	38	54	25	42	35	35	46	27	52	25	37	29	51	27	44	46	35	19	42	22	49	55	38	5	19	10	46	9	33	37	46	35	26	28	23	26	38	30	34	41	31	20	5	34	24	13	0	35	37	52	24	53	48	32	43	36	36	20	27	38	61	19	17	43	7	25	37	26	21	36	53	30	19	3	31	33	21	21	6	43	26	34	34	33	23	27	7	26	14	18	31	10	26	41	23	46	30	31	23	21	32	
41	56	38	55	27	14	54	54	45	22	13	26	51	72	17	34	62	20	49	66	17	59	45	25	46	36	45	58	61	46	64	30	63	64	66	46	57	28	53	32	68	48	36	51	72	61	18	48	26	30	9	37	29	18	71	28	72	61	60	18	46	6	32	62	19	60	33	55	49	56	60	42	52	37	33	45	66	31	29	52	65	70	29	64	39	11	69	36	16	46	66	15	36	45	42	22	35	0	29	64	48	75	66	61	63	53	55	44	61	60	78	32	43	43	34	12	5	61	57	59	46	51	33	35	22	54	35	56	37	33	32	3	65	16	29	26	43	11	25	24	24	39	62	57	25	70	38	7	56	15	25	
26	33	24	53	50	41	35	50	38	43	17	43	21	49	23	7	47	11	19	56	44	46	47	13	28	50	21	60	39	42	47	50	46	42	43	18	36	47	24	2	60	50	21	28	66	35	16	20	16	16	22	17	12	16	69	2	51	51	31	40	20	29	16	63	18	33	6	54	21	59	31	18	27	41	49	43	42	40	53	28	40	65	50	59	21	32	53	12	43	17	59	29	41	20	23	29	37	29	0	35	32	50	40	44	39	29	32	29	52	38	51	48	52	14	41	22	26	61	55	38	18	30	49	34	47	33	19	51	33	6	52	32	49	42	14	9	42	21	39	18	7	46	61	32	45	48	14	34	45	23	50	
51	16	34	57	77	73	26	54	45	71	53	67	18	21	51	35	36	47	17	50	75	39	58	47	28	70	20	67	20	50	33	75	33	21	18	18	21	72	14	34	54	60	34	18	62	10	46	16	49	47	58	43	35	52	69	36	27	47	6	69	17	61	46	68	53	7	30	60	14	67	4	38	13	57	71	52	15	60	81	15	13	61	76	58	29	63	39	28	75	18	55	58	57	20	28	53	52	64	35	0	30	20	11	33	15	16	18	32	48	19	16	71	69	22	59	53	61	66	59	22	30	23	71	49	76	22	33	53	46	36	77	66	36	74	36	37	52	53	63	43	40	62	64	12	71	23	26	66	42	53	78	
57	14	10	27	52	53	6	24	15	47	43	41	33	26	32	37	14	41	30	25	54	14	28	44	3	42	15	37	14	20	16	49	15	17	20	23	11	46	31	32	29	30	13	12	36	20	31	21	48	48	47	48	21	45	41	31	24	20	31	46	19	43	48	38	48	23	26	30	23	37	27	46	17	28	44	22	22	33	56	15	21	35	50	30	10	43	21	19	54	24	29	37	29	16	8	30	24	48	32	30	0	29	24	13	18	14	12	4	21	14	37	44	39	29	31	36	48	36	29	12	41	7	44	21	53	8	14	24	17	37	50	49	17	53	21	25	23	37	37	24	30	33	35	18	46	23	18	47	14	34	54	
69	18	38	50	82	81	23	48	43	77	66	71	37	4	60	52	26	61	35	39	83	31	56	63	30	72	30	60	14	47	22	79	22	12	9	33	18	76	33	49	43	56	39	23	51	15	56	30	66	65	71	61	45	67	59	50	11	37	26	75	30	71	64	60	68	18	44	54	30	61	21	56	23	57	73	49	8	63	86	22	10	50	79	48	35	71	26	39	82	34	45	65	58	30	33	59	53	75	50	20	29	0	10	24	12	22	20	33	38	15	11	73	68	39	61	63	73	58	52	17	49	24	73	50	82	21	40	46	47	53	80	76	25	82	46	48	51	63	67	51	52	61	56	18	76	8	37	75	35	61	84	
59	10	31	49	75	74	18	46	39	70	57	65	27	10	52	42	27	52	25	40	76	31	53	53	24	67	21	59	11	44	23	73	23	11	7	23	13	70	23	39	44	54	32	15	52	5	48	20	56	55	62	51	36	57	60	41	16	38	16	68	20	62	54	60	59	8	34	52	20	59	12	46	13	53	68	46	4	57	80	13	3	51	74	49	28	64	28	30	75	24	46	58	53	21	26	52	48	66	40	11	24	10	0	24	6	13	12	28	39	11	12	68	64	29	56	55	64	58	51	14	39	18	68	45	75	15	32	45	42	43	75	68	26	74	37	39	47	55	61	43	43	57	56	8	70	12	28	67	34	53	77	
69	18	23	26	61	64	10	23	20	57	56	50	42	20	44	49	3	54	39	16	65	7	32	57	16	49	25	36	13	24	3	58	2	13	17	33	12	55	40	44	20	32	26	19	29	23	44	30	61	61	60	60	34	59	36	44	15	14	36	56	29	55	61	36	61	26	39	29	32	37	31	58	24	35	51	26	20	41	65	22	21	27	58	25	23	55	8	32	65	34	22	48	36	27	21	41	32	61	44	33	13	24	24	0	18	20	17	17	15	13	34	52	44	39	39	49	61	34	27	10	52	15	51	30	63	13	27	21	26	50	59	61	4	64	34	38	28	50	47	37	43	38	32	22	56	16	30	59	11	46	64	
60	6	26	43	70	69	13	40	33	65	54	60	28	10	48	41	21	50	26	34	71	25	47	52	19	61	18	53	5	38	18	68	17	5	4	22	7	65	25	38	39	48	28	11	47	5	44	19	55	54	59	51	33	55	54	39	13	32	19	63	19	59	53	54	57	9	33	46	19	53	14	47	12	47	63	40	3	52	74	11	3	46	68	43	23	59	23	27	71	23	40	53	48	19	21	47	43	63	39	15	18	12	6	18	0	10	8	22	33	5	18	62	58	28	50	51	61	52	45	8	40	12	63	40	70	10	28	39	36	42	69	64	21	70	34	36	41	51	55	39	41	51	50	7	65	9	25	63	28	49	72	
51	4	18	41	62	60	11	38	29	57	44	52	21	20	38	31	23	40	19	36	62	25	42	42	12	55	8	51	10	34	21	60	21	13	14	13	8	57	19	28	40	44	19	2	48	8	34	10	45	44	49	42	23	45	54	29	22	32	17	55	9	49	43	52	47	9	23	44	12	51	13	38	3	41	55	36	13	45	66	1	12	47	61	43	14	50	28	17	61	14	41	44	41	9	12	38	36	53	29	16	14	22	13	20	10	0	3	16	33	9	26	55	53	20	43	41	51	50	43	10	32	7	55	33	62	7	19	37	30	32	62	54	24	61	24	26	36	42	48	30	30	46	48	5	57	19	15	54	27	40	64	
54	2	19	39	63	61	8	36	27	57	46	52	25	17	39	35	20	43	22	33	63	22	41	45	11	54	11	49	7	32	18	60	17	10	11	17	5	57	22	31	37	42	20	4	45	8	36	13	48	47	51	45	25	48	51	32	19	29	19	55	13	51	47	50	50	11	26	42	15	49	15	42	7	40	55	34	11	44	67	5	10	44	61	40	15	51	24	20	63	18	38	45	41	12	13	39	36	55	32	18	12	20	12	17	8	3	0	15	30	6	25	55	52	23	43	43	53	48	41	7	36	5	55	33	62	4	20	35	29	35	62	56	21	62	26	28	35	43	48	31	33	45	46	6	57	16	18	55	24	41	65	
55	17	6	26	48	48	10	23	13	43	39	37	33	30	27	35	18	37	30	27	50	16	26	42	4	38	15	35	19	18	20	45	19	21	24	23	15	42	32	30	30	28	9	14	37	24	27	21	45	46	43	46	18	42	41	28	28	22	33	41	19	39	46	37	44	25	24	28	24	35	29	45	19	25	40	20	26	29	52	17	25	36	46	30	7	39	25	17	49	24	30	32	25	16	7	25	20	44	29	32	4	33	28	17	22	16	15	0	22	18	41	40	36	28	27	32	44	35	28	16	41	10	40	17	48	12	10	23	13	35	46	45	21	48	17	22	20	33	33	20	27	29	34	21	42	27	16	43	15	29	50	
78	32	27	12	55	61	22	11	16	52	59	44	54	34	44	58	12	59	51	5	61	8	22	64	24	40	36	22	28	16	16	50	16	28	32	44	26	48	52	52	7	21	31	32	15	37	46	42	67	68	62	69	39	63	21	51	28	1	50	52	40	55	68	21	65	41	47	16	44	23	45	67	37	28	43	17	35	35	58	34	36	13	51	10	30	53	14	40	61	46	8	47	29	38	29	39	27	61	52	48	21	38	39	15	33	33	30	22	0	28	49	44	34	50	32	50	62	19	13	25	63	26	43	26	57	26	32	8	24	58	51	61	13	60	38	43	20	51	41	39	49	29	17	36	50	30	38	58	7	46	58	
60	5	23	38	66	66	8	35	28	61	52	55	30	12	44	41	16	49	28	30	67	20	42	51	15	56	17	48	1	33	13	63	13	4	6	22	2	60	27	37	34	43	24	10	42	9	42	19	54	53	57	51	30	54	49	38	13	27	23	60	18	55	53	49	56	13	32	41	21	48	18	48	12	42	58	35	8	47	70	10	8	41	64	38	20	56	20	26	67	24	35	50	43	18	18	43	38	60	38	19	14	15	11	13	5	9	6	18	28	0	23	58	53	29	45	48	58	47	40	3	41	8	58	35	66	5	25	34	32	41	65	61	17	66	31	34	36	49	51	36	39	47	45	9	60	10	24	60	23	46	68	
67	23	44	60	88	86	31	57	51	83	68	78	34	15	64	51	37	62	33	50	88	41	65	63	37	79	33	70	22	56	33	86	33	21	17	33	25	83	30	49	54	66	45	28	62	17	60	30	65	63	73	59	48	68	70	52	22	48	22	81	31	75	62	71	69	18	45	64	29	71	19	54	25	65	81	58	15	70	92	26	15	61	86	59	41	76	37	42	87	33	56	70	66	33	38	65	61	78	51	16	37	11	12	34	18	26	25	41	49	23	0	81	76	38	68	67	76	69	62	26	46	30	81	58	88	28	45	56	54	52	87	80	36	87	50	51	59	67	73	56	55	70	66	21	82	19	40	80	45	66	90	
68	57	36	33	11	22	50	33	31	11	39	5	65	70	25	55	51	45	62	48	21	46	21	51	43	5	51	31	58	28	55	6	54	60	64	56	55	5	66	50	48	24	37	53	49	63	32	56	53	57	38	63	38	46	45	46	66	44	69	14	54	26	58	35	47	64	48	31	59	29	67	65	57	16	1	26	66	10	14	55	65	48	7	42	41	20	56	45	21	57	46	19	15	51	42	19	19	32	48	71	44	73	68	52	62	55	55	40	44	58	81	0	13	57	12	28	36	35	34	55	66	50	1	22	15	52	37	36	26	54	7	29	54	21	36	39	24	29	9	30	41	14	37	60	7	66	45	24	42	25	15	
76	54	35	22	24	35	45	23	25	24	48	17	67	64	32	60	43	53	64	38	34	38	12	59	40	8	50	18	54	20	47	19	46	55	59	57	50	18	67	54	37	13	37	50	36	60	38	56	61	64	48	69	41	54	32	50	59	35	69	26	54	36	66	22	56	62	51	19	59	16	65	70	55	12	12	18	61	12	27	53	61	35	20	30	40	32	48	47	35	58	34	29	12	51	41	24	17	43	52	69	39	68	64	44	58	53	52	36	34	53	76	13	0	60	11	36	46	22	22	51	70	46	12	20	28	48	38	26	23	59	19	41	45	34	39	43	17	38	17	34	46	7	24	57	20	60	47	36	33	33	28	
31	23	26	55	61	54	29	51	40	55	32	53	7	38	34	13	42	25	5	54	57	43	52	25	25	59	14	63	30	45	41	61	40	33	32	6	28	57	9	12	58	54	23	20	65	24	28	9	27	26	37	22	19	30	70	15	42	49	17	52	10	42	25	65	31	21	10	57	9	62	18	18	17	48	58	47	31	49	65	18	29	64	61	59	21	45	48	13	56	5	58	41	48	12	21	38	43	43	14	22	29	39	29	39	28	20	23	28	50	29	38	57	60	0	49	34	40	64	57	30	12	24	58	40	59	26	22	52	37	14	63	46	44	56	21	19	46	34	49	27	20	53	63	21	56	38	13	47	43	35	62	
65	45	25	23	22	30	37	22	18	20	38	12	56	57	21	48	38	42	53	36	30	33	11	48	31	11	40	23	46	16	42	18	41	48	52	46	43	16	56	43	37	14	26	41	39	51	27	45	50	53	38	58	30	44	37	39	53	32	58	21	43	27	55	27	46	53	40	21	48	21	55	59	45	4	12	14	53	3	26	44	53	38	19	32	30	23	44	36	30	47	35	19	3	41	31	13	7	34	41	59	31	61	56	39	50	43	43	27	32	45	68	12	11	49	0	26	37	26	24	43	58	38	12	10	25	40	27	25	13	48	20	33	41	29	28	31	11	27	10	22	35	5	28	48	17	53	36	28	29	22	26	
40	45	26	45	28	20	42	43	33	22	12	22	42	60	5	28	50	17	40	55	22	47	35	23	34	31	34	49	49	35	52	29	51	52	54	36	45	26	44	24	57	39	24	39	61	49	7	37	25	29	13	35	18	18	61	20	60	49	50	18	36	7	30	53	20	49	24	45	39	47	49	38	41	28	29	35	55	24	31	41	53	60	29	53	27	10	57	25	21	36	55	8	27	34	30	12	25	12	22	53	36	63	55	49	51	41	43	32	50	48	67	28	36	34	26	0	12	51	47	47	40	39	29	25	25	42	23	45	25	27	31	13	53	21	17	16	32	1	19	12	15	31	52	46	24	58	27	12	44	3	27	
36	55	38	57	32	19	53	55	46	26	8	30	47	71	17	30	62	16	46	67	22	59	47	20	45	40	43	60	59	47	64	34	63	62	64	43	56	32	50	28	69	51	35	49	73	59	17	45	21	25	4	32	28	13	73	24	71	62	57	22	44	10	27	64	14	57	30	57	46	59	57	37	50	39	37	47	64	34	34	50	63	72	34	66	38	15	69	34	21	43	68	17	39	42	40	24	37	5	26	61	48	73	64	61	61	51	53	44	62	58	76	36	46	40	37	12	0	63	59	58	41	50	37	37	27	53	34	58	38	28	36	8	65	21	27	24	44	11	29	24	21	42	64	55	29	69	35	12	56	15	30	
87	50	38	9	46	56	40	12	23	45	63	37	69	54	46	68	31	65	66	21	55	27	16	71	39	30	51	4	47	18	36	41	35	47	51	59	45	40	68	62	18	12	41	48	15	56	50	57	74	76	64	79	48	68	10	60	48	20	67	47	55	54	77	2	70	59	58	7	60	6	63	79	53	23	34	17	54	29	49	51	55	14	42	11	42	50	34	51	56	60	15	46	24	52	42	39	26	61	61	66	36	58	58	34	52	50	48	35	19	47	69	35	22	64	26	51	63	0	7	44	76	43	34	27	50	44	42	13	28	68	41	60	33	55	47	52	19	53	36	44	56	21	2	54	42	50	50	55	24	48	50	
81	43	31	2	45	54	33	5	16	44	58	36	62	48	42	62	25	60	59	16	54	20	13	65	32	29	44	8	40	12	29	40	29	40	44	52	38	39	61	56	14	10	34	41	15	49	45	50	68	70	60	73	42	63	14	53	42	14	60	45	48	50	71	9	65	52	51	3	53	9	56	72	46	20	33	12	47	27	48	44	48	14	41	8	35	47	28	45	54	53	12	42	21	45	35	34	21	57	55	59	29	52	51	27	45	43	41	28	13	40	62	34	22	57	24	47	59	7	0	37	69	36	33	22	49	37	36	6	22	62	41	56	27	53	41	46	14	48	34	39	50	20	5	47	41	43	44	52	17	43	49	
61	7	21	35	64	64	5	32	25	59	52	53	32	14	43	42	13	49	29	27	66	17	39	51	13	54	17	45	3	30	11	61	10	5	8	24	2	58	29	37	31	40	23	10	39	12	41	21	54	54	56	52	30	54	46	38	13	24	25	58	20	54	54	46	56	16	32	38	22	45	21	49	14	40	56	32	10	45	68	12	11	38	62	35	19	55	17	26	65	25	32	48	40	18	17	41	36	59	38	22	12	17	14	10	8	10	7	16	25	3	26	55	51	30	43	47	58	44	37	0	43	8	56	33	65	5	24	31	29	42	62	60	14	65	30	34	34	48	49	35	39	44	42	11	58	11	24	59	20	45	66	
21	35	38	67	68	58	42	64	52	61	33	61	12	49	41	11	55	25	13	67	61	55	63	21	38	68	26	75	42	57	54	68	53	45	44	19	41	65	16	16	70	66	34	32	78	35	34	22	23	20	37	13	28	29	82	20	53	62	24	58	23	46	18	77	29	31	18	68	20	74	27	8	29	58	67	58	42	58	71	31	40	77	68	71	33	50	60	24	60	17	71	47	58	25	33	47	53	46	18	30	41	49	39	52	40	32	36	41	63	41	46	66	70	12	58	40	41	76	69	43	0	37	67	50	65	39	33	64	48	13	70	48	56	60	30	27	57	39	57	36	25	63	75	33	63	49	25	51	56	41	67	
55	7	14	34	58	57	5	31	22	53	44	47	28	21	35	34	17	41	25	30	59	18	35	43	6	49	10	44	9	27	17	55	16	12	15	18	6	52	25	30	34	37	15	5	42	13	33	15	47	47	48	46	22	46	47	30	21	25	24	51	14	47	46	45	48	16	25	37	18	44	20	43	10	35	50	29	16	39	62	8	15	40	56	36	11	47	23	18	58	19	34	41	35	12	9	34	30	51	30	23	7	24	18	15	12	7	5	10	26	8	30	50	46	24	38	39	50	43	36	8	37	0	50	27	58	3	16	30	24	35	57	52	19	57	22	26	30	40	43	27	31	39	41	11	52	18	16	51	20	37	60	
70	57	37	32	12	24	50	32	31	12	41	6	66	70	26	56	50	46	63	48	22	46	21	53	44	4	51	30	59	28	54	7	54	60	64	57	55	6	66	51	47	23	37	53	48	64	33	56	55	58	40	64	39	47	44	47	66	44	70	15	55	27	60	34	49	65	49	30	59	28	67	66	57	16	0	26	66	10	15	56	66	47	8	41	41	22	56	46	23	57	45	21	15	52	43	20	19	33	49	71	44	73	68	51	63	55	55	40	43	58	81	1	12	58	12	29	37	34	33	56	67	50	0	22	16	53	38	36	26	55	7	31	53	22	37	40	23	30	10	31	42	13	36	60	8	66	46	26	41	26	16	
60	35	15	20	31	35	27	18	10	27	36	20	47	47	19	42	29	38	44	31	36	25	12	43	21	21	30	25	36	10	33	28	32	38	41	37	32	25	47	36	32	15	17	31	36	41	23	36	46	49	38	52	22	41	36	33	44	26	49	27	34	29	50	29	43	43	32	20	39	24	45	52	35	8	22	10	43	12	35	34	43	35	29	28	20	27	36	27	35	38	30	21	8	31	21	13	3	35	34	49	21	50	45	30	40	33	33	17	26	35	58	22	20	40	10	25	37	27	22	33	50	27	22	0	33	30	18	20	3	41	29	35	32	34	20	25	7	26	17	17	29	13	27	38	26	43	27	32	21	21	34	
63	65	43	48	5	9	59	47	43	5	34	13	67	79	25	53	62	41	64	62	7	58	36	47	51	20	56	46	67	41	66	10	65	70	73	59	64	10	68	49	62	39	43	60	64	70	31	60	48	52	31	59	41	40	60	45	76	57	73	7	58	19	54	50	41	70	49	46	62	44	72	62	63	29	16	40	74	22	7	62	73	63	9	57	47	14	69	48	7	60	60	18	28	56	49	23	31	22	47	76	53	82	75	63	70	62	62	48	57	66	88	15	28	59	25	25	27	50	49	65	65	58	16	33	0	61	43	50	36	52	11	19	65	7	39	40	37	25	16	33	40	29	52	67	8	76	49	15	54	24	3	
57	6	17	35	60	60	4	32	24	55	47	50	29	18	38	37	16	44	26	29	62	18	37	46	9	51	13	45	6	28	15	58	14	9	12	20	3	55	26	32	33	38	18	6	41	12	36	17	49	49	51	48	25	49	47	33	18	25	24	54	15	50	49	46	51	15	27	38	19	45	19	45	10	37	53	31	13	42	65	8	13	40	58	36	14	50	21	21	61	21	34	44	38	14	12	37	33	54	33	22	8	21	15	13	10	7	4	12	26	5	28	52	48	26	40	42	53	44	37	5	39	3	53	30	61	0	19	31	26	37	59	55	17	60	25	29	31	43	45	30	34	42	42	10	55	15	19	54	20	40	63	
46	22	5	33	43	41	19	30	19	38	29	34	29	37	19	26	28	27	26	37	43	26	29	31	11	38	13	41	26	23	30	42	29	28	31	19	22	38	29	20	40	32	1	17	46	27	17	18	34	36	33	37	7	32	49	18	37	31	31	36	16	30	36	44	34	27	15	35	21	40	29	36	20	26	38	25	31	27	48	19	30	45	42	39	4	31	35	9	42	20	39	25	26	13	6	20	21	35	19	33	14	40	32	27	28	19	20	10	32	25	45	37	38	22	27	23	34	42	36	24	33	16	38	18	43	19	0	31	15	26	43	36	31	42	7	11	24	24	29	11	17	31	41	24	38	35	9	35	25	21	45	
77	37	27	4	47	55	27	3	12	45	56	37	57	42	40	58	19	57	54	12	55	14	14	62	26	32	39	14	34	10	23	43	23	34	38	47	32	41	55	52	12	13	30	35	15	43	43	44	65	67	58	69	38	61	18	50	36	9	54	46	43	50	67	15	63	46	47	8	47	15	50	68	41	21	36	11	41	28	51	38	42	14	43	8	31	47	22	40	55	48	10	41	22	40	30	33	21	56	51	53	24	46	45	21	39	37	35	23	8	34	56	36	26	52	25	45	58	13	6	31	64	30	36	20	50	31	31	0	20	58	43	56	21	54	37	42	14	47	35	36	47	22	11	41	42	37	39	52	11	42	51	
59	31	12	20	35	38	24	18	8	30	36	24	44	43	20	40	26	37	41	29	38	22	14	43	17	25	27	26	32	10	29	31	29	34	38	34	29	29	44	34	31	17	14	27	35	38	23	33	46	48	38	51	20	41	36	31	40	24	45	30	31	31	48	30	43	39	30	21	36	25	42	51	32	11	26	10	40	15	39	30	39	34	32	28	17	29	33	24	38	35	29	23	11	28	18	15	6	37	33	46	17	47	42	26	36	30	29	13	24	32	54	26	23	37	13	25	38	28	22	29	48	24	26	3	36	26	15	20	0	39	33	37	29	37	18	23	8	27	20	16	28	16	28	34	29	40	24	34	19	22	37	
20	36	31	59	55	45	40	56	45	49	20	49	19	52	29	1	52	12	19	62	48	51	54	10	34	56	25	66	42	49	52	56	51	45	46	20	40	53	23	5	66	57	27	32	72	38	22	23	13	12	25	11	19	17	75	8	54	57	31	45	23	33	11	69	18	35	10	61	23	65	32	11	30	48	55	50	45	47	58	31	43	71	56	65	27	37	58	18	47	19	65	35	48	23	28	35	43	33	6	36	37	53	43	50	42	32	35	35	58	41	52	54	59	14	48	27	28	68	62	42	13	35	55	41	52	37	26	58	39	0	58	35	54	47	21	16	48	26	45	25	13	53	67	35	51	51	19	38	51	29	55	
71	64	43	40	5	20	57	40	38	9	41	9	70	77	29	59	58	48	68	55	18	53	28	54	50	11	57	37	65	35	62	2	61	67	71	62	62	5	71	54	55	31	43	59	55	70	36	62	56	59	40	66	43	48	51	50	73	51	75	13	60	27	61	41	49	71	53	37	65	35	73	69	63	23	7	34	73	17	8	62	72	54	2	49	47	21	64	50	19	62	52	23	23	57	49	24	26	32	52	77	50	80	75	59	69	62	62	46	51	65	87	7	19	63	20	31	36	41	41	62	70	57	7	29	11	59	43	43	33	58	0	29	61	18	42	43	31	32	14	35	45	21	43	67	7	73	51	24	49	29	9	
44	58	39	55	24	11	55	53	45	19	15	24	53	73	17	37	62	23	51	66	14	59	44	28	47	34	47	56	62	45	64	27	63	65	67	48	58	25	55	34	67	47	37	52	71	62	19	49	29	33	12	40	31	21	70	30	73	61	62	15	48	6	35	60	22	61	36	54	51	55	61	44	54	36	31	45	67	30	26	54	66	70	27	63	40	9	69	38	13	48	66	14	35	46	43	22	34	3	32	66	49	76	68	61	64	54	56	45	61	61	80	29	41	46	33	13	8	60	56	60	48	52	31	35	19	55	36	56	37	35	29	0	65	13	30	28	42	12	23	25	26	38	61	59	23	71	39	5	56	15	22	
74	22	27	25	64	67	14	23	22	60	60	53	46	21	48	54	3	58	43	14	68	7	33	62	20	51	30	35	16	25	3	60	3	15	19	37	16	57	44	49	18	33	30	24	26	26	48	34	65	65	64	65	38	63	34	48	14	12	40	59	33	59	65	35	65	30	43	29	36	36	35	62	28	37	53	27	22	43	68	26	23	25	61	23	27	58	4	36	68	39	20	52	38	31	26	44	34	65	49	36	17	25	26	4	21	24	21	21	13	17	36	54	45	44	41	53	65	33	27	14	56	19	53	32	65	17	31	21	29	54	61	65	0	67	38	42	30	54	49	41	48	40	31	26	58	17	34	63	12	50	67	
57	64	43	52	12	2	59	51	45	9	28	17	63	79	22	48	64	35	61	65	1	60	40	41	51	26	54	51	67	44	67	17	66	69	72	57	63	16	65	45	66	43	42	59	68	69	28	58	42	46	25	53	38	34	65	41	77	60	71	8	56	13	48	55	35	69	45	50	60	49	70	57	61	33	22	43	73	26	13	60	72	67	16	61	46	10	70	46	1	57	64	16	32	54	48	23	33	16	42	74	53	82	74	64	70	61	62	48	60	66	87	21	34	56	29	21	21	55	53	65	60	57	22	34	7	60	42	54	37	47	18	13	67	0	37	37	40	21	19	31	36	33	56	65	13	76	47	9	56	21	9	
40	27	11	38	41	36	26	36	24	35	22	32	28	43	14	21	35	20	25	43	38	33	33	25	18	38	17	45	32	28	37	40	36	35	37	20	28	37	29	15	46	36	8	22	52	32	10	20	28	29	26	32	2	25	55	12	43	38	34	32	19	25	30	48	27	31	12	40	23	44	32	32	24	27	37	29	37	28	45	23	36	51	40	45	11	26	42	8	38	20	46	21	27	16	13	17	23	29	14	36	21	46	37	34	34	24	26	17	38	31	50	36	39	21	28	17	27	47	41	30	30	22	37	20	39	25	7	37	18	21	42	30	38	37	0	5	27	17	27	6	10	32	46	28	35	41	10	30	32	16	42	
35	30	16	43	42	36	30	41	29	36	18	34	26	46	15	17	40	15	24	48	38	38	37	20	22	41	18	50	35	33	41	41	40	38	40	19	32	38	28	11	51	40	13	25	57	34	9	21	23	24	22	27	4	20	60	8	47	43	34	33	20	24	25	53	22	33	9	44	23	49	33	27	25	31	40	34	40	31	46	26	38	56	42	50	15	26	47	9	37	20	51	21	31	18	17	20	27	26	9	37	25	48	39	38	36	26	28	22	43	34	51	39	43	19	31	16	24	52	46	34	27	26	40	25	40	29	11	42	23	16	43	28	42	37	5	0	32	16	30	9	5	36	51	30	37	44	11	29	37	16	42	
67	37	20	13	34	41	28	11	8	31	43	24	52	47	27	49	27	45	49	25	41	22	6	51	24	21	35	18	37	4	31	30	30	38	42	42	34	28	52	43	26	8	22	34	29	43	31	41	54	56	45	59	29	49	28	40	43	20	53	32	39	36	57	21	51	46	39	12	44	17	49	59	39	7	23	3	44	14	38	37	44	27	31	21	25	33	32	33	41	43	24	27	8	36	26	20	7	43	42	52	23	51	47	28	41	36	35	20	20	36	59	24	17	46	11	32	44	19	14	34	57	30	23	7	37	31	24	14	8	48	31	42	30	40	27	32	0	34	21	24	37	10	20	41	29	43	32	38	18	29	37	
39	45	27	46	29	20	43	44	35	23	10	24	42	61	6	27	51	16	40	56	22	48	37	22	34	33	34	50	49	36	53	30	52	52	55	36	46	27	44	23	58	40	24	40	62	50	7	37	24	27	11	34	18	17	62	19	61	50	50	19	36	7	29	54	18	49	24	46	39	49	49	37	41	29	30	36	55	25	32	41	54	61	30	55	28	11	58	25	21	36	56	9	29	34	30	14	26	11	21	53	37	63	55	50	51	42	43	33	51	49	67	29	38	34	27	1	11	53	48	48	39	40	30	26	25	43	24	47	27	26	32	12	54	21	17	16	34	0	21	13	14	33	53	46	25	59	27	12	45	5	28	
60	50	29	33	14	20	43	32	26	10	31	4	56	63	16	46	46	37	53	46	20	42	21	43	36	12	42	33	52	25	50	12	49	54	58	47	48	9	57	41	47	24	29	45	49	56	23	47	45	48	31	54	29	38	46	37	61	41	61	11	46	19	50	37	39	57	39	31	50	31	59	56	49	14	10	24	59	7	19	48	58	48	13	42	33	14	52	36	20	48	45	11	13	43	35	10	14	25	39	63	37	67	61	47	55	48	48	33	41	51	73	9	17	49	10	19	29	36	34	49	57	43	10	17	16	45	29	35	20	45	14	23	49	19	27	30	21	21	0	21	32	14	38	53	9	60	37	19	38	16	17	
43	33	14	37	34	30	30	34	23	28	20	25	35	48	8	25	38	21	32	44	32	35	29	26	21	32	23	42	37	26	40	33	39	39	42	26	33	30	36	20	46	32	11	28	51	38	7	27	29	32	23	35	8	24	53	16	48	38	40	25	25	19	33	46	26	38	18	37	30	41	39	36	30	23	31	26	43	22	38	29	41	50	33	44	15	20	45	15	31	27	45	14	22	23	17	11	18	24	18	43	24	51	43	37	39	30	31	20	39	36	56	30	34	27	22	12	24	44	39	35	36	27	31	17	33	30	11	36	16	25	35	25	41	31	6	9	24	13	21	0	12	27	44	34	29	46	16	24	32	10	35	
30	34	21	48	42	34	35	46	34	36	13	36	27	50	16	14	45	10	25	54	37	44	41	15	27	43	22	55	40	38	46	43	45	43	44	22	37	40	29	9	56	45	18	29	63	38	9	24	18	19	18	23	9	15	65	5	52	48	36	33	23	22	20	58	17	36	9	49	25	53	36	24	29	35	42	38	44	34	46	30	42	61	43	55	20	26	52	13	36	22	56	22	35	22	22	22	31	24	7	40	30	52	43	43	41	30	33	27	49	39	55	41	46	20	35	15	21	56	50	39	25	31	42	29	40	34	17	47	28	13	45	26	48	36	10	5	37	14	32	12	0	40	56	34	38	49	15	27	42	16	43	
70	47	28	19	25	34	38	18	18	24	43	16	60	58	27	53	37	47	57	34	34	32	7	53	33	10	43	18	47	14	41	20	41	49	53	50	44	19	60	48	33	10	30	43	35	53	32	49	56	59	44	63	34	49	32	44	53	30	61	25	47	33	60	22	51	55	44	17	52	16	58	64	48	5	13	12	55	8	29	46	55	34	21	28	33	29	43	40	34	51	31	25	5	44	34	19	10	39	46	62	33	61	57	38	51	46	45	29	29	47	70	14	7	53	5	31	42	21	20	44	63	39	13	13	29	42	31	22	16	53	21	38	40	33	32	36	10	33	14	27	40	0	23	50	21	54	40	34	28	28	29	
87	48	37	8	48	58	38	11	22	47	63	39	68	52	47	68	29	65	65	18	57	25	17	71	37	32	49	6	45	18	33	43	33	45	49	57	43	42	67	62	15	13	40	47	12	54	51	55	74	76	65	79	48	69	8	59	45	18	66	48	54	55	77	4	71	57	57	7	58	8	61	78	52	24	36	17	52	31	51	50	53	12	44	8	41	51	31	51	57	59	12	47	25	51	41	39	26	62	61	64	35	56	56	32	50	48	46	34	17	45	66	37	24	63	28	52	64	2	5	42	75	41	36	27	52	42	41	11	28	67	43	61	31	56	46	51	20	53	38	44	56	23	0	52	44	48	50	56	22	48	52	
52	4	23	45	67	65	14	42	33	62	48	57	21	17	43	34	25	43	19	39	67	28	47	45	17	59	12	55	9	38	23	65	22	12	11	15	9	62	18	31	43	48	24	7	51	3	39	12	48	47	53	44	27	48	57	32	20	35	14	60	12	54	46	56	50	5	26	48	12	55	9	40	5	46	60	40	10	50	71	5	8	49	66	46	19	55	29	21	66	16	44	49	46	12	17	43	41	57	32	12	18	18	8	22	7	5	6	21	36	9	21	60	57	21	48	46	55	54	47	11	33	11	60	38	67	10	24	41	34	35	67	59	26	65	28	30	41	46	53	34	34	50	52	0	62	16	19	58	30	45	69	
64	59	38	40	5	15	53	39	35	3	34	5	64	73	22	52	55	41	61	54	13	50	28	47	45	13	51	38	61	33	59	5	58	63	67	55	58	2	65	47	54	31	38	54	56	65	29	56	49	52	33	59	37	41	52	43	70	50	69	7	54	20	54	42	42	66	46	38	59	36	67	62	58	21	8	32	68	14	9	57	67	55	5	49	42	14	61	44	14	56	52	16	20	51	44	18	23	25	45	71	46	76	70	56	65	57	57	42	50	60	82	7	20	56	17	24	29	42	41	58	63	52	8	26	8	55	38	42	29	51	7	23	58	13	35	37	29	25	9	29	38	21	44	62	0	69	45	18	47	22	8	
69	15	32	42	75	76	16	39	35	70	62	64	38	4	54	50	18	59	35	31	77	23	48	61	24	64	27	52	9	39	14	72	14	6	5	31	12	69	34	47	35	48	34	20	43	14	52	28	64	63	67	60	41	64	51	48	4	29	28	69	28	65	62	52	66	18	42	45	29	53	23	56	21	50	66	41	7	55	79	20	10	42	72	40	30	66	18	36	77	32	37	59	50	28	28	53	46	70	48	23	23	8	12	16	9	19	16	27	30	10	19	66	60	38	53	58	69	50	43	11	49	18	66	43	76	15	35	37	40	51	73	71	17	76	41	44	43	59	60	46	49	54	48	16	69	0	34	70	27	56	77	
39	19	13	42	51	46	20	38	27	45	28	41	20	35	24	19	32	25	17	43	48	32	38	27	14	46	7	50	25	32	32	49	31	28	29	10	22	46	20	14	46	41	10	14	53	23	20	10	30	31	33	30	8	30	57	14	37	38	24	42	9	34	30	52	32	22	8	43	13	49	22	29	14	35	46	33	29	36	55	14	27	52	50	47	8	36	39	2	48	11	46	31	35	7	9	27	30	38	14	26	18	37	28	30	25	15	18	16	38	24	40	45	47	13	36	27	35	50	44	24	25	16	46	27	49	19	9	39	24	19	51	39	34	47	10	11	32	27	37	16	15	40	50	19	45	34	0	39	31	26	52	
48	57	37	51	19	7	53	49	42	14	19	19	54	72	15	39	60	26	53	63	10	56	39	32	45	29	47	52	61	42	62	22	61	63	66	48	57	20	57	36	64	43	35	52	67	62	19	50	33	37	16	44	31	25	65	32	71	58	63	10	48	5	39	56	26	61	37	50	52	50	62	48	54	32	26	41	67	26	22	53	66	66	22	60	39	5	66	38	9	48	62	11	31	46	42	19	31	7	34	66	47	75	67	59	63	54	55	43	58	60	80	24	36	47	28	12	12	55	52	59	51	51	26	32	15	54	35	52	34	38	24	5	63	9	30	29	38	12	19	24	27	34	56	58	18	70	39	0	53	13	18	
71	26	20	15	52	57	16	12	11	49	53	41	47	31	39	51	9	52	44	11	57	4	21	57	17	39	29	25	23	13	13	48	13	23	27	37	21	46	46	45	14	21	24	25	22	32	40	35	60	61	56	62	33	57	27	44	26	6	44	48	33	50	61	26	59	35	40	18	38	25	39	60	30	25	41	15	30	32	56	28	31	20	49	16	23	48	14	33	57	39	15	42	26	31	22	34	23	56	45	42	14	35	34	11	28	27	24	15	7	23	45	42	33	43	29	44	56	24	17	20	56	20	41	21	54	20	25	11	19	51	49	56	12	56	32	37	18	45	38	32	42	28	22	30	47	27	31	53	0	41	55	
43	43	24	42	26	20	40	39	30	20	15	20	42	59	2	30	47	20	40	51	22	44	32	26	31	28	33	45	47	31	49	27	48	50	52	35	43	24	44	25	53	35	21	38	57	48	7	36	28	31	16	37	17	21	57	21	58	46	50	17	35	9	33	49	23	48	25	41	39	44	48	40	40	24	26	31	53	20	30	40	52	56	27	50	25	10	54	24	21	36	52	6	24	33	28	9	21	15	23	53	34	61	53	46	49	40	41	29	46	46	66	25	33	35	22	3	15	48	43	45	41	37	26	21	24	40	21	42	22	29	29	15	50	21	16	16	29	5	16	10	16	28	48	45	22	56	26	13	41	0	26	
66	67	45	48	4	12	61	48	44	7	37	13	69	81	27	56	63	44	67	63	9	59	36	50	53	20	58	46	69	42	67	9	66	71	75	62	65	10	71	52	63	39	45	62	64	72	34	62	51	55	34	62	43	43	60	48	78	58	76	9	61	22	57	50	44	73	52	46	65	44	74	65	65	30	16	40	76	23	4	64	75	63	8	57	49	17	70	51	10	62	60	21	29	58	51	25	32	25	50	78	54	84	77	64	72	64	65	50	58	68	90	15	28	62	26	27	30	50	49	66	67	60	16	34	3	63	45	51	37	55	9	22	67	9	42	42	37	28	17	35	43	29	52	69	8	77	52	18	55	26	0	

