4  150
20	14	36	79	10	18	93	28	23	55	11	13	53	78	66	57	41	9	34	60	55	82	21	19	96	67	61	57	75	36	76	47	9	86	63	67	10	98	2	86	90	18	42	19	66	65	70	35	92	47	11	67	92	67	68	11	28	41	44	54	77	73	72	23	47	21	76	95	11	13	89	58	79	30	75	67	6	15	52	80	35	32	76	17	82	43	88	40	73	4	72	77	14	62	38	2	30	59	70	95	40	7	50	79	8	66	12	77	36	64	26	78	34	97	59	45	49	67	36	68	69	70	29	99	94	6	95	49	91	21	9	3	16	51	97	37	34	79	21	74	9	79	19	70	94	51	56	87	5	23	
83	12	93	30	66	95	15	34	79	79	6	8	22	58	46	43	58	77	55	98	33	83	69	52	76	49	62	82	27	84	54	27	12	39	63	55	97	45	66	3	42	62	91	94	3	2	31	11	75	92	9	34	47	36	51	7	56	61	22	56	1	79	90	17	26	73	40	92	3	29	28	99	51	21	2	36	12	79	60	11	8	31	76	73	27	66	78	92	34	6	3	17	71	20	100	65	41	87	21	67	33	32	69	37	90	32	38	66	75	39	13	25	31	97	75	80	2	9	68	87	1	35	72	88	94	55	59	67	89	11	48	86	97	44	52	58	57	25	35	96	83	32	62	66	35	43	68	98	68	5	
25	96	65	54	36	68	94	38	32	50	17	26	1	29	73	54	28	33	66	80	73	14	92	12	69	73	24	79	56	50	85	97	48	55	46	23	46	36	63	24	78	67	91	66	2	57	6	57	38	60	47	34	71	90	26	38	85	14	20	64	80	34	80	30	24	25	82	53	90	49	53	73	44	100	88	19	13	10	5	51	17	65	46	75	88	67	73	69	54	85	60	13	23	28	45	53	30	98	28	9	99	41	87	47	68	60	3	26	37	3	43	35	87	4	24	44	25	71	85	71	9	11	97	94	7	88	36	19	36	91	51	8	43	25	52	11	80	83	47	80	17	32	63	15	63	58	57	36	22	2	
83	9	75	43	99	27	97	48	79	82	1	53	37	23	33	92	99	34	98	38	46	28	37	70	69	95	48	39	39	99	62	41	52	54	67	62	49	85	97	20	61	1	75	57	85	78	22	12	45	88	33	18	42	71	22	67	34	87	39	86	77	33	67	46	42	78	89	77	47	95	52	94	37	38	99	7	12	50	3	30	76	46	86	45	91	62	37	54	95	3	22	66	94	93	100	53	69	59	39	24	9	37	48	38	27	56	3	34	48	69	7	73	39	88	48	71	66	7	88	36	55	60	72	74	31	86	64	77	15	75	3	67	64	44	10	99	17	25	10	98	42	20	10	45	49	93	1	75	57	66	
1629	53	6101	5662	4361	2476	3080	5431	231	769	2076	696	4276	89	4458	160	394	110	4359	994	2469	6307	4166	2907	1933	1919	6456	3476	1333	4665	4944	3854	1853	778	786	5532	2794	7112	7178	4898	195	1709	1533	3532	5311	3399	4274	3730	3098	3559	5081	7180	5535	806	5038	1203	703	5663	7286	2631	4626	5196	1110	2169	1879	540	3031	5965	4324	2997	6109	2359	6539	4770	5350	5814	224	3726	2572	5989	4979	1400	2151	3791	2065	1482	5321	7044	4210	2488	7000	3697	6513	4431	2811	1301	6801	818	2810	1645	4411	5610	7456	6730	1831	4504	1932	6938	135	6829	6296	2870	5195	5475	6614	4255	5797	6235	5729	5247	259	1034	3897	6186	2862	1723	6394	6615	2390	1462	2438	2390	5270	2722	5067	1081	1470	1285	6926	6537	563	5658	1201	1717	5930	3640	4605	7327	7421	156	
0	55	92	18	9	10	22	35	71	40	73	76	38	30	33	69	61	69	22	24	60	58	41	59	68	45	60	65	42	18	54	76	28	27	47	64	96	71	76	37	60	47	73	63	53	49	84	80	44	62	14	67	18	71	37	42	31	53	23	63	92	21	31	29	31	27	31	32	64	46	75	71	66	67	43	62	47	31	62	54	72	57	24	44	51	45	32	16	42	15	38	50	35	83	19	32	30	74	23	30	13	40	61	51	23	80	62	33	68	21	86	88	32	49	57	26	63	72	62	48	51	57	38	70	63	41	68	53	32	41	82	56	65	53	33	82	29	72	31	10	37	41	43	61	62	57	61	47	71	71	92	
55	0	60	56	49	54	57	60	50	21	41	65	17	30	49	14	71	14	47	35	6	27	63	29	21	41	74	41	64	52	41	36	27	28	55	25	64	62	63	48	55	26	22	52	18	61	63	61	15	9	44	12	45	21	18	44	39	21	46	22	64	51	38	26	50	43	47	24	13	43	49	29	71	15	13	8	16	24	17	10	34	62	31	21	62	43	59	52	65	51	18	36	40	52	37	23	25	32	48	46	51	41	67	45	43	62	8	48	77	35	61	54	51	19	68	55	57	56	47	64	17	74	61	71	16	60	61	69	23	60	63	33	65	56	29	51	27	54	32	51	31	57	23	44	35	36	64	34	29	39	63	
92	60	0	81	83	85	78	70	22	56	20	31	65	64	63	57	57	53	71	68	54	36	68	34	40	48	63	27	68	77	39	24	74	70	54	35	4	34	29	59	39	46	42	33	45	58	18	21	56	65	77	56	75	42	64	52	61	43	70	38	7	74	60	68	65	66	64	64	48	47	18	30	51	47	59	64	51	73	42	50	25	50	75	51	57	49	72	79	69	79	61	41	58	9	74	71	70	28	71	64	80	53	51	43	70	22	64	62	58	74	11	5	65	48	56	74	38	26	31	62	47	65	69	47	43	64	37	63	70	64	21	36	45	48	60	10	66	24	61	82	55	61	51	32	30	35	47	45	30	22	5	
18	56	81	0	12	8	4	17	58	37	63	61	39	26	17	69	43	68	10	20	59	50	23	50	64	33	42	53	24	4	41	68	32	29	30	58	85	56	61	21	45	40	70	49	48	31	70	66	42	64	13	67	10	68	38	28	20	47	11	57	80	6	21	31	16	15	17	31	62	33	63	64	49	65	42	64	44	35	58	52	64	40	28	39	33	32	14	3	24	5	37	39	23	72	20	35	33	67	9	16	6	27	44	38	13	66	64	18	50	22	73	77	16	44	40	8	48	58	49	30	47	39	20	53	60	23	52	35	35	23	68	47	48	37	28	71	29	58	25	8	29	24	38	48	52	46	45	37	64	61	80	
9	49	83	12	0	5	16	28	62	32	64	67	32	21	24	63	54	62	13	15	53	49	34	50	60	36	53	55	35	11	44	68	22	21	39	56	87	62	67	28	51	38	65	54	44	41	74	71	36	56	5	61	8	64	31	33	22	45	14	55	83	14	22	23	23	18	23	25	56	37	65	62	58	60	36	56	39	25	54	46	64	49	18	35	43	36	25	9	35	8	31	41	25	74	12	26	24	66	15	21	6	31	53	42	13	71	56	25	61	14	77	79	24	40	50	19	54	62	53	41	43	50	31	62	56	34	59	46	26	34	73	47	57	45	24	73	22	63	22	3	28	34	35	51	53	48	53	38	62	62	83	
10	54	85	8	5	0	12	25	63	36	66	67	37	25	23	68	51	67	13	19	58	52	31	53	64	37	50	57	32	8	45	71	28	26	37	59	89	62	67	27	51	41	70	55	48	39	75	72	41	61	10	66	10	68	36	33	23	48	14	58	84	12	24	28	22	19	22	30	61	38	67	65	56	64	41	61	43	31	58	51	67	47	24	39	41	36	22	6	32	5	36	43	26	76	17	32	29	69	14	21	4	31	51	43	15	72	61	24	58	19	78	81	22	44	47	16	54	63	54	38	47	47	28	60	60	31	59	43	31	31	73	49	55	44	28	75	27	63	25	3	30	32	38	53	55	50	52	40	65	64	84	
22	57	78	4	16	12	0	13	56	37	61	57	41	26	15	70	40	68	10	21	60	49	19	49	64	30	38	51	20	5	39	67	35	31	27	57	82	52	58	19	42	39	70	46	48	27	67	63	42	65	16	68	12	68	39	26	20	47	11	57	77	6	21	32	13	15	14	32	62	31	60	63	45	65	43	65	44	38	58	52	63	36	31	39	30	29	10	6	20	8	38	38	21	69	22	37	34	66	9	14	9	25	40	35	13	63	65	15	46	25	71	75	13	44	36	5	44	55	47	26	47	35	16	49	60	19	49	31	37	19	65	45	45	34	28	69	30	55	25	12	29	21	38	46	50	44	41	35	63	59	77	
35	60	70	17	28	25	13	0	47	39	55	46	46	31	10	72	26	69	17	27	61	46	6	46	62	25	25	45	7	17	32	63	42	38	16	55	74	41	47	13	32	37	69	37	47	15	57	53	45	69	26	70	21	67	44	20	21	45	16	55	68	14	21	38	10	17	12	37	62	24	52	60	32	65	46	68	45	45	57	53	59	24	39	39	17	23	3	19	7	20	42	33	20	62	31	44	41	63	14	14	22	21	28	28	19	53	68	11	33	33	61	67	8	43	23	9	34	45	39	13	46	22	3	37	59	7	38	18	43	7	54	41	33	23	31	62	36	46	28	25	29	9	38	38	45	39	29	32	60	53	68	
71	50	22	58	62	63	56	47	0	39	14	15	50	45	41	53	36	49	50	48	47	23	45	21	36	26	42	10	45	55	17	25	57	53	31	27	26	15	13	37	17	29	41	11	33	35	13	11	42	58	57	51	53	40	49	30	40	30	48	30	21	52	40	51	42	44	41	47	42	25	6	27	31	42	45	57	38	57	35	40	22	29	57	35	34	26	50	58	47	57	45	21	36	15	55	55	54	27	49	42	59	31	30	20	48	12	57	40	38	55	14	20	43	34	35	51	17	6	9	39	34	44	46	28	37	41	17	41	54	41	13	19	24	25	41	15	49	4	42	61	36	39	34	10	15	16	26	25	27	14	21	
40	21	56	37	32	36	37	39	39	0	35	51	11	11	28	33	52	31	27	17	22	19	42	21	28	22	54	30	43	33	25	36	18	14	35	24	60	47	50	27	38	10	33	37	12	41	53	50	5	30	26	31	27	31	10	24	18	13	26	22	58	31	17	12	29	22	26	8	25	24	40	30	52	28	7	29	7	18	21	15	33	43	19	4	42	24	39	34	44	33	6	20	19	47	21	15	14	34	28	25	33	21	48	27	24	51	29	27	58	19	53	51	30	8	48	35	41	43	33	43	11	53	40	54	23	39	45	48	14	39	52	20	47	37	9	46	11	42	12	33	10	36	5	30	26	23	45	16	30	33	57	
73	41	20	63	64	66	61	55	14	35	0	29	44	43	46	41	49	37	53	48	36	16	54	14	23	30	54	10	54	59	22	10	53	50	41	16	25	29	27	43	28	26	27	23	25	46	23	22	35	47	58	39	56	26	44	35	42	22	51	19	23	56	41	48	48	47	46	43	30	31	9	13	44	30	38	46	31	53	24	31	8	40	55	31	45	32	57	61	56	61	40	23	39	11	54	51	50	13	53	46	62	35	43	27	51	24	46	45	52	53	20	15	48	27	47	57	29	20	18	50	26	55	54	42	25	50	30	52	50	50	24	16	38	36	40	10	46	18	41	63	36	47	30	17	10	16	38	26	13	2	22	
76	65	31	61	67	67	57	46	15	51	29	0	62	53	43	68	26	65	54	56	61	37	42	35	51	32	32	24	42	58	26	40	67	62	30	43	33	5	2	39	15	41	57	14	46	32	13	10	54	73	62	67	58	55	61	34	46	43	52	45	26	55	46	61	44	49	44	57	57	30	20	42	20	58	57	72	50	68	50	54	38	23	66	47	30	31	49	61	43	61	57	31	42	26	62	66	64	43	52	46	63	37	21	25	53	9	72	43	27	62	20	31	44	46	27	52	13	9	18	35	47	35	44	16	52	39	8	34	65	39	10	32	15	23	50	27	58	11	50	65	45	37	46	21	29	28	18	35	42	30	27	
38	17	65	39	32	37	41	46	50	11	44	62	0	15	36	31	62	30	31	19	21	28	50	30	32	32	64	40	50	36	36	44	11	11	45	31	69	58	61	36	49	21	36	48	19	50	63	61	8	24	27	29	29	34	1	34	25	21	30	29	68	35	24	9	36	28	33	8	26	35	50	37	63	29	6	24	13	9	26	17	41	53	14	15	51	34	45	36	52	35	5	31	27	56	20	7	8	41	33	31	34	30	58	38	28	62	24	35	68	18	63	60	37	17	58	40	51	54	44	52	18	63	48	64	27	47	56	58	6	47	63	31	58	47	15	55	10	53	18	34	19	45	16	41	36	34	56	27	37	42	67	
30	30	64	26	21	25	26	31	45	11	43	53	15	0	21	43	49	42	16	6	33	28	35	29	39	22	50	36	36	22	28	46	14	9	31	34	68	49	53	21	39	17	44	39	23	36	58	55	16	39	15	41	16	42	13	21	10	23	16	33	65	20	10	8	21	13	19	6	36	24	47	41	51	39	16	38	18	15	32	26	43	41	13	14	38	23	30	23	37	22	11	23	13	54	10	14	11	44	18	16	22	18	46	28	13	55	38	20	55	10	59	59	22	19	44	25	42	47	37	38	22	48	33	53	34	32	47	43	13	32	57	27	47	35	3	54	5	46	4	22	8	31	13	34	33	29	44	19	41	41	64	
33	49	63	17	24	23	15	10	41	28	46	43	36	21	0	61	30	59	11	18	51	36	14	36	52	16	30	37	14	15	24	53	34	29	14	45	67	38	43	4	28	27	58	31	36	17	52	48	34	58	21	59	16	56	34	11	10	35	10	45	62	11	11	29	1	8	2	27	51	16	45	50	34	54	36	58	34	36	46	42	49	24	31	28	19	14	11	17	16	17	32	23	9	55	23	35	32	53	9	4	19	11	29	20	12	48	58	1	37	25	56	60	2	33	26	10	30	40	32	18	36	28	12	37	48	11	35	23	34	11	50	31	32	20	20	54	26	41	17	22	18	10	27	31	36	30	28	22	50	45	62	
69	14	57	69	63	68	70	72	53	33	41	68	31	43	61	0	80	4	60	49	10	32	74	34	17	51	84	44	75	65	48	33	41	42	65	25	61	67	67	59	61	35	15	57	25	71	64	63	27	10	58	2	59	15	32	54	51	28	59	23	62	64	50	40	62	56	59	38	11	53	50	27	78	10	27	9	26	38	18	18	32	70	45	32	71	53	72	66	76	65	32	44	52	50	51	37	39	29	61	58	65	52	74	53	57	65	9	60	85	49	60	52	63	28	76	68	63	59	52	74	26	83	73	78	16	71	67	79	37	71	65	38	72	64	42	49	41	57	45	65	42	68	34	49	39	42	71	43	27	39	61	
61	71	57	43	54	51	40	26	36	52	49	26	62	49	30	80	0	76	41	48	70	48	21	46	65	30	6	39	20	43	31	59	62	57	17	56	59	23	28	27	20	45	71	25	54	13	39	36	57	80	51	77	46	70	60	28	38	51	40	58	52	40	38	57	31	38	32	54	68	27	42	59	7	70	59	80	55	64	62	62	56	9	60	50	11	28	30	45	21	46	57	35	35	51	53	63	60	60	39	34	48	31	6	26	42	35	80	30	7	55	46	56	30	52	4	35	19	31	31	13	54	8	24	12	64	20	20	9	62	20	36	41	12	15	47	51	54	33	44	51	42	20	48	33	42	38	10	37	59	48	53	
69	14	53	68	62	67	68	69	49	31	37	65	30	42	59	4	76	0	58	48	9	29	72	30	13	48	80	40	72	64	45	29	41	41	62	21	57	63	63	57	58	32	11	54	22	68	60	59	26	13	57	3	58	11	31	51	49	25	57	19	58	62	48	39	59	54	57	37	7	49	46	23	74	6	26	12	24	38	14	16	28	67	45	30	68	50	69	65	74	64	31	41	49	46	50	37	38	25	59	56	64	49	71	49	55	60	12	58	82	48	56	48	61	26	73	66	60	55	48	71	23	80	70	74	12	68	63	76	37	68	61	35	68	61	40	45	40	53	43	64	40	65	31	45	35	38	67	39	23	35	57	
22	47	71	10	13	13	10	17	50	27	53	54	31	16	11	60	41	58	0	11	49	40	22	40	54	24	40	44	23	6	32	58	26	22	25	48	75	49	54	14	38	29	60	41	38	28	62	58	32	55	10	58	5	58	29	20	10	37	1	47	71	4	11	23	10	5	9	22	52	24	53	54	45	55	33	55	34	29	48	42	54	35	22	29	30	23	15	8	24	7	28	30	13	62	14	28	25	57	2	8	9	18	40	29	3	58	55	11	48	16	65	68	11	34	37	9	41	50	41	28	37	38	19	48	50	21	46	33	27	21	60	37	43	31	18	62	20	50	15	11	19	21	28	39	42	36	40	27	54	51	71	
24	35	68	20	15	19	21	27	48	17	48	56	19	6	18	49	48	48	11	0	39	33	32	35	45	24	49	41	33	16	31	52	15	10	31	40	73	51	55	20	40	23	50	42	29	35	61	58	22	44	9	47	10	48	18	22	10	29	11	39	69	15	10	11	18	10	16	11	42	25	51	46	51	45	22	43	24	17	39	32	48	41	12	20	37	24	26	17	34	16	17	27	14	59	6	16	14	50	13	14	16	19	46	30	8	59	43	18	55	7	63	64	19	25	44	20	43	50	40	36	28	47	30	54	40	30	48	42	16	30	60	32	48	36	8	58	8	50	7	16	12	29	19	38	38	33	45	23	46	46	69	
60	6	54	59	53	58	60	61	47	22	36	61	21	33	51	10	70	9	49	39	0	24	64	26	14	41	74	37	64	55	39	30	32	32	55	20	58	59	60	49	53	25	16	49	16	61	59	57	17	11	48	8	49	15	22	44	41	19	49	17	59	53	40	30	51	45	49	28	6	43	44	24	69	9	17	10	16	30	12	8	29	61	36	22	61	43	61	56	66	55	22	35	41	47	41	28	29	26	51	47	55	42	65	43	46	58	10	50	76	39	56	49	52	18	67	57	55	52	44	64	16	74	63	69	11	60	59	69	28	60	59	30	63	55	31	46	31	50	34	55	32	58	23	41	32	34	62	33	24	34	58	
58	27	36	50	49	52	49	46	23	19	16	37	28	28	36	32	48	29	40	33	24	0	46	2	17	21	52	13	46	46	16	18	37	34	35	9	41	34	35	33	29	10	24	25	10	40	36	34	19	35	43	30	42	22	28	26	29	7	38	10	39	43	28	32	37	34	35	27	21	22	22	14	45	22	22	34	15	37	14	17	14	38	39	15	40	23	47	48	48	47	24	13	27	27	39	34	34	17	40	34	48	25	42	21	37	35	34	35	53	38	34	31	38	11	44	45	31	28	19	44	11	52	46	45	16	42	34	48	34	42	36	6	39	32	25	26	30	26	26	49	21	39	14	16	8	9	38	14	14	13	38	
41	63	68	23	34	31	19	6	45	42	54	42	50	35	14	74	21	72	22	32	64	46	0	46	64	25	19	44	1	23	32	63	47	43	13	55	71	37	43	14	29	39	70	34	49	10	53	50	48	72	32	72	27	68	48	20	24	47	21	56	65	20	25	43	14	22	16	41	64	24	50	60	27	67	50	72	47	50	58	55	59	19	44	42	12	23	9	25	2	26	46	33	23	60	36	49	46	63	20	18	28	22	23	27	24	49	72	14	27	38	59	65	12	46	17	15	30	42	37	8	48	16	3	31	61	4	34	12	48	4	51	41	28	20	34	60	40	43	31	31	32	7	40	37	45	39	24	32	60	53	66	
59	29	34	50	50	53	49	46	21	21	14	35	30	29	36	34	46	30	40	35	26	2	46	0	18	21	51	11	46	47	15	18	39	35	34	9	39	33	33	33	27	12	25	23	12	40	34	32	21	37	44	32	42	23	30	26	30	9	39	11	37	44	29	33	37	35	35	29	22	22	20	14	44	24	24	36	17	38	15	19	13	37	40	16	39	23	47	48	48	48	26	13	27	25	40	36	35	17	41	34	49	25	41	20	38	33	36	35	51	39	32	30	38	13	43	45	29	26	18	43	13	51	46	43	17	42	33	47	35	42	34	5	38	31	26	25	32	24	28	50	22	39	16	15	6	8	37	14	14	12	36	
68	21	40	64	60	64	64	62	36	28	23	51	32	39	52	17	65	13	54	45	14	17	64	18	0	38	70	27	64	60	34	16	43	41	52	9	44	50	49	49	46	25	6	41	16	58	46	46	24	25	55	16	54	4	32	43	44	17	53	7	45	58	43	39	53	49	51	35	8	40	32	10	63	7	26	24	21	41	6	15	15	56	46	25	58	41	63	61	66	60	30	31	43	33	49	39	39	12	55	50	61	41	60	39	51	47	24	51	70	47	42	35	54	20	62	61	48	42	36	62	17	70	63	62	5	60	50	66	38	60	47	24	56	50	36	32	39	40	39	61	35	57	26	33	23	27	56	31	10	21	44	
45	41	48	33	36	37	30	25	26	22	30	32	32	22	16	51	30	48	24	24	41	21	25	21	38	0	33	21	25	29	8	38	36	31	14	30	52	27	31	12	17	15	45	18	25	20	38	34	27	50	31	48	27	43	31	5	14	22	22	31	47	26	14	30	17	18	16	26	40	2	30	35	30	42	30	50	25	37	34	32	34	21	35	20	20	2	26	31	27	31	27	8	10	39	30	35	33	38	23	16	33	5	25	6	22	35	50	15	36	30	41	44	18	22	26	26	20	26	17	23	25	32	25	32	36	21	25	28	34	21	36	16	25	14	19	38	27	26	18	35	14	18	18	15	20	14	23	8	35	29	47	
60	74	63	42	53	50	38	25	42	54	54	32	64	50	30	84	6	80	40	49	74	52	19	51	70	33	0	45	18	42	35	64	64	59	19	61	65	29	34	28	25	48	76	31	58	13	45	42	60	84	50	81	45	74	62	30	39	55	39	62	58	39	40	59	31	38	32	56	73	31	48	64	13	74	62	83	58	66	66	65	61	13	61	53	12	31	28	44	18	45	59	39	36	57	54	64	62	66	38	34	47	33	12	31	42	41	83	30	9	55	52	62	29	55	7	34	25	37	36	12	58	3	22	17	68	19	26	7	63	19	42	46	18	19	48	57	55	39	46	50	45	19	51	38	47	42	16	41	64	54	59	
65	41	27	53	55	57	51	45	10	30	10	24	40	36	37	44	39	40	44	41	37	13	44	11	27	21	45	0	44	50	12	19	48	44	31	18	31	22	22	33	19	20	33	14	23	36	23	21	32	48	50	42	47	31	40	26	34	20	43	21	28	47	33	42	38	38	37	38	33	21	10	19	36	33	35	47	28	48	25	30	16	31	49	25	35	22	47	52	46	52	36	14	30	18	47	46	44	21	44	37	53	26	34	17	42	22	47	36	43	46	22	23	39	24	37	47	21	15	8	40	24	46	44	34	27	40	23	42	45	40	23	9	29	26	33	17	40	13	34	55	28	37	25	7	5	7	29	17	19	9	28	
42	64	68	24	35	32	20	7	45	43	54	42	50	36	14	75	20	72	23	33	64	46	1	46	64	25	18	44	0	24	32	63	48	43	13	56	71	37	43	15	28	39	70	34	49	10	53	49	48	73	33	72	28	68	49	20	25	47	22	56	65	21	26	44	15	23	17	42	65	24	50	60	26	67	50	72	48	51	59	56	59	19	45	42	12	23	10	26	2	27	46	33	23	60	37	50	47	63	21	19	29	22	22	27	25	49	72	15	26	39	58	65	13	46	17	16	30	42	36	7	49	15	4	31	61	4	33	11	49	4	50	41	27	19	35	59	41	43	32	32	33	7	41	37	45	39	24	33	60	53	65	
18	52	77	4	11	8	5	17	55	33	59	58	36	22	15	65	43	64	6	16	55	46	23	47	60	29	42	50	24	0	38	65	29	25	29	54	81	53	59	19	43	36	66	46	44	30	67	63	38	60	10	63	6	64	34	25	17	43	7	53	77	3	18	27	13	12	14	27	58	30	59	60	48	61	38	60	40	32	54	48	61	38	25	35	32	29	14	2	24	3	33	36	19	68	17	32	29	63	6	13	5	24	43	35	9	64	60	15	50	19	70	74	14	40	39	8	45	55	46	30	43	39	20	52	56	23	50	35	31	23	65	43	47	35	24	68	25	55	21	8	25	23	34	45	48	43	43	33	60	57	77	
54	41	39	41	44	45	39	32	17	25	22	26	36	28	24	48	31	45	32	31	39	16	32	15	34	8	35	12	32	38	0	31	41	36	19	25	43	22	25	20	13	15	40	12	23	24	30	27	29	50	39	46	36	38	35	13	22	20	31	26	38	35	22	35	25	26	24	31	37	8	21	28	29	39	32	49	26	42	30	31	27	22	41	21	24	9	34	40	34	40	31	5	19	30	37	40	38	31	32	25	41	14	26	5	31	27	49	23	36	37	32	35	26	22	28	34	16	18	8	28	23	36	32	30	32	28	20	31	39	28	29	10	23	16	24	30	32	18	24	43	19	25	20	7	13	7	22	9	28	21	38	
76	36	24	68	68	71	67	63	25	36	10	40	44	46	53	33	59	29	58	52	30	18	63	18	16	38	64	19	63	65	31	0	54	51	50	12	28	40	38	50	39	29	18	33	24	55	32	32	35	41	62	32	60	18	44	43	48	23	57	15	29	62	47	49	55	53	53	45	24	39	19	6	55	23	37	40	31	53	19	28	4	50	56	32	54	40	64	66	65	66	41	30	45	17	57	51	50	4	59	52	67	42	53	36	56	34	40	52	63	56	27	19	55	28	57	63	40	31	28	59	26	65	63	53	19	59	41	62	50	59	34	22	48	45	43	16	48	29	45	68	40	56	33	26	18	24	49	32	6	10	28	
28	27	74	32	22	28	35	42	57	18	53	67	11	14	34	41	62	41	26	15	32	37	47	39	43	36	64	48	48	29	41	54	0	5	45	41	78	63	66	35	53	28	47	53	29	50	70	68	19	34	19	39	22	45	10	35	24	31	26	39	76	29	24	6	33	25	31	10	37	38	58	48	65	40	17	34	23	3	37	28	51	55	4	22	51	37	41	29	49	27	13	36	27	65	12	4	3	51	28	29	26	32	60	42	23	68	34	33	69	10	71	69	34	26	58	35	56	60	50	51	28	62	45	67	38	45	61	57	4	45	70	39	61	49	17	64	9	59	18	25	22	44	23	47	44	41	58	32	48	51	76	
27	28	70	29	21	26	31	38	53	14	50	62	11	9	29	42	57	41	22	10	32	34	43	35	41	31	59	44	43	25	36	51	5	0	40	39	75	58	61	30	48	24	46	48	27	45	66	63	17	35	16	40	19	44	10	30	19	28	21	37	72	25	18	2	28	20	26	6	36	33	54	45	60	39	15	35	20	7	35	26	48	50	5	19	46	32	36	26	45	24	11	32	22	61	9	6	3	49	24	24	24	27	55	37	19	64	35	28	64	7	67	66	30	23	53	31	51	55	45	46	25	57	40	62	36	40	56	52	5	40	65	34	56	44	12	60	4	55	13	23	17	39	19	42	40	36	53	27	45	48	72	
47	55	54	30	39	37	27	16	31	35	41	30	45	31	14	65	17	62	25	31	55	35	13	34	52	14	19	31	13	29	19	50	45	40	0	44	58	25	31	11	15	30	59	21	39	5	40	37	41	65	35	63	30	57	43	11	21	37	24	45	52	25	21	40	15	22	16	37	54	12	37	48	20	56	43	64	39	47	48	47	46	10	43	33	6	12	19	31	15	31	40	21	18	46	37	46	43	50	23	18	33	14	15	14	26	37	64	14	24	38	45	52	14	37	13	22	17	29	23	9	39	18	14	23	50	9	22	13	45	9	38	29	18	7	29	46	37	30	27	36	26	7	32	24	32	26	14	22	48	40	52	
64	25	35	58	56	59	57	55	27	24	16	43	31	34	45	25	56	21	48	40	20	9	55	9	9	30	61	18	56	54	25	12	41	39	44	0	39	41	41	42	37	18	15	32	12	49	39	37	22	31	50	24	49	13	31	35	37	11	47	3	39	51	36	36	46	42	44	32	14	32	24	6	54	15	25	30	18	40	8	15	9	47	43	20	49	32	56	56	58	55	28	22	36	27	45	38	38	10	48	43	55	34	51	30	45	39	30	44	61	44	36	30	47	15	53	54	38	33	26	53	13	61	55	53	9	51	41	57	37	51	39	15	47	41	31	26	35	31	34	57	29	49	21	24	14	18	47	23	6	14	38	
96	64	4	85	87	89	82	74	26	60	25	33	69	68	67	61	59	57	75	73	58	41	71	39	44	52	65	31	71	81	43	28	78	75	58	39	0	36	31	63	42	51	46	37	50	61	20	23	60	69	82	60	79	46	69	56	65	47	74	42	7	78	65	73	69	70	68	68	52	51	22	34	53	51	63	68	56	78	47	55	29	53	80	56	60	53	76	83	73	83	65	45	62	13	78	76	75	32	75	68	85	57	53	46	74	24	68	66	60	78	13	9	69	52	59	77	41	29	35	65	51	68	72	49	47	68	39	65	75	68	23	40	47	51	64	14	71	27	65	87	60	65	55	36	35	39	50	49	34	27	6	
71	62	34	56	62	62	52	41	15	47	29	5	58	49	38	67	23	63	49	51	59	34	37	33	50	27	29	22	37	53	22	40	63	58	25	41	36	0	5	34	10	37	55	10	44	27	16	13	50	70	57	65	53	54	57	29	41	40	47	43	29	50	41	57	39	44	39	53	55	25	21	41	17	56	53	69	47	64	48	52	37	18	62	43	25	26	44	56	38	56	53	27	37	28	57	62	60	42	47	41	58	32	17	21	48	12	69	38	24	58	23	33	39	43	23	47	8	8	15	30	44	31	39	13	50	34	3	30	61	34	13	29	11	18	46	28	54	11	45	60	41	32	42	18	27	25	13	31	41	29	30	
76	63	29	61	67	67	58	47	13	50	27	2	61	53	43	67	28	63	54	55	60	35	43	33	49	31	34	22	43	59	25	38	66	61	31	41	31	5	0	39	15	40	55	13	45	33	11	8	53	71	62	65	58	53	60	34	46	42	52	43	24	55	45	60	45	49	44	56	55	30	18	40	22	56	56	70	49	67	48	53	36	24	66	46	31	31	50	61	44	61	56	30	42	24	61	65	63	41	53	46	63	36	23	25	53	7	70	43	29	62	18	28	45	45	28	53	13	7	17	36	46	37	45	18	50	40	9	35	64	40	8	30	16	24	49	25	57	9	49	65	44	38	45	20	27	27	19	34	40	28	25	
37	48	59	21	28	27	19	13	37	27	43	39	36	21	4	59	27	57	14	20	49	33	14	33	49	12	28	33	15	19	20	50	35	30	11	42	63	34	39	0	23	25	56	27	34	14	48	44	33	58	24	57	19	54	34	7	11	32	13	42	58	15	11	30	5	11	5	28	49	12	41	47	31	52	35	57	33	37	44	41	46	21	33	27	16	10	14	21	17	21	31	20	8	51	26	36	33	50	13	7	23	8	26	16	15	44	57	3	34	27	51	56	5	31	23	14	26	36	28	16	34	26	13	34	46	11	31	21	35	11	46	28	28	16	20	50	27	36	18	26	17	9	25	27	32	26	25	19	47	41	58	
60	55	39	45	51	51	42	32	17	38	28	15	49	39	28	61	20	58	38	40	53	29	29	27	46	17	25	19	28	43	13	39	53	48	15	37	42	10	15	23	0	29	52	6	36	18	25	21	42	63	47	59	42	50	47	18	31	33	37	38	36	39	30	47	29	33	29	43	50	15	23	38	17	51	45	62	39	54	43	44	35	12	52	34	17	16	34	45	30	45	43	18	26	32	47	52	50	40	37	30	47	21	14	11	38	21	62	27	24	47	29	37	29	35	18	37	3	13	10	22	37	27	30	16	45	25	8	24	51	25	22	22	10	8	36	32	44	14	35	50	31	23	33	13	23	19	10	21	38	28	37	
47	26	46	40	38	41	39	37	29	10	26	41	21	17	27	35	45	32	29	23	25	10	39	12	25	15	48	20	39	36	15	29	28	24	30	18	51	37	40	25	29	0	31	27	9	35	42	40	13	35	32	33	31	29	20	19	19	8	28	18	48	33	18	22	28	24	26	17	25	17	30	24	44	27	16	34	10	28	19	17	25	36	29	6	36	17	38	37	41	37	16	10	18	37	28	25	24	27	30	25	37	17	40	18	27	41	34	26	51	27	43	42	29	7	41	36	31	33	23	39	9	48	38	45	21	35	36	43	25	35	42	10	39	29	14	36	20	32	16	38	10	33	5	20	16	13	37	7	24	24	47	
73	22	42	70	65	70	70	69	41	33	27	57	36	44	58	15	71	11	60	50	16	24	70	25	6	45	76	33	70	66	40	18	47	46	59	15	46	55	55	56	52	31	0	47	22	65	50	50	29	24	60	14	60	2	36	49	50	23	59	13	47	64	49	44	59	55	57	40	10	46	37	14	69	7	30	23	26	45	12	19	19	62	50	31	64	47	69	67	72	66	35	37	49	36	54	43	44	14	61	56	66	48	66	45	57	51	23	57	76	52	46	37	60	26	68	67	54	47	41	68	23	76	69	68	10	66	56	72	42	66	52	30	62	56	42	35	43	45	45	67	41	63	32	39	29	33	62	37	14	26	46	
63	52	33	49	54	55	46	37	11	37	23	14	48	39	31	57	25	54	41	42	49	25	34	23	41	18	31	14	34	46	12	33	53	48	21	32	37	10	13	27	6	27	47	0	34	24	20	17	40	60	49	55	45	46	47	21	33	30	40	34	31	43	32	47	33	36	32	43	46	17	17	33	21	47	43	59	37	54	39	42	30	18	52	33	23	18	39	49	36	49	43	17	29	26	48	52	50	35	40	33	50	23	19	12	40	17	59	31	29	49	24	31	33	33	24	41	6	8	5	28	34	33	35	20	41	30	9	30	51	30	18	19	15	14	36	26	44	9	36	53	31	28	32	8	18	15	15	21	33	22	31	
53	18	45	48	44	48	48	47	33	12	25	46	19	23	36	25	54	22	38	29	16	10	49	12	16	25	58	23	49	44	23	24	29	27	39	12	50	44	45	34	36	9	22	34	0	45	46	44	10	26	39	23	38	20	19	29	28	3	37	10	48	42	27	24	37	33	35	20	15	27	32	18	53	17	13	26	6	28	10	8	21	45	31	9	45	27	47	45	51	44	16	19	27	37	33	26	26	22	39	34	45	26	49	27	35	45	26	35	60	32	44	40	38	4	50	45	39	37	28	48	1	58	48	53	12	45	43	53	25	45	46	14	47	38	20	36	23	36	23	45	19	42	10	25	18	18	46	17	18	23	48	
49	61	58	31	41	39	27	15	35	41	46	32	50	36	17	71	13	68	28	35	61	40	10	40	58	20	13	36	10	30	24	55	50	45	5	49	61	27	33	14	18	35	65	24	45	0	43	39	46	70	38	69	33	63	49	16	26	43	27	51	55	27	26	45	18	25	19	42	60	18	41	53	17	62	48	70	45	52	54	52	51	9	48	39	2	18	18	32	11	33	45	27	22	50	40	50	48	56	26	21	35	19	13	19	29	39	70	17	20	42	48	56	17	42	9	23	20	32	28	4	45	12	12	21	56	8	23	7	50	8	40	34	17	10	34	50	42	33	32	38	31	7	38	29	37	32	14	28	53	45	56	
84	63	18	70	74	75	67	57	13	53	23	13	63	58	52	64	39	60	62	61	59	36	53	34	46	38	45	23	53	67	30	32	70	66	40	39	20	16	11	48	25	42	50	20	46	43	0	3	55	70	69	62	66	50	62	42	53	43	60	41	13	63	52	64	53	56	53	60	53	37	14	36	33	53	58	69	51	71	47	53	31	34	71	48	41	38	59	69	55	69	59	34	49	16	67	68	67	36	61	54	71	43	34	32	61	4	69	51	40	68	7	19	53	47	39	62	23	12	21	46	47	48	55	29	48	50	20	46	67	50	3	32	27	33	54	16	62	11	55	73	49	48	48	23	28	29	30	38	36	25	14	
80	61	21	66	71	72	63	53	11	50	22	10	61	55	48	63	36	59	58	58	57	34	50	32	46	34	42	21	49	63	27	32	68	63	37	37	23	13	8	44	21	40	50	17	44	39	3	0	53	69	66	62	62	49	60	38	49	41	57	40	16	60	49	62	50	53	49	57	52	33	13	36	30	52	56	68	49	68	45	51	31	31	68	46	38	35	56	66	51	66	56	31	45	17	64	66	64	36	57	50	67	40	30	28	57	1	68	48	37	65	10	21	50	45	36	58	19	8	18	43	45	45	51	26	47	46	16	43	65	46	2	30	24	30	51	18	59	8	52	70	46	44	45	20	26	27	27	35	36	24	17	
44	15	56	42	36	41	42	45	42	5	35	54	8	16	34	27	57	26	32	22	17	19	48	21	24	27	60	32	48	38	29	35	19	17	41	22	60	50	53	33	42	13	29	40	10	46	55	53	0	24	31	25	32	27	8	29	24	13	31	20	59	36	23	14	34	28	32	11	20	29	41	29	57	23	3	23	4	17	18	10	32	48	21	7	47	29	44	39	50	38	5	24	25	47	24	15	15	32	33	30	38	26	53	31	29	54	23	33	63	23	54	51	36	8	53	40	45	46	36	49	9	59	46	58	19	45	49	54	14	45	55	23	52	42	14	46	14	45	17	38	15	42	8	33	27	26	50	20	29	33	58	
62	9	65	64	56	61	65	69	58	30	47	73	24	39	58	10	80	13	55	44	11	35	72	37	25	50	84	48	73	60	50	41	34	35	65	31	69	70	71	58	63	35	24	60	26	70	70	69	24	0	51	10	54	23	25	53	48	30	55	28	70	59	47	33	59	52	56	32	17	53	56	35	80	18	22	1	25	31	23	18	40	71	38	31	71	53	68	61	74	59	27	45	49	58	44	30	32	37	57	55	59	51	76	54	52	70	1	57	86	42	67	60	60	28	77	64	66	63	55	73	26	83	71	80	22	69	70	78	30	69	71	41	74	65	38	57	35	62	41	58	40	67	32	52	43	45	73	43	35	45	69	
14	44	77	13	5	10	16	26	57	26	58	62	27	15	21	58	51	57	10	9	48	43	32	44	55	31	50	50	33	10	39	62	19	16	35	50	82	57	62	24	47	32	60	49	39	38	69	66	31	51	0	56	5	58	26	28	16	39	11	49	78	12	17	18	20	13	19	20	51	32	60	56	55	54	31	51	33	22	48	41	58	45	15	30	40	31	24	10	33	8	26	36	20	68	7	22	19	60	12	17	7	25	50	37	9	66	51	21	58	9	72	73	21	35	47	17	49	57	48	38	37	48	29	58	50	31	55	43	22	31	68	41	52	41	18	67	17	57	16	7	22	31	29	46	47	42	49	32	56	56	77	
67	12	56	67	61	66	68	70	51	31	39	67	29	41	59	2	77	3	58	47	8	30	72	32	16	48	81	42	72	63	46	32	39	40	63	24	60	65	65	57	59	33	14	55	23	69	62	62	25	10	56	0	57	14	30	52	49	26	57	21	61	62	48	38	59	53	57	36	9	50	48	26	76	9	25	9	24	37	16	16	31	68	43	30	69	51	69	64	74	63	30	42	49	49	49	35	37	28	59	55	63	50	72	50	54	63	9	58	83	47	59	51	61	26	74	66	61	57	50	72	23	81	71	76	14	68	65	76	35	68	63	36	70	62	40	48	39	55	43	63	40	66	31	47	37	40	69	40	26	37	60	
18	45	75	10	8	10	12	21	53	27	56	58	29	16	16	59	46	58	5	10	49	42	27	42	54	27	45	47	28	6	36	60	22	19	30	49	79	53	58	19	42	31	60	45	38	33	66	62	32	54	5	57	0	58	28	24	13	38	6	48	75	7	14	20	15	9	14	21	52	28	57	55	50	55	32	53	34	25	48	42	56	40	19	29	35	27	19	7	28	6	27	33	17	65	10	25	22	59	7	12	6	22	45	33	5	62	53	16	53	12	68	71	16	34	42	13	45	54	44	33	37	42	24	53	50	26	50	38	25	26	64	39	48	36	18	65	18	54	15	7	20	26	28	43	45	39	44	30	55	54	74	
71	21	42	68	64	68	68	67	40	31	26	55	34	42	56	15	70	11	58	48	15	22	68	23	4	43	74	31	68	64	38	18	45	44	57	13	46	54	53	54	50	29	2	46	20	63	50	49	27	23	58	14	58	0	34	47	48	21	57	12	47	62	47	42	57	53	55	38	8	44	36	13	67	5	28	22	24	43	10	17	18	61	48	29	63	45	67	65	70	64	33	35	47	35	52	41	42	14	59	54	64	46	64	43	55	51	22	55	75	50	45	37	58	24	67	65	52	46	40	66	21	75	67	66	8	64	55	70	41	64	51	28	61	55	40	34	42	44	43	65	39	61	30	37	27	31	60	35	13	25	46	
37	18	64	38	31	36	39	44	49	10	44	61	1	13	34	32	60	31	29	18	22	28	48	30	32	31	62	40	49	34	35	44	10	10	43	31	69	57	60	34	47	20	36	47	19	49	62	60	8	25	26	30	28	34	0	32	24	21	29	29	67	34	23	8	34	27	32	7	26	33	50	37	62	30	6	25	13	9	26	17	40	52	13	14	50	33	43	35	50	33	4	30	26	55	19	7	7	41	31	30	33	29	57	36	26	61	25	33	67	17	62	59	36	16	56	38	50	53	43	51	18	61	46	63	27	46	55	56	6	46	62	30	57	46	14	55	9	52	16	33	17	44	15	40	35	33	55	26	37	42	66	
42	44	52	28	33	33	26	20	30	24	35	34	34	21	11	54	28	51	20	22	44	26	20	26	43	5	30	26	20	25	13	43	35	30	11	35	56	29	34	7	18	19	49	21	29	16	42	38	29	53	28	52	24	47	32	0	12	26	18	35	51	21	12	29	12	14	11	26	44	5	34	40	29	46	32	53	28	37	38	36	39	19	34	22	17	3	21	27	22	27	29	13	8	43	28	35	32	43	19	12	29	3	25	9	19	38	53	10	34	29	45	49	13	26	24	21	21	30	21	20	28	29	20	32	40	16	26	24	34	16	40	21	26	14	18	43	26	30	17	31	14	13	21	20	25	19	23	12	40	34	51	
31	39	61	20	22	23	20	21	40	18	42	46	25	10	10	51	38	49	10	10	41	29	24	30	44	14	39	34	25	17	22	48	24	19	21	37	65	41	46	11	31	19	50	33	28	26	53	49	24	48	16	49	13	48	24	12	0	27	9	37	61	14	1	19	10	5	8	17	42	16	43	43	41	45	25	47	24	26	38	32	44	31	22	19	27	14	20	18	26	18	21	19	4	52	16	25	22	46	11	6	19	9	36	21	8	50	47	9	45	17	55	57	12	24	34	17	33	41	31	27	27	38	22	44	40	22	39	33	24	22	51	26	38	26	10	51	16	41	7	21	9	20	18	29	31	26	35	16	43	40	61	
53	21	43	47	45	48	47	45	30	13	22	43	21	23	35	28	51	25	37	29	19	7	47	9	17	22	55	20	47	43	20	23	31	28	37	11	47	40	42	32	33	8	23	30	3	43	43	41	13	30	39	26	38	21	21	26	27	0	36	10	46	41	26	26	36	32	34	21	17	24	29	17	50	19	15	29	8	30	11	11	19	42	33	9	43	25	46	45	49	44	18	16	26	34	34	28	27	21	38	33	44	25	46	24	34	42	29	34	57	33	41	38	37	5	48	44	36	34	25	46	4	55	46	50	13	43	40	50	27	43	43	11	44	36	20	33	24	33	23	45	18	40	9	22	15	15	43	14	17	20	45	
23	46	70	11	14	14	11	16	48	26	51	52	30	16	10	59	40	57	1	11	49	38	21	39	53	22	39	43	22	7	31	57	26	21	24	47	74	47	52	13	37	28	59	40	37	27	60	57	31	55	11	57	6	57	29	18	9	36	0	46	70	5	10	22	9	4	8	22	51	23	52	52	44	54	32	54	33	29	47	41	53	34	23	28	29	22	14	9	23	9	27	28	12	61	14	28	25	56	2	6	10	16	39	28	2	57	54	10	47	16	63	66	10	33	36	9	39	48	39	27	36	37	19	47	49	20	44	32	27	20	58	35	42	30	17	60	20	49	14	13	18	20	27	38	41	35	38	25	52	50	70	
63	22	38	57	55	58	57	55	30	22	19	45	29	33	45	23	58	19	47	39	17	10	56	11	7	31	62	21	56	53	26	15	39	37	45	3	42	43	43	42	38	18	13	34	10	51	41	40	20	28	49	21	48	12	29	35	37	10	46	0	42	51	36	35	46	42	44	31	12	32	27	8	55	12	22	27	16	38	5	13	12	49	42	19	50	33	56	55	58	54	26	23	36	30	43	36	36	12	48	43	55	34	52	31	44	42	27	44	63	42	39	32	47	14	55	54	41	36	29	54	11	63	55	55	6	52	44	58	35	52	42	16	49	43	30	29	34	34	33	55	28	49	19	26	16	20	49	23	8	17	41	
92	64	7	80	83	84	77	68	21	58	23	26	68	65	62	62	52	58	71	69	59	39	65	37	45	47	58	28	65	77	38	29	76	72	52	39	7	29	24	58	36	48	47	31	48	55	13	16	59	70	78	61	75	47	67	51	61	46	70	42	0	73	60	70	64	65	63	66	53	46	18	35	46	52	61	69	54	76	47	54	30	47	77	53	53	48	71	79	67	79	63	42	58	12	75	73	72	33	70	63	80	53	47	41	70	17	69	61	53	75	6	10	64	50	52	72	35	23	30	59	50	61	67	42	48	62	32	59	73	62	16	37	40	45	61	13	68	21	62	82	56	59	53	31	32	36	43	45	35	25	1	
21	51	74	6	14	12	6	14	52	31	56	55	35	20	11	64	40	62	4	15	53	43	20	44	58	26	39	47	21	3	35	62	29	25	25	51	78	50	55	15	39	33	64	43	42	27	63	60	36	59	12	62	7	62	34	21	14	41	5	51	73	0	15	26	10	9	10	26	56	26	56	57	44	59	37	59	38	32	52	46	58	35	26	33	29	25	12	5	21	6	32	33	16	65	17	32	29	61	3	10	8	20	40	31	7	60	59	12	47	19	67	70	10	38	36	5	42	51	43	27	41	36	17	48	54	20	47	32	31	20	61	40	43	32	22	64	24	52	19	11	23	20	32	42	45	39	40	30	57	54	73	
31	38	60	21	22	24	21	21	40	17	41	46	24	10	11	50	38	48	11	10	40	28	25	29	43	14	40	33	26	18	22	47	24	18	21	36	65	41	45	11	30	18	49	32	27	26	52	49	23	47	17	48	14	47	23	12	1	26	10	36	60	15	0	18	11	6	9	16	41	15	43	42	41	44	24	47	23	26	37	32	43	31	22	18	27	14	21	19	27	19	20	19	4	51	16	24	21	45	12	7	20	9	36	20	9	49	47	10	45	17	54	56	13	23	34	18	33	40	31	28	26	38	23	44	39	22	38	33	23	22	51	25	38	26	9	51	15	40	6	22	8	20	17	29	31	25	35	15	42	39	60	
29	26	68	31	23	28	32	38	51	12	48	61	9	8	29	40	57	39	23	11	30	32	43	33	39	30	59	42	44	27	35	49	6	2	40	36	73	57	60	30	47	22	44	47	24	45	64	62	14	33	18	38	20	42	8	29	19	26	22	35	70	26	18	0	29	21	27	4	34	32	52	43	59	37	13	33	18	7	33	24	45	49	7	17	46	31	37	27	45	26	8	30	22	59	11	5	3	46	25	25	25	26	54	36	20	62	33	28	64	9	65	64	30	21	53	32	50	54	43	47	23	57	41	61	34	41	55	52	5	41	64	33	55	43	11	58	3	53	12	25	16	39	17	41	38	35	52	26	43	46	70	
31	50	65	16	23	22	13	10	42	29	48	44	36	21	1	62	31	59	10	18	51	37	14	37	53	17	31	38	15	13	25	55	33	28	15	46	69	39	45	5	29	28	59	33	37	18	53	50	34	59	20	59	15	57	34	12	10	36	9	46	64	10	11	29	0	8	2	27	52	17	47	51	35	55	36	58	35	36	47	43	50	25	30	29	20	16	10	16	16	16	32	25	10	56	23	35	32	54	8	4	18	12	30	22	11	50	58	2	38	24	57	61	1	33	27	8	31	41	33	18	36	28	12	38	49	12	36	24	34	12	51	32	33	21	20	55	26	42	17	21	19	11	28	32	37	31	30	23	51	46	64	
27	43	66	15	18	19	15	17	44	22	47	49	28	13	8	56	38	54	5	10	45	34	22	35	49	18	38	38	23	12	26	53	25	20	22	42	70	44	49	11	33	24	55	36	33	25	56	53	28	52	13	53	9	53	27	14	5	32	4	42	65	9	6	21	8	0	6	20	47	19	48	48	42	50	29	51	29	28	43	37	49	32	22	24	27	18	16	13	24	13	25	24	7	57	15	27	24	51	6	4	14	12	37	24	4	53	51	8	45	16	59	62	9	29	34	12	36	44	35	26	32	36	19	45	45	20	41	31	26	20	54	31	39	27	13	56	18	45	10	17	14	18	23	33	36	31	36	21	48	45	65	
31	47	64	17	23	22	14	12	41	26	46	44	33	19	2	59	32	57	9	16	49	35	16	35	51	16	32	37	17	14	24	53	31	26	16	44	68	39	44	5	29	26	57	32	35	19	53	49	32	56	19	57	14	55	32	11	8	34	8	44	63	10	9	27	2	6	0	25	50	16	46	49	36	53	34	56	32	34	45	41	49	26	29	27	21	15	12	16	18	16	30	23	8	55	21	33	30	52	8	2	18	10	31	21	10	49	56	2	39	23	56	60	3	31	28	10	31	41	32	20	34	30	14	39	47	13	36	25	32	13	51	31	33	22	18	54	24	41	15	21	17	12	25	31	36	30	30	21	49	44	63	
32	24	64	31	25	30	32	37	47	8	43	57	8	6	27	38	54	37	22	11	28	27	41	29	35	26	56	38	42	27	31	45	10	6	37	32	68	53	56	28	43	17	40	43	20	42	60	57	11	32	20	36	21	38	7	26	17	21	22	31	66	26	16	4	27	20	25	0	31	28	48	39	56	34	11	32	14	11	29	21	41	46	11	12	43	27	36	28	43	27	6	26	19	55	13	9	7	42	24	23	27	23	51	32	19	58	32	26	61	11	60	59	29	17	50	31	46	49	39	44	19	54	39	58	31	39	51	49	8	39	59	28	51	40	7	54	3	49	10	27	12	37	13	36	34	30	49	22	39	41	65	
64	13	48	62	56	61	62	62	42	25	30	57	26	36	51	11	68	7	52	42	6	21	64	22	8	40	73	33	65	58	37	24	37	36	54	14	52	55	55	49	50	25	10	46	15	60	53	52	20	17	51	9	52	8	26	44	42	17	51	12	53	56	41	34	52	47	50	31	0	42	39	18	67	3	20	16	18	35	7	10	23	59	40	23	60	42	62	59	66	58	25	33	42	41	44	33	34	20	53	49	58	42	63	42	49	54	16	50	74	43	50	43	53	18	65	59	52	48	40	64	15	72	63	66	5	60	55	68	33	60	54	27	60	53	34	40	34	46	37	58	33	58	24	37	28	31	60	32	18	28	52	
46	43	47	33	37	38	31	24	25	24	31	30	35	24	16	53	27	49	24	25	43	22	24	22	40	2	31	21	24	30	8	39	38	33	12	32	51	25	30	12	15	17	46	17	27	18	37	33	29	53	32	50	28	44	33	5	16	24	23	32	46	26	15	32	17	19	16	28	42	0	29	36	28	44	32	52	27	39	35	34	35	18	37	22	18	1	25	32	26	32	30	9	12	38	32	37	35	39	24	16	34	6	23	5	23	34	52	15	34	32	40	44	17	24	24	26	18	25	16	21	27	30	24	29	38	20	23	26	36	20	35	17	23	12	21	38	29	25	20	36	16	17	20	15	21	15	21	10	36	29	46	
75	49	18	63	65	67	60	52	6	40	9	20	50	47	45	50	42	46	53	51	44	22	50	20	32	30	48	10	50	59	21	19	58	54	37	24	22	21	18	41	23	30	37	17	32	41	14	13	41	56	60	48	57	36	50	34	43	29	52	27	18	56	43	52	47	48	46	48	39	29	0	22	37	39	44	55	37	58	32	39	18	35	59	36	40	31	55	61	52	61	46	24	40	9	57	56	55	22	53	46	63	35	36	25	52	14	55	44	44	57	12	14	47	33	41	56	23	12	13	45	33	50	51	34	34	47	23	47	55	47	15	19	30	31	43	9	50	9	44	65	38	44	35	14	14	18	32	27	22	10	17	
71	29	30	64	62	65	63	60	27	30	13	42	37	41	50	27	59	23	54	46	24	14	60	14	10	35	64	19	60	60	28	6	48	45	48	6	34	41	40	47	38	24	14	33	18	53	36	36	29	35	56	26	55	13	37	40	43	17	52	8	35	57	42	43	51	48	49	39	18	36	22	0	55	17	31	34	24	46	12	21	5	50	50	26	53	37	61	61	62	61	34	27	41	23	51	44	44	3	54	48	62	39	53	33	51	37	34	49	63	50	32	25	52	22	56	59	40	33	28	57	19	64	60	54	13	56	42	60	43	56	38	19	49	44	38	22	42	31	40	63	35	53	27	25	16	21	49	28	0	12	34	
66	71	51	49	58	56	45	32	31	52	44	20	63	51	34	78	7	74	45	51	69	45	27	44	63	30	13	36	26	48	29	55	65	60	20	54	53	17	22	31	17	44	69	21	53	17	33	30	57	80	55	76	50	67	62	29	41	50	44	55	46	44	41	59	35	42	36	56	67	28	37	55	0	68	60	79	55	66	60	61	52	10	63	50	15	28	35	50	27	51	58	34	37	45	57	65	62	57	43	38	53	32	5	26	46	29	79	34	7	58	40	50	34	51	9	40	15	25	27	19	53	16	29	5	62	25	14	16	64	25	30	39	6	15	48	45	56	27	47	56	44	24	48	30	40	36	7	37	55	44	47	
67	15	47	65	60	64	65	65	42	28	30	58	29	39	54	10	70	6	55	45	9	22	67	24	7	42	74	33	67	61	39	23	40	39	56	15	51	56	56	52	51	27	7	47	17	62	53	52	23	18	54	9	55	5	30	46	45	19	54	12	52	59	44	37	55	50	53	34	3	44	39	17	68	0	24	17	21	38	8	13	22	61	44	26	62	44	65	62	69	61	28	35	45	40	48	36	37	19	56	51	61	44	65	43	52	54	17	53	75	46	50	42	56	21	67	62	53	48	41	66	18	74	66	67	6	63	56	70	36	63	54	29	62	55	37	39	37	47	40	61	36	60	27	38	29	32	61	34	17	28	51	
43	13	59	42	36	41	43	46	45	7	38	57	6	16	36	27	59	26	33	22	17	22	50	24	26	30	62	35	50	38	32	37	17	15	43	25	63	53	56	35	45	16	30	43	13	48	58	56	3	22	31	25	32	28	6	32	25	15	32	22	61	37	24	13	36	29	34	11	20	32	44	31	60	24	0	22	7	15	20	11	34	51	20	10	49	31	46	39	52	38	5	26	27	50	24	13	13	34	34	32	38	29	55	34	30	57	22	35	66	22	57	54	37	11	56	41	48	49	39	51	12	61	48	61	21	46	52	56	12	46	58	26	55	44	15	49	14	48	18	38	17	44	11	36	30	29	53	23	31	36	61	
62	8	64	64	56	61	65	68	57	29	46	72	24	38	58	9	80	12	55	43	10	34	72	36	24	50	83	47	72	60	49	40	34	35	64	30	68	69	70	57	62	34	23	59	26	70	69	68	23	1	51	9	53	22	25	53	47	29	54	27	69	59	47	33	58	51	56	32	16	52	55	34	79	17	22	0	24	31	22	18	39	70	38	30	70	52	68	60	74	59	26	45	49	57	44	30	32	36	57	54	59	50	75	53	52	69	0	57	86	42	66	59	60	27	76	64	65	62	54	73	25	82	70	79	21	68	69	77	30	68	70	40	73	64	38	56	35	61	41	58	39	66	31	51	42	44	72	42	34	44	68	
47	16	51	44	39	43	44	45	38	7	31	50	13	18	34	26	55	24	34	24	16	15	47	17	21	25	58	28	48	40	26	31	23	20	39	18	56	47	49	33	39	10	26	37	6	45	51	49	4	25	33	24	34	24	13	28	24	8	33	16	54	38	23	18	35	29	32	14	18	27	37	24	55	21	7	24	0	22	14	8	27	46	25	5	45	27	45	41	50	40	9	21	25	43	27	20	19	28	35	31	40	25	51	29	31	50	24	33	61	26	50	46	36	4	51	41	42	42	32	48	5	58	46	55	16	44	46	53	19	44	51	19	49	40	16	42	17	41	19	40	15	41	7	29	23	22	48	18	24	29	54	
31	24	73	35	25	31	38	45	57	18	53	68	9	15	36	38	64	38	29	17	30	37	50	38	41	37	66	48	51	32	42	53	3	7	47	40	78	64	67	37	54	28	45	54	28	52	71	68	17	31	22	37	25	43	9	37	26	30	29	38	76	32	26	7	36	28	34	11	35	39	58	46	66	38	15	31	22	0	35	26	50	57	7	22	53	38	43	32	52	30	12	37	29	64	15	2	4	50	31	31	29	33	62	43	26	69	31	35	71	13	71	68	37	25	60	38	57	60	50	54	27	64	47	69	36	48	62	59	3	48	70	38	62	51	18	63	10	60	19	28	23	46	23	47	44	41	60	33	46	51	75	
62	17	42	58	54	58	58	57	35	21	24	50	26	32	46	18	62	14	48	39	12	14	58	15	6	34	66	25	59	54	30	19	37	35	48	8	47	48	48	44	43	19	12	39	10	54	47	45	18	23	48	16	48	10	26	38	38	11	47	5	47	52	37	33	47	43	45	29	7	35	32	12	60	8	20	22	14	35	0	9	17	52	39	19	54	36	57	55	61	54	24	26	37	35	42	33	33	15	49	44	54	36	56	35	45	47	22	45	67	41	44	37	48	14	58	55	45	41	33	57	11	66	57	59	2	55	48	61	32	55	47	20	53	46	30	34	32	39	33	55	29	52	20	30	21	24	53	26	12	22	46	
54	10	50	52	46	51	52	53	40	15	31	54	17	26	42	18	62	16	42	32	8	17	55	19	15	32	65	30	56	48	31	28	28	26	47	15	55	52	53	41	44	17	19	42	8	52	53	51	10	18	41	16	42	17	17	36	32	11	41	13	54	46	32	24	43	37	41	21	10	34	39	21	61	13	11	18	8	26	9	0	25	53	31	13	53	34	53	49	58	48	15	27	33	42	34	24	25	24	43	39	48	33	57	35	39	52	18	41	68	33	51	45	44	10	58	50	47	45	36	56	7	65	54	61	10	52	51	60	23	52	53	22	55	46	24	41	24	44	27	48	24	49	15	33	25	26	54	24	21	29	53	
72	34	25	64	64	67	63	59	22	33	8	38	41	43	49	32	56	28	54	48	29	14	59	13	15	34	61	16	59	61	27	4	51	48	46	9	29	37	36	46	35	25	19	30	21	51	31	31	32	40	58	31	56	18	40	39	44	19	53	12	30	58	43	45	50	49	49	41	23	35	18	5	52	22	34	39	27	50	17	25	0	47	53	29	50	36	60	62	61	62	37	26	41	18	53	47	47	5	55	48	63	38	50	32	52	32	39	48	59	52	27	20	51	24	53	59	37	29	25	55	22	62	59	50	18	55	38	58	47	55	33	18	45	42	39	17	44	26	41	64	36	52	29	23	14	20	46	27	5	7	29	
57	62	50	40	49	47	36	24	29	43	40	23	53	41	24	70	9	67	35	41	61	38	19	37	56	21	13	31	19	38	22	50	55	50	10	47	53	18	24	21	12	36	62	18	45	9	34	31	48	71	45	68	40	61	52	19	31	42	34	49	47	35	31	49	25	32	26	46	59	18	35	50	10	61	51	70	46	57	52	53	47	0	53	41	7	19	27	41	20	41	48	26	27	44	47	55	52	52	33	28	43	23	5	17	36	30	70	24	15	48	40	49	24	43	6	31	12	24	22	12	45	15	22	13	55	17	14	12	54	17	32	32	8	6	38	44	46	26	37	46	34	15	39	24	34	29	5	28	50	40	48	
24	31	75	28	18	24	31	39	57	19	55	66	14	13	31	45	60	45	22	12	36	39	44	40	46	35	61	49	45	25	41	56	4	5	43	43	80	62	66	33	52	29	50	52	31	48	71	68	21	38	15	43	19	48	13	34	22	33	23	42	77	26	22	7	30	22	29	11	40	37	59	50	63	44	20	38	25	7	39	31	53	53	0	24	49	36	37	25	46	23	15	36	26	66	8	8	6	53	25	26	22	31	58	41	20	68	38	31	67	6	72	71	32	28	56	31	55	60	50	49	30	59	42	66	41	42	60	54	8	42	70	39	60	48	16	65	8	59	17	21	21	41	24	47	45	41	57	32	50	53	77	
44	21	51	39	35	39	39	39	35	4	31	47	15	14	28	32	50	30	29	20	22	15	42	16	25	20	53	25	42	35	21	32	22	19	33	20	56	43	46	27	34	6	31	33	9	39	48	46	7	31	30	30	29	29	14	22	19	9	28	19	53	33	18	17	29	24	27	12	23	22	36	26	50	26	10	30	5	22	19	13	29	41	24	0	40	22	39	36	44	35	10	16	19	42	24	20	19	30	30	25	35	20	45	24	26	47	30	27	56	23	48	46	30	5	46	36	37	39	29	42	8	52	40	51	21	38	42	47	19	38	48	16	44	34	11	41	15	38	14	36	10	36	1	26	21	19	42	13	26	28	53	
51	62	57	33	43	41	30	17	34	42	45	30	51	38	19	71	11	68	30	37	61	40	12	39	58	20	12	35	12	32	24	54	51	46	6	49	60	25	31	16	17	36	64	23	45	2	41	38	47	71	40	69	35	63	50	17	27	43	29	50	53	29	27	46	20	27	21	43	60	18	40	53	15	62	49	70	45	53	54	53	50	7	49	40	0	18	20	34	13	35	46	27	24	49	42	52	49	55	28	23	37	20	10	19	31	37	70	19	18	43	47	54	19	43	7	25	18	30	27	5	45	12	15	19	56	10	21	7	51	10	38	34	15	9	36	49	43	32	34	40	32	9	38	28	37	31	12	28	53	44	54	
45	43	49	32	36	36	29	23	26	24	32	31	34	23	14	53	28	50	23	24	43	23	23	23	41	2	31	22	23	29	9	40	37	32	12	32	53	26	31	10	16	17	47	18	27	18	38	35	29	53	31	51	27	45	33	3	14	25	22	33	48	25	14	31	16	18	15	27	42	1	31	37	28	44	31	52	27	38	36	34	36	19	36	22	18	0	24	31	25	31	29	10	10	40	30	36	34	40	22	15	32	5	24	6	22	35	52	13	34	31	41	45	16	24	24	25	19	26	17	21	27	30	23	30	38	19	24	25	35	19	36	18	24	13	20	39	28	27	19	35	15	16	20	16	22	16	21	10	37	30	48	
32	59	72	14	25	22	10	3	50	39	57	49	45	30	11	72	30	69	15	26	61	47	9	47	63	26	28	47	10	14	34	64	41	36	19	56	76	44	50	14	34	38	69	39	47	18	59	56	44	68	24	69	19	67	43	21	20	46	14	56	71	12	21	37	10	16	12	36	62	25	55	61	35	65	46	68	45	43	57	53	60	27	37	39	20	24	0	16	10	17	41	34	20	64	29	43	40	64	12	13	19	22	31	30	17	56	68	12	36	31	64	69	9	44	26	6	36	48	41	16	47	25	6	40	59	10	41	21	42	10	57	42	36	26	30	64	34	49	27	22	29	12	38	40	46	40	32	33	61	55	71	
16	52	79	3	9	6	6	19	58	34	61	61	36	23	17	66	45	65	8	17	56	48	25	48	61	31	44	52	26	2	40	66	29	26	31	56	83	56	61	21	45	37	67	49	45	32	69	66	39	61	10	64	7	65	35	27	18	45	9	55	79	5	19	27	16	13	16	28	59	32	61	61	50	62	39	60	41	32	55	49	62	41	25	36	34	31	16	0	26	1	34	38	21	70	17	32	29	65	8	15	3	26	45	37	10	66	60	18	52	19	72	76	16	41	41	10	48	57	48	32	44	41	22	54	57	25	52	37	31	25	67	45	49	38	25	70	25	58	22	6	26	25	35	47	50	44	45	35	61	59	79	
42	65	69	24	35	32	20	7	47	44	56	43	52	37	16	76	21	74	24	34	66	48	2	48	66	27	18	46	2	24	34	65	49	45	15	58	73	38	44	17	30	41	72	36	51	11	55	51	50	74	33	74	28	70	50	22	26	49	23	58	67	21	27	45	16	24	18	43	66	26	52	62	27	69	52	74	50	52	61	58	61	20	46	44	13	25	10	26	0	27	48	35	25	62	38	51	48	65	21	20	29	24	23	29	26	51	74	17	27	40	60	67	14	48	18	16	31	43	38	8	51	15	4	32	63	6	35	11	50	6	52	43	29	21	36	61	42	45	33	32	34	9	42	39	47	41	25	35	62	55	67	
15	51	79	5	8	5	8	20	57	33	61	61	35	22	17	65	46	64	7	16	55	47	26	48	60	31	45	52	27	3	40	66	27	24	31	55	83	56	61	21	45	37	66	49	44	33	69	66	38	59	8	63	6	64	33	27	18	44	9	54	79	6	19	26	16	13	16	27	58	32	61	61	51	61	38	59	40	30	54	48	62	41	23	35	35	31	17	1	27	0	33	38	21	70	15	30	28	64	8	15	2	26	46	37	9	66	59	18	53	17	72	75	17	40	42	11	48	57	48	33	43	42	23	55	56	26	53	38	30	26	67	44	49	38	24	70	24	58	21	5	26	26	34	47	50	44	46	34	61	59	79	
38	18	61	37	31	36	38	42	45	6	40	57	5	11	32	32	57	31	28	17	22	24	46	26	30	27	59	36	46	33	31	41	13	11	40	28	65	53	56	31	43	16	35	43	16	45	59	56	5	27	26	30	27	33	4	29	21	18	27	26	63	32	20	8	32	25	30	6	25	30	46	34	58	28	5	26	9	12	24	15	37	48	15	10	46	29	41	34	48	33	0	26	23	52	19	10	9	38	30	28	33	26	53	32	25	57	26	31	63	17	58	56	33	13	53	37	46	49	39	48	14	58	44	59	25	43	51	53	9	43	58	26	53	42	11	51	9	48	14	33	14	41	11	36	31	29	51	22	34	38	63	
50	36	41	39	41	43	38	33	21	20	23	31	31	23	23	44	35	41	30	27	35	13	33	13	31	8	39	14	33	36	5	30	36	32	21	22	45	27	30	20	18	10	37	17	19	27	34	31	24	45	36	42	33	35	30	13	19	16	28	23	42	33	19	30	25	24	23	26	33	9	24	27	34	35	26	45	21	37	26	27	26	26	36	16	27	10	34	38	35	38	26	0	16	32	33	35	33	30	30	23	39	12	30	8	28	32	45	22	41	33	36	37	25	17	32	33	21	23	13	31	19	39	33	34	29	29	25	34	34	29	33	8	28	19	20	32	27	23	20	41	15	26	15	10	12	6	27	4	27	21	41	
35	40	58	23	25	26	21	20	36	19	39	42	27	13	9	52	35	49	13	14	41	27	23	27	43	10	36	30	23	19	19	45	27	22	18	36	62	37	42	8	26	18	49	29	27	22	49	45	25	49	20	49	17	47	26	8	4	26	12	36	58	16	4	22	10	7	8	19	42	12	40	41	37	45	27	49	25	29	37	33	41	27	26	19	24	10	20	21	25	21	23	16	0	49	20	28	25	44	13	7	22	5	32	17	12	46	49	8	42	21	51	54	11	23	31	18	29	37	27	25	26	35	21	40	39	19	34	30	27	19	47	23	34	22	12	48	19	37	9	24	9	17	18	26	29	23	31	13	41	38	57	
83	52	9	72	74	76	69	62	15	47	11	26	56	54	55	50	51	46	62	59	47	27	60	25	33	39	57	18	60	68	30	17	65	61	46	27	13	28	24	51	32	37	36	26	37	50	16	17	47	58	68	49	65	35	55	43	52	34	61	30	12	65	51	59	56	57	55	55	41	38	9	23	45	40	50	57	43	64	35	42	18	44	66	42	49	40	64	70	62	70	52	32	49	0	65	62	61	21	62	55	71	44	45	34	61	18	57	54	52	64	10	5	56	39	50	65	32	20	23	54	38	59	61	42	36	56	31	56	61	56	18	27	39	40	51	1	57	18	52	73	46	53	42	23	21	26	41	36	23	13	11	
19	37	74	20	12	17	22	31	55	21	54	62	20	10	23	51	53	50	14	6	41	39	36	40	49	30	54	47	37	17	37	57	12	9	37	45	78	57	61	26	47	28	54	48	33	40	67	64	24	44	7	49	10	52	19	28	16	34	14	43	75	17	16	11	23	15	21	13	44	32	57	51	57	48	24	44	27	15	42	34	53	47	8	24	42	30	29	17	38	15	19	33	20	65	0	15	12	55	16	19	14	25	52	36	12	65	44	23	60	2	69	70	24	29	49	23	50	56	46	41	32	51	34	60	44	35	55	47	14	35	66	38	54	42	14	64	10	56	13	14	18	34	24	44	43	39	51	29	51	52	75	
32	23	71	35	26	32	37	44	55	15	51	66	7	14	35	37	63	37	28	16	28	34	49	36	39	35	64	46	50	32	40	51	4	6	46	38	76	62	65	36	52	25	43	52	26	50	68	66	15	30	22	35	25	41	7	35	25	28	28	36	73	32	24	5	35	27	33	9	33	37	56	44	65	36	13	30	20	2	33	24	47	55	8	20	52	36	43	32	51	30	10	35	28	62	15	0	2	48	30	30	30	32	60	41	25	67	30	34	70	13	68	66	36	23	59	37	55	58	48	52	25	63	46	67	34	46	60	58	1	46	68	36	61	49	16	61	8	57	18	29	21	45	20	45	41	39	58	31	44	48	73	
30	25	70	33	24	29	34	41	54	14	50	64	8	11	32	39	60	38	25	14	29	34	46	35	39	33	62	44	47	29	38	50	3	3	43	38	75	60	63	33	50	24	44	50	26	48	67	64	15	32	19	37	22	42	7	32	22	27	25	36	72	29	21	3	32	24	30	7	34	35	55	44	62	37	13	32	19	4	33	25	47	52	6	19	49	34	40	29	48	28	9	33	25	61	12	2	0	48	27	28	27	29	57	39	22	65	32	31	67	10	67	66	33	22	56	34	53	56	46	50	24	60	44	64	34	44	58	55	2	44	66	35	58	47	14	60	6	56	15	26	19	42	19	43	40	37	56	29	44	48	72	
74	32	28	67	66	69	66	63	27	34	13	43	41	44	53	29	60	25	57	50	26	17	63	17	12	38	66	21	63	63	31	4	51	49	50	10	32	42	41	50	40	27	14	35	22	56	36	36	32	37	60	28	59	14	41	43	46	21	56	12	33	61	45	46	54	51	52	42	20	39	22	3	57	19	34	36	28	50	15	24	5	52	53	30	55	40	64	65	65	64	38	30	44	21	55	48	48	0	57	51	65	42	55	36	55	37	36	52	64	54	31	23	55	25	58	62	42	33	29	60	23	67	63	55	15	59	43	63	47	59	37	22	50	46	41	20	45	31	43	66	38	56	30	27	18	24	50	31	3	12	32	
23	48	71	9	15	14	9	14	49	28	53	52	33	18	9	61	39	59	2	13	51	40	20	41	55	23	38	44	21	6	32	59	28	24	23	48	75	47	53	13	37	30	61	40	39	26	61	57	33	57	12	59	7	59	31	19	11	38	2	48	70	3	12	25	8	6	8	24	53	24	53	54	43	56	34	57	35	31	49	43	55	33	25	30	28	22	12	8	21	8	30	30	13	62	16	30	27	57	0	7	10	17	38	29	5	57	57	9	46	18	64	67	9	35	35	7	39	49	40	26	38	35	17	47	51	19	44	31	29	19	59	37	41	30	19	61	22	49	16	13	20	19	29	39	42	36	38	27	54	51	70	
30	46	64	16	21	21	14	14	42	25	46	46	31	16	4	58	34	56	8	14	47	34	18	34	50	16	34	37	19	13	25	52	29	24	18	43	68	41	46	7	30	25	56	33	34	21	54	50	30	55	17	55	12	54	30	12	6	33	6	43	63	10	7	25	4	4	2	23	49	16	46	48	38	51	32	54	31	31	44	39	48	28	26	25	23	15	13	15	20	15	28	23	7	55	19	30	28	51	7	0	17	10	33	21	8	50	54	4	41	20	57	60	5	30	30	11	33	42	33	22	33	32	16	41	46	16	38	27	30	16	52	30	35	23	16	54	22	42	13	19	15	14	24	32	35	29	32	20	48	44	63	
13	51	80	6	6	4	9	22	59	33	62	63	34	22	19	65	48	64	9	16	55	48	28	49	61	33	47	53	29	5	41	67	26	24	33	55	85	58	63	23	47	37	66	50	45	35	71	67	38	59	7	63	6	64	33	29	19	44	10	55	80	8	20	25	18	14	18	27	58	34	63	62	53	61	38	59	40	29	54	48	63	43	22	35	37	32	19	3	29	2	33	39	22	71	14	30	27	65	10	17	0	27	48	39	10	68	59	20	55	17	74	77	18	41	44	13	50	59	50	35	43	44	25	57	56	28	55	40	29	28	69	45	51	40	24	71	24	59	21	3	26	28	35	48	51	45	48	36	62	60	80	
40	41	53	27	31	31	25	21	31	21	35	37	30	18	11	52	31	49	18	19	42	25	22	25	41	5	33	26	22	24	14	42	32	27	14	34	57	32	36	8	21	17	48	23	26	19	43	40	26	51	25	50	22	46	29	3	9	25	16	34	53	20	9	26	12	12	10	23	42	6	35	39	32	44	29	50	25	33	36	33	38	23	31	20	20	5	22	26	24	26	26	12	5	44	25	32	29	42	17	10	27	0	28	11	17	40	50	10	38	26	46	49	13	23	27	21	24	31	22	22	26	32	21	35	38	18	29	27	31	18	42	20	29	17	15	44	23	32	14	29	11	16	18	21	25	19	26	11	39	34	53	
61	67	51	44	53	51	40	28	30	48	43	21	58	46	29	74	6	71	40	46	65	42	23	41	60	25	12	34	22	43	26	53	60	55	15	51	53	17	23	26	14	40	66	19	49	13	34	30	53	76	50	72	45	64	57	25	36	46	39	52	47	40	36	54	30	37	31	51	63	23	36	53	5	65	55	75	51	62	56	57	50	5	58	45	10	24	31	45	23	46	53	30	32	45	52	60	57	55	38	33	48	28	0	22	41	30	75	29	10	53	40	50	29	47	5	36	13	25	25	15	49	14	25	8	58	21	14	13	59	21	31	36	6	11	43	45	51	27	42	51	39	19	44	27	37	32	4	33	53	42	47	
51	45	43	38	42	43	35	28	20	27	27	25	38	28	20	53	26	49	29	30	43	21	27	20	39	6	31	17	27	35	5	36	42	37	14	30	46	21	25	16	11	18	45	12	27	19	32	28	31	54	37	50	33	43	36	9	21	24	28	31	41	31	20	36	22	24	21	32	42	5	25	33	26	43	34	53	29	43	35	35	32	17	41	24	19	6	30	37	29	37	32	8	17	34	36	41	39	36	29	21	39	11	22	0	28	29	53	20	32	37	35	39	22	25	23	31	14	20	11	23	27	31	27	26	37	23	19	26	40	23	30	15	20	11	25	34	33	20	24	41	20	20	22	10	18	12	18	11	33	26	42	
23	43	70	13	13	15	13	19	48	24	51	53	28	13	12	57	42	55	3	8	46	37	24	38	51	22	42	42	25	9	31	56	23	19	26	45	74	48	53	15	38	27	57	40	35	29	61	57	29	52	9	54	5	55	26	19	8	34	2	44	70	7	9	20	11	4	10	19	49	23	52	51	46	52	30	52	31	26	45	39	52	36	20	26	31	22	17	10	26	9	25	28	12	61	12	25	22	55	5	8	10	17	41	28	0	57	52	12	49	13	63	66	12	31	38	12	40	49	39	29	34	39	21	49	47	23	45	35	24	23	59	34	43	31	15	60	17	49	12	12	16	22	25	38	40	35	40	25	51	49	70	
80	62	22	66	71	72	63	53	12	51	24	9	62	55	48	65	35	60	58	59	58	35	49	33	47	35	41	22	49	64	27	34	68	64	37	39	24	12	7	44	21	41	51	17	45	39	4	1	54	70	66	63	62	51	61	38	50	42	57	42	17	60	49	62	50	53	49	58	54	34	14	37	29	54	57	69	50	69	47	52	32	30	68	47	37	35	56	66	51	66	57	32	46	18	65	67	65	37	57	50	68	40	30	29	57	0	69	48	36	65	11	22	50	46	35	58	19	8	18	42	46	44	51	25	48	46	16	42	66	46	1	31	23	30	52	19	60	9	52	70	47	44	46	21	27	28	26	36	37	25	18	
62	8	64	64	56	61	65	68	57	29	46	72	24	38	58	9	80	12	55	43	10	34	72	36	24	50	83	47	72	60	49	40	34	35	64	30	68	69	70	57	62	34	23	59	26	70	69	68	23	1	51	9	53	22	25	53	47	29	54	27	69	59	47	33	58	51	56	32	16	52	55	34	79	17	22	0	24	31	22	18	39	70	38	30	70	52	68	60	74	59	26	45	49	57	44	30	32	36	57	54	59	50	75	53	52	69	0	57	86	42	66	59	60	27	76	64	65	62	54	73	25	82	70	79	21	68	69	77	30	68	70	40	73	64	38	56	35	61	41	58	39	66	31	51	42	44	72	42	34	44	68	
33	48	62	18	25	24	15	11	40	27	45	43	35	20	1	60	30	58	11	18	50	35	14	35	51	15	30	36	15	15	23	52	33	28	14	44	66	38	43	3	27	26	57	31	35	17	51	48	33	57	21	58	16	55	33	10	9	34	10	44	61	12	10	28	2	8	2	26	50	15	44	49	34	53	35	57	33	35	45	41	48	24	31	27	19	13	12	18	17	18	31	22	8	54	23	34	31	52	9	4	20	10	29	20	12	48	57	0	37	25	55	59	3	32	26	11	30	39	31	18	35	28	13	37	47	12	34	23	33	12	49	30	32	20	19	53	25	40	16	22	17	10	26	30	35	29	28	21	49	44	62	
68	77	58	50	61	58	46	33	38	58	52	27	68	55	37	85	7	82	48	55	76	53	27	51	70	36	9	43	26	50	36	63	69	64	24	61	60	24	29	34	24	51	76	29	60	20	40	37	63	86	58	83	53	75	67	34	45	57	47	63	53	47	45	64	38	45	39	61	74	34	44	63	7	75	66	86	61	71	67	68	59	15	67	56	18	34	36	52	27	53	63	41	42	52	60	70	67	64	46	41	55	38	10	32	49	36	86	37	0	62	47	57	37	58	11	42	22	32	34	20	60	13	30	11	69	27	21	15	69	27	37	46	14	21	53	53	61	35	51	58	49	27	54	37	47	43	14	43	63	52	54	
21	35	74	22	14	19	25	33	55	19	53	62	18	10	25	49	55	48	16	7	39	38	38	39	47	30	55	46	39	19	37	56	10	7	38	44	78	58	62	27	47	27	52	49	32	42	68	65	23	42	9	47	12	50	17	29	17	33	16	42	75	19	17	9	24	16	23	11	43	32	57	50	58	46	22	42	26	13	41	33	52	48	6	23	43	31	31	19	40	17	17	33	21	64	2	13	10	54	18	20	17	26	53	37	13	65	42	25	62	0	69	69	26	28	50	25	50	56	46	43	30	53	35	61	42	36	55	48	12	36	66	37	55	43	13	64	8	56	13	16	18	35	23	44	43	39	52	29	50	51	74	
86	61	11	73	77	78	71	61	14	53	20	20	63	59	56	60	46	56	65	63	56	34	59	32	42	41	52	22	58	70	32	27	71	67	45	36	13	23	18	51	29	43	46	24	44	48	7	10	54	67	72	59	68	45	62	45	55	41	63	39	6	67	54	65	57	59	56	60	50	40	12	32	40	50	57	66	50	71	44	51	27	40	72	48	47	41	64	72	60	72	58	36	51	10	69	68	67	31	64	57	74	46	40	35	63	11	66	55	47	69	0	12	57	46	46	66	28	16	24	52	45	54	60	36	45	55	26	52	68	55	10	32	34	38	55	11	63	15	56	76	51	52	48	25	27	30	36	39	32	22	7	
88	54	5	77	79	81	75	67	20	51	15	31	60	59	60	52	56	48	68	64	49	31	65	30	35	44	62	23	65	74	35	19	69	66	52	30	9	33	28	56	37	42	37	31	40	56	19	21	51	60	73	51	71	37	59	49	57	38	66	32	10	70	56	64	61	62	60	59	43	44	14	25	50	42	54	59	46	68	37	45	20	49	71	46	54	45	69	76	67	75	56	37	54	5	70	66	66	23	67	60	77	49	50	39	66	22	59	59	57	69	12	0	62	43	55	70	37	25	28	60	42	64	66	46	38	61	36	61	65	61	21	31	44	46	55	5	62	23	57	78	51	59	46	29	26	31	46	41	25	18	9	
32	51	65	16	24	22	13	8	43	30	48	44	37	22	2	63	30	61	11	19	52	38	12	38	54	18	29	39	13	14	26	55	34	30	14	47	69	39	45	5	29	29	60	33	38	17	53	50	36	60	21	61	16	58	36	13	12	37	10	47	64	10	13	30	1	9	3	29	53	17	47	52	34	56	37	60	36	37	48	44	51	24	32	30	19	16	9	16	14	17	33	25	11	56	24	36	33	55	9	5	18	13	29	22	12	50	60	3	37	26	57	62	0	35	26	8	31	41	33	17	38	27	10	38	50	10	36	22	35	10	51	33	32	21	22	56	27	42	19	21	20	10	29	33	38	32	29	24	52	47	64	
49	19	48	44	40	44	44	43	34	8	27	46	17	19	33	28	52	26	34	25	18	11	46	13	20	22	55	24	46	40	22	28	26	23	37	15	52	43	45	31	35	7	26	33	4	42	47	45	8	28	35	26	34	24	16	26	24	5	33	14	50	38	23	21	33	29	31	17	18	24	33	22	51	21	11	27	4	25	14	10	24	43	28	5	43	24	44	41	48	40	13	17	23	39	29	23	22	25	35	30	41	23	47	25	31	46	27	32	58	28	46	43	35	0	48	41	38	38	28	46	3	55	44	52	16	42	42	50	22	42	47	15	46	36	16	38	20	37	19	41	15	39	6	25	19	18	44	14	22	25	50	
57	68	56	40	50	47	36	23	35	48	47	27	58	44	26	76	4	73	37	44	67	44	17	43	62	26	7	37	17	39	28	57	58	53	13	53	59	23	28	23	18	41	68	24	50	9	39	36	53	77	47	74	42	67	56	24	34	48	36	55	52	36	34	53	27	34	28	50	65	24	41	56	9	67	56	76	51	60	58	58	53	6	56	46	7	24	26	41	18	42	53	32	31	50	49	59	56	58	35	30	44	27	5	23	38	35	76	26	11	50	46	55	26	48	0	31	18	30	28	9	50	9	20	14	61	16	19	7	58	16	37	38	12	12	42	50	50	32	40	47	38	16	44	30	40	35	9	33	56	46	53	
26	55	74	8	19	16	5	9	51	35	57	52	40	25	10	68	35	66	9	20	57	45	15	45	61	26	34	47	16	8	34	63	35	31	22	54	77	47	53	14	37	36	67	41	45	23	62	58	40	64	17	66	13	65	38	21	17	44	9	54	72	5	18	32	8	12	10	31	59	26	56	59	40	62	41	64	41	38	55	50	59	31	31	36	25	25	6	10	16	11	37	33	18	65	23	37	34	62	7	11	13	21	36	31	12	58	64	11	42	25	66	70	8	41	31	0	39	50	42	22	44	31	12	44	57	15	44	27	37	15	60	41	40	29	26	64	29	51	23	16	26	16	35	41	46	40	36	31	59	55	73	
63	57	38	48	54	54	44	34	17	41	29	13	51	42	30	63	19	60	41	43	55	31	30	29	48	20	25	21	30	45	16	40	56	51	17	38	41	8	13	26	3	31	54	6	39	20	23	19	45	66	49	61	45	52	50	21	33	36	39	41	35	42	33	50	31	36	31	46	52	18	23	40	15	53	48	65	42	57	45	47	37	12	55	37	18	19	36	48	31	48	46	21	29	32	50	55	53	42	39	33	50	24	13	14	40	19	65	30	22	50	28	37	31	38	18	39	0	12	12	23	39	27	32	14	47	27	5	24	54	27	20	25	8	10	39	32	47	14	38	52	34	24	36	14	24	21	9	24	40	29	36	
72	56	26	58	62	63	55	45	6	43	20	9	54	47	40	59	31	55	50	50	52	28	42	26	42	26	37	15	42	55	18	31	60	55	29	33	29	8	7	36	13	33	47	8	37	32	12	8	46	63	57	57	54	46	53	30	41	34	48	36	23	51	40	54	41	44	41	49	48	25	12	33	25	48	49	62	42	60	41	45	29	24	60	39	30	26	48	57	43	57	49	23	37	20	56	58	56	33	49	42	59	31	25	20	49	8	62	39	32	56	16	25	41	38	30	50	12	0	10	36	38	39	43	22	42	38	11	36	57	38	10	23	19	22	43	20	51	2	43	61	38	36	38	13	20	20	21	27	33	21	23	
62	47	31	49	53	54	47	39	9	33	18	18	44	37	32	52	31	48	41	40	44	19	37	18	36	17	36	8	36	46	8	28	50	45	23	26	35	15	17	28	10	23	41	5	28	28	21	18	36	55	48	50	44	40	43	21	31	25	39	29	30	43	31	43	33	35	32	39	40	16	13	28	27	41	39	54	32	50	33	36	25	22	50	29	27	17	41	48	38	48	39	13	27	23	46	48	46	29	40	33	50	22	25	11	39	18	54	31	34	46	24	28	33	28	28	42	12	10	0	32	29	37	37	26	35	33	15	34	47	33	20	13	20	18	33	23	41	9	33	52	28	30	28	3	12	10	21	17	28	17	30	
48	64	62	30	41	38	26	13	39	43	50	35	52	38	18	74	13	71	28	36	64	44	8	43	62	23	12	40	7	30	28	59	51	46	9	53	65	30	36	16	22	39	68	28	48	4	46	43	49	73	38	72	33	66	51	20	27	46	27	54	59	27	28	47	18	26	20	44	64	21	45	57	19	66	51	73	48	54	57	56	55	12	49	42	5	21	16	32	8	33	48	31	25	54	41	52	50	60	26	22	35	22	15	23	29	42	73	18	20	43	52	60	17	46	9	22	23	36	32	0	48	10	10	23	59	7	26	5	51	7	44	38	20	14	37	54	43	37	34	38	33	7	41	33	41	35	17	31	57	49	59	
51	17	47	47	43	47	47	46	34	11	26	47	18	22	36	26	54	23	37	28	16	11	48	13	17	25	58	24	49	43	23	26	28	25	39	13	51	44	46	34	37	9	23	34	1	45	47	45	9	26	37	23	37	21	18	28	27	4	36	11	50	41	26	23	36	32	34	19	15	27	33	19	53	18	12	25	5	27	11	7	22	45	30	8	45	27	47	44	51	43	14	19	26	38	32	25	24	23	38	33	43	26	49	27	34	46	25	35	60	30	45	42	38	3	50	44	39	38	29	48	0	57	47	53	13	45	43	53	24	45	47	15	47	38	19	37	22	37	22	44	18	42	9	26	19	18	46	17	19	24	49	
57	74	65	39	50	47	35	22	44	53	55	35	63	48	28	83	8	80	38	47	74	52	16	51	70	32	3	46	15	39	36	65	62	57	18	61	68	31	37	26	27	48	76	33	58	12	48	45	59	83	48	81	42	75	61	29	38	55	37	63	61	36	38	57	28	36	30	54	72	30	50	64	16	74	61	82	58	64	66	65	62	15	59	52	12	30	25	41	15	42	58	39	35	59	51	63	60	67	35	32	44	32	14	31	39	44	82	28	13	53	54	64	27	55	9	31	27	39	37	10	57	0	19	21	68	16	28	5	62	16	45	46	20	20	47	59	54	41	44	47	44	17	50	39	48	43	18	40	64	55	62	
38	61	69	20	31	28	16	3	46	40	54	44	48	33	12	73	24	70	19	30	63	46	3	46	63	25	22	44	4	20	32	63	45	40	14	55	72	39	45	13	30	38	69	35	48	12	55	51	46	71	29	71	24	67	46	20	22	46	19	55	67	17	23	41	12	19	14	39	63	24	51	60	29	66	48	70	46	47	57	54	59	22	42	40	15	23	6	22	4	23	44	33	21	61	34	46	44	63	17	16	25	21	25	27	21	51	70	13	30	35	60	66	10	44	20	12	32	43	37	10	47	19	0	34	60	5	36	15	46	5	53	41	30	21	32	61	38	45	29	28	30	7	39	38	45	39	27	32	60	53	67	
70	71	47	53	62	60	49	37	28	54	42	16	64	53	37	78	12	74	48	54	69	45	31	43	62	32	17	34	31	52	30	53	67	62	23	53	49	13	18	34	16	45	68	20	53	21	29	26	58	80	58	76	53	66	63	32	44	50	47	55	42	48	44	61	38	45	39	58	66	29	34	54	5	67	61	79	55	69	59	61	50	13	66	51	19	30	40	54	32	55	59	34	40	42	60	67	64	55	47	41	57	35	8	26	49	25	79	37	11	61	36	46	38	52	14	44	14	22	26	23	53	21	34	0	61	29	11	21	66	29	26	39	6	18	50	42	58	24	49	59	46	28	49	29	38	35	9	38	54	42	43	
63	16	43	60	56	60	60	59	37	23	25	52	27	34	48	16	64	12	50	40	11	16	61	17	5	36	68	27	61	56	32	19	38	36	50	9	47	50	50	46	45	21	10	41	12	56	48	47	19	22	50	14	50	8	27	40	40	13	49	6	48	54	39	34	49	45	47	31	5	38	34	13	62	6	21	21	16	36	2	10	18	55	41	21	56	38	59	57	63	56	25	29	39	36	44	34	34	15	51	46	56	38	58	37	47	48	21	47	69	42	45	38	50	16	61	57	47	42	35	59	13	68	60	61	0	57	50	64	33	57	49	22	55	48	32	35	34	41	35	57	31	54	22	32	23	26	55	28	13	23	47	
41	60	64	23	34	31	19	7	41	39	50	39	47	32	11	71	20	68	21	30	60	42	4	42	60	21	19	40	4	23	28	59	45	40	9	51	68	34	40	11	25	35	66	30	45	8	50	46	45	69	31	68	26	64	46	16	22	43	20	52	62	20	22	41	12	20	13	39	60	20	47	56	25	63	46	68	44	48	55	52	55	17	42	38	10	19	10	25	6	26	43	29	19	56	35	46	44	59	19	16	28	18	21	23	23	46	68	12	27	36	55	61	10	42	16	15	27	38	33	7	45	16	5	29	57	0	31	12	46	0	48	37	25	16	31	56	38	40	29	31	29	3	37	33	41	35	22	29	56	49	62	
68	61	37	52	59	59	49	38	17	45	30	8	56	47	35	67	20	63	46	48	59	34	34	33	50	25	26	23	33	50	20	41	61	56	22	41	39	3	9	31	8	36	56	9	43	23	20	16	49	70	55	65	50	55	55	26	39	40	44	44	32	47	38	55	36	41	36	51	55	23	23	42	14	56	52	69	46	62	48	51	38	14	60	42	21	24	41	52	35	53	51	25	34	31	55	60	58	43	44	38	55	29	14	19	45	16	69	34	21	55	26	36	36	42	19	44	5	11	15	26	43	28	36	11	50	31	0	26	59	31	17	28	8	15	44	31	52	13	43	57	39	29	41	18	27	25	10	29	42	31	33	
53	69	63	35	46	43	31	18	41	48	52	34	58	43	23	79	9	76	33	42	69	48	12	47	66	28	7	42	11	35	31	62	57	52	13	57	65	30	35	21	24	43	72	30	53	7	46	43	54	78	43	76	38	70	56	24	33	50	32	58	59	32	33	52	24	31	25	49	68	26	47	60	16	70	56	77	53	59	61	60	58	12	54	47	7	25	21	37	11	38	53	34	30	56	47	58	55	63	31	27	40	27	13	26	35	42	77	23	15	48	52	61	22	50	7	27	24	36	34	5	53	5	15	21	64	12	26	0	57	12	44	42	19	16	42	56	49	38	39	43	39	13	46	35	44	39	16	36	60	51	60	
32	23	70	35	26	31	37	43	54	14	50	65	6	13	34	37	62	37	27	16	28	34	48	35	38	34	63	45	49	31	39	50	4	5	45	37	75	61	64	35	51	25	42	51	25	50	67	65	14	30	22	35	25	41	6	34	24	27	27	35	73	31	23	5	34	26	32	8	33	36	55	43	64	36	12	30	19	3	32	23	47	54	8	19	51	35	42	31	50	30	9	34	27	61	14	1	2	47	29	30	29	31	59	40	24	66	30	33	69	12	68	65	35	22	58	37	54	57	47	51	24	62	46	66	33	46	59	57	0	46	67	35	60	48	15	60	8	56	17	28	20	44	19	44	40	38	57	30	43	47	72	
41	60	64	23	34	31	19	7	41	39	50	39	47	32	11	71	20	68	21	30	60	42	4	42	60	21	19	40	4	23	28	59	45	40	9	51	68	34	40	11	25	35	66	30	45	8	50	46	45	69	31	68	26	64	46	16	22	43	20	52	62	20	22	41	12	20	13	39	60	20	47	56	25	63	46	68	44	48	55	52	55	17	42	38	10	19	10	25	6	26	43	29	19	56	35	46	44	59	19	16	28	18	21	23	23	46	68	12	27	36	55	61	10	42	16	15	27	38	33	7	45	16	5	29	57	0	31	12	46	0	48	37	25	16	31	56	38	40	29	31	29	3	37	33	41	35	22	29	56	49	62	
82	63	21	68	73	73	65	54	13	52	24	10	63	57	50	65	36	61	60	60	59	36	51	34	47	36	42	23	50	65	29	34	70	65	38	39	23	13	8	46	22	42	52	18	46	40	3	2	55	71	68	63	64	51	62	40	51	43	58	42	16	61	51	64	51	54	51	59	54	35	15	38	30	54	58	70	51	70	47	53	33	32	70	48	38	36	57	67	52	67	58	33	47	18	66	68	66	37	59	52	69	42	31	30	59	1	70	49	37	66	10	21	51	47	37	60	20	10	20	44	47	45	53	26	49	48	17	44	67	48	0	32	25	31	53	19	61	10	53	71	48	45	47	22	28	29	27	37	38	26	17	
56	33	36	47	47	49	45	41	19	20	16	32	31	27	31	38	41	35	37	32	30	6	41	5	24	16	46	9	41	43	10	22	39	34	29	15	40	29	30	28	22	10	30	19	14	34	32	30	23	41	41	36	39	28	30	21	26	11	35	16	37	40	25	33	32	31	31	28	27	17	19	19	39	29	26	40	19	38	20	22	18	32	39	16	34	18	42	45	43	44	26	8	23	27	38	36	35	22	37	30	45	20	36	15	34	31	40	30	46	37	32	31	33	15	38	41	25	23	13	38	15	46	41	39	22	37	28	42	35	37	32	0	33	26	24	26	30	22	25	47	19	34	15	10	5	3	32	9	19	14	37	
65	65	45	48	57	55	45	33	24	47	38	15	58	47	32	72	12	68	43	48	63	39	28	38	56	25	18	29	27	47	23	48	61	56	18	47	47	11	16	28	10	39	62	15	47	17	27	24	52	74	52	70	48	61	57	26	38	44	42	49	40	43	38	55	33	39	33	51	60	23	30	49	6	62	55	73	49	62	53	55	45	8	60	44	15	24	36	49	29	49	53	28	34	39	54	61	58	50	41	35	51	29	6	20	43	23	73	32	14	55	34	44	32	46	12	40	8	19	20	20	47	20	30	6	55	25	8	19	60	25	25	33	0	12	44	39	52	21	43	54	39	24	43	23	33	29	3	31	49	38	41	
53	56	48	37	45	44	34	23	25	37	36	23	47	35	20	64	15	61	31	36	55	32	20	31	50	14	19	26	19	35	16	45	49	44	7	41	51	18	24	16	8	29	56	14	38	10	33	30	42	65	41	62	36	55	46	14	26	36	30	43	45	32	26	43	21	27	22	40	53	12	31	44	15	55	44	64	40	51	46	46	42	6	48	34	9	13	26	38	21	38	42	19	22	40	42	49	47	46	30	23	40	17	11	11	31	30	64	20	21	43	38	46	21	36	12	29	10	22	18	14	38	20	21	18	48	16	15	16	48	16	31	26	12	0	32	40	40	23	31	43	28	14	33	19	28	23	9	22	44	35	46	
33	29	60	28	24	28	28	31	41	9	40	50	15	3	20	42	47	40	18	8	31	25	34	26	36	19	48	33	35	24	24	43	17	12	29	31	64	46	49	20	36	14	42	36	20	34	54	51	14	38	18	40	18	40	14	18	10	20	17	30	61	22	9	11	20	13	18	7	34	21	43	38	48	37	15	38	16	18	30	24	39	38	16	11	36	20	30	25	36	24	11	20	12	51	14	16	14	41	19	16	24	15	43	25	15	52	38	19	53	13	55	55	22	16	42	26	39	43	33	37	19	47	32	50	32	31	44	42	15	31	53	24	44	32	0	50	8	43	3	25	5	29	10	31	29	25	41	16	38	38	61	
82	51	10	71	73	75	69	62	15	46	10	27	55	54	54	49	51	45	62	58	46	26	60	25	32	38	57	17	59	68	30	16	64	60	46	26	14	28	25	50	32	36	35	26	36	50	16	18	46	57	67	48	65	34	55	43	51	33	60	29	13	64	51	58	55	56	54	54	40	38	9	22	45	39	49	56	42	63	34	41	17	44	65	41	49	39	64	70	61	70	51	32	48	1	64	61	60	20	61	54	71	44	45	34	60	19	56	53	53	64	11	5	56	38	50	64	32	20	23	54	37	59	61	42	35	56	31	56	60	56	19	26	39	40	50	0	56	18	51	73	46	53	41	23	20	25	41	35	22	13	12	
29	27	66	29	22	27	30	36	49	11	46	58	10	5	26	41	54	40	20	8	31	30	40	32	39	27	55	40	41	25	32	48	9	4	37	35	71	54	57	27	44	20	43	44	23	42	62	59	14	35	17	39	18	42	9	26	16	24	20	34	68	24	15	3	26	18	24	3	34	29	50	42	56	37	14	35	17	10	32	24	44	46	8	15	43	28	34	25	42	24	9	27	19	57	10	8	6	45	22	22	24	23	51	33	17	60	35	25	61	8	63	62	27	20	50	29	47	51	41	43	22	54	38	58	34	38	52	49	8	38	61	30	52	40	8	56	0	50	9	24	13	36	15	38	36	32	49	23	42	44	68	
72	54	24	58	63	63	55	46	4	42	18	11	53	46	41	57	33	53	50	50	50	26	43	24	40	26	39	13	43	55	18	29	59	55	30	31	27	11	9	36	14	32	45	9	36	33	11	8	45	62	57	55	54	44	52	30	41	33	49	34	21	52	40	53	42	45	41	49	46	25	9	31	27	47	48	61	41	60	39	44	26	26	59	38	32	27	49	58	45	58	48	23	37	18	56	57	56	31	49	42	59	32	27	20	49	9	61	40	35	56	15	23	42	37	32	51	14	2	9	37	37	41	45	24	41	40	13	38	56	40	10	22	21	23	43	18	50	0	43	62	38	37	37	12	18	19	23	27	31	19	22	
31	32	61	25	22	25	25	28	42	12	41	50	18	4	17	45	44	43	15	7	34	26	31	28	39	18	46	34	32	21	24	45	18	13	27	34	65	45	49	18	35	16	45	36	23	32	55	52	17	41	16	43	15	43	16	17	7	23	14	33	62	19	6	12	17	10	15	10	37	20	44	40	47	40	18	41	19	19	33	27	41	37	17	14	34	19	27	22	33	21	14	20	9	52	13	18	15	43	16	13	21	14	42	24	12	52	41	16	51	13	56	57	19	19	40	23	38	43	33	34	22	44	29	49	35	29	43	39	17	29	53	25	43	31	3	51	9	43	0	22	5	27	13	31	31	26	40	16	40	39	62	
10	51	82	8	3	3	12	25	61	33	63	65	34	22	22	65	51	64	11	16	55	49	31	50	61	35	50	55	32	8	43	68	25	23	36	57	87	60	65	26	50	38	67	53	45	38	73	70	38	58	7	63	7	65	33	31	21	45	13	55	82	11	22	25	21	17	21	27	58	36	65	63	56	61	38	58	40	28	55	48	64	46	21	36	40	35	22	6	32	5	33	41	24	73	14	29	26	66	13	19	3	29	51	41	12	70	58	22	58	16	76	78	21	41	47	16	52	61	52	38	44	47	28	59	57	31	57	43	28	31	71	47	54	43	25	73	24	62	22	0	28	31	36	50	53	47	51	37	63	61	82	
37	31	55	29	28	30	29	29	36	10	36	45	19	8	18	42	42	40	19	12	32	21	32	22	35	14	45	28	33	25	19	40	22	17	26	29	60	41	44	17	31	10	41	31	19	31	49	46	15	40	22	40	20	39	17	14	9	18	18	28	56	23	8	16	19	14	17	12	33	16	38	35	44	36	17	39	15	23	29	24	36	34	21	10	32	15	29	26	34	26	14	15	9	46	18	21	19	38	20	15	26	11	39	20	16	47	39	17	49	18	51	51	20	15	38	26	34	38	28	33	18	44	30	46	31	29	39	39	20	29	48	19	39	28	5	46	13	38	5	28	0	26	9	26	25	20	37	11	35	34	56	
41	57	61	24	34	32	21	9	39	36	47	37	45	31	10	68	20	65	21	29	58	39	7	39	57	18	19	37	7	23	25	56	44	39	7	49	65	32	38	9	23	33	63	28	42	7	48	44	42	67	31	66	26	61	44	13	20	40	20	49	59	20	20	39	11	18	12	37	58	17	44	53	24	60	44	66	41	46	52	49	52	15	41	36	9	16	12	25	9	26	41	26	17	53	34	45	42	56	19	14	28	16	19	20	22	44	66	10	27	35	52	59	10	39	16	16	24	36	30	7	42	17	7	28	54	3	29	13	44	3	45	34	24	14	29	53	36	37	27	31	26	0	34	30	38	32	20	26	53	46	59	
43	23	51	38	35	38	38	38	34	5	30	46	16	13	27	34	48	31	28	19	23	14	40	16	26	18	51	25	41	34	20	33	23	19	32	21	55	42	45	25	33	5	32	32	10	38	48	45	8	32	29	31	28	30	15	21	18	9	27	19	53	32	17	17	28	23	25	13	24	20	35	27	48	27	11	31	7	23	20	15	29	39	24	1	38	20	38	35	42	34	11	15	18	42	24	20	19	30	29	24	35	18	44	22	25	46	31	26	54	23	48	46	29	6	44	35	36	38	28	41	9	50	39	49	22	37	41	46	19	37	47	15	43	33	10	41	15	37	13	36	9	34	0	25	21	18	41	11	27	28	52	
61	44	32	48	51	53	46	38	10	30	17	21	41	34	31	49	33	45	39	38	41	16	37	15	33	15	38	7	37	45	7	26	47	42	24	24	36	18	20	27	13	20	39	8	25	29	23	20	33	52	46	47	43	37	40	20	29	22	38	26	31	42	29	41	32	33	31	36	37	15	14	25	30	38	36	51	29	47	30	33	23	24	47	26	28	16	40	47	39	47	36	10	26	23	44	45	43	27	39	32	48	21	27	10	38	21	51	30	37	44	25	29	33	25	30	41	14	13	3	33	26	39	38	29	32	33	18	35	44	33	22	10	23	19	31	23	38	12	31	50	26	30	25	0	10	7	23	14	25	16	31	
62	35	30	52	53	55	50	45	15	26	10	29	36	33	36	39	42	35	42	38	32	8	45	6	23	20	47	5	45	48	13	18	44	40	32	14	35	27	27	32	23	16	29	18	18	37	28	26	27	43	47	37	45	27	35	25	31	15	41	16	32	45	31	38	37	36	36	34	28	21	14	16	40	29	30	42	23	44	21	25	14	34	45	21	37	22	46	50	47	50	31	12	29	21	43	41	40	18	42	35	51	25	37	18	40	27	42	35	47	43	27	26	38	19	40	46	24	20	12	41	19	48	45	38	23	41	27	44	40	41	28	5	33	28	29	20	36	18	31	53	25	38	21	10	0	6	33	15	16	8	31	
57	36	35	46	48	50	44	39	16	23	16	28	34	29	30	42	38	38	36	33	34	9	39	8	27	14	42	7	39	43	7	24	41	36	26	18	39	25	27	26	19	13	33	15	18	32	29	27	26	45	42	40	39	31	33	19	26	15	35	20	36	39	25	35	31	31	30	30	31	15	18	21	36	32	29	44	22	41	24	26	20	29	41	19	31	16	40	44	41	44	29	6	23	26	39	39	37	24	36	29	45	19	32	12	35	28	44	29	43	39	30	31	32	18	35	40	21	20	10	35	18	43	39	35	26	35	25	39	38	35	29	3	29	23	25	25	32	19	26	47	20	32	18	7	6	0	29	9	21	14	35	
61	64	47	45	53	52	41	29	26	45	38	18	56	44	28	71	10	67	40	45	62	38	24	37	56	23	16	29	24	43	22	49	58	53	14	47	50	13	19	25	10	37	62	15	46	14	30	27	50	73	49	69	44	60	55	23	35	43	38	49	43	40	35	52	30	36	30	49	60	21	32	49	7	61	53	72	48	60	53	54	46	5	57	42	12	21	32	45	25	46	51	27	31	41	51	58	56	50	38	32	48	26	4	18	40	26	72	28	14	52	36	46	29	44	9	36	9	21	21	17	46	18	27	9	55	22	10	16	57	22	27	32	3	9	41	41	49	23	40	51	37	20	41	23	33	29	0	30	49	38	44	
47	34	45	37	38	40	35	32	25	16	26	35	27	19	22	43	37	39	27	23	33	14	32	14	31	8	41	17	33	33	9	32	32	27	22	23	49	31	34	19	21	7	37	21	17	28	38	35	20	43	32	40	30	35	26	12	16	14	25	23	45	30	15	26	23	21	21	22	32	10	27	28	37	34	23	42	18	33	26	24	27	28	32	13	28	10	33	35	35	34	22	4	13	36	29	31	29	31	27	20	36	11	33	11	25	36	42	21	43	29	39	41	24	14	33	31	24	27	17	31	17	40	32	38	28	29	29	36	30	29	37	9	31	22	16	35	23	27	16	37	11	26	11	14	15	9	30	0	28	24	45	
71	29	30	64	62	65	63	60	27	30	13	42	37	41	50	27	59	23	54	46	24	14	60	14	10	35	64	19	60	60	28	6	48	45	48	6	34	41	40	47	38	24	14	33	18	53	36	36	29	35	56	26	55	13	37	40	43	17	52	8	35	57	42	43	51	48	49	39	18	36	22	0	55	17	31	34	24	46	12	21	5	50	50	26	53	37	61	61	62	61	34	27	41	23	51	44	44	3	54	48	62	39	53	33	51	37	34	49	63	50	32	25	52	22	56	59	40	33	28	57	19	64	60	54	13	56	42	60	43	56	38	19	49	44	38	22	42	31	40	63	35	53	27	25	16	21	49	28	0	12	34	
71	39	22	61	62	64	59	53	14	33	2	30	42	41	45	39	48	35	51	46	34	13	53	12	21	29	54	9	53	57	21	10	51	48	40	14	27	29	28	41	28	24	26	22	23	45	25	24	33	45	56	37	54	25	42	34	40	20	50	17	25	54	39	46	46	45	44	41	28	29	10	12	44	28	36	44	29	51	22	29	7	40	53	28	44	30	55	59	55	59	38	21	38	13	52	48	48	12	51	44	60	34	42	26	49	25	44	44	52	51	22	18	47	25	46	55	29	21	17	49	24	55	53	42	23	49	31	51	47	49	26	14	38	35	38	13	44	19	39	61	34	46	28	16	8	14	38	24	12	0	25	
92	63	5	80	83	84	77	68	21	57	22	27	67	64	62	61	53	57	71	69	58	38	66	36	44	47	59	28	65	77	38	28	76	72	52	38	6	30	25	58	37	47	46	31	48	56	14	17	58	69	77	60	74	46	66	51	61	45	70	41	1	73	60	70	64	65	63	65	52	46	17	34	47	51	61	68	54	75	46	53	29	48	77	53	54	48	71	79	67	79	63	41	57	11	75	73	72	32	70	63	80	53	47	42	70	18	68	62	54	74	7	9	64	50	53	73	36	23	30	59	49	62	67	43	47	62	33	60	72	62	17	37	41	46	61	12	68	22	62	82	56	59	52	31	31	35	44	45	34	25	0	

