4  150
20	12	99	100	4	54	21	1	74	99	10	13	56	30	69	16	86	78	51	75	59	24	59	83	30	69	56	8	66	22	4	41	36	22	26	55	29	23	44	69	82	73	70	33	39	20	97	21	81	53	75	51	79	43	28	22	95	65	75	85	87	71	29	30	52	19	36	22	36	94	11	55	82	39	59	62	18	49	11	47	62	19	89	85	52	13	8	43	73	50	39	78	93	60	51	72	72	13	27	29	63	80	6	34	73	22	24	76	89	60	9	31	48	41	15	26	55	30	33	65	28	59	75	36	66	65	69	97	29	28	52	46	25	62	16	71	84	62	70	93	24	63	91	97	87	2	34	66	43	56	
43	100	52	39	62	46	69	27	83	27	87	4	16	85	16	83	29	23	70	16	50	71	73	30	59	63	54	100	76	36	48	19	78	49	65	54	33	36	39	53	100	73	33	96	76	96	6	55	40	36	16	57	75	10	64	1	19	34	53	48	25	5	80	13	81	5	16	85	71	76	96	15	25	38	87	76	43	71	46	55	43	49	35	71	6	48	3	83	80	10	16	76	20	88	28	97	2	50	81	28	17	76	34	52	69	15	94	32	82	43	63	24	37	89	66	63	57	66	77	45	56	78	4	28	51	36	59	97	89	58	65	92	60	86	27	67	47	88	28	64	9	84	62	70	25	75	79	51	98	84	
47	24	60	17	4	65	62	43	17	1	98	93	100	6	47	97	27	30	76	30	92	93	96	9	28	66	12	17	70	69	49	65	54	23	11	96	33	62	49	42	25	67	84	10	47	10	74	41	65	75	74	6	16	51	66	71	23	51	5	14	65	69	84	9	17	9	31	77	36	12	64	10	85	17	7	54	96	65	93	90	48	4	67	72	58	88	95	66	87	30	18	57	15	15	31	59	34	15	46	9	84	21	9	60	76	36	31	60	63	42	7	57	62	82	79	75	6	68	14	29	37	73	63	27	4	90	71	99	81	41	81	35	78	12	40	48	55	79	21	56	93	32	75	95	72	41	40	50	74	74	
4	37	72	15	59	97	39	90	37	53	9	52	70	86	48	25	68	72	57	65	47	59	61	40	5	99	20	79	83	26	4	100	3	5	64	58	27	29	58	28	16	85	51	77	45	84	51	12	55	68	96	76	81	77	67	85	62	3	28	59	43	19	69	60	100	92	67	69	91	75	27	33	49	99	17	13	44	44	71	44	16	15	65	64	100	7	41	4	62	83	93	10	60	40	66	80	36	96	12	80	77	81	40	48	27	43	95	21	8	69	21	7	20	30	32	43	80	40	42	49	74	55	93	26	75	86	24	3	8	55	7	91	16	79	18	33	98	2	50	28	79	53	44	100	90	72	45	94	5	54	
3986	6488	1661	5688	6150	4968	2440	3647	7260	6676	4747	3671	2965	4772	3085	7156	805	4775	4537	183	1940	2057	342	6168	596	3072	7468	3071	2385	4858	4362	1577	6779	107	6079	3195	7067	4318	6118	586	5220	940	348	7289	5593	2196	6651	3472	7231	2287	5052	968	3423	5769	2555	2443	817	4649	5909	5805	7121	5044	2179	70	7174	6756	6055	6945	3069	6786	5522	2557	3991	4667	6403	4590	4192	6132	7402	2775	6163	2972	1827	3091	732	134	1562	5207	5862	852	633	4682	1379	5945	606	3387	2953	5148	258	435	816	1705	4709	6710	6533	3379	1151	3115	358	6206	1069	4836	155	1025	6689	2742	7160	6737	1535	3808	4838	3865	1663	1305	4566	3355	6665	7220	1445	4962	6218	7447	5338	5654	515	2045	3005	6113	4042	5980	1507	4384	5967	1274	1311	6707	5616	6587	4571	7344	
0	73	52	73	56	63	14	51	67	50	74	44	58	21	35	48	34	64	75	4	23	14	78	64	47	57	67	25	19	70	71	71	73	73	24	77	52	48	57	57	26	39	32	30	56	19	9	34	77	2	22	9	59	66	53	63	73	44	69	28	55	28	20	58	21	47	80	80	72	47	32	89	75	66	55	61	29	46	57	47	61	72	46	49	48	43	74	53	85	60	39	73	49	61	63	61	54	75	53	58	34	72	76	60	49	70	73	69	70	64	72	30	32	86	69	57	73	61	72	55	62	54	95	86	29	51	80	84	43	77	46	47	69	61	37	40	73	35	68	76	62	2	16	79	61	61	23	18	53	56	47	
73	0	49	38	21	64	66	22	16	27	6	31	48	60	41	35	40	19	6	70	59	59	37	9	64	34	16	53	55	41	56	47	43	13	50	44	37	61	50	39	49	35	41	50	55	54	64	46	33	71	59	66	19	18	65	41	25	32	31	48	35	51	54	35	53	62	14	9	1	55	48	30	16	44	21	16	60	51	16	32	15	3	56	59	26	41	22	41	28	29	36	5	33	16	14	17	32	18	44	25	38	19	11	13	62	50	5	34	8	37	9	59	45	25	64	18	46	18	17	24	48	26	33	35	52	54	32	29	44	7	27	45	45	34	41	37	5	43	9	21	12	72	63	29	41	12	56	56	56	35	28	
52	49	0	24	29	17	38	34	34	48	45	45	5	30	25	55	28	30	46	51	28	41	30	43	16	15	34	28	38	20	19	19	22	59	34	26	12	12	5	11	45	40	37	23	7	39	45	21	31	50	29	50	50	32	15	13	31	46	68	28	61	25	35	15	34	14	46	50	49	7	22	46	40	14	47	49	24	5	40	21	35	46	8	10	41	14	34	8	42	60	44	45	18	33	50	32	58	38	5	23	34	35	44	40	13	18	45	22	52	17	55	22	48	46	20	47	21	52	36	50	10	52	52	40	24	5	35	40	11	48	37	6	18	65	22	48	45	49	40	37	46	51	36	35	12	42	29	45	6	14	29	
73	38	24	0	27	31	60	35	22	51	32	51	19	52	39	60	42	21	33	71	50	60	5	37	39	16	22	47	56	4	18	9	4	51	51	6	21	35	21	15	58	49	49	42	26	56	65	39	8	71	51	69	49	21	36	10	13	52	66	45	63	44	53	14	52	38	29	34	38	31	41	23	23	10	47	46	47	29	38	29	29	35	33	33	44	29	16	20	20	60	53	33	25	27	47	26	60	21	21	20	46	19	28	36	36	13	33	5	44	8	47	46	60	25	28	46	7	50	21	51	15	53	29	16	44	28	12	18	29	34	42	26	8	65	37	56	33	60	29	19	42	72	57	13	12	38	50	61	28	17	35	
56	21	29	27	0	46	47	8	11	23	18	24	30	40	21	32	22	8	19	53	39	42	30	13	44	16	11	33	37	28	40	33	31	29	32	34	17	40	31	21	35	23	26	29	36	37	47	26	27	54	39	50	22	10	44	25	19	25	40	29	36	31	36	17	35	42	23	24	20	35	28	34	19	29	20	20	39	31	11	11	6	18	36	38	17	20	19	21	29	33	26	18	12	5	21	5	32	19	25	8	23	17	20	10	41	36	18	22	22	21	25	38	34	30	47	19	33	23	15	24	31	26	39	33	31	34	28	30	23	22	15	25	30	38	21	29	18	33	12	20	16	55	44	25	24	13	36	40	36	17	10	
63	64	17	31	46	0	49	50	48	65	59	62	16	42	41	72	45	44	60	63	40	54	36	59	16	30	48	41	51	27	14	22	27	74	48	29	28	15	14	25	60	57	53	37	10	53	58	36	39	62	41	63	67	46	10	23	42	63	85	43	78	39	48	29	48	16	58	63	63	16	36	54	52	21	64	66	34	19	57	38	51	60	17	14	58	31	45	24	51	77	61	60	35	49	67	47	75	50	21	38	51	47	57	56	14	18	60	32	68	27	71	33	64	56	6	64	24	68	48	67	16	69	60	46	37	14	43	49	28	61	54	23	23	82	38	65	60	66	54	48	62	63	47	44	23	59	42	59	11	29	46	
14	66	38	60	47	49	0	43	57	47	65	41	44	8	25	46	25	53	66	14	9	10	65	56	33	44	57	13	13	57	57	57	60	67	16	64	39	34	43	44	25	34	27	18	41	14	10	21	65	13	8	15	54	56	39	50	61	41	67	17	54	16	12	46	13	33	70	71	64	33	19	77	65	52	50	55	15	32	50	36	52	64	32	35	42	31	63	40	73	58	36	64	38	52	57	51	52	65	39	47	28	62	67	52	35	57	64	57	63	51	66	16	31	76	55	52	59	56	61	51	48	51	84	74	16	37	68	72	30	68	39	34	56	60	25	38	64	34	59	65	55	14	2	67	48	54	10	18	39	44	38	
51	22	34	35	8	50	43	0	18	16	22	16	35	37	19	24	18	16	23	48	37	37	38	13	46	22	18	30	32	35	47	40	38	26	28	41	22	43	36	27	28	15	19	28	41	32	42	25	35	49	37	44	16	17	48	31	27	17	34	25	28	29	32	24	30	44	29	28	21	38	27	41	25	36	13	15	39	34	7	12	10	20	38	42	9	21	26	26	37	27	18	21	15	11	17	11	25	26	29	15	17	24	25	9	44	42	21	30	21	29	24	38	27	37	53	13	40	18	22	17	37	18	46	41	30	38	36	37	25	25	7	28	38	31	20	21	21	26	16	27	13	50	41	33	30	11	33	34	40	23	6	
67	16	34	22	11	48	57	18	0	32	11	33	32	50	32	41	33	4	12	65	49	53	22	15	50	19	0	44	48	24	39	30	26	29	43	28	23	46	34	23	46	34	37	39	40	48	58	36	18	65	50	61	27	2	49	24	10	34	44	40	43	41	47	19	46	48	13	16	16	41	38	22	7	28	27	25	49	37	18	21	9	13	42	44	26	28	9	26	18	39	37	12	20	7	24	6	40	8	29	11	34	6	10	15	47	34	12	18	22	20	24	47	45	19	47	25	29	28	4	31	31	33	28	24	42	39	19	19	30	14	25	31	28	44	31	39	12	44	7	9	19	66	54	16	24	16	47	52	40	20	21	
50	27	48	51	23	65	47	16	32	0	31	6	50	43	27	9	24	31	31	47	43	38	53	19	59	38	32	36	34	51	63	56	54	22	31	57	38	56	52	43	24	13	20	36	55	33	41	34	50	48	43	42	8	32	61	47	42	6	21	32	12	36	35	40	34	57	39	36	26	51	35	53	37	52	5	11	47	47	14	27	23	27	52	55	7	34	41	42	50	12	11	29	30	25	13	26	9	39	44	31	19	38	35	17	57	59	29	46	21	45	22	46	19	49	68	8	56	10	36	4	53	4	58	56	37	52	51	51	38	33	11	42	54	16	30	10	29	17	27	41	14	49	45	48	46	16	39	32	55	38	19	
74	6	45	32	18	59	65	22	11	31	0	34	43	59	40	40	40	15	1	71	58	60	31	12	61	30	11	52	55	35	50	41	37	20	50	38	34	57	45	34	50	37	42	48	51	55	65	45	27	72	58	67	24	13	60	35	19	35	37	47	40	50	54	30	53	59	8	5	7	52	47	24	9	39	25	21	58	48	18	30	13	4	53	55	28	38	16	37	21	35	39	2	30	13	20	14	37	12	40	22	39	13	5	15	58	44	2	28	14	31	16	57	48	19	59	23	40	24	11	29	43	31	27	28	50	50	25	23	41	3	29	42	39	40	40	40	2	46	6	14	16	73	63	22	36	14	55	57	51	31	27	
44	31	45	51	24	62	41	16	33	6	34	0	48	37	23	9	19	32	35	41	38	32	54	23	54	37	33	31	28	51	61	55	54	28	25	57	35	52	49	41	18	7	14	31	52	27	35	29	51	42	38	36	14	33	58	46	43	1	26	26	15	31	29	38	28	53	42	40	30	48	30	56	40	50	10	16	42	43	16	24	24	31	48	51	7	31	42	39	52	17	5	33	28	26	18	27	13	41	42	31	13	39	38	20	53	57	33	46	26	44	28	41	14	52	66	13	55	16	38	10	50	10	61	57	32	48	52	53	34	37	9	39	53	20	25	5	33	12	30	43	19	43	39	49	44	20	33	26	51	37	17	
58	48	5	19	30	16	44	35	32	50	43	48	0	36	29	57	32	28	44	57	34	46	25	43	20	13	32	33	43	15	14	13	17	58	39	21	12	16	2	8	49	43	41	28	8	44	51	26	26	56	35	55	51	30	18	9	28	49	70	33	63	30	40	13	39	18	43	47	47	12	27	41	37	9	48	50	30	11	41	23	34	44	14	14	43	18	31	8	38	62	47	44	20	33	51	31	60	35	6	22	38	32	41	40	17	12	44	18	51	13	55	28	52	42	17	48	15	53	33	52	4	54	48	35	29	9	30	36	16	46	39	11	12	66	26	51	44	53	38	34	46	57	41	30	8	43	35	50	9	13	31	
21	60	30	52	40	42	8	37	50	43	59	37	36	0	18	44	20	46	60	21	2	13	57	51	26	36	50	7	12	49	49	49	51	63	13	56	31	27	35	36	25	30	23	10	34	14	16	14	57	20	1	21	50	48	32	42	53	38	64	12	52	8	10	38	10	26	63	65	58	26	12	70	58	44	46	51	8	25	44	29	45	57	25	28	38	23	55	32	65	55	33	58	30	45	53	45	50	57	31	40	24	54	60	47	28	49	58	49	58	43	61	9	31	68	48	48	51	52	54	47	40	47	76	66	8	29	60	65	22	62	35	26	48	57	18	36	58	33	52	58	50	21	5	59	39	48	4	20	32	36	32	
35	41	25	39	21	41	25	19	32	27	40	23	29	18	0	31	3	29	41	32	18	21	44	32	31	23	32	11	16	37	43	40	40	45	11	45	19	29	29	25	20	16	12	9	31	17	26	6	42	33	18	30	32	31	35	31	37	23	49	7	38	10	14	25	13	30	45	46	40	25	8	53	40	35	28	33	20	21	26	12	27	39	25	29	20	11	38	22	49	40	20	39	14	27	35	26	36	40	23	23	10	37	42	28	31	41	39	35	40	31	43	19	23	51	45	30	41	34	36	31	33	31	60	51	11	27	45	49	13	43	17	18	38	43	3	24	39	24	34	41	32	34	22	43	29	30	14	21	30	22	13	
48	35	55	60	32	72	46	24	41	9	40	9	57	44	31	0	28	40	40	44	45	37	62	28	63	46	41	38	33	60	70	64	63	28	31	66	45	61	58	50	22	15	21	39	62	32	40	38	59	46	45	39	16	41	67	55	51	8	21	34	7	39	35	48	34	62	48	44	34	57	39	62	46	60	14	19	50	53	23	34	32	36	57	60	15	40	50	49	59	12	11	38	38	34	21	35	6	48	51	40	22	47	44	26	62	66	38	55	28	53	29	49	16	58	75	17	64	17	45	11	60	9	67	65	40	58	60	60	44	42	18	48	62	13	34	8	38	13	36	50	23	46	45	57	54	25	41	30	61	46	26	
34	40	28	42	22	45	25	18	33	24	40	19	32	20	3	28	0	29	41	31	20	20	46	31	35	25	33	13	15	40	46	43	43	43	10	47	22	33	33	28	17	12	8	11	35	15	25	10	44	32	20	28	30	31	39	34	39	20	46	8	35	12	14	27	13	33	45	46	39	29	11	55	41	38	26	31	22	25	24	13	26	38	29	32	18	14	40	25	50	37	16	39	16	27	33	27	32	41	26	24	6	38	42	27	34	44	39	37	38	33	41	22	19	52	49	28	44	32	37	28	36	28	61	53	13	30	47	50	17	43	15	22	41	40	6	20	39	21	34	41	30	33	23	45	32	28	16	19	34	25	12	
64	19	30	21	8	44	53	16	4	31	15	32	28	46	29	40	29	0	16	61	45	50	22	16	46	15	4	40	45	22	36	28	25	31	40	27	19	42	30	19	43	31	34	35	36	45	55	32	19	62	46	58	27	2	45	21	11	33	45	36	42	37	43	15	42	44	17	20	19	37	34	25	11	25	26	25	44	33	17	17	8	16	38	40	25	24	10	22	21	39	34	15	16	6	25	5	39	11	25	7	31	8	14	15	43	31	15	16	24	17	27	43	43	22	44	25	27	28	7	30	28	32	31	25	38	35	20	21	26	18	23	27	26	44	28	37	15	42	9	12	20	62	51	17	21	17	43	48	36	16	18	
75	6	46	33	19	60	66	23	12	31	1	35	44	60	41	40	41	16	0	72	59	61	31	12	62	31	12	53	56	36	51	41	37	20	51	38	35	58	46	35	51	38	43	49	52	56	66	46	27	73	59	68	24	14	61	36	19	36	37	48	40	51	55	31	54	60	8	5	7	53	48	24	10	40	26	21	59	49	19	31	14	4	54	56	29	39	16	38	21	35	40	2	31	14	20	15	37	12	41	23	40	14	5	15	59	45	2	29	14	32	15	58	49	19	59	23	40	24	12	29	44	31	27	29	51	51	26	23	42	2	29	43	39	40	41	41	2	47	7	15	17	73	63	23	37	15	56	58	52	32	28	
4	70	51	71	53	63	14	48	65	47	71	41	57	21	32	44	31	61	72	0	23	11	76	61	47	55	65	23	16	68	70	69	71	69	21	76	50	48	56	55	22	35	29	29	55	16	6	32	75	2	22	5	55	63	53	61	70	40	65	26	51	26	18	56	19	47	77	77	69	47	30	86	72	64	51	57	29	45	53	44	58	69	46	49	44	41	71	52	82	56	35	70	47	58	59	58	50	72	51	56	31	70	73	57	49	69	70	67	66	62	68	30	28	84	69	54	71	57	69	51	61	50	92	84	27	50	78	82	42	74	43	46	68	57	34	36	70	31	65	73	58	2	16	76	59	58	21	14	53	54	43	
23	59	28	50	39	40	9	37	49	43	58	38	34	2	18	45	20	45	59	23	0	14	56	50	24	35	49	7	14	47	47	47	50	63	13	54	30	25	33	35	26	31	24	9	32	15	18	13	55	22	1	23	50	47	30	40	52	38	65	12	52	8	11	36	11	24	62	64	58	24	11	68	57	42	46	51	6	23	44	28	45	57	23	26	38	22	54	30	64	56	34	57	29	44	53	44	50	56	30	39	24	53	59	46	26	47	57	47	58	42	61	7	32	67	46	48	49	52	53	47	39	48	75	65	7	27	59	63	21	61	35	24	46	58	18	37	57	34	52	56	50	23	7	58	38	48	4	21	30	34	31	
14	59	41	60	42	54	10	37	53	38	60	32	46	13	21	37	20	50	61	11	14	0	65	50	39	43	53	13	5	57	60	59	60	59	9	65	39	39	46	44	15	25	18	18	46	5	5	21	64	12	13	9	46	52	45	50	59	32	58	14	44	16	6	45	8	39	66	66	58	38	19	75	61	54	42	47	21	36	43	33	47	58	37	40	34	30	60	41	71	49	27	59	36	47	50	47	43	61	41	44	21	58	62	46	40	59	59	56	56	51	59	21	21	72	60	44	60	48	57	42	50	42	81	72	17	41	67	70	31	63	32	35	57	50	23	29	59	24	54	62	48	12	9	65	48	47	12	8	44	43	32	
78	37	30	5	30	36	65	38	22	53	31	54	25	57	44	62	46	22	31	76	56	65	0	38	45	21	22	53	60	9	23	14	9	51	55	7	26	41	26	21	62	52	53	47	32	61	70	44	4	76	57	74	50	22	42	16	12	55	67	50	65	49	58	19	57	43	26	32	38	37	46	18	21	16	49	47	53	35	40	33	31	34	39	39	47	34	15	25	15	61	56	32	29	28	47	27	62	19	26	23	50	18	26	37	42	18	32	8	44	14	46	51	63	20	33	47	12	50	20	53	21	55	24	10	49	34	7	13	35	32	45	31	13	67	42	59	32	63	29	16	42	77	63	9	18	39	55	66	34	21	38	
64	9	43	37	13	59	56	13	15	19	12	23	43	51	32	28	31	16	12	61	50	50	38	0	57	29	15	44	45	39	53	44	41	15	41	43	31	54	45	34	39	26	31	41	50	45	55	38	34	62	50	56	13	16	58	37	25	23	29	39	29	42	45	30	44	56	19	17	8	49	40	35	19	41	13	10	52	44	7	24	8	8	50	52	16	33	23	35	32	24	27	10	25	10	9	12	26	21	38	20	29	20	16	4	55	48	10	33	8	33	11	51	36	30	60	11	44	13	18	17	44	19	39	38	43	48	33	33	36	14	18	38	42	29	33	28	10	35	9	23	5	62	54	30	37	2	47	46	50	30	19	
47	64	16	39	44	16	33	46	50	59	61	54	20	26	31	63	35	46	62	47	24	39	45	57	0	31	50	28	38	35	28	33	37	72	35	41	27	4	18	27	48	48	43	25	13	39	42	25	47	46	25	47	62	48	6	29	47	55	80	30	70	26	34	31	34	2	62	66	63	9	24	62	56	29	59	62	18	13	53	34	50	61	8	6	51	25	50	24	58	71	52	61	32	48	63	47	67	54	21	39	41	51	60	54	3	30	61	38	66	33	69	17	53	62	23	59	35	64	52	61	24	62	68	55	24	11	51	56	21	64	48	19	32	75	29	55	61	55	55	53	59	47	31	51	28	56	27	45	11	30	41	
57	34	15	16	16	30	44	22	19	38	30	37	13	36	23	46	25	15	31	55	35	43	21	29	31	0	19	31	39	15	24	18	18	44	34	22	5	27	15	5	42	33	33	26	21	39	48	23	20	55	36	52	38	17	30	9	17	37	56	29	51	28	37	2	35	29	31	35	34	22	25	33	25	13	35	36	33	18	27	13	21	31	23	25	30	13	20	7	29	49	37	30	9	19	37	17	47	23	10	8	30	20	29	27	28	20	30	12	38	8	41	31	44	33	31	35	19	39	21	39	14	41	40	29	28	20	24	28	14	33	27	12	16	54	20	41	30	44	25	23	32	56	41	22	8	29	34	44	21	1	19	
67	16	34	22	11	48	57	18	0	32	11	33	32	50	32	41	33	4	12	65	49	53	22	15	50	19	0	44	48	24	39	30	26	29	43	28	23	46	34	23	46	34	37	39	40	48	58	36	18	65	50	61	27	2	49	24	10	34	44	40	43	41	47	19	46	48	13	16	16	41	38	22	7	28	27	25	49	37	18	21	9	13	42	44	26	28	9	26	18	39	37	12	20	7	24	6	40	8	29	11	34	6	10	15	47	34	12	18	22	20	24	47	45	19	47	25	29	28	4	31	31	33	28	24	42	39	19	19	30	14	25	31	28	44	31	39	12	44	7	9	19	66	54	16	24	16	47	52	40	20	21	
25	53	28	47	33	41	13	30	44	36	52	31	33	7	11	38	13	40	53	23	7	13	53	44	28	31	44	0	10	45	47	46	47	56	7	52	26	27	33	32	20	24	17	5	33	11	17	8	52	23	7	22	43	42	33	38	48	31	58	5	46	3	7	33	6	27	56	58	51	25	6	64	51	41	39	44	11	23	37	23	39	50	24	27	31	18	49	28	60	49	27	51	24	38	46	38	44	51	28	34	17	48	53	40	28	46	51	44	51	38	54	11	26	62	47	41	47	45	48	40	37	41	70	61	4	28	55	59	18	55	28	22	44	51	12	30	51	28	46	51	43	24	10	53	35	41	3	17	31	31	25	
19	55	38	56	37	51	13	32	48	34	55	28	43	12	16	33	15	45	56	16	14	5	60	45	38	39	48	10	0	53	57	55	56	55	5	61	35	37	43	40	12	21	14	15	43	1	9	17	59	17	13	13	41	47	43	46	54	28	54	10	41	13	3	41	4	37	61	61	53	35	16	70	56	50	37	43	20	33	38	28	42	53	34	38	30	26	55	37	66	45	23	54	31	42	45	42	39	56	37	40	16	53	57	41	38	55	54	51	51	47	54	20	18	67	57	40	56	43	53	38	47	38	76	68	14	38	62	65	27	58	27	32	53	46	18	25	54	21	49	57	43	17	11	60	44	42	10	7	41	39	27	
70	41	20	4	28	27	57	35	24	51	35	51	15	49	37	60	40	22	36	68	47	57	9	39	35	15	24	45	53	0	15	5	3	53	49	7	18	31	17	13	57	48	48	39	22	54	62	36	12	68	48	67	50	23	32	7	16	52	67	43	64	42	51	13	49	34	32	38	41	28	38	27	26	6	48	48	44	26	39	28	31	37	29	29	44	27	19	17	24	61	52	36	24	28	48	27	61	24	17	20	45	21	31	37	32	9	36	6	46	7	49	42	59	29	24	47	5	51	23	52	11	54	33	20	41	24	16	22	26	37	41	23	4	66	35	55	36	59	31	22	43	69	54	17	9	39	47	59	24	15	34	
71	56	19	18	40	14	57	47	39	63	50	61	14	49	43	70	46	36	51	70	47	60	23	53	28	24	39	47	57	15	0	9	14	68	53	16	25	25	14	20	63	56	55	42	15	58	64	40	26	69	48	69	62	37	23	15	31	62	81	47	75	44	54	23	53	27	47	53	55	23	41	41	42	11	60	61	42	24	52	36	44	52	25	23	55	32	34	21	38	74	61	51	32	42	61	41	72	39	20	32	52	37	46	50	25	5	51	21	60	19	63	41	66	43	10	60	11	64	38	64	10	66	47	33	43	20	30	36	30	52	52	25	11	78	40	64	51	67	46	37	56	70	54	31	16	53	48	64	17	24	44	
71	47	19	9	33	22	57	40	30	56	41	55	13	49	40	64	43	28	41	69	47	59	14	44	33	18	30	46	55	5	9	0	5	59	50	8	21	29	14	15	60	51	51	40	19	56	63	38	17	69	48	68	55	29	29	9	22	56	73	44	68	43	52	16	51	31	38	43	46	26	39	32	32	5	53	53	43	25	44	31	36	43	27	27	49	29	25	18	29	66	56	42	27	34	53	32	65	29	18	25	48	27	37	43	29	4	42	12	52	11	55	42	62	34	19	52	2	56	29	57	9	59	38	24	42	22	21	27	27	43	46	23	2	71	37	59	42	62	37	28	48	70	55	22	11	45	48	61	21	18	38	
73	43	22	4	31	27	60	38	26	54	37	54	17	51	40	63	43	25	37	71	50	60	9	41	37	18	26	47	56	3	14	5	0	55	51	4	21	33	18	15	60	51	51	42	23	57	65	39	12	71	51	69	52	25	33	9	18	55	70	46	67	44	54	16	52	35	33	39	43	29	41	27	28	7	51	50	46	28	42	31	33	39	31	31	47	30	21	19	24	64	55	38	27	31	50	30	63	25	20	23	48	23	33	40	33	9	38	8	48	10	51	45	62	29	24	50	3	53	25	55	13	57	33	19	44	26	16	22	29	38	44	25	4	69	38	58	38	62	33	23	45	72	57	17	12	42	50	62	25	18	37	
73	13	59	51	29	74	67	26	29	22	20	28	58	63	45	28	43	31	20	69	63	59	51	15	72	44	29	56	55	53	68	59	55	0	51	57	46	69	60	49	46	34	41	54	65	54	63	51	47	70	63	64	13	30	73	52	38	28	18	51	25	55	55	46	54	70	27	22	13	64	53	44	29	56	17	12	65	59	19	38	23	17	64	67	25	47	36	51	42	18	33	18	40	25	10	27	23	32	54	36	39	33	25	18	70	62	18	47	7	48	4	64	42	38	75	15	58	12	31	18	59	19	46	49	56	63	46	43	51	20	28	53	57	22	46	33	18	39	22	34	13	71	65	42	52	16	59	54	65	45	32	
24	50	34	51	32	48	16	28	43	31	50	25	39	13	11	31	10	40	51	21	13	9	55	41	35	34	43	7	5	49	53	50	51	51	0	56	30	34	39	36	12	18	11	11	39	5	14	13	54	21	13	18	38	42	40	42	49	25	51	6	39	9	4	36	3	34	56	56	49	32	12	65	51	45	34	39	19	29	34	23	37	48	31	35	26	21	50	32	61	42	20	49	26	37	41	37	37	51	33	35	12	48	52	37	36	51	49	47	47	42	50	19	18	62	53	36	52	40	48	35	43	35	71	63	11	34	57	60	23	53	23	28	49	44	13	23	49	20	44	52	39	22	14	55	40	38	9	11	37	34	23	
77	44	26	6	34	29	64	41	28	57	38	57	21	56	45	66	47	27	38	76	54	65	7	43	41	22	28	52	61	7	16	8	4	57	56	0	25	37	22	20	64	55	55	47	27	61	70	44	11	76	55	74	55	27	37	14	19	58	72	50	70	49	58	20	57	39	33	40	44	33	45	25	29	12	54	53	50	32	44	35	36	41	35	35	50	34	21	24	22	67	59	39	31	34	53	32	67	26	24	26	52	24	34	42	37	11	39	11	50	14	53	49	66	28	26	52	5	56	26	58	17	60	31	17	48	30	14	20	34	39	48	30	8	72	42	62	39	66	35	24	48	76	61	17	16	44	54	66	29	22	41	
52	37	12	21	17	28	39	22	23	38	34	35	12	31	19	45	22	19	35	50	30	39	26	31	27	5	23	26	35	18	25	21	21	46	30	25	0	23	14	6	39	31	30	21	18	35	44	18	25	50	31	48	38	21	27	12	22	36	57	24	50	23	32	6	31	25	35	39	37	18	20	38	29	16	36	37	28	14	28	11	23	34	19	21	30	8	25	4	34	49	35	34	7	21	38	20	47	28	7	12	27	25	33	28	24	22	34	17	40	12	43	26	41	38	30	36	22	40	25	39	15	41	45	34	23	16	29	33	9	37	26	8	19	54	16	39	34	41	28	27	34	51	37	27	10	30	29	41	18	4	18	
48	61	12	35	40	15	34	43	46	56	57	52	16	27	29	61	33	42	58	48	25	39	41	54	4	27	46	27	37	31	25	29	33	69	34	37	23	0	14	23	47	45	41	23	9	38	43	23	43	47	26	48	59	44	5	25	43	53	77	29	68	25	34	27	33	2	58	62	60	5	23	58	52	25	56	59	19	9	50	30	46	57	4	2	48	21	46	20	54	68	50	57	28	44	60	43	65	50	17	35	39	47	56	50	1	26	57	34	62	29	66	18	52	58	21	56	31	61	48	59	20	60	64	51	23	7	47	52	18	60	45	15	28	72	26	53	57	53	51	49	56	48	32	47	24	53	27	45	7	26	38	
57	50	5	21	31	14	43	36	34	52	45	49	2	35	29	58	33	30	46	56	33	46	26	45	18	15	34	33	43	17	14	14	18	60	39	22	14	14	0	10	49	44	41	28	6	44	50	26	28	56	34	55	53	32	16	11	30	50	71	33	64	30	40	14	39	17	45	49	49	11	27	43	39	10	50	51	29	10	42	25	36	46	12	12	44	18	33	9	40	63	48	46	21	34	52	33	61	37	7	24	39	34	43	42	15	13	46	20	53	15	56	27	53	44	16	50	16	54	35	53	5	55	50	37	29	7	32	38	16	48	40	11	14	68	26	52	46	54	40	36	48	57	41	32	10	44	34	50	7	14	32	
57	39	11	15	21	25	44	27	23	43	34	41	8	36	25	50	28	19	35	55	35	44	21	34	27	5	23	32	40	13	20	15	15	49	36	20	6	23	10	0	45	37	36	26	16	41	49	23	21	55	35	54	43	21	26	6	20	42	61	30	55	29	38	4	37	25	35	39	39	18	25	35	29	10	40	41	31	15	32	16	26	36	19	21	35	14	23	4	31	54	41	35	12	24	42	22	52	27	6	13	33	24	33	32	24	16	35	12	43	7	46	30	47	35	26	40	16	44	25	44	10	46	42	30	28	16	25	30	13	37	32	10	13	58	22	44	35	47	29	26	37	56	41	24	4	34	34	46	17	4	24	
26	49	45	58	35	60	25	28	46	24	50	18	49	25	20	22	17	43	51	22	26	15	62	39	48	42	46	20	12	57	63	60	60	46	12	64	39	47	49	45	0	13	9	23	51	11	18	24	60	24	25	18	32	45	53	51	54	18	43	17	29	22	15	44	14	47	57	56	47	44	24	69	54	55	29	34	31	41	32	29	38	48	43	47	22	31	54	42	65	34	13	49	33	39	37	39	28	54	43	40	12	52	54	36	48	61	49	54	44	50	46	31	6	66	65	31	61	34	51	28	53	27	74	68	23	46	62	65	33	53	21	38	58	35	23	14	49	9	45	55	36	24	24	60	49	36	21	8	49	42	25	
39	35	40	49	23	57	34	15	34	13	37	7	43	30	16	15	12	31	38	35	31	25	52	26	48	33	34	24	21	48	56	51	51	34	18	55	31	45	44	37	13	0	7	24	47	20	29	22	49	36	30	30	20	33	51	42	42	7	34	19	22	24	22	35	21	46	44	43	34	41	23	56	41	47	16	22	34	37	19	20	25	34	41	45	9	25	42	35	52	25	4	36	24	26	24	27	20	42	37	29	6	39	40	22	47	53	36	44	31	41	33	34	11	53	60	18	52	22	38	17	46	17	62	57	25	43	51	53	28	40	8	33	49	27	19	8	36	11	32	43	23	37	32	48	41	23	26	20	46	33	14	
32	41	37	49	26	53	27	19	37	20	42	14	41	23	12	21	8	34	43	29	24	18	53	31	43	33	37	17	14	48	55	51	51	41	11	55	30	41	41	36	9	7	0	18	43	13	23	17	51	30	24	25	27	36	47	42	44	14	41	13	28	18	15	35	14	41	48	48	39	37	18	60	45	46	23	28	28	34	24	20	29	40	37	41	15	22	45	33	55	31	9	41	24	30	31	30	26	45	34	30	3	43	45	28	42	52	41	44	37	41	40	28	11	56	57	25	52	29	41	24	44	24	65	59	19	39	53	55	25	45	13	30	49	34	15	13	41	12	36	46	29	30	25	51	40	29	19	14	42	33	16	
30	50	23	42	29	37	18	28	39	36	48	31	28	10	9	39	11	35	49	29	9	18	47	41	25	26	39	5	15	39	42	40	42	54	11	47	21	23	28	26	23	24	18	0	28	16	23	3	47	29	10	27	41	38	29	32	43	31	57	5	46	2	12	28	11	23	52	54	48	20	1	59	47	35	37	42	11	18	35	18	35	47	20	23	29	12	44	22	55	48	28	48	20	35	44	34	44	46	22	29	17	43	49	37	25	40	48	38	49	33	52	10	28	57	42	39	42	43	43	39	32	40	65	56	2	23	50	54	13	51	26	17	39	51	8	31	48	30	42	47	41	29	15	48	30	39	7	22	26	25	22	
56	55	7	26	36	10	41	41	40	55	51	52	8	34	31	62	35	36	52	55	32	46	32	50	13	21	40	33	43	22	15	19	23	65	39	27	18	9	6	16	51	47	43	28	0	44	50	26	34	54	33	55	57	38	10	17	36	53	75	33	68	30	40	20	39	12	51	55	55	8	27	49	45	16	54	56	26	10	47	29	42	52	9	7	48	21	39	14	45	67	51	51	25	40	57	39	65	43	11	30	41	40	49	47	10	16	51	26	59	21	62	25	55	50	14	54	21	59	41	58	10	59	56	42	29	5	38	44	18	54	44	13	19	72	28	55	51	56	46	42	53	55	39	38	16	49	34	50	2	20	36	
19	54	39	56	37	53	14	32	48	33	55	27	44	14	17	32	15	45	56	16	15	5	61	45	39	39	48	11	1	54	58	56	57	54	5	61	35	38	44	41	11	20	13	16	44	0	10	18	59	17	14	13	40	47	44	47	54	27	53	11	39	14	4	41	5	38	60	61	53	36	17	70	56	50	36	42	21	34	38	28	42	53	35	39	29	26	55	37	66	44	22	54	31	42	44	42	38	56	38	40	15	53	57	41	40	56	54	52	51	47	53	21	17	68	58	39	57	42	53	37	48	37	76	68	15	39	62	66	28	58	27	33	54	45	19	24	54	20	49	57	43	17	13	60	45	42	11	6	42	39	27	
9	64	45	65	47	58	10	42	58	41	65	35	51	16	26	40	25	55	66	6	18	5	70	55	42	48	58	17	9	62	64	63	65	63	14	70	44	43	50	49	18	29	23	23	50	10	0	26	69	7	17	5	50	57	48	55	64	35	61	19	47	20	11	50	13	42	70	71	63	42	24	80	66	58	46	51	24	40	47	38	52	62	41	44	39	35	65	45	76	52	30	64	41	52	54	52	46	66	45	49	25	63	67	51	44	63	64	61	60	56	63	25	24	77	64	48	65	51	62	46	55	45	86	77	21	45	72	75	36	68	37	40	62	53	28	32	64	27	59	67	52	7	11	70	53	52	16	10	48	48	37	
34	46	21	39	26	36	21	25	36	34	45	29	26	14	6	38	10	32	46	32	13	21	44	38	25	23	36	8	17	36	40	38	39	51	13	44	18	23	26	23	24	22	17	3	26	18	26	0	43	32	13	30	39	34	29	29	39	30	55	7	45	5	14	24	13	24	49	50	45	20	2	55	43	32	35	39	14	16	32	15	32	44	19	23	27	9	41	19	51	46	26	44	16	31	41	31	42	43	20	25	16	40	46	34	25	38	44	35	46	30	49	13	28	54	41	36	39	41	39	37	30	38	62	52	5	22	46	50	10	48	24	15	36	50	5	30	44	30	38	43	38	33	19	45	27	36	11	24	25	22	19	
77	33	31	8	27	39	65	35	18	50	27	51	26	57	42	59	44	19	27	75	55	64	4	34	47	20	18	52	59	12	26	17	12	47	54	11	25	43	28	21	60	49	51	47	34	59	69	43	0	75	56	72	46	18	44	17	8	52	63	49	61	49	57	19	56	45	22	28	33	38	45	15	17	18	45	43	53	36	36	31	27	30	40	40	44	34	10	25	12	58	53	28	28	25	43	24	58	14	27	20	48	13	22	33	43	21	28	8	40	14	42	51	61	17	36	44	15	47	16	49	23	51	21	9	49	35	4	10	34	28	42	32	16	63	40	56	28	60	25	12	38	76	62	5	19	35	54	64	35	21	35	
2	71	50	71	54	62	13	49	65	48	72	42	56	20	33	46	32	62	73	2	22	12	76	62	46	55	65	23	17	68	69	69	71	70	21	76	50	47	56	55	24	36	30	29	54	17	7	32	75	0	21	7	56	64	52	61	71	42	67	26	53	26	18	56	19	46	78	78	70	46	30	87	73	64	53	58	28	45	55	45	59	70	45	48	46	41	72	51	82	58	37	71	47	59	61	59	52	73	51	56	32	70	74	58	48	69	71	67	68	62	70	29	30	84	68	55	71	58	70	52	61	52	93	84	27	49	78	82	42	75	44	46	68	59	35	38	71	33	66	74	59	1	15	77	59	59	21	16	52	54	44	
22	59	29	51	39	41	8	37	50	43	58	38	35	1	18	45	20	46	59	22	1	13	57	50	25	36	50	7	13	48	48	48	51	63	13	55	31	26	34	35	25	30	24	10	33	14	17	13	56	21	0	22	50	48	31	41	53	38	65	12	52	8	10	37	10	25	63	64	58	25	11	69	57	43	46	51	7	24	44	29	45	57	24	27	38	22	55	31	65	55	33	58	30	45	53	44	50	57	30	39	24	54	59	46	27	48	58	48	58	42	61	8	31	68	47	48	50	52	53	47	39	47	76	65	8	28	60	64	22	62	35	25	47	58	18	36	58	34	52	57	50	22	6	58	39	48	4	20	31	35	31	
9	66	50	69	50	63	15	44	61	42	67	36	55	21	30	39	28	58	68	5	23	9	74	56	47	52	61	22	13	67	69	68	69	64	18	74	48	48	55	54	18	30	25	27	55	13	5	30	72	7	22	0	50	60	53	60	67	36	60	23	46	25	15	54	17	47	73	73	64	47	28	83	69	63	47	52	29	45	49	41	54	65	46	49	40	39	68	50	79	51	31	66	44	55	55	55	45	69	50	53	27	66	70	53	49	68	66	65	62	60	64	30	23	80	69	49	69	52	65	46	60	45	89	81	26	50	75	79	40	70	38	45	66	52	32	32	66	26	61	70	54	7	16	73	57	54	21	10	53	52	40	
59	19	50	49	22	67	54	16	27	8	24	14	51	50	32	16	30	27	24	55	50	46	50	13	62	38	27	43	41	50	62	55	52	13	38	55	38	59	53	43	32	20	27	41	57	40	50	39	46	56	50	50	0	28	64	47	38	14	18	38	16	42	42	39	41	60	32	28	18	54	41	48	32	51	4	3	52	50	10	28	19	20	55	58	12	37	36	43	45	11	19	22	32	21	5	22	13	34	46	30	26	33	29	12	60	58	22	44	12	44	14	52	28	43	69	2	55	2	31	5	53	6	51	51	43	54	46	46	41	26	15	44	53	16	34	19	22	25	22	36	8	57	52	43	46	11	46	40	57	38	21	
66	18	32	21	10	46	56	17	2	32	13	33	30	48	31	41	31	2	14	63	47	52	22	16	48	17	2	42	47	23	37	29	25	30	42	27	21	44	32	21	45	33	36	38	38	47	57	34	18	64	48	60	28	0	47	22	10	34	45	38	43	39	46	17	44	46	14	18	18	39	36	23	9	26	27	25	47	35	18	19	9	14	40	42	26	26	9	24	19	39	36	13	18	7	25	6	40	9	27	9	33	6	12	15	45	32	13	17	23	18	26	45	44	20	46	25	28	28	5	31	29	33	29	24	40	37	19	19	28	16	25	29	26	44	30	38	13	43	8	10	20	65	53	16	22	17	45	50	38	18	20	
53	65	15	36	44	10	39	48	49	61	60	58	18	32	35	67	39	45	61	53	30	45	42	58	6	30	49	33	43	32	23	29	33	73	40	37	27	5	16	26	53	51	47	29	10	44	48	29	44	52	31	53	64	47	0	27	46	58	82	35	73	30	40	30	39	6	61	65	64	10	29	59	55	26	61	64	24	14	55	35	50	61	9	6	54	27	49	23	56	74	55	61	33	49	65	47	70	53	20	39	45	50	59	55	4	26	61	36	67	31	70	23	57	60	17	61	31	66	51	64	20	65	66	52	29	10	48	54	23	63	50	20	29	78	32	59	61	59	55	52	60	53	37	48	26	57	33	50	9	29	43	
63	41	13	10	25	23	50	31	24	47	35	46	9	42	31	55	34	21	36	61	40	50	16	37	29	9	24	38	46	7	15	9	9	52	42	14	12	25	11	6	51	42	42	32	17	47	55	29	17	61	41	60	47	22	27	0	19	47	65	36	60	34	44	7	43	27	34	39	40	21	31	32	28	4	44	45	36	19	36	22	29	37	22	23	40	20	22	9	28	58	47	36	18	26	46	25	57	26	10	17	39	23	33	35	26	11	36	9	45	4	48	35	53	33	23	44	10	48	25	48	7	50	39	26	34	18	21	27	19	38	37	15	7	63	28	50	36	53	31	25	41	62	47	21	2	37	40	52	18	9	29	
73	25	31	13	19	42	61	27	10	42	19	43	28	53	37	51	39	11	19	70	52	59	12	25	47	17	10	48	54	16	31	22	18	38	49	19	22	43	30	20	54	42	44	43	36	54	64	39	8	71	53	67	38	10	46	19	0	44	54	44	53	45	52	17	51	45	15	21	25	39	41	16	10	21	37	35	50	35	28	25	19	22	40	41	36	30	3	24	12	49	45	20	23	17	35	16	50	7	26	14	41	5	15	25	44	26	20	10	31	15	34	49	54	15	41	35	21	38	7	41	26	43	22	14	45	36	9	11	31	20	34	30	20	54	36	48	20	53	17	6	30	71	58	6	20	26	50	58	37	18	28	
44	32	46	52	25	63	41	17	34	6	35	1	49	38	23	8	20	33	36	40	38	32	55	23	55	37	34	31	28	52	62	56	55	28	25	58	36	53	50	42	18	7	14	31	53	27	35	30	52	42	38	36	14	34	58	47	44	0	26	26	15	31	29	39	28	53	43	41	31	48	31	57	41	51	11	17	42	44	17	25	25	32	48	52	8	32	43	40	53	17	5	34	29	27	19	28	12	42	43	32	14	40	39	21	54	58	34	47	27	45	28	42	13	53	66	14	56	16	39	10	51	10	62	58	33	49	53	54	35	38	10	40	54	20	26	5	34	11	31	44	19	42	39	50	45	21	34	25	52	38	18	
69	31	68	66	40	85	67	34	44	21	37	26	70	64	49	21	46	45	37	65	65	58	67	29	80	56	44	58	54	67	81	73	70	18	51	72	57	77	71	61	43	34	41	57	75	53	61	55	63	67	65	60	18	45	82	65	54	26	0	53	14	58	55	58	54	78	45	40	30	72	57	61	46	69	21	20	68	68	29	47	36	33	72	76	28	55	52	61	59	9	31	35	50	39	19	40	15	49	64	48	40	49	42	30	78	76	35	61	23	62	22	68	37	56	87	21	72	17	47	18	71	17	64	66	59	72	62	60	59	38	32	62	71	8	51	29	35	34	37	51	24	67	65	59	64	28	60	51	75	57	39	
28	48	28	45	29	43	17	25	40	32	47	26	33	12	7	34	8	36	48	26	12	14	50	39	30	29	40	5	10	43	47	44	46	51	6	50	24	29	33	30	17	19	13	5	33	11	19	7	49	26	12	23	38	38	35	36	44	26	53	0	41	5	8	30	6	29	52	53	47	26	6	60	47	39	34	39	15	23	32	19	34	46	26	29	26	15	45	26	56	44	22	47	21	34	41	34	39	47	27	30	12	44	49	35	30	45	47	41	46	36	49	15	22	58	48	36	46	40	44	35	37	36	67	58	6	28	52	56	17	50	23	22	43	47	8	26	47	24	41	48	38	27	15	50	34	36	8	17	32	28	20	
55	35	61	63	36	78	54	28	43	12	40	15	63	52	38	7	35	42	40	51	52	44	65	29	70	51	43	46	41	64	75	68	67	25	39	70	50	68	64	55	29	22	28	46	68	39	47	45	61	53	52	46	16	43	73	60	53	15	14	41	0	46	42	52	42	68	48	44	33	63	46	64	48	64	16	19	57	59	25	39	34	36	63	67	20	46	52	54	61	7	18	38	43	36	20	37	3	50	57	44	29	49	45	28	69	71	38	58	27	57	27	56	23	59	81	18	69	16	47	12	65	10	67	67	47	64	62	62	50	41	23	54	66	6	41	15	38	20	38	52	24	53	52	59	59	27	48	37	67	51	31	
28	51	25	44	31	39	16	29	41	36	50	31	30	8	10	39	12	37	51	26	8	16	49	42	26	28	41	3	13	42	44	43	44	55	9	49	23	25	30	29	22	24	18	2	30	14	20	5	49	26	8	25	42	39	30	34	45	31	58	5	46	0	10	30	9	25	54	56	50	22	3	61	49	37	38	43	10	20	36	20	37	49	21	25	30	15	46	25	57	49	27	49	22	36	45	36	44	48	25	31	17	45	51	38	26	42	49	41	50	35	53	10	27	59	44	40	44	44	45	40	34	40	68	58	1	25	52	56	15	53	27	19	41	51	9	31	49	29	44	49	42	27	13	50	32	40	5	20	28	28	23	
20	54	35	53	36	48	12	32	47	35	54	29	40	10	14	35	14	43	55	18	11	6	58	45	34	37	47	7	3	51	54	52	54	55	4	58	32	34	40	38	15	22	15	12	40	4	11	14	57	18	10	15	42	46	40	44	52	29	55	8	42	10	0	38	1	34	60	60	53	32	13	68	55	47	38	43	17	30	38	26	41	52	31	34	30	23	53	34	64	46	24	53	29	41	45	41	41	55	34	38	16	52	56	41	35	52	53	49	51	44	54	17	21	66	54	40	54	44	51	39	44	39	75	66	11	35	60	64	24	57	27	29	50	48	16	26	53	23	48	55	43	19	10	58	42	42	7	10	38	36	26	
58	35	15	14	17	29	46	24	19	40	30	38	13	38	25	48	27	15	31	56	36	45	19	30	31	2	19	33	41	13	23	16	16	46	36	20	6	27	14	4	44	35	35	28	20	41	50	24	19	56	37	54	39	17	30	7	17	39	58	30	52	30	38	0	37	29	31	35	34	22	26	32	25	12	37	38	34	18	29	15	22	31	23	25	32	15	19	7	28	51	39	31	11	20	38	18	49	23	10	10	32	20	29	28	28	18	31	10	39	6	42	32	46	32	29	37	17	41	21	41	13	43	39	28	30	20	22	27	15	33	29	13	14	55	22	42	31	46	25	22	33	57	43	21	6	30	35	46	21	2	21	
21	53	34	52	35	48	13	30	46	34	53	28	39	10	13	34	13	42	54	19	11	8	57	44	34	35	46	6	4	49	53	51	52	54	3	57	31	33	39	37	14	21	14	11	39	5	13	13	56	19	10	17	41	44	39	43	51	28	54	6	42	9	1	37	0	33	58	59	52	31	12	67	53	46	37	42	17	29	37	25	39	51	30	34	29	22	52	33	63	45	23	52	28	40	44	40	40	53	33	36	15	50	55	39	35	51	52	48	50	43	53	17	20	65	53	39	52	43	50	38	43	38	73	64	10	34	59	62	23	56	26	28	49	47	15	26	52	23	47	54	42	20	11	57	40	41	7	11	37	35	25	
47	62	14	38	42	16	33	44	48	57	59	53	18	26	30	62	33	44	60	47	24	39	43	56	2	29	48	27	37	34	27	31	35	70	34	39	25	2	17	25	47	46	41	23	12	38	42	24	45	46	25	47	60	46	6	27	45	53	78	29	68	25	34	29	33	0	60	64	61	7	23	60	54	27	57	60	18	11	51	32	48	59	6	4	49	23	48	22	56	69	50	59	30	46	61	45	66	52	19	37	40	49	58	52	2	29	59	37	64	31	67	17	52	60	22	58	33	62	50	60	22	61	67	54	23	9	49	55	19	62	46	17	31	73	27	54	59	54	53	51	57	47	31	49	26	54	27	44	10	28	39	
80	14	46	29	23	58	70	29	13	39	8	42	43	63	45	48	45	17	8	77	62	66	26	19	62	31	13	56	61	32	47	38	33	27	56	33	35	58	45	35	57	44	48	52	51	60	70	49	22	78	63	73	32	14	61	34	15	43	45	52	48	54	60	31	58	60	0	6	15	53	51	16	6	37	33	29	62	49	25	34	19	12	54	56	35	41	12	38	14	43	46	10	33	18	28	18	45	8	41	24	45	11	3	22	59	42	10	26	22	30	23	60	55	11	56	31	36	32	10	37	41	39	19	21	55	51	19	16	43	7	35	43	36	48	44	48	10	54	12	9	24	78	67	17	35	22	60	63	52	32	33	
80	9	50	34	24	63	71	28	16	36	5	40	47	65	46	44	46	20	5	77	64	66	32	17	66	35	16	58	61	38	53	43	39	22	56	40	39	62	49	39	56	43	48	54	55	61	71	50	28	78	64	73	28	18	65	39	21	41	40	53	44	56	60	35	59	64	6	0	10	57	53	22	11	42	30	25	64	53	24	35	19	8	58	60	34	43	18	42	20	38	44	7	35	19	24	19	41	13	45	27	45	16	6	20	63	47	7	31	17	35	18	63	54	16	62	27	42	28	14	33	46	35	24	28	56	55	26	22	46	2	34	47	42	43	46	46	7	52	12	15	21	78	68	23	40	20	61	63	56	36	33	
72	1	49	38	20	63	64	21	16	26	7	30	47	58	40	34	39	19	7	69	58	58	38	8	63	34	16	51	53	41	55	46	43	13	49	44	37	60	49	39	47	34	39	48	55	53	63	45	33	70	58	64	18	18	64	40	25	31	30	47	33	50	53	34	52	61	15	10	0	55	47	31	16	44	20	15	59	50	15	31	14	3	55	58	24	40	23	40	28	28	35	5	32	15	13	16	31	19	43	25	37	20	12	12	61	50	5	34	7	36	8	58	44	26	64	17	46	17	17	23	47	25	34	36	50	53	32	30	43	8	26	44	44	33	40	36	5	42	9	21	11	70	62	29	40	10	55	54	55	35	26	
47	55	7	31	35	16	33	38	41	51	52	48	12	26	25	57	29	37	53	47	24	38	37	49	9	22	41	25	35	28	23	26	29	64	32	33	18	5	11	18	44	41	37	20	8	36	42	20	38	46	25	47	54	39	10	21	39	48	72	26	63	22	32	22	31	7	53	57	55	0	20	53	47	22	51	54	18	4	45	25	41	52	1	3	44	17	41	15	49	64	46	52	23	39	55	38	60	45	12	30	35	42	51	45	6	24	52	30	57	24	61	17	48	54	22	51	28	56	43	54	16	55	60	47	21	3	42	48	13	55	40	10	25	68	22	49	52	50	46	44	51	47	31	42	19	48	26	42	6	21	33	
32	48	22	41	28	36	19	27	38	35	47	30	27	12	8	39	11	34	48	30	11	19	46	40	24	25	38	6	16	38	41	39	41	53	12	45	20	23	27	25	24	23	18	1	27	17	24	2	45	30	11	28	41	36	29	31	41	31	57	6	46	3	13	26	12	23	51	53	47	20	0	58	46	34	37	41	12	17	34	17	34	46	19	23	29	11	43	21	53	48	27	46	18	33	43	33	43	45	21	28	17	42	48	36	24	39	46	37	48	32	51	11	28	56	41	38	41	42	42	39	31	39	64	54	3	22	48	53	11	50	25	16	37	51	7	31	46	30	41	45	40	31	16	47	29	38	9	23	25	24	21	
89	30	46	23	34	54	77	41	22	53	24	56	41	70	53	62	55	25	24	86	68	75	18	35	62	33	22	64	70	27	41	32	27	44	65	25	38	58	43	35	69	56	60	59	49	70	80	55	15	87	69	83	48	23	59	32	16	57	61	60	64	61	68	32	67	60	16	22	31	53	58	0	16	33	48	45	66	50	40	41	31	28	55	55	49	46	15	39	4	59	59	26	39	30	44	29	61	14	42	30	56	17	19	36	58	36	26	23	38	29	39	65	68	5	51	46	30	48	18	52	38	54	6	8	61	50	11	5	48	23	48	46	31	64	52	61	26	67	26	13	40	87	75	11	34	37	67	74	50	34	43	
75	16	40	23	19	52	65	25	7	37	9	40	37	58	40	46	41	11	10	72	57	61	21	19	56	25	7	51	56	26	42	32	28	29	51	29	29	52	39	29	54	41	45	47	45	56	66	43	17	73	57	69	32	9	55	28	10	41	46	47	48	49	55	25	53	54	6	11	16	47	46	16	0	31	32	29	56	43	23	28	15	13	48	50	33	35	7	32	13	43	43	11	27	14	28	14	45	2	35	18	42	5	5	20	53	36	11	20	23	24	25	55	52	12	51	30	31	32	4	36	35	38	21	19	49	45	16	14	37	10	32	37	30	48	39	45	11	51	10	5	24	74	62	13	29	21	54	59	46	26	29	
66	44	14	10	29	21	52	36	28	52	39	50	9	44	35	60	38	25	40	64	42	54	16	41	29	13	28	41	50	6	11	5	7	56	45	12	16	25	10	10	55	47	46	35	16	50	58	32	18	64	43	63	51	26	26	4	21	51	69	39	64	37	47	12	46	27	37	42	44	22	34	33	31	0	49	49	38	20	40	26	33	41	23	23	44	24	24	13	30	62	51	40	22	31	50	29	61	29	13	21	43	26	36	39	25	6	40	11	49	7	52	37	57	35	19	48	6	52	28	53	5	55	40	26	37	18	22	28	22	41	41	18	3	67	32	54	40	57	35	27	45	65	50	23	6	41	43	56	17	13	33	
55	21	47	47	20	64	50	13	27	5	25	10	48	46	28	14	26	26	26	51	46	42	49	13	59	35	27	39	37	48	60	53	51	17	34	54	36	56	50	40	29	16	23	37	54	36	46	35	45	53	46	47	4	27	61	44	37	11	21	34	16	38	38	37	37	57	33	30	20	51	37	48	32	49	0	5	49	46	9	25	18	21	51	54	8	34	36	40	45	13	16	23	29	20	8	21	13	34	43	28	22	33	30	12	57	56	23	42	15	42	17	48	25	43	66	2	53	6	31	4	50	6	52	51	39	51	46	46	37	27	11	41	51	18	30	16	23	22	22	36	8	53	48	43	43	11	42	36	54	36	18	
61	16	49	46	20	66	55	15	25	11	21	16	50	51	33	19	31	25	21	57	51	47	47	10	62	36	25	44	43	48	61	53	50	12	39	53	37	59	51	41	34	22	28	42	56	42	51	39	43	58	51	52	3	25	64	45	35	17	20	39	19	43	43	38	42	60	29	25	15	54	41	45	29	49	5	0	53	49	9	28	17	17	54	57	13	37	33	42	42	14	21	19	31	19	2	20	16	31	45	28	27	30	26	10	60	56	19	42	9	42	11	52	30	40	67	3	53	3	28	8	51	9	48	48	44	53	43	43	40	23	16	43	51	19	34	22	19	28	19	33	5	59	53	40	44	8	47	42	56	37	21	
29	60	24	47	39	34	15	39	49	47	58	42	30	8	20	50	22	44	59	29	6	21	53	52	18	33	49	11	20	44	42	43	46	65	19	50	28	19	29	31	31	34	28	11	26	21	24	14	53	28	7	29	52	47	24	36	50	42	68	15	57	10	17	34	17	18	62	64	59	18	12	66	56	38	49	53	0	18	46	28	45	57	17	20	41	20	52	27	62	59	38	58	28	45	55	44	55	55	26	38	28	52	59	48	20	42	58	44	60	38	63	1	37	65	40	50	45	54	52	50	34	51	73	62	9	22	56	61	18	61	37	21	42	62	19	41	58	39	52	55	52	29	13	55	34	50	10	27	24	32	33	
46	51	5	29	31	19	32	34	37	47	48	43	11	25	21	53	25	33	49	45	23	36	35	44	13	18	37	23	33	26	24	25	28	59	29	32	14	9	10	15	41	37	34	18	10	34	40	16	36	45	24	45	50	35	14	19	35	44	68	23	59	20	30	18	29	11	49	53	50	4	17	50	43	20	46	49	18	0	40	21	36	48	5	8	39	12	38	11	47	59	42	48	18	35	50	34	56	41	8	26	31	38	47	41	10	24	48	27	53	21	56	17	45	50	24	47	27	51	39	50	16	51	57	45	19	5	40	45	9	51	36	6	24	63	18	45	48	46	42	41	46	46	30	39	17	43	24	40	8	17	28	
57	16	40	38	11	57	50	7	18	14	18	16	41	44	26	23	24	17	19	53	44	43	40	7	53	27	18	37	38	39	52	44	42	19	34	44	28	50	42	32	32	19	24	35	47	38	47	32	36	55	44	49	10	18	55	36	28	17	29	32	25	36	38	29	37	51	25	24	15	45	34	40	23	40	9	9	46	40	0	19	9	15	45	48	10	28	27	32	36	22	20	17	21	11	10	12	22	25	35	19	22	24	22	3	51	47	17	33	14	33	17	45	30	35	58	8	44	12	22	13	42	15	44	42	37	44	37	37	31	21	10	34	42	27	27	22	17	28	13	27	6	55	47	34	35	4	40	39	47	28	13	
47	32	21	29	11	38	36	12	21	27	30	24	23	29	12	34	13	17	31	44	28	33	33	24	34	13	21	23	28	28	36	31	31	38	23	35	11	30	25	16	29	20	20	18	29	28	38	15	31	45	29	41	28	19	35	22	25	25	47	19	39	20	26	15	25	32	34	35	31	25	17	41	28	26	25	28	28	21	19	0	17	29	26	29	19	9	26	15	37	38	24	29	4	16	29	15	36	28	17	11	17	25	30	20	32	33	29	24	32	21	35	27	31	39	41	26	32	30	25	29	26	30	48	39	21	25	34	37	12	33	15	15	29	43	10	28	29	31	23	29	25	46	33	31	20	22	26	33	28	13	7	
61	15	35	29	6	51	52	10	9	23	13	24	34	45	27	32	26	8	14	58	45	47	31	8	50	21	9	39	42	31	44	36	33	23	37	36	23	46	36	26	38	25	29	35	42	42	52	32	27	59	45	54	19	9	50	29	19	25	36	34	34	37	41	22	39	48	19	19	14	41	34	31	15	33	18	17	45	36	9	17	0	12	41	44	17	26	18	27	27	31	28	12	18	2	17	3	31	16	30	12	26	15	15	6	47	39	12	25	17	25	20	44	37	27	52	16	36	20	13	22	35	24	36	33	37	40	28	28	29	16	17	30	34	36	27	30	12	35	7	18	12	59	49	25	28	8	42	44	42	21	14	
72	3	46	35	18	60	64	20	13	27	4	31	44	57	39	36	38	16	4	69	57	58	34	8	61	31	13	50	53	37	52	43	39	17	48	41	34	57	46	36	48	34	40	47	52	53	62	44	30	70	57	65	20	14	61	37	22	32	33	46	36	49	52	31	51	59	12	8	3	52	46	28	13	41	21	17	57	48	15	29	12	0	53	55	25	38	19	38	25	31	36	2	30	13	16	14	33	15	41	22	37	16	9	12	58	47	2	31	10	33	12	56	45	23	60	19	42	20	14	25	44	27	31	32	49	51	29	26	41	5	26	42	41	36	39	37	2	43	6	17	13	70	61	25	37	11	54	54	52	32	26	
46	56	8	33	36	17	32	38	42	52	53	48	14	25	25	57	29	38	54	46	23	37	39	50	8	23	42	24	34	29	25	27	31	64	31	35	19	4	12	19	43	41	37	20	9	35	41	19	40	45	24	46	55	40	9	22	40	48	72	26	63	21	31	23	30	6	54	58	55	1	19	55	48	23	51	54	17	5	45	26	41	53	0	3	44	17	42	16	51	64	46	53	24	40	55	39	60	46	13	31	35	43	52	46	5	25	53	31	58	26	61	16	48	55	23	52	29	56	44	54	18	55	61	49	20	5	44	49	13	56	40	11	26	68	22	49	53	49	47	45	51	46	30	44	21	48	25	42	7	22	33	
49	59	10	33	38	14	35	42	44	55	55	51	14	28	29	60	32	40	56	49	26	40	39	52	6	25	44	27	38	29	23	27	31	67	35	35	21	2	12	21	47	45	41	23	7	39	44	23	40	48	27	49	58	42	6	23	41	52	76	29	67	25	34	25	34	4	56	60	58	3	23	55	50	23	54	57	20	8	48	29	44	55	3	0	47	20	44	18	52	67	49	55	26	43	59	41	64	48	15	33	39	45	54	49	3	24	55	32	61	26	64	19	51	56	20	55	29	60	46	58	18	59	62	49	24	5	44	50	17	58	44	13	26	71	26	53	55	53	49	47	54	49	33	44	21	51	28	45	5	24	36	
48	26	41	44	17	58	42	9	26	7	28	7	43	38	20	15	18	25	29	44	38	34	47	16	51	30	26	31	30	44	55	49	47	25	26	50	30	48	44	35	22	9	15	29	48	29	39	27	44	46	38	40	12	26	54	40	36	8	28	26	20	30	30	32	29	49	35	34	24	44	29	49	33	44	8	13	41	39	10	19	17	25	44	47	0	27	35	34	45	20	10	27	23	19	15	20	17	34	37	24	14	32	32	13	50	51	27	39	21	37	24	40	20	45	60	10	49	14	31	10	45	11	54	50	31	44	45	46	30	31	3	34	46	24	22	12	27	18	23	36	13	46	40	42	38	14	34	30	47	31	11	
43	41	14	29	20	31	31	21	28	34	38	31	18	23	11	40	14	24	39	41	22	30	34	33	25	13	28	18	26	27	32	29	30	47	21	34	8	21	18	14	31	25	22	12	21	26	35	9	34	41	22	39	37	26	27	20	30	32	55	15	46	15	23	15	22	23	41	43	40	17	11	46	35	24	34	37	20	12	28	9	26	38	17	20	27	0	32	11	42	47	30	38	8	25	38	24	43	34	12	17	20	31	38	29	23	30	38	26	41	21	44	19	34	45	35	34	30	39	31	37	22	38	53	43	14	17	37	41	3	41	23	8	27	50	8	33	38	35	32	34	34	42	28	36	18	31	20	32	20	13	16	
74	22	34	16	19	45	63	26	9	41	16	42	31	55	38	50	40	10	16	71	54	60	15	23	50	20	9	49	55	19	34	25	21	36	50	21	25	46	33	23	54	42	45	44	39	55	65	41	10	72	55	68	36	9	49	22	3	43	52	45	52	46	53	19	52	48	12	18	23	41	43	15	7	24	36	33	52	38	27	26	18	19	42	44	35	32	0	26	10	48	45	17	24	16	33	15	49	4	29	15	42	3	12	24	47	29	17	13	29	18	31	51	54	13	44	34	24	36	5	40	29	42	21	15	47	39	10	10	34	17	34	32	23	53	37	48	17	53	14	3	28	73	60	7	23	25	52	59	40	21	29	
53	41	8	20	21	24	40	26	26	42	37	39	8	32	22	49	25	22	38	52	30	41	25	35	24	7	26	28	37	17	21	18	19	51	32	24	4	20	9	4	42	35	33	22	14	37	45	19	25	51	31	50	43	24	23	9	24	40	61	26	54	25	34	7	33	22	38	42	40	15	21	39	32	13	40	42	27	11	32	15	27	38	16	18	34	11	26	0	35	53	39	37	11	25	43	24	51	30	3	15	30	27	36	32	21	19	37	17	44	11	47	26	44	39	26	40	19	44	28	43	11	45	46	34	24	13	29	34	9	40	31	6	16	58	19	43	37	45	31	29	38	52	37	28	7	34	30	43	14	6	23	
85	28	42	20	29	51	73	37	18	50	21	52	38	65	49	59	50	21	21	82	64	71	15	32	58	29	18	60	66	24	38	29	24	42	61	22	34	54	40	31	65	52	55	55	45	66	76	51	12	82	65	79	45	19	56	28	12	53	59	56	61	57	64	28	63	56	14	20	28	49	53	4	13	30	45	42	62	47	36	37	27	25	51	52	45	42	10	35	0	56	55	23	35	26	41	25	58	11	38	26	52	13	16	33	55	33	23	19	35	25	37	61	64	5	48	43	27	45	14	49	35	51	10	7	57	47	8	2	43	21	44	42	28	61	48	58	23	63	23	9	37	83	70	7	30	34	62	70	47	30	39	
60	29	60	60	33	77	58	27	39	12	35	17	62	55	40	12	37	39	35	56	56	49	61	24	71	49	39	49	45	61	74	66	64	18	42	67	49	68	63	54	34	25	31	48	67	44	52	46	58	58	55	51	11	39	74	58	49	17	9	44	7	49	46	51	45	69	43	38	28	64	48	59	43	62	13	14	59	59	22	38	31	31	64	67	20	47	48	53	56	0	22	33	42	33	15	34	6	45	56	41	31	44	40	24	70	69	33	55	21	55	21	59	28	54	80	14	66	11	42	9	64	8	62	62	50	64	58	57	50	36	23	54	64	5	42	20	33	25	33	47	19	58	56	55	57	22	51	42	67	50	31	
39	36	44	53	26	61	36	18	37	11	39	5	47	33	20	11	16	34	40	35	34	27	56	27	52	37	37	27	23	52	61	56	55	33	20	59	35	50	48	41	13	4	9	28	51	22	30	26	53	37	33	31	19	36	55	47	45	5	31	22	18	27	24	39	23	50	46	44	35	46	27	59	43	51	16	21	38	42	20	24	28	36	46	49	10	30	45	39	55	22	0	37	28	29	24	30	16	44	41	33	10	43	43	24	51	57	37	48	31	45	33	38	9	55	65	18	56	21	41	15	50	15	64	60	29	47	54	56	33	42	11	38	53	24	23	3	37	7	34	46	24	37	34	52	45	24	29	20	50	37	18	
73	5	45	33	18	60	64	21	12	29	2	33	44	58	39	38	39	15	2	70	57	59	32	10	61	30	12	51	54	36	51	42	38	18	49	39	34	57	46	35	49	36	41	48	51	54	64	44	28	71	58	66	22	13	61	36	20	34	35	47	38	49	53	31	52	59	10	7	5	52	46	26	11	40	23	19	58	48	17	29	12	2	53	55	27	38	17	37	23	33	37	0	30	13	18	14	35	13	40	22	38	14	7	13	58	46	0	30	12	32	14	57	47	21	59	21	41	22	12	27	43	29	29	30	50	50	27	25	41	4	27	42	40	38	39	39	0	45	6	16	14	71	62	24	36	13	54	56	52	31	26	
49	33	18	25	12	35	38	15	20	30	30	28	20	30	14	38	16	16	31	47	29	36	29	25	32	9	20	24	31	24	32	27	27	40	26	31	7	28	21	12	33	24	24	20	25	31	41	16	28	47	30	44	32	18	33	18	23	29	50	21	43	22	29	11	28	30	33	35	32	23	18	39	27	22	29	31	28	18	21	4	18	30	24	26	23	8	24	11	35	42	28	30	0	17	32	16	40	26	14	9	21	23	30	22	29	29	30	20	34	17	37	27	35	37	37	29	28	33	23	32	22	34	46	36	22	22	31	34	11	33	19	13	25	46	12	32	30	35	24	27	27	48	35	29	16	24	27	36	25	9	11	
61	16	33	27	5	49	52	11	7	25	13	26	33	45	27	34	27	6	14	58	44	47	28	10	48	19	7	38	42	28	42	34	31	25	37	34	21	44	34	24	39	26	30	35	40	42	52	31	25	59	45	55	21	7	49	26	17	27	39	34	36	36	41	20	40	46	18	19	15	39	33	30	14	31	20	19	45	35	11	16	2	13	40	43	19	25	16	25	26	33	29	13	17	0	19	1	33	15	28	10	27	13	15	8	46	37	13	22	18	23	21	43	38	26	50	18	33	22	11	24	33	26	35	31	37	38	26	26	28	16	18	29	32	38	26	32	13	37	7	16	14	60	49	23	26	10	42	45	40	20	14	
63	14	50	47	21	67	57	17	24	13	20	18	51	53	35	21	33	25	20	59	53	50	47	9	63	37	24	46	45	48	61	53	50	10	41	53	38	60	52	42	37	24	31	44	57	44	54	41	43	61	53	55	5	25	65	46	35	19	19	41	20	45	45	38	44	61	28	24	13	55	43	44	28	50	8	2	55	50	10	29	17	16	55	59	15	38	33	43	41	15	24	18	32	19	0	20	17	30	46	29	29	30	25	10	61	56	18	42	7	42	9	54	33	39	68	5	53	4	27	10	52	11	47	47	46	55	43	42	42	21	18	45	51	20	36	24	18	30	18	32	5	61	55	40	45	8	49	44	57	38	22	
61	17	32	26	5	47	51	11	6	26	14	27	31	45	26	35	27	5	15	58	44	47	27	12	47	17	6	38	42	27	41	32	30	27	37	32	20	43	33	22	39	27	30	34	39	42	52	31	24	59	44	55	22	6	47	25	16	28	40	34	37	36	41	18	40	45	18	19	16	38	33	29	14	29	21	20	44	34	12	15	3	14	39	41	20	24	15	24	25	34	30	14	16	1	20	0	34	14	27	8	27	12	15	10	44	36	14	21	20	21	23	43	39	26	48	20	32	23	11	25	32	27	34	30	36	37	25	25	27	17	18	28	30	39	26	32	14	37	8	16	15	60	49	22	25	12	41	45	39	18	14	
54	32	58	60	32	75	52	25	40	9	37	13	60	50	36	6	32	39	37	50	50	43	62	26	67	47	40	44	39	61	72	65	63	23	37	67	47	65	61	52	28	20	26	44	65	38	46	42	58	52	50	45	13	40	70	57	50	12	15	39	3	44	41	49	40	66	45	41	31	60	43	61	45	61	13	16	55	56	22	36	31	33	60	64	17	43	49	51	58	6	16	35	40	33	17	34	0	47	54	40	26	46	42	25	66	68	35	55	25	54	25	54	22	56	78	15	65	13	44	9	62	7	64	64	45	61	59	59	47	39	20	51	63	7	38	14	35	19	35	49	21	52	50	56	55	24	46	36	64	48	28	
75	18	38	21	19	50	65	26	8	39	12	41	35	57	40	48	41	11	12	72	56	61	19	21	54	23	8	51	56	24	39	29	25	32	51	26	28	50	37	27	54	42	45	46	43	56	66	43	14	73	57	69	34	9	53	26	7	42	49	47	50	48	55	23	53	52	8	13	19	45	45	14	2	29	34	31	55	41	25	28	16	15	46	48	34	34	4	30	11	45	44	13	26	15	30	14	47	0	33	17	42	3	7	22	51	34	13	18	26	22	28	54	53	11	48	32	28	34	3	38	33	40	20	17	49	43	13	12	36	13	33	36	28	50	39	47	13	52	12	2	26	74	62	10	27	23	54	60	44	24	29	
53	44	5	21	25	21	39	29	29	44	40	42	6	31	23	51	26	25	41	51	30	41	26	38	21	10	29	28	37	17	20	18	20	54	33	24	7	17	7	6	43	37	34	22	11	38	45	20	27	51	30	50	46	27	20	10	26	43	64	27	57	25	34	10	33	19	41	45	43	12	21	42	35	13	43	45	26	8	35	17	30	41	13	15	37	12	29	3	38	56	41	40	14	28	46	27	54	33	0	18	32	30	39	35	18	18	40	18	47	13	50	24	46	42	23	43	19	47	31	46	10	48	48	36	24	10	31	36	10	43	33	5	16	60	20	45	40	47	34	32	41	52	37	30	8	38	30	44	11	9	25	
58	25	23	20	8	38	47	15	11	31	22	31	22	40	23	40	24	7	23	56	39	44	23	20	39	8	11	34	40	20	32	25	23	36	35	26	12	35	24	13	40	29	30	29	30	40	49	25	20	56	39	53	30	9	39	17	14	32	48	30	44	31	38	10	36	37	24	27	25	30	28	30	18	21	28	28	38	26	19	11	12	22	31	33	24	17	15	15	26	41	33	22	9	10	29	8	40	17	18	0	27	14	21	18	36	28	22	15	29	13	32	36	40	28	39	27	25	31	14	32	23	34	36	28	31	28	22	25	19	25	22	20	22	46	21	36	22	40	16	17	24	57	44	20	16	20	37	44	30	9	15	
34	38	34	46	23	51	28	17	34	19	39	13	38	24	10	22	6	31	40	31	24	21	50	29	41	30	34	17	16	45	52	48	48	39	12	52	27	39	39	33	12	6	3	17	41	15	25	16	48	32	24	27	26	33	45	39	41	14	40	12	29	17	16	32	15	40	45	45	37	35	17	56	42	43	22	27	28	31	22	17	26	37	35	39	14	20	42	30	52	31	10	38	21	27	29	27	26	42	32	27	0	39	42	25	41	49	38	41	35	38	38	27	14	53	55	24	49	28	38	23	41	23	62	56	18	37	50	52	23	42	11	28	46	34	13	14	38	14	33	43	27	33	26	47	37	26	20	17	40	30	13	
72	19	35	19	17	47	62	24	6	38	13	39	32	54	37	47	38	8	14	70	53	58	18	20	51	20	6	48	53	21	37	27	23	33	48	24	25	47	34	24	52	39	43	43	40	53	63	40	13	70	54	66	33	6	50	23	5	40	49	44	49	45	52	20	50	49	11	16	20	42	42	17	5	26	33	30	52	38	24	25	15	16	43	45	32	31	3	27	13	44	43	14	23	13	30	12	46	3	30	14	39	0	9	21	48	31	14	15	26	19	28	50	51	14	46	31	26	33	2	37	30	39	22	18	46	40	13	13	33	15	31	32	25	50	36	45	14	50	11	3	25	71	59	10	24	22	51	57	41	21	26	
76	11	44	28	20	57	67	25	10	35	5	38	41	60	42	44	42	14	5	73	59	62	26	16	60	29	10	53	57	31	46	37	33	25	52	34	33	56	43	33	54	40	45	49	49	57	67	46	22	74	59	70	29	12	59	33	15	39	42	49	45	51	56	29	55	58	3	6	12	51	48	19	5	36	30	26	59	47	22	30	15	9	52	54	32	38	12	36	16	40	43	7	30	15	25	15	42	7	39	21	42	9	0	18	57	41	7	25	19	29	21	57	52	14	56	27	36	29	8	33	40	35	22	23	51	49	20	18	41	5	32	41	35	45	41	44	7	50	8	9	21	75	64	17	33	18	56	60	50	30	29	
60	13	40	36	10	56	52	9	15	17	15	20	40	47	28	26	27	15	15	57	46	46	37	4	54	27	15	40	41	37	50	43	40	18	37	42	28	50	42	32	36	22	28	37	47	41	51	34	33	58	46	53	12	15	55	35	25	21	30	35	28	38	41	28	39	52	22	20	12	45	36	36	20	39	12	10	48	41	3	20	6	12	46	49	13	29	24	32	33	24	24	13	22	8	10	10	25	22	35	18	25	21	18	0	52	46	13	31	12	32	15	47	33	32	58	10	42	13	19	16	41	18	41	39	39	45	34	34	32	17	14	35	40	29	29	25	13	31	10	24	5	58	50	31	34	2	43	42	47	27	15	
49	62	13	36	41	14	35	44	47	57	58	53	17	28	31	62	34	43	59	49	26	40	42	55	3	28	47	28	38	32	25	29	33	70	36	37	24	1	15	24	48	47	42	25	10	40	44	25	43	48	27	49	60	45	4	26	44	54	78	30	69	26	35	28	35	2	59	63	61	6	24	58	53	25	57	60	20	10	51	32	47	58	5	3	50	23	47	21	55	70	51	58	29	46	61	44	66	51	18	36	41	48	57	52	0	26	58	35	64	29	67	19	53	59	20	58	31	62	49	60	20	61	65	52	25	8	47	53	19	61	46	16	29	74	28	55	58	55	52	50	57	49	33	47	24	54	28	46	8	27	39	
70	50	18	13	36	18	57	42	34	59	44	57	12	49	41	66	44	31	45	69	47	59	18	48	30	20	34	46	55	9	5	4	9	62	51	11	22	26	13	16	61	53	52	40	16	56	63	38	21	69	48	68	58	32	26	11	26	58	76	45	71	42	52	18	51	29	42	47	50	24	39	36	36	6	56	56	42	24	47	33	39	47	25	24	51	30	29	19	33	69	57	46	29	37	56	36	68	34	18	28	49	31	41	46	26	0	46	16	55	14	58	41	63	38	15	55	6	59	33	60	8	61	42	28	42	20	25	31	28	47	48	23	5	74	38	61	46	64	41	32	51	70	54	26	12	48	47	62	19	20	40	
73	5	45	33	18	60	64	21	12	29	2	33	44	58	39	38	39	15	2	70	57	59	32	10	61	30	12	51	54	36	51	42	38	18	49	39	34	57	46	35	49	36	41	48	51	54	64	44	28	71	58	66	22	13	61	36	20	34	35	47	38	49	53	31	52	59	10	7	5	52	46	26	11	40	23	19	58	48	17	29	12	2	53	55	27	38	17	37	23	33	37	0	30	13	18	14	35	13	40	22	38	14	7	13	58	46	0	30	12	32	14	57	47	21	59	21	41	22	12	27	43	29	29	30	50	50	27	25	41	4	27	42	40	38	39	39	0	45	6	16	14	71	62	24	36	13	54	56	52	31	26	
69	34	22	5	22	32	57	30	18	46	28	46	18	49	35	55	37	16	29	67	47	56	8	33	38	12	18	44	51	6	21	12	8	47	47	11	17	34	20	12	54	44	44	38	26	52	61	35	8	67	48	65	44	17	36	9	10	47	61	41	58	41	49	10	48	37	26	31	34	30	37	23	20	11	42	42	44	27	33	24	25	31	31	32	39	26	13	17	19	55	48	30	20	22	42	21	55	18	18	15	41	15	25	31	35	16	30	0	40	5	43	43	55	24	30	41	11	45	17	46	16	48	30	17	40	27	12	18	26	30	37	23	10	60	33	51	30	55	25	16	37	68	54	12	10	33	46	57	27	13	30	
70	8	52	44	22	68	63	21	22	21	14	26	51	58	40	28	38	24	14	66	58	56	44	8	66	38	22	51	51	46	60	52	48	7	47	50	40	62	53	43	44	31	37	49	59	51	60	46	40	68	58	62	12	23	67	45	31	27	23	46	27	50	51	39	50	64	22	17	7	57	48	38	23	49	15	9	60	53	14	32	17	10	58	61	21	41	29	44	35	21	31	12	34	18	7	20	25	26	47	29	35	26	19	12	64	55	12	40	0	41	3	59	40	33	68	12	51	11	24	17	52	19	41	43	51	57	39	37	45	15	24	47	50	26	41	31	12	38	15	28	8	68	61	36	45	10	54	51	59	38	27	
64	37	17	8	21	27	51	29	20	45	31	44	13	43	31	53	33	17	32	62	42	51	14	33	33	8	20	38	47	7	19	11	10	48	42	14	12	29	15	7	50	41	41	33	21	47	56	30	14	62	42	60	44	18	31	4	15	45	62	36	57	35	44	6	43	31	30	35	36	24	32	29	24	7	42	42	38	21	33	21	25	33	26	26	37	21	18	11	25	55	45	32	17	23	42	21	54	22	13	13	38	19	29	32	29	14	32	5	41	0	44	37	52	29	27	41	11	45	20	46	11	47	35	23	35	21	18	23	20	34	35	17	8	60	28	48	32	52	27	21	37	63	48	18	5	34	41	52	22	8	27	
72	9	55	47	25	71	66	24	24	22	16	28	55	61	43	29	41	27	15	68	61	59	46	11	69	41	24	54	54	49	63	55	51	4	50	53	43	66	56	46	46	33	40	52	62	53	63	49	42	70	61	64	14	26	70	48	34	28	22	49	27	53	54	42	53	67	23	18	8	61	51	39	25	52	17	11	63	56	17	35	20	12	61	64	24	44	31	47	37	21	33	14	37	21	9	23	25	28	50	32	38	28	21	15	67	58	14	43	3	44	0	62	42	34	71	14	54	12	26	19	55	20	42	44	54	60	41	39	48	16	26	50	53	25	44	33	14	40	17	30	11	70	64	38	48	13	57	54	62	42	30	
30	59	22	46	38	33	16	38	47	46	57	41	28	9	19	49	22	43	58	30	7	21	51	51	17	31	47	11	20	42	41	42	45	64	19	49	26	18	27	30	31	34	28	10	25	21	25	13	51	29	8	30	52	45	23	35	49	42	68	15	56	10	17	32	17	17	60	63	58	17	11	65	55	37	48	52	1	17	45	27	44	56	16	19	40	19	51	26	61	59	38	57	27	43	54	43	54	54	24	36	27	50	57	47	19	41	57	43	59	37	62	0	37	64	39	49	44	54	51	50	33	50	72	60	8	20	55	60	17	60	36	19	41	62	18	41	57	39	51	54	51	30	14	54	33	49	10	28	23	30	32	
32	45	48	60	34	64	31	27	45	19	48	14	52	31	23	16	19	43	49	28	32	21	63	36	53	44	45	26	18	59	66	62	62	42	18	66	41	52	53	47	6	11	11	28	55	17	24	28	61	30	31	23	28	44	57	53	54	13	37	22	23	27	21	46	20	52	55	54	44	48	28	68	52	57	25	30	37	45	30	31	37	45	48	51	20	34	54	44	64	28	9	47	35	38	33	39	22	53	46	40	14	51	52	33	53	63	47	55	40	52	42	37	0	64	69	27	63	30	50	23	56	22	73	68	29	50	63	64	37	51	20	42	60	29	26	8	47	3	43	55	33	30	30	60	51	34	27	14	53	44	25	
86	25	46	25	30	56	76	37	19	49	19	52	42	68	51	58	52	22	19	84	67	72	20	30	62	33	19	62	67	29	43	34	29	38	62	28	38	58	44	35	66	53	56	57	50	68	77	54	17	84	68	80	43	20	60	33	15	53	56	58	59	59	66	32	65	60	11	16	26	54	56	5	12	35	43	40	65	50	35	39	27	23	55	56	45	45	13	39	5	54	55	21	37	26	39	26	56	11	42	28	53	14	14	32	59	38	21	24	33	29	34	64	64	0	53	41	32	43	15	47	40	49	8	12	60	51	13	7	47	18	44	45	33	59	50	57	21	63	21	10	35	85	73	12	34	32	65	71	51	34	40	
69	64	20	28	47	6	55	53	47	68	59	66	17	48	45	75	49	44	59	69	46	60	33	60	23	31	47	47	57	24	10	19	24	75	53	26	30	21	16	26	65	60	57	42	14	58	64	41	36	68	47	69	69	46	17	23	41	66	87	48	81	44	54	29	53	22	56	62	64	22	41	51	51	19	66	67	40	24	58	41	52	60	23	20	60	35	44	26	48	80	65	59	37	50	68	48	78	48	23	39	55	46	56	58	20	15	59	30	68	27	71	39	69	53	0	66	21	70	47	70	16	71	57	43	43	19	40	46	32	61	57	27	20	84	42	68	59	70	54	47	63	69	53	41	23	60	48	64	16	30	49	
57	18	47	46	19	64	52	13	25	8	23	13	48	48	30	17	28	25	23	54	48	44	47	11	59	35	25	41	40	47	60	52	50	15	36	52	36	56	50	40	31	18	25	39	54	39	48	36	44	55	48	49	2	25	61	44	35	14	21	36	18	40	40	37	39	58	31	27	17	51	38	46	30	48	2	3	50	47	8	26	16	19	52	55	10	34	34	40	43	14	18	21	29	18	5	20	15	32	43	27	24	31	27	10	58	55	21	41	12	41	14	49	27	41	66	0	52	4	29	6	50	8	50	49	41	51	44	44	38	25	13	41	50	19	32	19	21	25	20	34	6	56	50	41	43	9	44	39	54	36	18	
73	46	21	7	33	24	59	40	29	56	40	55	15	51	41	64	44	27	40	71	49	60	12	44	35	19	29	47	56	5	11	2	3	58	52	5	22	31	16	16	61	52	52	42	21	57	65	39	15	71	50	69	55	28	31	10	21	56	72	46	69	44	54	17	52	33	36	42	46	28	41	30	31	6	53	53	45	27	44	32	36	42	29	29	49	30	24	19	27	66	56	41	28	33	53	32	65	28	19	25	49	26	36	42	31	6	41	11	51	11	54	44	63	32	21	52	0	56	28	57	11	59	36	22	44	24	19	25	29	41	46	25	3	71	38	60	41	63	36	26	48	72	56	20	12	44	49	62	23	19	38	
61	18	52	50	23	68	56	18	28	10	24	16	53	52	34	17	32	28	24	57	52	48	50	13	64	39	28	45	43	51	64	56	53	12	40	56	40	61	54	44	34	22	29	43	59	42	51	41	47	58	52	52	2	28	66	48	38	16	17	40	16	44	44	41	43	62	32	28	17	56	42	48	32	52	6	3	54	51	12	30	20	20	56	60	14	39	36	44	45	11	21	22	33	22	4	23	13	34	47	31	28	33	29	13	62	59	22	45	11	45	12	54	30	43	70	4	56	0	31	6	54	7	51	51	45	56	47	46	42	25	17	46	54	16	36	21	22	27	22	36	8	59	54	43	47	11	48	42	58	40	23	
72	17	36	21	15	48	61	22	4	36	11	38	33	54	36	45	37	7	12	69	53	57	20	18	52	21	4	48	53	23	38	29	25	31	48	26	25	48	35	25	51	38	41	43	41	53	62	39	16	70	53	65	31	5	51	25	7	39	47	44	47	45	51	21	50	50	10	14	17	43	42	18	4	28	31	28	52	39	22	25	13	14	44	46	31	31	5	28	14	42	41	12	23	11	27	11	44	3	31	14	38	2	8	19	49	33	12	17	24	20	26	51	50	15	47	29	28	31	0	35	32	37	23	20	45	41	15	15	33	13	30	33	27	47	35	43	12	49	9	5	23	70	58	12	25	20	51	56	42	22	25	
55	24	50	51	24	67	51	17	31	4	29	10	52	47	31	11	28	30	29	51	47	42	53	17	61	39	31	40	38	52	64	57	55	18	35	58	39	59	53	44	28	17	24	39	58	37	46	37	49	52	47	46	5	31	64	48	41	10	18	35	12	40	39	41	38	60	37	33	23	54	39	52	36	53	4	8	50	50	13	29	22	25	54	58	10	37	40	43	49	9	15	27	32	24	10	25	9	38	46	32	23	37	33	16	60	60	27	46	17	46	19	50	23	47	70	6	57	6	35	0	54	2	56	55	41	54	50	50	40	31	13	44	55	14	33	14	27	21	26	40	12	53	49	47	47	15	43	36	57	40	21	
62	48	10	15	31	16	48	37	31	53	43	50	4	40	33	60	36	28	44	61	39	50	21	44	24	14	31	37	47	11	10	9	13	59	43	17	15	20	5	10	53	46	44	32	10	48	55	30	23	61	39	60	53	29	20	7	26	51	71	37	65	34	44	13	43	22	41	46	47	16	31	38	35	5	50	51	34	16	42	26	35	44	18	18	45	22	29	11	35	64	50	43	22	33	52	32	62	33	10	23	41	30	40	41	20	8	43	16	52	11	55	33	56	40	16	50	11	54	32	54	0	56	45	31	33	13	27	33	20	45	42	15	8	68	30	54	43	56	38	32	47	61	46	28	7	43	39	54	12	14	34	
54	26	52	53	26	69	51	18	33	4	31	10	54	47	31	9	28	32	31	50	48	42	55	19	62	41	33	41	38	54	66	59	57	19	35	60	41	60	55	46	27	17	24	40	59	37	45	38	51	52	47	45	6	33	65	50	43	10	17	36	10	40	39	43	38	61	39	35	25	55	39	54	38	55	6	9	51	51	15	30	24	27	55	59	11	38	42	45	51	8	15	29	34	26	11	27	7	40	48	34	23	39	35	18	61	61	29	48	19	47	20	50	22	49	71	8	59	7	37	2	56	0	58	57	42	55	52	52	42	32	15	46	56	12	34	13	29	20	28	42	14	52	49	49	49	17	43	35	58	41	22	
95	33	52	29	39	60	84	46	28	58	27	61	48	76	60	67	61	31	27	92	75	81	24	39	68	40	28	70	76	33	47	38	33	46	71	31	45	64	50	42	74	62	65	65	56	76	86	62	21	93	76	89	51	29	66	39	22	62	64	67	67	68	75	39	73	67	19	24	34	60	64	6	21	40	52	48	73	57	44	48	36	31	61	62	54	53	21	46	10	62	64	29	46	35	47	34	64	20	48	36	62	22	22	41	65	42	29	30	41	35	42	72	73	8	57	50	36	51	23	56	45	58	0	14	68	57	17	12	54	26	53	52	37	67	58	66	29	72	30	19	43	94	81	17	40	41	73	80	57	41	49	
86	35	40	16	33	46	74	41	24	56	28	57	35	66	51	65	53	25	29	84	65	72	10	38	55	29	24	61	68	20	33	24	19	49	63	17	34	51	37	30	68	57	59	56	42	68	77	52	9	84	65	81	51	24	52	26	14	58	66	58	67	58	66	28	64	54	21	28	36	47	54	8	19	26	51	48	62	45	42	39	33	32	49	49	50	43	15	34	7	62	60	30	36	31	47	30	64	17	36	28	56	18	23	39	52	28	30	17	43	23	44	60	68	12	43	49	22	51	20	55	31	57	14	0	58	44	5	5	43	29	49	41	23	67	49	62	30	67	29	15	43	85	71	8	28	40	63	72	44	30	43	
29	52	24	44	31	37	16	30	42	37	50	32	29	8	11	40	13	38	51	27	7	17	49	43	24	28	42	4	14	41	43	42	44	56	11	48	23	23	29	28	23	25	19	2	29	15	21	5	49	27	8	26	43	40	29	34	45	33	59	6	47	1	11	30	10	23	55	56	50	21	3	61	49	37	39	44	9	19	37	21	37	49	20	24	31	14	47	24	57	50	29	50	22	37	46	36	45	49	24	31	18	46	51	39	25	42	50	40	51	35	54	8	29	60	43	41	44	45	45	41	33	42	68	58	0	24	52	56	14	54	28	18	40	53	10	32	50	31	44	49	43	28	13	50	32	41	5	21	27	27	24	
51	54	5	28	34	14	37	38	39	52	50	48	9	29	27	58	30	35	51	50	27	41	34	48	11	20	39	28	38	24	20	22	26	63	34	30	16	7	7	16	46	43	39	23	5	39	45	22	35	49	28	50	54	37	10	18	36	49	72	28	64	25	35	20	34	9	51	55	53	3	22	50	45	18	51	53	22	5	44	25	40	51	5	5	44	17	39	13	47	64	47	50	22	38	55	37	61	43	10	28	37	40	49	45	8	20	50	27	57	21	60	20	50	51	19	51	24	56	41	54	13	55	57	44	24	0	39	45	14	53	41	10	22	68	24	51	50	51	44	42	50	50	34	39	16	47	29	45	3	19	33	
80	32	35	12	28	43	68	36	19	51	25	52	30	60	45	60	47	20	26	78	59	67	7	33	51	24	19	55	62	16	30	21	16	46	57	14	29	47	32	25	62	51	53	50	38	62	72	46	4	78	60	75	46	19	48	21	9	53	62	52	62	52	60	22	59	49	19	26	32	42	48	11	16	22	46	43	56	40	37	34	28	29	44	44	45	37	10	29	8	58	54	27	31	26	43	25	59	13	31	22	50	13	20	34	47	25	27	12	39	18	41	55	63	13	40	44	19	47	15	50	27	52	17	5	52	39	0	6	38	26	43	35	20	63	43	57	27	62	25	11	38	79	65	3	23	35	58	67	39	24	37	
84	29	40	18	30	49	72	37	19	51	23	53	36	65	49	60	50	21	23	82	63	70	13	33	56	28	19	59	65	22	36	27	22	43	60	20	33	52	38	30	65	53	55	54	44	66	75	50	10	82	64	79	46	19	54	27	11	54	60	56	62	56	64	27	62	55	16	22	30	48	53	5	14	28	46	43	61	45	37	37	28	26	49	50	46	41	10	34	2	57	56	25	34	26	42	25	59	12	36	25	52	13	18	34	53	31	25	18	37	23	39	60	64	7	46	44	25	46	15	50	33	52	12	5	56	45	6	0	42	23	44	40	26	62	47	58	25	63	24	10	38	83	70	5	28	35	62	69	45	29	39	
43	44	11	29	23	28	30	25	30	38	41	34	16	22	13	44	17	26	42	42	21	31	35	36	21	14	30	18	27	26	30	27	29	51	23	34	9	18	16	13	33	28	25	13	18	28	36	10	34	42	22	40	41	28	23	19	31	35	59	17	50	15	24	15	23	19	43	46	43	13	11	48	37	22	37	40	18	9	31	12	29	41	13	17	30	3	34	9	43	50	33	41	11	28	42	27	47	36	10	19	23	33	41	32	19	28	41	26	45	20	48	17	37	47	32	38	29	42	33	40	20	42	54	43	14	14	38	42	0	44	27	5	26	54	10	36	41	38	35	36	37	42	28	37	17	35	20	34	17	13	19	
77	7	48	34	22	61	68	25	14	33	3	37	46	62	43	42	43	18	2	74	61	63	32	14	64	33	14	55	58	37	52	43	38	20	53	39	37	60	48	37	53	40	45	51	54	58	68	48	28	75	62	70	26	16	63	38	20	38	38	50	41	53	57	33	56	62	7	2	8	55	50	23	10	41	27	23	61	51	21	33	16	5	56	58	31	41	17	40	21	36	42	4	33	16	21	17	39	13	43	25	42	15	5	17	61	47	4	30	15	34	16	60	51	18	61	25	41	25	13	31	45	32	26	29	54	53	26	23	44	0	31	45	41	41	43	43	4	49	9	15	18	76	66	23	38	17	58	60	54	34	30	
46	27	37	42	15	54	39	7	25	11	29	9	39	35	17	18	15	23	29	43	35	32	45	18	48	27	25	28	27	41	52	46	44	28	23	48	26	45	40	32	21	8	13	26	44	27	37	24	42	44	35	38	15	25	50	37	34	10	32	23	23	27	27	29	26	46	35	34	26	40	25	48	32	41	11	16	37	36	10	15	17	26	40	44	3	23	34	31	44	23	11	27	19	18	18	18	20	33	33	22	11	31	32	14	46	48	27	37	24	35	26	36	20	44	57	13	46	17	30	13	42	15	53	49	28	41	43	44	27	31	0	31	43	27	19	14	27	18	23	35	15	44	37	40	35	15	31	28	43	28	8	
47	45	6	26	25	23	34	28	31	42	42	39	11	26	18	48	22	27	43	46	24	35	31	38	19	12	31	22	32	23	25	23	25	53	28	30	8	15	11	10	38	33	30	17	13	33	40	15	32	46	25	45	44	29	20	15	30	40	62	22	54	19	29	13	28	17	43	47	44	10	16	46	37	18	41	43	21	6	34	15	30	42	11	13	34	8	32	6	42	54	38	42	13	29	45	28	51	36	5	20	28	32	41	35	16	23	42	23	47	17	50	19	42	45	27	41	25	46	33	44	15	46	52	41	18	10	35	40	5	45	31	0	21	58	15	41	42	43	36	35	40	47	31	34	13	37	24	39	12	11	23	
69	45	18	8	30	23	56	38	28	54	39	53	12	48	38	62	41	26	39	68	46	57	13	42	32	16	28	44	53	4	11	2	4	57	49	8	19	28	14	13	58	49	49	39	19	54	62	36	16	68	47	66	53	26	29	7	20	54	71	43	66	41	50	14	49	31	36	42	44	25	37	31	30	3	51	51	42	24	42	29	34	41	26	26	46	27	23	16	28	64	53	40	25	32	51	30	63	28	16	22	46	25	35	40	29	5	40	10	50	8	53	41	60	33	20	50	3	54	27	55	8	56	37	23	40	22	20	26	26	41	43	21	0	69	35	57	40	60	35	26	46	69	53	21	9	42	46	59	21	16	36	
61	34	65	65	38	82	60	31	44	16	40	20	66	57	43	13	40	44	40	57	58	50	67	29	75	54	44	51	46	66	78	71	69	22	44	72	54	72	68	58	35	27	34	51	72	45	53	50	63	59	58	52	16	44	78	63	54	20	8	47	6	51	48	55	47	73	48	43	33	68	51	64	48	67	18	19	62	63	27	43	36	36	68	71	24	50	53	58	61	5	24	38	46	38	20	39	7	50	60	46	34	50	45	29	74	74	38	60	26	60	25	62	29	59	84	19	71	16	47	14	68	12	67	67	53	68	63	62	54	41	27	58	69	0	46	21	38	26	38	52	24	59	58	60	62	27	54	43	71	54	35	
37	41	22	37	21	38	25	20	31	30	40	25	26	18	3	34	6	28	41	34	18	23	42	33	29	20	31	12	18	35	40	37	38	46	13	42	16	26	26	22	23	19	15	8	28	19	28	5	40	35	18	32	34	30	32	28	36	26	51	8	41	9	16	22	15	27	44	46	40	22	7	52	39	32	30	34	19	18	27	10	27	39	22	26	22	8	37	19	48	42	23	39	12	26	36	26	38	39	20	21	13	36	41	29	28	38	39	33	41	28	44	18	26	50	42	32	38	36	35	33	30	34	58	49	10	24	43	47	10	43	19	15	35	46	0	27	39	27	34	39	33	35	23	42	26	31	15	24	27	20	14	
40	37	48	56	29	65	38	21	39	10	40	5	51	36	24	8	20	37	41	36	37	29	59	28	55	41	39	30	25	55	64	59	58	33	23	62	39	53	52	44	14	8	13	31	55	24	32	30	56	38	36	32	19	38	59	50	48	5	29	26	15	31	26	42	26	54	48	46	36	49	31	61	45	54	16	22	41	45	22	28	30	37	49	53	12	33	48	43	58	20	3	39	32	32	24	32	14	47	45	36	14	45	44	25	55	61	39	51	31	48	33	41	8	57	68	19	60	21	43	14	54	13	66	62	32	51	57	58	36	43	14	41	57	21	27	0	39	6	36	48	24	38	36	54	48	26	32	22	54	41	21	
73	5	45	33	18	60	64	21	12	29	2	33	44	58	39	38	39	15	2	70	57	59	32	10	61	30	12	51	54	36	51	42	38	18	49	39	34	57	46	35	49	36	41	48	51	54	64	44	28	71	58	66	22	13	61	36	20	34	35	47	38	49	53	31	52	59	10	7	5	52	46	26	11	40	23	19	58	48	17	29	12	2	53	55	27	38	17	37	23	33	37	0	30	13	18	14	35	13	40	22	38	14	7	13	58	46	0	30	12	32	14	57	47	21	59	21	41	22	12	27	43	29	29	30	50	50	27	25	41	4	27	42	40	38	39	39	0	45	6	16	14	71	62	24	36	13	54	56	52	31	26	
35	43	49	60	33	66	34	26	44	17	46	12	53	33	24	13	21	42	47	31	34	24	63	35	55	44	44	28	21	59	67	62	62	39	20	66	41	53	54	47	9	11	12	30	56	20	27	30	60	33	34	26	25	43	59	53	53	11	34	24	20	29	23	46	23	54	54	52	42	50	30	67	51	57	22	28	39	46	28	31	35	43	49	53	18	35	53	45	63	25	7	45	35	37	30	37	19	52	47	40	14	50	50	31	55	64	45	55	38	52	40	39	3	63	70	25	63	27	49	21	56	20	72	67	31	51	62	63	38	49	18	43	60	26	27	6	45	0	42	54	31	33	33	59	51	32	30	17	55	44	25	
68	9	40	29	12	54	59	16	7	27	6	30	38	52	34	36	34	9	7	65	52	54	29	9	55	25	7	46	49	31	46	37	33	22	44	35	28	51	40	29	45	32	36	42	46	49	59	38	25	66	52	61	22	8	55	31	17	31	37	41	38	44	48	25	47	53	12	12	9	46	41	26	10	35	22	19	52	42	13	23	7	6	47	49	23	32	14	31	23	33	34	6	24	7	18	8	35	12	34	16	33	11	8	10	52	41	6	25	15	27	17	51	43	21	54	20	36	22	9	26	38	28	30	29	44	44	25	24	35	9	23	36	35	38	34	36	6	42	0	14	14	67	56	21	31	11	49	51	46	25	21	
76	21	37	19	20	48	65	27	9	41	14	43	34	58	41	50	41	12	15	73	56	62	16	23	53	23	9	51	57	22	37	28	23	34	52	24	27	49	36	26	55	43	46	47	42	57	67	43	12	74	57	70	36	10	52	25	6	44	51	48	52	49	55	22	54	51	9	15	21	44	45	13	5	27	36	33	55	41	27	29	18	17	45	47	36	34	3	29	9	47	46	16	27	16	32	16	49	2	32	17	43	3	9	24	50	32	16	16	28	21	30	54	55	10	47	34	26	36	5	40	32	42	19	15	49	42	11	10	36	15	35	35	26	52	39	48	16	54	14	0	28	75	62	8	26	25	54	61	43	24	30	
62	12	46	42	16	62	55	13	19	14	16	19	46	50	32	23	30	20	17	58	50	48	42	5	59	32	19	43	43	43	56	48	45	13	39	48	34	56	48	37	36	23	29	41	53	43	52	38	38	59	50	54	8	20	60	41	30	19	24	38	24	42	43	33	42	57	24	21	11	51	40	40	24	45	8	5	52	46	6	25	12	13	51	54	13	34	28	38	37	19	24	14	27	14	5	15	21	26	41	24	27	25	21	5	57	51	14	37	8	37	11	51	33	35	63	6	48	8	23	12	47	14	43	43	43	50	38	38	37	18	15	40	46	24	33	24	14	31	14	28	0	60	53	35	40	3	46	43	52	33	19	
2	72	51	72	55	63	14	50	66	49	73	43	57	21	34	46	33	62	73	2	23	12	77	62	47	56	66	24	17	69	70	70	72	71	22	76	51	48	57	56	24	37	30	29	55	17	7	33	76	1	22	7	57	65	53	62	71	42	67	27	53	27	19	57	20	47	78	78	70	47	31	87	74	65	53	59	29	46	55	46	59	70	46	49	46	42	73	52	83	58	37	71	48	60	61	60	52	74	52	57	33	71	75	58	49	70	71	68	68	63	70	30	30	85	69	56	72	59	70	53	61	52	94	85	28	50	79	83	42	76	44	47	69	59	35	38	71	33	67	75	60	0	16	77	60	60	22	16	53	55	45	
16	63	36	57	44	47	2	41	54	45	63	39	41	5	22	45	23	51	63	16	7	9	63	54	31	41	54	10	11	54	54	55	57	65	14	61	37	32	41	41	24	32	25	15	39	13	11	19	62	15	6	16	52	53	37	47	58	39	65	15	52	13	10	43	11	31	67	68	62	31	16	75	62	50	48	53	13	30	47	33	49	61	30	33	40	28	60	37	70	56	34	62	35	49	55	49	50	62	37	44	26	59	64	50	33	54	62	54	61	48	64	14	30	73	53	50	56	54	58	49	46	49	81	71	13	34	65	70	28	66	37	31	53	58	23	36	62	33	56	62	53	16	0	64	45	51	7	17	37	41	35	
79	29	35	13	25	44	67	33	16	48	22	49	30	59	43	57	45	17	23	76	58	65	9	30	51	22	16	53	60	17	31	22	17	42	55	17	27	47	32	24	60	48	51	48	38	60	70	45	5	77	58	73	43	16	48	21	6	50	59	50	59	50	58	21	57	49	17	23	29	42	47	11	13	23	43	40	55	39	34	31	25	25	44	44	42	36	7	28	7	55	52	24	29	23	40	22	56	10	30	20	47	10	17	31	47	26	24	12	36	18	38	54	60	12	41	41	20	43	12	47	28	49	17	8	50	39	3	5	37	23	40	34	21	60	42	54	24	59	21	8	35	77	64	0	23	32	56	64	40	23	35	
61	41	12	12	24	23	48	30	24	46	36	44	8	39	29	54	32	21	37	59	38	48	18	37	28	8	24	35	44	9	16	11	12	52	40	16	10	24	10	4	49	41	40	30	16	45	53	27	19	59	39	57	46	22	26	2	20	45	64	34	59	32	42	6	40	26	35	40	40	19	29	34	29	6	43	44	34	17	35	20	28	37	21	21	38	18	23	7	30	57	45	36	16	26	45	25	55	27	8	16	37	24	33	34	24	12	36	10	45	5	48	33	51	34	23	43	12	47	25	47	7	49	40	28	32	16	23	28	17	38	35	13	9	62	26	48	36	51	31	26	40	60	45	23	0	36	38	50	17	7	27	
61	12	42	38	13	59	54	11	16	16	14	20	43	48	30	25	28	17	15	58	48	47	39	2	56	29	16	41	42	39	53	45	42	16	38	44	30	53	44	34	36	23	29	39	49	42	52	36	35	59	48	54	11	17	57	37	26	21	28	36	27	40	42	30	41	54	22	20	10	48	38	37	21	41	11	8	50	43	4	22	8	11	48	51	14	31	25	34	34	22	24	13	24	10	8	12	24	23	38	20	26	22	18	2	54	48	13	33	10	34	13	49	34	32	60	9	44	11	20	15	43	17	41	40	41	47	35	35	35	17	15	37	42	27	31	26	13	32	11	25	3	60	51	32	36	0	44	43	49	30	17	
23	56	29	50	36	42	10	33	47	39	55	33	35	4	14	41	16	43	56	21	4	12	55	47	27	34	47	3	10	47	48	48	50	59	9	54	29	27	34	34	21	26	19	7	34	11	16	11	54	21	4	21	46	45	33	40	50	34	60	8	48	5	7	35	7	27	60	61	55	26	9	67	54	43	42	47	10	24	40	26	42	54	25	28	34	20	52	30	62	51	29	54	27	42	49	41	46	54	30	37	20	51	56	43	28	47	54	46	54	41	57	10	27	65	48	44	49	48	51	43	39	43	73	63	5	29	58	62	20	58	31	24	46	54	15	32	54	30	49	54	46	22	7	56	38	44	0	17	32	33	28	
18	56	45	61	40	59	18	34	52	32	57	26	50	20	21	30	19	48	58	14	21	8	66	46	45	44	52	17	7	59	64	61	62	54	11	66	41	45	50	46	8	20	14	22	50	6	10	24	64	16	20	10	40	50	50	52	58	25	51	17	37	20	10	46	11	44	63	63	54	42	23	74	59	56	36	42	27	40	39	33	44	54	42	45	30	32	59	43	70	42	20	56	36	45	44	45	36	60	44	44	17	57	60	42	46	62	56	57	51	52	54	28	14	71	64	39	62	42	56	36	54	35	80	72	21	45	67	69	34	60	28	39	59	43	24	22	56	17	51	61	43	16	17	64	50	43	17	0	48	44	30	
53	56	6	28	36	11	39	40	40	55	51	51	9	32	30	61	34	36	52	53	30	44	34	50	11	21	40	31	41	24	17	21	25	65	37	29	18	7	7	17	49	46	42	26	2	42	48	25	35	52	31	53	57	38	9	18	37	52	75	32	67	28	38	21	37	10	52	56	55	6	25	50	46	17	54	56	24	8	47	28	42	52	7	5	47	20	40	14	47	67	50	52	25	40	57	39	64	44	11	30	40	41	50	47	8	19	52	27	59	22	62	23	53	51	16	54	23	58	42	57	12	58	57	44	27	3	39	45	17	54	43	12	21	71	27	54	52	55	46	43	52	53	37	40	17	49	32	48	0	20	36	
56	35	14	17	17	29	44	23	20	38	31	37	13	36	22	46	25	16	32	54	34	43	21	30	30	1	20	31	39	15	24	18	18	45	34	22	4	26	14	4	42	33	33	25	20	39	48	22	21	54	35	52	38	18	29	9	18	38	57	28	51	28	36	2	35	28	32	36	35	21	24	34	26	13	36	37	32	17	28	13	21	32	22	24	31	13	21	6	30	50	37	31	9	20	38	18	48	24	9	9	30	21	30	27	27	20	31	13	38	8	42	30	44	34	30	36	19	40	22	40	14	41	41	30	27	19	24	29	13	34	28	11	16	54	20	41	31	44	25	24	33	55	41	23	7	30	33	44	20	0	20	
47	28	29	35	10	46	38	6	21	19	27	17	31	32	13	26	12	18	28	43	31	32	38	19	41	19	21	25	27	34	44	38	37	32	23	41	18	38	32	24	25	14	16	22	36	27	37	19	35	44	31	40	21	20	43	29	28	18	39	20	31	23	26	21	25	39	33	33	26	33	21	43	29	33	18	21	33	28	13	7	14	26	33	36	11	16	29	23	39	31	18	26	11	14	22	14	28	29	25	15	13	26	29	15	39	40	26	30	27	27	30	32	25	40	49	18	38	23	25	21	34	22	49	43	24	33	37	39	19	30	8	23	36	35	14	21	26	25	21	30	19	45	35	35	27	17	28	30	36	20	0	

