4  100
19	51	74	12	38	91	38	44	46	50	42	4	92	94	93	6	93	29	48	6	51	22	60	42	21	39	74	88	70	43	45	97	75	71	30	46	77	17	38	86	64	53	89	98	98	18	53	62	39	94	38	38	100	13	84	56	87	1	38	47	40	10	70	67	46	51	97	78	33	61	78	28	20	31	57	92	25	30	95	24	13	38	94	65	83	31	33	80	76	41	28	51	2	15	43	7	67	8	47	13	
11	32	53	10	17	93	44	13	9	46	3	65	15	85	64	65	96	19	2	48	8	25	69	51	31	55	100	36	3	75	6	1	95	7	62	64	89	63	2	33	65	44	62	53	75	78	51	56	9	85	93	86	30	36	39	37	82	91	78	65	44	2	54	28	45	26	4	10	99	82	35	61	88	69	63	43	48	73	12	95	74	3	8	12	18	70	69	39	88	53	19	95	13	51	23	24	1	97	86	60	
35	5	3	49	48	33	99	81	18	41	54	83	19	13	52	30	76	43	45	29	58	32	67	20	57	4	97	57	80	91	14	16	16	4	15	88	94	12	64	7	98	70	39	57	50	20	36	41	36	83	4	20	82	90	68	22	52	55	16	36	78	48	99	71	87	65	37	12	56	48	58	47	29	65	83	99	52	96	70	31	57	35	36	63	25	49	74	74	4	15	70	14	68	71	55	10	24	91	84	93	
37	48	83	21	78	42	53	28	88	76	71	79	28	59	86	53	34	2	39	41	44	13	5	80	4	28	99	5	28	100	29	44	22	86	45	38	44	39	70	7	99	64	56	56	65	30	50	24	31	3	18	77	34	89	18	66	14	56	51	22	29	27	94	21	74	100	51	97	50	3	10	38	4	26	49	22	14	42	79	49	16	76	73	27	63	2	61	45	7	54	34	17	86	19	56	17	32	96	13	91	
2481	142	4957	3098	4980	4764	3595	1319	2271	58	3734	2230	3495	309	3256	1383	2406	1328	1804	1468	3409	4458	3674	1774	4287	2164	2230	3479	757	2128	2314	4931	1239	877	966	3166	3118	3639	2735	584	3048	1469	4751	3311	2475	2344	3081	278	1713	2508	103	3608	3167	4664	4998	719	2179	3960	2155	2697	942	3803	3361	4689	4171	2253	134	3284	2239	1121	1385	478	4464	3295	2483	564	4478	891	1586	3838	4710	3927	3381	3430	1732	3201	2325	4007	88	1225	4349	4324	909	4905	4862	1938	3228	4897	1809	1693	
0	85	51	39	55	61	62	75	18	23	60	32	72	47	43	89	47	54	61	33	56	70	91	52	27	51	71	66	78	68	3	52	62	51	18	78	68	30	78	45	78	69	54	83	63	77	34	16	20	64	31	61	28	26	55	28	52	81	68	60	66	85	13	76	55	63	64	30	67	53	58	44	62	52	85	34	73	77	54	56	53	70	31	53	53	33	24	41	57	32	70	80	47	55	81	12	77	76	55	37	72	
85	0	57	49	32	62	24	41	67	67	55	68	20	41	43	15	41	55	25	67	29	34	7	41	58	41	18	19	16	33	83	36	28	64	68	13	39	60	29	51	15	31	31	6	38	8	59	70	71	22	55	28	63	60	55	58	44	17	26	51	28	2	73	9	39	44	33	66	18	36	28	56	24	54	2	53	29	12	62	36	39	67	54	47	34	53	66	48	28	61	41	28	39	35	4	74	15	11	38	53	27	
51	57	0	44	43	11	35	26	41	50	72	20	57	45	41	51	24	67	34	19	38	65	59	16	36	18	39	42	41	63	48	24	29	7	36	44	67	23	35	10	59	27	37	51	62	50	18	46	52	37	40	50	24	32	67	37	13	43	57	10	29	55	44	50	55	67	59	21	46	23	44	59	42	65	58	43	31	45	5	21	52	21	32	10	44	36	49	19	36	52	22	36	26	49	55	47	42	46	53	19	62	
39	49	44	0	17	55	30	54	20	18	28	37	33	8	6	56	22	23	28	38	21	31	55	31	14	30	38	30	46	29	37	26	34	48	25	45	31	26	52	33	39	44	18	48	25	41	30	22	22	30	8	22	29	19	24	13	34	50	29	47	39	49	26	39	17	27	25	34	30	28	20	15	25	21	48	4	47	42	49	32	14	64	14	38	14	9	16	25	23	12	50	53	20	15	44	26	45	41	16	25	33	
55	32	43	17	0	53	16	45	36	35	31	45	18	8	11	40	19	28	15	45	7	21	38	27	27	26	24	13	31	19	52	19	22	50	38	29	23	35	39	34	22	33	7	31	18	25	36	39	39	16	23	7	38	31	29	27	31	35	15	43	27	32	42	22	12	24	15	43	13	21	3	26	9	27	31	21	35	26	49	25	10	62	25	35	2	22	33	26	9	29	42	40	17	6	27	43	30	25	11	30	20	
61	62	11	55	53	0	43	24	52	61	82	29	65	55	51	54	34	78	42	28	47	74	63	25	47	27	44	50	46	72	58	33	35	10	46	49	77	33	36	21	66	31	46	56	72	55	28	57	63	44	51	59	34	43	78	48	22	47	66	11	34	60	54	56	65	77	69	31	53	31	53	70	50	76	63	54	34	50	7	29	62	9	43	18	54	47	60	30	45	63	22	37	36	59	60	57	47	51	63	30	71	
62	24	35	30	16	43	0	30	44	46	47	43	22	24	23	26	17	45	1	43	9	33	28	19	35	18	8	7	16	31	60	12	7	42	44	15	37	36	23	28	23	17	11	20	32	16	35	48	51	2	34	18	39	36	45	35	22	20	24	32	11	23	50	15	28	38	28	42	10	13	13	42	8	43	24	33	18	14	41	14	26	50	31	25	18	31	45	24	7	42	27	24	15	22	20	52	15	13	27	29	28	
75	41	26	54	45	24	30	0	61	67	77	45	50	51	49	31	33	74	30	44	38	63	40	24	53	25	27	36	25	61	71	28	22	31	57	28	67	44	13	29	50	12	39	35	62	37	40	65	70	31	55	49	46	50	74	54	22	24	53	16	18	39	65	38	58	69	58	46	39	26	43	69	38	72	43	56	13	30	28	22	55	27	48	21	47	51	66	34	35	66	4	14	34	52	41	67	26	32	56	38	58	
18	67	41	20	36	52	44	61	0	9	45	26	54	29	25	71	29	39	43	26	38	52	72	37	9	36	53	47	60	50	16	35	45	43	7	60	51	18	62	33	59	53	35	65	45	59	23	5	10	46	13	42	18	10	40	9	38	64	49	49	50	67	5	57	37	47	46	23	49	37	39	28	43	36	66	16	57	58	45	40	35	62	13	40	34	14	10	26	38	17	56	64	30	36	63	7	60	58	37	23	54	
23	67	50	18	35	61	46	67	9	0	37	35	52	26	24	73	34	31	45	36	39	47	73	43	14	42	55	48	63	46	22	40	49	52	16	62	45	27	67	40	57	58	36	66	40	60	32	7	4	47	13	40	27	18	32	13	45	67	46	56	54	67	12	57	33	40	42	33	49	41	38	21	43	29	66	14	61	60	54	45	31	70	19	47	33	16	1	33	40	9	63	68	33	33	63	11	62	59	33	30	50	
60	55	72	28	31	82	47	77	45	37	0	66	35	27	31	68	48	6	47	66	39	22	62	57	41	56	54	42	60	22	59	50	54	77	51	58	17	55	70	61	40	65	38	58	17	51	59	44	40	47	35	29	57	47	5	40	61	64	29	74	59	57	49	48	19	11	22	63	41	52	33	16	39	8	53	31	66	55	77	56	21	92	43	64	30	38	36	53	41	28	74	71	46	25	51	48	59	53	20	54	28	
32	68	20	37	45	29	43	45	26	35	66	0	62	42	37	66	27	60	42	1	42	65	71	26	25	27	50	50	55	63	29	31	40	19	19	57	66	10	52	17	65	43	40	63	60	60	9	30	36	45	31	52	8	19	61	26	25	58	60	29	42	66	26	59	52	64	59	2	52	31	47	51	47	58	68	34	47	56	22	32	49	38	23	24	44	28	35	19	41	41	41	53	29	48	64	29	55	57	51	15	65	
72	20	57	33	18	65	22	50	54	52	35	62	0	25	29	33	35	35	22	62	20	14	27	40	45	39	24	14	28	13	70	32	30	64	56	25	19	52	40	48	5	38	22	23	18	16	53	56	56	20	41	11	55	49	35	45	43	31	6	54	32	22	59	13	20	24	13	60	11	34	15	37	15	35	18	38	38	22	62	36	21	72	43	47	19	40	50	43	21	44	49	41	33	18	16	60	27	20	20	47	7	
47	41	45	8	8	55	24	51	29	26	27	42	25	0	5	49	21	22	23	42	15	24	47	30	21	29	32	22	39	22	45	23	29	50	32	38	24	31	47	34	30	39	13	40	18	34	34	31	31	24	16	13	34	26	23	20	34	43	20	47	34	41	34	31	10	22	18	40	22	25	12	18	18	21	40	13	42	35	51	29	7	65	20	37	6	16	25	26	17	20	48	48	19	7	36	35	38	34	9	28	25	
43	43	41	6	11	51	23	49	25	24	31	37	29	5	0	50	17	26	22	37	15	29	49	27	16	25	32	23	39	27	41	20	28	46	27	39	29	26	46	30	34	38	12	42	23	35	29	27	28	24	12	17	29	21	27	16	30	43	25	43	33	43	30	33	15	27	23	34	24	23	14	19	19	24	42	10	41	36	46	27	12	61	15	33	9	11	22	22	16	18	45	47	15	12	38	31	39	35	14	23	29	
89	15	51	56	40	54	26	31	71	73	68	66	33	49	50	0	42	67	28	66	34	47	10	39	62	39	18	26	11	46	86	36	26	58	70	11	52	60	18	48	29	24	37	10	51	17	58	75	77	25	60	39	63	63	67	62	41	8	39	43	23	12	77	20	50	57	46	66	27	36	37	66	31	66	17	59	20	13	55	34	49	58	57	42	42	57	72	48	33	69	32	17	41	45	18	78	11	15	49	53	41	
47	41	24	22	19	34	17	33	29	34	48	27	35	21	17	42	0	43	15	27	15	41	45	9	21	8	24	22	31	39	44	5	15	30	28	31	43	19	32	14	38	23	13	37	37	33	18	34	38	18	22	26	22	20	44	21	13	34	33	26	20	40	34	31	30	42	35	25	25	7	20	37	20	41	41	23	27	30	30	11	27	43	16	16	19	18	33	8	14	33	29	34	2	25	37	37	31	30	29	12	39	
54	55	67	23	28	78	45	74	39	31	6	60	35	22	26	67	43	0	44	61	36	23	62	53	35	52	52	41	59	23	53	46	51	72	45	57	19	49	68	56	41	61	35	57	17	50	53	38	34	44	29	28	51	41	1	34	56	63	29	69	56	56	43	47	17	13	22	57	40	48	31	10	37	2	53	25	64	54	72	52	18	87	37	60	27	32	30	48	38	22	70	69	41	22	50	42	58	52	18	48	29	
61	25	34	28	15	42	1	30	43	45	47	42	22	23	22	28	15	44	0	42	8	33	30	18	34	17	10	8	17	31	58	11	7	41	43	17	36	34	24	27	24	17	10	22	32	17	33	47	49	3	32	18	38	35	44	34	21	21	24	31	12	24	48	16	27	38	28	41	11	12	13	41	8	42	25	31	19	15	40	13	25	50	29	24	17	29	44	23	6	41	27	25	14	22	22	50	17	15	26	28	28	
33	67	19	38	45	28	43	44	26	36	66	1	62	42	37	66	27	61	42	0	42	66	71	26	25	26	50	49	55	63	30	31	39	18	20	56	67	11	51	17	65	42	40	63	61	59	9	31	37	45	31	52	9	19	61	27	25	57	60	29	42	66	27	58	53	64	60	3	52	31	47	51	47	58	68	35	46	56	21	31	50	37	23	24	44	28	36	19	41	41	40	53	29	49	64	30	55	56	51	15	65	
56	29	38	21	7	47	9	38	38	39	39	42	20	15	15	34	15	36	8	42	0	27	34	21	29	20	17	9	24	25	54	13	15	44	39	23	30	32	32	28	23	25	2	27	25	21	33	41	43	9	26	12	36	31	36	29	25	28	19	37	19	29	43	19	20	31	22	40	11	15	6	33	5	34	28	25	27	21	43	18	18	55	25	28	9	24	37	23	2	34	34	33	13	14	25	45	24	20	18	27	24	
70	34	65	31	21	74	33	63	52	47	22	65	14	24	29	47	41	23	33	66	27	0	41	48	45	47	37	26	42	2	68	40	41	71	56	39	5	55	54	55	19	50	28	37	7	31	57	53	51	31	39	15	58	50	23	44	52	45	9	64	44	36	57	28	14	10	6	63	23	42	21	29	24	24	32	35	51	36	71	45	17	83	44	56	21	40	46	48	29	38	60	54	39	17	30	57	41	34	15	51	7	
91	7	59	55	38	63	28	40	72	73	62	71	27	47	49	10	45	62	30	71	34	41	0	44	63	44	21	25	17	40	88	40	31	65	73	14	46	64	27	54	22	32	37	8	45	13	63	76	77	27	61	35	67	65	62	63	47	16	33	52	29	5	78	16	46	51	40	70	24	40	34	63	30	61	9	59	29	14	63	39	46	67	59	49	40	58	72	52	33	67	41	26	44	42	11	79	16	15	45	57	34	
52	41	16	31	27	25	19	24	37	43	57	26	40	30	27	39	9	53	18	26	21	48	44	0	29	1	24	26	28	46	49	8	13	23	34	30	51	22	26	9	42	17	20	37	46	34	19	41	46	21	31	33	24	27	54	30	3	31	40	16	15	40	41	34	39	51	43	26	29	6	27	47	25	51	42	32	21	30	22	5	36	34	24	7	28	27	42	10	19	42	20	28	11	33	39	43	29	30	38	15	45	
27	58	36	14	27	47	35	53	9	14	41	25	45	21	16	62	21	35	34	25	29	45	63	29	0	28	44	38	51	43	25	26	36	39	11	51	45	14	54	26	50	44	26	55	39	50	19	13	17	36	6	34	16	5	36	1	31	55	41	42	41	58	14	48	31	41	39	22	40	28	30	26	34	33	57	10	48	49	41	32	28	57	5	33	26	5	13	19	29	16	49	55	21	28	54	16	51	48	30	16	46	
51	41	18	30	26	27	18	25	36	42	56	27	39	29	25	39	8	52	17	26	20	47	44	1	28	0	23	25	28	45	48	6	13	24	33	29	50	22	26	10	41	17	19	36	44	33	19	41	45	20	30	32	24	26	52	29	5	31	39	17	15	39	40	33	38	50	41	26	28	5	26	45	24	50	41	31	21	29	23	5	35	36	23	8	26	26	41	10	18	41	21	28	10	32	38	43	28	30	36	15	44	
71	18	39	38	24	44	8	27	53	55	54	50	24	32	32	18	24	52	10	50	17	37	21	24	44	23	0	11	7	35	68	19	10	46	53	7	41	43	17	33	23	14	19	13	38	11	42	57	59	8	42	24	46	45	52	44	26	11	27	33	10	16	59	12	35	44	33	49	13	19	21	50	15	51	19	42	14	6	44	18	34	50	39	29	26	39	54	31	15	51	25	17	24	30	16	60	6	7	34	36	31	
66	19	42	30	13	50	7	36	47	48	42	50	14	22	23	26	22	41	8	49	9	26	25	26	38	25	11	0	18	24	63	19	15	49	48	16	30	41	28	35	16	24	12	18	26	12	41	50	52	5	35	13	44	40	41	38	29	22	17	39	18	19	53	10	24	33	22	48	3	20	10	39	4	40	19	33	24	13	48	21	23	58	34	32	15	33	46	30	8	42	34	28	20	19	15	54	17	11	23	35	21	
78	16	41	46	31	46	16	25	60	63	60	55	28	39	39	11	31	59	17	55	24	42	17	28	51	28	7	18	0	40	75	25	15	48	59	3	47	49	12	38	26	15	27	10	44	12	47	64	67	15	50	31	52	51	59	51	30	4	33	35	13	14	65	15	42	50	39	54	19	24	28	57	22	58	18	49	12	6	46	23	41	50	46	32	33	47	61	37	23	58	24	12	30	37	16	67	1	8	41	42	36	
68	33	63	29	19	72	31	61	50	46	22	63	13	22	27	46	39	23	31	63	25	2	40	46	43	45	35	24	40	0	66	38	38	69	54	37	6	53	52	53	18	48	25	36	6	29	55	51	50	29	37	13	56	48	23	42	50	44	7	62	42	35	56	26	12	11	4	61	21	40	18	28	22	23	31	33	49	34	68	43	15	80	42	53	19	38	44	46	27	37	58	52	36	15	29	55	39	32	13	49	6	
3	83	48	37	52	58	60	71	16	22	59	29	70	45	41	86	44	53	58	30	54	68	88	49	25	48	68	63	75	66	0	49	59	48	15	75	67	27	75	42	75	66	51	80	61	75	31	15	19	61	29	59	25	23	54	25	49	78	66	57	63	82	10	73	54	62	62	27	65	50	56	43	59	51	82	32	70	74	51	53	51	67	29	50	51	30	23	38	54	31	67	77	44	52	79	11	75	73	53	34	70	
52	36	24	26	19	33	12	28	35	40	50	31	32	23	20	36	5	46	11	31	13	40	40	8	26	6	19	19	25	38	49	0	10	31	34	26	43	24	27	16	35	18	12	32	38	28	22	40	43	14	27	25	27	26	47	27	11	29	32	24	14	35	40	27	31	43	35	30	22	2	19	40	17	44	36	28	21	25	30	6	29	42	21	15	20	23	38	12	11	38	24	28	6	26	33	42	25	25	30	17	37	
62	28	29	34	22	35	7	22	45	49	54	40	30	29	28	26	15	51	7	39	15	41	31	13	36	13	10	15	15	38	59	10	0	36	44	17	44	34	18	23	30	10	16	23	40	21	31	50	53	9	36	26	37	36	51	37	16	19	31	24	5	26	50	21	35	46	36	39	18	9	21	47	16	50	29	36	13	16	34	8	33	42	31	19	24	32	48	22	13	46	20	19	15	29	26	52	15	17	34	27	36	
51	64	7	48	50	10	42	31	43	52	77	19	64	50	46	58	30	72	41	18	44	71	65	23	39	24	46	49	48	69	48	31	36	0	37	51	73	25	41	16	65	34	43	58	68	57	20	48	54	44	44	56	25	34	72	40	20	50	63	15	36	62	44	57	60	72	65	21	52	29	50	63	48	70	65	47	37	52	3	28	57	19	35	17	50	40	51	24	43	55	28	42	32	55	62	48	49	53	59	23	68	
18	68	36	25	38	46	44	57	7	16	51	19	56	32	27	70	28	45	43	20	39	56	73	34	11	33	53	48	59	54	15	34	44	37	0	60	56	13	60	28	61	51	36	65	50	60	18	11	17	46	17	45	12	7	46	12	34	63	52	44	48	67	8	58	42	52	50	16	50	35	41	35	44	43	67	21	55	58	39	38	39	56	13	35	37	16	17	23	39	23	53	61	29	39	64	11	59	58	41	18	57	
78	13	44	45	29	49	15	28	60	62	58	57	25	38	39	11	31	57	17	56	23	39	14	30	51	29	7	16	3	37	75	26	17	51	60	0	44	50	16	39	22	18	26	7	41	9	48	64	66	14	49	29	53	52	57	51	32	6	30	38	15	11	66	11	40	48	36	56	17	26	26	55	20	56	14	48	15	3	49	25	39	54	46	34	31	46	61	38	22	57	28	16	31	35	13	67	2	5	39	43	33	
68	39	67	31	23	77	37	67	51	45	17	66	19	24	29	52	43	19	36	67	30	5	46	51	45	50	41	30	47	6	67	43	44	73	56	44	0	56	58	57	24	54	30	42	6	35	58	52	49	35	39	18	59	50	19	44	55	50	13	67	48	41	56	32	14	6	8	64	28	45	24	26	28	20	37	35	55	41	73	48	17	86	44	58	23	40	44	50	32	37	64	59	41	18	35	56	45	38	15	52	12	
30	60	23	26	35	33	36	44	18	27	55	10	52	31	26	60	19	49	34	11	32	55	64	22	14	22	43	41	49	53	27	24	34	25	13	50	56	0	48	15	56	39	30	56	50	52	5	23	29	38	20	42	3	9	50	16	22	53	50	31	37	59	21	51	42	53	49	8	43	24	37	40	38	47	60	24	43	49	27	26	39	43	12	23	34	17	26	12	32	31	40	50	20	38	56	24	49	49	41	7	55	
78	29	35	52	39	36	23	13	62	67	70	52	40	47	46	18	32	68	24	51	32	54	27	26	54	26	17	28	12	52	75	27	18	41	60	16	58	48	0	34	38	9	34	22	55	25	45	67	70	23	54	41	51	53	68	54	26	11	44	26	13	26	67	27	51	61	50	52	30	25	37	65	31	67	30	54	5	19	38	22	50	40	49	27	41	50	65	37	30	64	14	1	33	46	29	69	14	21	50	41	48	
45	51	10	33	34	21	28	29	33	40	61	17	48	34	30	48	14	56	27	17	28	55	54	9	26	10	33	35	38	53	42	16	23	16	28	39	57	15	34	0	51	25	27	46	51	43	11	38	43	30	30	40	17	23	57	27	7	40	48	16	25	50	36	43	44	56	49	17	38	15	34	48	33	54	51	33	29	39	16	14	41	31	22	7	34	26	39	8	27	42	25	36	16	39	48	39	38	40	43	10	53	
78	15	59	39	22	66	23	50	59	57	40	65	5	30	34	29	38	41	24	65	23	19	22	42	50	41	23	16	26	18	75	35	30	65	61	22	24	56	38	51	0	37	25	19	23	13	56	61	61	21	46	17	59	53	40	50	45	28	12	55	32	17	65	11	26	29	18	63	13	36	19	43	18	40	13	43	37	19	64	37	27	73	47	49	24	45	56	46	24	50	48	38	36	24	11	65	24	17	25	50	12	
69	31	27	44	33	31	17	12	53	58	65	43	38	39	38	24	23	61	17	42	25	50	32	17	44	17	14	24	15	48	66	18	10	34	51	18	54	39	9	25	37	0	26	25	50	25	36	58	61	18	45	36	42	43	62	45	17	16	41	20	5	29	58	26	45	56	46	43	26	16	31	57	26	60	32	46	4	19	31	13	43	36	39	18	34	41	57	27	23	56	10	10	24	39	30	60	16	21	44	32	45	
54	31	37	18	7	46	11	39	35	36	38	40	22	13	12	37	13	35	10	40	2	28	37	20	26	19	19	12	27	25	51	12	16	43	36	26	30	30	34	27	25	26	0	30	25	24	31	38	40	11	23	13	33	28	35	26	24	31	20	36	21	31	41	22	19	31	22	38	13	14	7	31	8	33	31	22	29	24	42	18	17	55	22	28	8	21	34	21	4	31	35	35	11	13	27	42	26	23	18	25	25	
83	6	51	48	31	56	20	35	65	66	58	63	23	40	42	10	37	57	22	63	27	37	8	37	55	36	13	18	10	36	80	32	23	58	65	7	42	56	22	46	19	25	30	0	41	7	55	68	70	19	53	29	59	57	57	55	39	10	29	45	22	4	70	10	40	47	36	62	18	32	28	57	22	56	8	52	22	6	56	31	40	61	51	41	34	51	64	44	26	60	34	21	36	36	8	72	9	7	39	49	30	
63	38	62	25	18	72	32	62	45	40	17	60	18	18	23	51	37	17	32	61	25	7	45	46	39	44	38	26	44	6	61	38	40	68	50	41	6	50	55	51	23	50	25	41	0	34	52	46	44	31	33	13	52	44	17	38	49	48	12	62	44	40	50	31	8	6	5	58	25	40	19	22	24	17	36	29	51	38	67	43	11	80	38	53	18	34	39	44	27	31	60	55	35	12	34	50	43	36	9	46	12	
77	8	50	41	25	55	16	37	59	60	51	60	16	34	35	17	33	50	17	59	21	31	13	34	50	33	11	12	12	29	75	28	21	57	60	9	35	52	25	43	13	25	24	7	34	0	51	62	64	14	47	22	55	52	50	50	37	15	22	44	21	7	65	3	33	40	29	58	11	28	21	50	16	49	8	45	24	6	55	29	33	61	46	40	27	45	58	40	20	54	36	25	31	29	5	66	11	4	32	45	24	
34	59	18	30	36	28	35	40	23	32	59	9	53	34	29	58	18	53	33	9	33	57	63	19	19	19	42	41	47	55	31	22	31	20	18	48	58	5	45	11	56	36	31	55	52	51	0	28	34	37	24	43	6	14	54	20	18	50	51	26	34	58	26	50	44	56	51	7	43	22	38	44	38	51	59	28	40	48	22	24	41	38	16	18	35	21	31	10	32	35	36	46	20	40	55	29	47	48	43	6	56	
16	70	46	22	39	57	48	65	5	7	44	30	56	31	27	75	34	38	47	31	41	53	76	41	13	41	57	50	64	51	15	40	50	48	11	64	52	23	67	38	61	58	38	68	46	62	28	0	6	50	15	44	23	15	39	13	43	68	51	54	54	70	5	60	39	47	48	27	52	41	42	28	46	36	70	18	62	62	50	45	36	66	18	45	37	17	8	31	42	16	61	68	34	38	66	4	64	61	38	28	55	
20	71	52	22	39	63	51	70	10	4	40	36	56	31	28	77	38	34	49	37	43	51	77	46	17	45	59	52	67	50	19	43	53	54	17	66	49	29	70	43	61	61	40	70	44	64	34	6	0	51	17	44	29	20	35	16	48	71	51	59	57	72	11	61	37	44	46	34	53	45	43	24	47	32	70	18	65	64	56	49	35	72	22	50	37	20	5	36	44	12	66	72	37	37	67	8	66	63	37	33	54	
64	22	37	30	16	44	2	31	46	47	47	45	20	24	24	25	18	44	3	45	9	31	27	21	36	20	8	5	15	29	61	14	9	44	46	14	35	38	23	30	21	18	11	19	31	14	37	50	51	0	34	17	41	38	44	37	24	19	22	34	12	21	51	13	27	38	27	44	8	15	13	42	7	43	22	34	19	12	42	16	26	52	32	27	18	32	46	26	7	43	29	24	17	22	18	53	14	12	26	31	27	
31	55	40	8	23	51	34	55	13	13	35	31	41	16	12	60	22	29	32	31	26	39	61	31	6	30	42	35	50	37	29	27	36	44	17	49	39	20	54	30	46	45	23	53	33	47	24	15	17	34	0	29	22	12	30	5	33	54	36	45	41	55	18	45	25	35	33	28	36	29	27	20	31	27	54	4	49	47	45	33	22	61	8	36	21	4	11	22	27	11	51	55	21	23	50	19	49	46	24	21	41	
61	28	50	22	7	59	18	49	42	40	29	52	11	13	17	39	26	28	18	52	12	15	35	33	34	32	24	13	31	13	59	25	26	56	45	29	18	42	41	40	17	36	13	29	13	22	43	44	44	17	29	0	45	38	28	33	37	35	8	49	30	29	48	19	11	20	9	50	12	27	5	27	10	27	27	26	37	26	55	30	10	67	31	40	8	28	39	33	14	33	46	42	24	7	24	48	30	24	10	37	13	
28	63	24	29	38	34	39	46	18	27	57	8	55	34	29	63	22	51	38	9	36	58	67	24	16	24	46	44	52	56	25	27	37	25	12	53	59	3	51	17	59	42	33	59	52	55	6	23	29	41	22	45	0	10	52	17	24	55	53	32	40	62	20	54	44	56	52	5	47	27	40	42	41	49	63	26	46	53	27	29	41	43	14	25	37	19	27	15	35	32	42	52	23	41	60	23	52	52	43	10	58	
26	60	32	19	31	43	36	50	10	18	47	19	49	26	21	63	20	41	35	19	31	50	65	27	5	26	45	40	51	48	23	26	36	34	7	52	50	9	53	23	53	43	28	57	44	52	14	15	20	38	12	38	10	0	42	7	28	55	45	39	40	59	14	50	36	46	44	16	42	27	34	31	36	39	59	16	47	50	36	30	33	52	6	30	29	10	17	16	31	21	46	54	21	33	56	16	51	50	35	13	50	
55	55	67	24	29	78	45	74	40	32	5	61	35	23	27	67	44	1	44	61	36	23	62	54	36	52	52	41	59	23	54	47	51	72	46	57	19	50	68	57	40	62	35	57	17	50	54	39	35	44	30	28	52	42	0	35	57	63	28	70	56	56	44	47	17	12	21	58	40	49	31	11	37	3	53	26	64	54	73	53	18	88	38	60	27	33	31	48	38	23	71	69	42	22	50	43	58	52	18	49	29	
28	58	37	13	27	48	35	54	9	13	40	26	45	20	16	62	21	34	34	27	29	44	63	30	1	29	44	38	51	42	25	27	37	40	12	51	44	16	54	27	50	45	26	55	38	50	20	13	16	37	5	33	17	7	35	0	32	55	41	43	41	57	15	48	30	40	38	23	39	29	30	24	34	32	57	9	49	49	42	32	27	58	6	34	25	5	12	20	29	15	50	55	21	27	53	16	51	48	29	18	45	
52	44	13	34	31	22	22	22	38	45	61	25	43	34	30	41	13	56	21	25	25	52	47	3	31	5	26	29	30	50	49	11	16	20	34	32	55	22	26	7	45	17	24	39	49	37	18	43	48	24	33	37	24	28	57	32	0	33	44	13	17	42	42	37	43	55	46	25	32	9	31	50	28	54	45	35	21	32	18	8	40	31	26	3	31	29	44	12	23	45	18	28	15	37	42	45	31	33	41	15	49	
81	17	43	50	35	47	20	24	64	67	64	58	31	43	43	8	34	63	21	57	28	45	16	31	55	31	11	22	4	44	78	29	19	50	63	6	50	53	11	40	28	16	31	10	48	15	50	68	71	19	54	35	55	55	63	55	33	0	36	36	15	14	69	17	46	54	43	58	23	28	32	61	26	62	19	53	13	9	48	26	45	51	50	34	37	51	65	41	27	62	25	11	34	41	18	71	5	11	45	46	39	
68	26	57	29	15	66	24	53	49	46	29	60	6	20	25	39	33	29	24	60	19	9	33	40	41	39	27	17	33	7	66	32	31	63	52	30	13	50	44	48	12	41	20	29	12	22	51	51	51	22	36	8	53	45	28	41	44	36	0	55	35	28	55	19	14	18	7	58	14	34	13	31	15	28	24	33	41	27	63	37	15	74	39	47	16	36	45	41	21	39	51	45	31	13	22	55	31	25	14	45	5	
60	51	10	47	43	11	32	16	49	56	74	29	54	47	43	43	26	69	31	29	37	64	52	16	42	17	33	39	35	62	57	24	24	15	44	38	67	31	26	16	55	20	36	45	62	44	26	54	59	34	45	49	32	39	70	43	13	36	55	0	23	49	52	45	55	67	59	31	42	21	43	63	39	67	52	48	23	39	12	18	53	18	37	9	44	41	55	23	35	57	13	27	28	50	49	55	36	40	54	26	60	
66	28	29	39	27	34	11	18	50	54	59	42	32	34	33	23	20	56	12	42	19	44	29	15	41	15	10	18	13	42	63	14	5	36	48	15	48	37	13	25	32	5	21	22	44	21	34	54	57	12	41	30	40	40	56	41	17	15	35	23	0	26	55	22	39	50	40	42	21	13	25	52	20	54	29	41	8	16	34	10	37	40	36	19	29	37	52	25	17	51	16	14	20	34	26	57	13	17	38	30	39	
85	2	55	49	32	60	23	39	67	67	57	66	22	41	43	12	40	56	24	66	29	36	5	40	58	39	16	19	14	35	82	35	26	62	67	11	41	59	26	50	17	29	31	4	40	7	58	70	72	21	55	29	62	59	56	57	42	14	28	49	26	0	72	10	40	46	35	65	18	35	29	57	24	56	5	53	26	10	60	35	40	65	53	45	34	53	66	47	28	61	39	25	39	36	6	74	13	9	39	52	29	
13	73	44	26	42	54	50	65	5	12	49	26	59	34	30	77	34	43	48	27	43	57	78	41	14	40	59	53	65	56	10	40	50	44	8	66	56	21	67	36	65	58	41	70	50	65	26	5	11	51	18	48	20	14	44	15	42	69	55	52	55	72	0	63	43	52	52	24	54	42	45	33	49	41	72	22	62	64	47	45	40	63	19	43	40	20	13	30	44	21	60	68	35	42	68	3	65	63	42	26	59	
76	9	50	39	22	56	15	38	57	57	48	59	13	31	33	20	31	47	16	58	19	28	16	34	48	33	12	10	15	26	73	27	21	57	58	11	32	51	27	43	11	26	22	10	31	3	50	60	61	13	45	19	54	50	47	48	37	17	19	45	22	10	63	0	30	37	26	57	8	28	18	47	14	46	9	43	25	8	55	29	30	62	44	40	24	43	56	39	18	51	37	27	30	26	5	64	13	6	29	44	21	
55	39	55	17	12	65	28	58	37	33	19	52	20	10	15	50	30	17	27	53	20	14	46	39	31	38	35	24	42	12	54	31	35	60	42	40	14	42	51	44	26	45	19	40	8	33	44	39	37	27	25	11	44	36	17	30	43	46	14	55	39	40	43	30	0	12	8	50	23	34	14	17	20	16	37	21	47	37	60	37	3	74	30	46	11	26	32	36	22	25	55	52	28	5	34	43	41	35	1	39	17	
63	44	67	27	24	77	38	69	47	40	11	64	24	22	27	57	42	13	38	64	31	10	51	51	41	50	44	33	50	11	62	43	46	72	52	48	6	53	61	56	29	56	31	47	6	40	56	47	44	38	35	20	56	46	12	40	55	54	18	67	50	46	52	37	12	0	11	61	31	45	25	20	30	14	42	31	57	44	73	49	15	86	41	58	23	36	39	48	33	31	66	62	40	17	40	51	49	42	13	50	17	
64	33	59	25	15	69	28	58	46	42	22	59	13	18	23	46	35	22	28	60	22	6	40	43	39	41	33	22	39	4	62	35	36	65	50	36	8	49	50	49	18	46	22	36	5	29	51	48	46	27	33	9	52	44	21	38	46	43	7	59	40	35	52	26	8	11	0	57	20	37	15	25	20	21	31	30	47	33	65	40	11	77	38	50	15	34	41	42	24	34	56	51	33	11	29	52	38	31	9	45	8	
30	66	21	34	43	31	42	46	23	33	63	2	60	40	34	66	25	57	41	3	40	63	70	26	22	26	49	48	54	61	27	30	39	21	16	56	64	8	52	17	63	43	38	62	58	58	7	27	34	44	28	50	5	16	58	23	25	58	58	31	42	65	24	57	50	61	57	0	51	30	45	48	45	55	67	32	47	55	24	31	47	40	20	25	42	25	32	18	39	38	42	53	27	46	63	27	55	55	49	13	63	
67	18	46	30	13	53	10	39	49	49	41	52	11	22	24	27	25	40	11	52	11	23	24	29	40	28	13	3	19	21	65	22	18	52	50	17	28	43	30	38	13	26	13	18	25	11	43	52	53	8	36	12	47	42	40	39	32	23	14	42	21	18	54	8	23	31	20	51	0	23	10	39	5	39	17	34	27	14	51	25	22	61	36	36	16	34	47	33	11	43	37	30	23	18	14	55	18	12	22	37	18	
53	36	23	28	21	31	13	26	37	41	52	31	34	25	23	36	7	48	12	31	15	42	40	6	28	5	19	20	24	40	50	2	9	29	35	26	45	24	25	15	36	16	14	32	40	28	22	41	45	15	29	27	27	27	49	29	9	28	34	21	13	35	42	28	34	45	37	30	23	0	21	43	18	46	37	30	20	25	28	4	31	40	23	13	22	25	40	12	13	40	22	26	8	28	33	44	25	25	32	17	39	
58	28	44	20	3	53	13	43	39	38	33	47	15	12	14	37	20	31	13	47	6	21	34	27	30	26	21	10	28	18	56	19	21	50	41	26	24	37	37	34	19	31	7	28	19	21	38	42	43	13	27	5	40	34	31	30	31	32	13	43	25	29	45	18	14	25	15	45	10	21	0	29	6	30	27	24	32	23	50	24	13	62	27	34	5	25	37	28	8	32	41	37	18	9	24	46	27	21	13	32	18	
44	56	59	15	26	70	42	69	28	21	16	51	37	18	19	66	37	10	41	51	33	29	63	47	26	45	50	39	57	28	43	40	47	63	35	55	26	40	65	48	43	57	31	57	22	50	44	28	24	42	20	27	42	31	11	24	50	61	31	63	52	57	33	47	17	20	25	48	39	43	29	0	35	8	55	16	60	52	64	47	17	80	28	53	24	23	20	40	35	12	65	66	35	20	52	32	56	51	17	40	33	
62	24	42	25	9	50	8	38	43	43	39	47	15	18	19	31	20	37	8	47	5	24	30	25	34	24	15	4	22	22	59	17	16	48	44	20	28	38	31	33	18	26	8	22	24	16	38	46	47	7	31	10	41	36	37	34	28	26	15	39	20	24	49	14	20	30	20	45	5	18	6	35	0	36	23	29	27	17	47	21	19	58	30	32	11	29	42	28	6	38	36	32	18	15	19	50	21	16	19	32	20	
52	54	65	21	27	76	43	72	36	29	8	58	35	21	24	66	41	2	42	58	34	24	61	51	33	50	51	40	58	23	51	44	50	70	43	56	20	47	67	54	40	60	33	56	17	49	51	36	32	43	27	27	49	39	3	32	54	62	28	67	54	56	41	46	16	14	21	55	39	46	30	8	36	0	53	23	62	53	70	50	17	85	35	58	25	30	28	46	37	20	69	67	39	21	50	40	57	51	17	46	30	
85	2	58	48	31	63	24	43	66	66	53	68	18	40	42	17	41	53	25	68	28	32	9	42	57	41	19	19	18	31	82	36	29	65	67	14	37	60	30	51	13	32	31	8	36	8	59	70	70	22	54	27	63	59	53	57	45	19	24	52	29	5	72	9	37	42	31	67	17	37	27	55	23	53	0	52	30	13	63	37	38	69	53	48	33	52	65	49	28	60	43	30	39	34	3	73	17	12	37	53	25	
34	53	43	4	21	54	33	56	16	14	31	34	38	13	10	59	23	25	31	35	25	35	59	32	10	31	42	33	49	33	32	28	36	47	21	48	35	24	54	33	43	46	22	52	29	45	28	18	18	34	4	26	26	16	26	9	35	53	33	48	41	53	22	43	21	31	30	32	34	30	24	16	29	23	52	0	49	46	48	34	18	64	12	38	19	7	12	24	26	10	52	55	22	20	48	22	48	45	20	24	37	
73	29	31	47	35	34	18	13	57	61	66	47	38	42	41	20	27	64	19	46	27	51	29	21	48	21	14	24	12	49	70	21	13	37	55	15	55	43	5	29	37	4	29	22	51	24	40	62	65	19	49	37	46	47	64	49	21	13	41	23	8	26	62	25	47	57	47	47	27	20	32	60	27	62	30	49	0	17	35	17	45	38	43	23	36	45	60	31	25	59	12	6	27	41	28	64	13	19	46	36	45	
77	12	45	42	26	50	14	30	58	60	55	56	22	35	36	13	30	54	15	56	21	36	14	30	49	29	6	13	6	34	74	25	16	52	58	3	41	49	19	39	19	19	24	6	38	6	48	62	64	12	47	26	53	50	54	49	32	9	27	39	16	10	64	8	37	44	33	55	14	25	23	52	17	53	13	46	17	0	50	25	36	56	45	35	29	45	59	38	20	55	30	19	29	32	10	66	5	2	36	43	29	
54	62	5	49	49	7	41	28	45	54	77	22	62	51	46	55	30	72	40	21	43	71	63	22	41	23	44	48	46	68	51	30	34	3	39	49	73	27	38	16	64	31	42	56	67	55	22	50	56	42	45	55	27	36	73	42	18	48	63	12	34	60	47	55	60	73	65	24	51	28	50	64	47	70	63	48	35	50	0	26	57	16	37	15	49	41	53	24	42	57	25	39	32	55	60	50	47	51	59	24	68	
56	36	21	32	25	29	14	22	40	45	56	32	36	29	27	34	11	52	13	31	18	45	39	5	32	5	18	21	23	43	53	6	8	28	38	25	48	26	22	14	37	13	18	31	43	29	24	45	49	16	33	30	29	30	53	32	8	26	37	18	10	35	45	29	37	49	40	31	25	4	24	47	21	50	37	34	17	25	26	0	35	37	26	11	26	29	44	15	16	44	18	23	12	32	34	47	23	25	36	19	42	
53	39	52	14	10	62	26	55	35	31	21	49	21	7	12	49	27	18	25	50	18	17	46	36	28	35	34	23	41	15	51	29	33	57	39	39	17	39	50	41	27	43	17	40	11	33	41	36	35	26	22	10	41	33	18	27	40	45	15	53	37	40	40	30	3	15	11	47	22	31	13	17	19	17	38	18	45	36	57	35	0	71	27	43	8	23	30	33	20	23	52	50	25	4	34	40	40	34	2	35	19	
70	67	21	64	62	9	50	27	62	70	92	38	72	65	61	58	43	87	50	37	55	83	67	34	57	36	50	58	50	80	67	42	42	19	56	54	86	43	40	31	73	36	55	61	80	61	38	66	72	52	61	67	43	52	88	58	31	51	74	18	40	65	63	62	74	86	77	40	61	40	62	80	58	85	69	64	38	56	16	37	71	0	53	27	62	57	70	39	53	73	26	41	46	68	66	67	52	57	72	40	79	
31	54	32	14	25	43	31	48	13	19	43	23	43	20	15	57	16	37	29	23	25	44	59	24	5	23	39	34	46	42	29	21	31	35	13	46	44	12	49	22	47	39	22	51	38	46	16	18	22	32	8	31	14	6	38	6	26	50	39	37	36	53	19	44	30	41	38	20	36	23	27	28	30	35	53	12	43	45	37	26	27	53	0	28	23	5	18	14	25	20	44	50	16	27	50	21	46	44	29	12	44	
53	47	10	38	35	18	25	21	40	47	64	24	47	37	33	42	16	60	24	24	28	56	49	7	33	8	29	32	32	53	50	15	19	17	35	34	58	23	27	7	49	18	28	41	53	40	18	45	50	27	36	40	25	30	60	34	3	34	47	9	19	45	43	40	46	58	50	25	36	13	34	53	32	58	48	38	23	35	15	11	43	27	28	0	35	32	46	14	26	47	17	29	18	41	45	46	33	36	45	17	52	
53	34	44	14	2	54	18	47	34	33	30	44	19	6	9	42	19	27	17	44	9	21	40	28	26	26	26	15	33	19	51	20	24	50	37	31	23	34	41	34	24	34	8	34	18	27	35	37	37	18	21	8	37	29	27	25	31	37	16	44	29	34	40	24	11	23	15	42	16	22	5	24	11	25	33	19	36	29	49	26	8	62	23	35	0	20	31	26	11	26	43	42	17	5	30	41	32	27	10	29	21	
33	53	36	9	22	47	31	51	14	16	38	28	40	16	11	57	18	32	29	28	24	40	58	27	5	26	39	33	47	38	30	23	32	40	16	46	40	17	50	26	45	41	21	51	34	45	21	17	20	32	4	28	19	10	33	5	29	51	36	41	37	53	20	43	26	36	34	25	34	25	25	23	29	30	52	7	45	45	41	29	23	57	5	32	20	0	15	18	24	15	47	51	17	23	48	21	46	44	25	17	41	
24	66	49	16	33	60	45	66	10	1	36	35	50	25	22	72	33	30	44	36	37	46	72	42	13	41	54	46	61	44	23	38	48	51	17	61	44	26	65	39	56	57	34	64	39	58	31	8	5	46	11	39	27	17	31	12	44	65	45	55	52	66	13	56	32	39	41	32	47	40	37	20	42	28	65	12	60	59	53	44	30	70	18	46	31	15	0	32	38	8	62	67	32	32	61	12	61	57	31	29	49	
41	48	19	25	26	30	24	34	26	33	53	19	43	26	22	48	8	48	23	19	23	48	52	10	19	10	31	30	37	46	38	12	22	24	23	38	50	12	37	8	46	27	21	44	44	40	10	31	36	26	22	33	15	16	48	20	12	41	41	23	25	47	30	39	36	48	42	18	33	12	28	40	28	46	49	24	31	38	24	15	33	39	14	14	26	18	32	0	22	33	30	38	10	31	45	33	37	38	35	5	46	
57	28	36	23	9	45	7	35	38	40	41	41	21	17	16	33	14	38	6	41	2	29	33	19	29	18	15	8	23	27	54	11	13	43	39	22	32	32	30	27	24	23	4	26	27	20	32	42	44	7	27	14	35	31	38	29	23	27	21	35	17	28	44	18	22	33	24	39	11	13	8	35	6	37	28	26	25	20	42	16	20	53	25	26	11	24	38	22	0	35	32	31	12	16	24	46	22	19	21	26	26	
32	61	52	12	29	63	42	66	17	9	28	41	44	20	18	69	33	22	41	41	34	38	67	42	16	41	51	42	58	37	31	38	46	55	23	57	37	31	64	42	50	56	31	60	31	54	35	16	12	43	11	33	32	21	23	15	45	62	39	57	51	61	21	51	25	31	34	38	43	40	32	12	38	20	60	10	59	55	57	44	23	73	20	47	26	15	8	33	35	0	62	65	32	26	56	20	58	54	25	32	42	
70	41	22	50	42	22	27	4	56	63	74	41	49	48	45	32	29	70	27	40	34	60	41	20	49	21	25	34	24	58	67	24	20	28	53	28	64	40	14	25	48	10	35	34	60	36	36	61	66	29	51	46	42	46	71	50	18	25	51	13	16	39	60	37	55	66	56	42	37	22	41	65	36	69	43	52	12	30	25	18	52	26	44	17	43	47	62	30	32	62	0	15	30	49	40	63	25	31	53	34	55	
80	28	36	53	40	37	24	14	64	68	71	53	41	48	47	17	34	69	25	53	33	54	26	28	55	28	17	28	12	52	77	28	19	42	61	16	59	50	1	36	38	10	35	21	55	25	46	68	72	24	55	42	52	54	69	55	28	11	45	27	14	25	68	27	52	62	51	53	30	26	37	66	32	67	30	55	6	19	39	23	50	41	50	29	42	51	67	38	31	65	15	0	34	46	29	71	14	21	51	43	48	
47	39	26	20	17	36	15	34	30	33	46	29	33	19	15	41	2	41	14	29	13	39	44	11	21	10	24	20	30	36	44	6	15	32	29	31	41	20	33	16	36	24	11	36	35	31	20	34	37	17	21	24	23	21	42	21	15	34	31	28	20	39	35	30	28	40	33	27	23	8	18	35	18	39	39	22	27	29	32	12	25	46	16	18	17	17	32	10	12	32	30	34	0	23	36	37	30	29	27	14	36	
55	35	49	15	6	59	22	52	36	33	25	48	18	7	12	45	25	22	22	49	14	17	42	33	28	32	30	19	37	15	52	26	29	55	39	35	18	38	46	39	24	39	13	36	12	29	40	38	37	22	23	7	41	33	22	27	37	41	13	50	34	36	42	26	5	17	11	46	18	28	9	20	15	21	34	20	41	32	55	32	4	68	27	41	5	23	32	31	16	26	49	46	23	0	31	42	36	30	4	34	17	
81	4	55	44	27	60	20	41	63	63	51	64	16	36	38	18	37	50	22	64	25	30	11	39	54	38	16	15	16	29	79	33	26	62	64	13	35	56	29	48	11	30	27	8	34	5	55	66	67	18	50	24	60	56	50	53	42	18	22	49	26	6	68	5	34	40	29	63	14	33	24	52	19	50	3	48	28	10	60	34	34	66	50	45	30	48	61	45	24	56	40	29	36	31	0	70	15	9	34	50	23	
12	74	47	26	43	57	52	67	7	11	48	29	60	35	31	78	37	42	50	30	45	57	79	43	16	43	60	54	67	55	11	42	52	48	11	67	56	24	69	39	65	60	42	72	50	66	29	4	8	53	19	48	23	16	43	16	45	71	55	55	57	74	3	64	43	51	52	27	55	44	46	32	50	40	73	22	64	66	50	47	40	67	21	46	41	21	12	33	46	20	63	71	37	42	70	0	67	65	42	29	60	
77	15	42	45	30	47	15	26	60	62	59	55	27	38	39	11	31	58	17	55	24	41	16	29	51	28	6	17	1	39	75	25	15	49	59	2	45	49	14	38	24	16	26	9	43	11	47	64	66	14	49	30	52	51	58	51	31	5	31	36	13	13	65	13	41	49	38	55	18	25	27	56	21	57	17	48	13	5	47	23	40	52	46	33	32	46	61	37	22	58	25	14	30	36	15	67	0	7	40	42	34	
76	11	46	41	25	51	13	32	58	59	53	57	20	34	35	15	30	52	15	56	20	34	15	30	48	30	7	11	8	32	73	25	17	53	58	5	38	49	21	40	17	21	23	7	36	4	48	61	63	12	46	24	52	50	52	48	33	11	25	40	17	9	63	6	35	42	31	55	12	25	21	51	16	51	12	45	19	2	51	25	34	57	44	36	27	44	57	38	19	54	31	21	29	30	9	65	7	0	34	42	27	
55	38	53	16	11	63	27	56	37	33	20	51	20	9	14	49	29	18	26	51	18	15	45	38	30	36	34	23	41	13	53	30	34	59	41	39	15	41	50	43	25	44	18	39	9	32	43	38	37	26	24	10	43	35	18	29	41	45	14	54	38	39	42	29	1	13	9	49	22	32	13	17	19	17	37	20	46	36	59	36	2	72	29	45	10	25	31	35	21	25	53	51	27	4	34	42	40	34	0	37	17	
37	53	19	25	30	30	29	38	23	30	54	15	47	28	23	53	12	48	28	15	27	51	57	15	16	15	36	35	42	49	34	17	27	23	18	43	52	7	41	10	50	32	25	49	46	45	6	28	33	31	21	37	10	13	49	18	15	46	45	26	30	52	26	44	39	50	45	13	37	17	32	40	32	46	53	24	36	43	24	19	35	40	12	17	29	17	29	5	26	32	34	43	14	34	50	29	42	42	37	0	50	
72	27	62	33	20	71	28	58	54	50	28	65	7	25	29	41	39	29	28	65	24	7	34	45	46	44	31	21	36	6	70	37	36	68	57	33	12	55	48	53	12	45	25	30	12	24	56	55	54	27	41	13	58	50	29	45	49	39	5	60	39	29	59	21	17	17	8	63	18	39	18	33	20	30	25	37	45	29	68	42	19	79	44	52	21	41	49	46	26	42	55	48	36	17	23	60	34	27	17	50	0	

