4  100
19	83	29	86	69	3	47	35	96	31	42	4	59	45	61	59	75	86	54	78	86	70	5	63	65	72	39	38	1	5	54	61	18	49	84	42	83	59	52	13	62	4	99	36	55	69	62	91	2	63	93	32	62	72	70	60	76	9	15	90	10	76	55	69	81	17	50	20	75	54	19	60	54	100	84	90	62	42	82	80	22	66	31	54	40	54	39	14	10	89	17	85	28	15	81	30	14	93	33	25	
52	90	72	29	38	45	47	46	60	45	97	16	87	67	83	26	98	6	68	80	28	55	51	30	55	41	91	85	15	11	54	16	65	44	1	75	72	91	51	39	70	38	53	95	39	62	78	82	56	95	80	16	83	72	38	87	34	56	13	81	71	34	52	4	1	73	62	59	4	22	74	57	56	62	58	14	12	79	61	13	72	67	63	82	19	37	15	69	45	36	38	66	61	52	81	55	92	12	74	42	
71	46	12	40	19	32	86	72	29	71	95	58	49	45	71	41	68	75	34	45	14	38	24	93	52	84	8	87	8	73	26	89	2	4	75	82	3	42	79	75	3	23	55	13	26	31	23	62	56	37	65	34	3	95	95	16	4	77	18	71	61	48	68	69	18	60	88	31	92	67	43	28	40	45	35	26	86	6	3	13	96	4	91	11	17	19	38	95	68	5	13	31	2	5	19	54	28	9	94	86	
11	57	48	42	34	75	42	97	50	27	64	69	94	84	10	1	1	1	9	91	84	72	7	46	24	93	62	18	32	74	50	100	24	42	33	29	73	81	99	80	82	30	21	4	47	15	39	85	39	9	28	67	83	9	32	44	60	35	46	39	24	5	28	80	39	28	1	5	31	58	47	83	84	31	55	100	41	60	8	95	60	88	80	93	87	76	35	10	84	36	86	98	84	82	18	86	100	2	19	91	
3880	1461	2006	3302	150	1078	747	1893	2695	706	3137	932	1426	3249	858	1897	451	2939	3920	4081	568	3828	3116	3969	4231	546	1148	1505	4791	1303	1169	417	3477	2318	2425	2125	1049	3575	649	203	2658	4772	3292	4637	2628	2066	2791	3815	2566	3694	2099	2415	4755	897	1050	3527	4514	1354	3113	3865	2724	2136	613	4064	2772	4439	2930	3908	3210	1563	1399	4294	4857	2795	4721	625	4018	4853	3960	4284	453	3254	930	2630	1683	4779	3618	3078	2740	4666	3612	2397	2170	3584	2556	2038	3700	3256	3610	4674	
0	85	34	46	59	26	72	56	58	21	72	62	58	59	53	31	69	52	21	82	72	66	30	13	12	54	28	58	11	78	25	7	69	68	43	42	52	6	63	37	13	41	59	62	56	68	70	50	66	70	47	21	18	61	69	64	72	80	64	60	57	13	70	77	4	11	37	35	49	42	61	72	45	57	68	76	69	62	37	45	42	24	28	75	90	82	56	57	82	85	68	68	55	64	94	61	34	24	80	22	79	
85	0	54	67	30	60	19	40	55	74	18	44	37	26	67	61	22	32	64	3	39	56	70	76	73	33	65	26	75	34	66	78	26	49	48	42	42	79	37	58	72	44	26	42	41	38	19	36	62	31	65	65	67	50	18	54	24	7	43	25	38	74	17	11	82	74	56	50	45	42	59	39	40	33	52	22	31	25	50	69	55	64	68	10	20	4	33	61	16	14	69	64	29	21	19	45	64	61	26	63	23	
34	54	0	22	36	22	38	21	27	20	47	27	23	28	28	7	46	24	20	51	37	35	17	23	23	32	11	32	29	43	12	27	34	35	32	19	37	30	28	8	24	12	28	27	21	52	45	27	37	35	22	24	17	28	37	32	50	49	30	31	22	29	44	49	33	23	5	21	36	15	31	37	19	37	36	41	35	29	25	23	10	26	14	46	55	52	22	28	48	52	41	39	26	37	61	49	11	11	45	21	45	
46	67	22	0	56	43	48	27	16	25	64	25	30	43	7	18	64	42	39	64	35	23	16	33	37	53	18	50	45	43	21	40	41	27	55	41	59	44	31	14	40	33	43	26	26	73	62	48	21	39	2	44	34	20	49	21	68	60	27	48	29	46	61	65	46	37	17	44	58	36	17	35	40	58	26	47	38	43	48	2	13	47	18	61	61	66	34	12	55	59	22	22	43	54	67	71	13	30	48	41	49	
59	30	36	56	0	32	28	34	51	54	13	43	33	17	59	43	10	14	37	27	46	56	53	53	48	4	47	8	48	46	47	53	31	52	18	18	12	52	38	43	46	24	17	41	36	17	11	9	61	38	55	37	42	48	23	53	14	29	44	12	33	47	12	19	55	49	40	23	15	21	56	46	17	4	54	35	37	21	21	57	43	36	50	20	44	26	26	56	36	37	68	64	14	10	46	20	48	38	41	36	39	
26	60	22	43	32	0	49	39	49	27	46	48	40	36	49	25	43	28	6	57	56	56	31	23	17	28	26	33	16	60	24	21	48	56	18	17	26	20	46	29	14	19	36	47	40	42	43	24	59	51	43	5	12	49	46	53	46	56	50	35	39	14	44	51	22	18	26	9	23	19	53	56	20	31	57	55	50	39	11	43	32	5	28	50	68	56	36	50	59	62	63	61	31	39	72	36	30	13	60	4	59	
72	19	38	48	28	49	0	21	36	58	25	25	18	13	48	44	27	21	52	16	22	37	53	61	60	30	49	21	64	19	50	65	7	30	43	32	40	66	18	41	59	31	13	23	22	43	24	29	43	13	46	54	53	31	5	35	31	12	25	17	19	63	21	21	69	60	39	41	42	30	40	22	29	32	34	7	12	10	42	50	37	54	51	16	18	18	16	42	10	13	50	45	18	18	22	48	46	47	13	51	11	
56	40	21	27	34	39	21	0	17	39	39	9	3	18	27	25	40	20	39	37	17	22	33	44	44	33	29	27	50	22	31	48	15	18	41	25	42	51	7	20	44	20	18	8	1	52	38	29	26	14	25	42	38	14	22	19	44	33	11	23	2	49	35	39	54	44	19	34	42	21	22	17	23	37	20	21	14	16	36	29	17	44	32	34	36	39	8	22	29	33	33	29	20	29	41	53	26	31	24	39	25	
58	55	27	16	51	49	36	17	0	38	56	11	19	35	12	27	57	37	47	52	19	8	29	45	48	50	29	44	56	27	32	51	29	11	56	40	58	55	18	21	50	33	35	13	16	69	55	46	10	25	14	51	44	5	38	5	62	48	12	41	19	56	53	55	57	48	23	47	58	35	5	19	38	54	10	34	25	34	50	18	17	53	30	51	46	55	25	6	42	46	16	13	37	47	52	70	24	38	33	48	35	
21	74	20	25	54	27	58	39	38	0	65	43	42	48	32	14	64	43	21	71	54	46	9	8	14	50	9	50	22	61	8	15	54	49	44	36	51	19	46	19	17	30	48	44	39	67	63	45	45	54	26	25	15	41	57	44	68	69	46	50	41	23	63	69	21	13	19	33	49	33	41	54	37	54	48	61	53	50	37	24	23	29	8	66	75	72	42	36	68	72	47	47	45	56	80	63	14	16	64	24	64	
72	18	47	64	13	46	25	39	56	65	0	47	37	21	66	54	4	23	50	17	46	59	64	65	61	18	58	15	62	44	58	66	31	54	31	30	24	66	40	53	59	35	21	44	40	20	2	21	65	37	62	51	55	52	20	57	6	20	47	16	37	60	3	7	68	62	50	36	27	32	61	46	28	16	57	31	36	22	35	66	51	49	61	10	36	14	31	62	29	29	72	68	21	10	37	27	58	50	37	49	34	
62	44	27	25	43	48	25	9	11	43	47	0	10	26	23	30	48	30	47	41	10	12	36	49	50	43	34	36	57	17	36	55	18	8	51	35	51	58	7	24	51	29	26	2	8	61	46	39	18	14	23	51	45	6	27	10	53	37	2	32	10	57	43	45	60	51	25	43	52	31	14	10	33	47	10	23	14	24	46	27	20	53	35	40	35	44	17	17	31	35	25	21	29	37	41	63	29	39	23	48	24	
58	37	23	30	33	40	18	3	19	42	37	10	0	16	30	28	38	19	41	34	16	23	36	46	46	32	32	25	52	20	34	51	12	18	41	26	41	53	6	23	46	21	16	8	4	50	35	29	28	12	28	44	40	15	19	20	42	30	11	22	1	51	33	36	56	47	22	35	42	22	24	16	23	36	21	18	11	14	37	32	20	45	35	31	33	36	6	25	26	30	35	31	19	27	38	52	29	34	21	41	22	
59	26	28	43	17	36	13	18	35	48	21	26	16	0	45	35	21	7	38	23	29	39	44	50	47	17	39	9	50	29	40	52	15	34	30	18	27	53	20	33	46	18	0	24	19	34	19	16	45	20	41	40	41	32	10	37	26	21	27	5	16	49	17	22	56	48	30	27	29	16	40	29	15	21	37	20	19	4	28	45	31	40	42	18	32	24	10	41	23	26	51	47	5	11	36	37	38	35	26	38	24	
53	67	28	7	59	49	48	27	12	32	66	23	30	45	0	24	66	45	46	64	32	17	23	40	44	57	25	52	52	39	28	47	41	23	60	45	63	51	30	19	46	37	45	25	26	76	64	52	14	37	6	50	41	17	49	16	71	60	24	50	29	53	62	66	53	44	23	49	62	40	12	32	44	61	21	46	37	44	53	8	17	53	25	61	58	66	35	7	54	58	15	15	46	56	65	76	19	36	46	47	48	
31	61	7	18	43	25	44	25	27	14	54	30	28	35	24	0	53	31	21	58	40	35	10	19	21	39	4	39	29	47	6	25	40	36	38	25	43	28	32	6	23	19	35	30	25	58	52	34	36	40	18	26	17	29	43	32	57	55	32	38	26	29	51	56	30	21	5	27	42	22	31	40	26	44	36	47	39	36	30	18	10	29	7	53	61	59	28	27	54	57	39	38	33	44	66	55	5	12	50	23	50	
69	22	46	64	10	43	27	40	57	64	4	48	38	21	66	53	0	22	48	21	48	61	63	63	59	15	57	14	59	47	57	63	33	55	28	28	20	63	41	52	57	34	21	46	41	16	3	19	66	39	62	48	53	54	23	58	4	24	49	16	38	57	6	11	66	60	49	34	24	31	62	48	27	12	58	34	39	24	32	66	51	46	60	14	40	18	32	63	32	33	73	69	20	10	41	23	57	48	40	47	38	
52	32	24	42	14	28	21	20	37	43	23	30	19	7	45	31	22	0	31	29	34	42	41	44	41	12	35	8	43	36	35	46	22	38	23	10	21	46	25	30	39	12	7	28	22	32	21	9	47	27	40	33	34	34	17	39	26	28	31	7	19	42	20	25	49	41	27	20	22	10	42	34	7	16	41	27	26	11	20	43	29	33	38	23	39	29	13	42	31	34	53	50	2	13	43	33	35	29	33	31	31	
21	64	20	39	37	6	52	39	47	21	50	47	41	38	46	21	48	31	0	61	56	55	26	17	11	33	21	37	12	61	19	15	50	55	24	21	32	15	46	26	8	21	38	46	40	48	48	29	56	52	39	4	6	48	48	52	51	60	49	39	39	10	49	56	18	12	24	14	29	22	51	56	24	36	56	56	52	42	17	39	30	7	23	54	70	60	38	48	62	65	60	59	34	43	74	42	26	9	61	2	60	
82	3	51	64	27	57	16	37	52	71	17	41	34	23	64	58	21	29	61	0	37	53	67	73	70	31	62	24	73	33	63	75	23	46	46	39	39	76	34	55	69	41	23	39	38	37	18	33	59	28	62	62	64	47	15	51	23	5	41	22	35	71	15	10	79	71	53	48	42	39	56	37	37	31	49	20	28	21	47	66	52	61	65	7	20	3	30	58	14	13	66	61	26	18	20	44	60	58	24	60	22	
72	39	37	35	46	56	22	17	19	54	46	10	16	29	32	40	48	34	56	37	0	17	46	60	60	46	44	38	67	7	47	65	15	10	57	42	56	68	10	35	61	37	29	10	16	63	46	43	23	9	33	60	55	14	26	16	53	32	8	34	17	66	43	43	70	61	35	51	57	38	21	0	39	50	13	17	9	25	53	37	30	61	46	38	27	40	21	25	24	28	30	25	33	38	33	66	39	48	15	57	17	
66	56	35	23	56	56	37	22	8	46	59	12	23	39	17	35	61	42	55	53	17	0	37	53	56	55	37	48	64	24	40	60	30	7	62	46	64	63	19	29	58	39	39	15	20	74	58	51	6	24	21	59	52	8	40	3	65	48	12	45	23	64	56	58	65	56	31	54	64	42	5	17	44	59	4	33	25	37	57	25	25	61	38	53	44	56	29	10	41	45	13	8	42	50	50	75	32	46	32	56	34	
30	70	17	16	53	31	53	33	29	9	64	36	36	44	23	10	63	41	26	67	46	37	0	17	22	49	6	49	30	53	7	24	48	40	46	35	53	28	39	12	25	29	44	36	33	68	62	44	36	47	17	31	20	33	52	35	67	64	38	48	34	31	61	66	30	21	14	35	51	32	32	46	36	53	40	55	47	45	39	15	16	34	3	63	69	68	37	27	62	66	38	38	43	54	74	65	7	18	57	29	58	
13	76	23	33	53	23	61	44	45	8	65	49	46	50	40	19	63	44	17	73	60	53	17	0	7	48	15	51	15	66	13	7	57	55	41	35	49	11	51	25	10	31	50	49	44	65	63	44	53	59	34	20	11	48	59	50	67	71	51	51	45	16	63	70	13	6	24	31	46	34	48	60	37	52	55	65	58	52	34	32	29	23	15	67	79	73	46	44	71	75	55	55	46	57	84	59	21	15	68	19	68	
12	73	23	37	48	17	60	44	48	14	61	50	46	47	44	21	59	41	11	70	60	56	22	7	0	43	19	47	8	66	16	5	57	57	35	31	43	7	51	27	3	29	47	50	44	59	59	39	57	58	38	13	6	50	57	53	62	69	53	48	45	9	59	66	9	1	25	25	40	30	52	60	33	47	58	64	57	50	28	36	31	16	19	64	77	70	44	48	70	73	59	59	43	53	82	53	25	12	68	13	67	
54	33	32	53	4	28	30	33	50	50	18	43	32	17	57	39	15	12	33	31	46	55	49	48	43	0	43	9	44	47	43	48	32	51	14	14	10	48	37	40	41	20	17	41	34	19	15	5	60	38	52	33	38	47	25	52	18	32	44	13	32	42	16	24	50	44	37	18	12	17	55	46	13	4	53	37	37	21	17	55	40	31	46	23	46	30	26	54	38	40	66	62	13	13	49	20	44	34	43	31	41	
28	65	11	18	47	26	49	29	29	9	58	34	32	39	25	4	57	35	21	62	44	37	6	15	19	43	0	43	27	51	3	22	44	39	40	29	46	26	36	9	21	23	39	34	29	62	56	38	38	44	19	26	16	32	47	35	61	60	36	42	31	27	55	61	28	19	10	29	44	26	33	44	30	47	39	51	43	40	33	18	13	29	3	57	65	63	33	29	58	62	40	40	37	48	71	58	6	12	54	23	54	
58	26	32	50	8	33	21	27	44	50	15	36	25	9	52	39	14	8	37	24	38	48	49	51	47	9	43	0	49	38	43	52	24	44	23	16	19	52	30	38	45	20	9	33	28	25	13	9	53	30	48	38	41	41	16	46	18	24	36	4	25	47	12	18	55	48	35	24	21	17	49	38	13	11	46	28	29	13	23	51	37	37	46	17	38	23	19	49	29	31	60	56	6	5	40	28	43	36	34	36	32	
11	75	29	45	48	16	64	50	56	22	62	57	52	50	52	29	59	43	12	73	67	64	30	15	8	44	27	49	0	72	24	8	61	64	32	33	41	5	57	35	6	33	50	57	50	57	60	40	65	64	46	11	12	57	60	61	62	72	59	50	51	2	60	67	7	8	33	25	38	34	60	67	36	47	65	68	63	54	27	45	39	13	27	66	82	72	49	56	74	77	67	67	46	55	86	50	33	18	73	12	72	
78	34	43	43	46	60	19	22	27	61	44	17	20	29	39	47	47	36	61	33	7	24	53	66	66	47	51	38	72	0	53	71	14	17	59	45	57	73	14	41	67	41	29	16	21	62	44	45	30	9	40	64	60	22	24	23	51	28	15	34	21	71	41	40	76	67	41	54	58	41	28	7	42	50	20	12	10	25	56	45	37	65	53	35	20	36	24	32	18	22	37	32	34	37	26	66	46	54	8	61	11	
25	66	12	21	47	24	50	31	32	8	58	36	34	40	28	6	57	35	19	63	47	40	7	13	16	43	3	43	24	53	0	19	46	42	39	29	45	23	39	12	18	23	40	36	31	61	56	38	41	46	22	23	13	35	49	38	61	61	38	43	33	24	55	61	25	16	12	28	43	26	36	47	30	47	42	53	45	42	31	21	16	27	4	58	67	64	34	32	60	64	43	43	38	48	72	57	9	10	56	21	56	
7	78	27	40	53	21	65	48	51	15	66	55	51	52	47	25	63	46	15	75	65	60	24	7	5	48	22	52	8	71	19	0	61	61	39	36	47	4	56	31	7	34	52	55	49	63	64	44	60	63	41	17	11	54	62	57	67	74	57	53	49	10	64	71	6	4	30	30	44	35	55	65	38	51	61	68	62	55	32	39	35	20	22	69	82	75	49	51	74	78	62	62	48	58	87	57	28	17	73	17	72	
69	26	34	41	31	48	7	15	29	54	31	18	12	15	41	40	33	22	50	23	15	30	48	57	57	32	44	24	61	14	46	61	0	23	45	31	42	63	11	35	56	29	15	16	15	48	30	31	36	6	39	52	50	24	10	28	37	19	17	19	13	60	27	28	66	57	34	41	44	28	32	15	28	35	26	7	5	11	42	43	32	53	46	23	21	26	12	35	14	18	43	38	20	23	26	52	41	44	11	50	10	
68	49	35	27	52	56	30	18	11	49	54	8	18	34	23	36	55	38	55	46	10	7	40	55	57	51	39	44	64	17	42	61	23	0	59	44	60	65	14	30	59	37	34	10	17	69	53	47	13	18	25	59	52	7	34	6	60	42	7	40	19	64	50	51	67	57	31	52	60	39	11	10	41	55	3	26	18	31	54	29	26	61	41	47	37	49	25	16	34	38	20	15	38	45	43	71	34	46	25	56	27	
43	48	32	55	18	18	43	41	56	44	31	51	41	30	60	38	28	23	24	46	57	62	46	41	35	14	40	23	32	59	39	39	45	59	0	15	8	37	47	41	32	23	30	49	42	24	29	14	66	50	54	22	30	54	38	59	30	47	52	26	40	31	31	38	40	36	37	11	5	20	61	57	18	15	61	50	49	34	7	56	42	19	43	38	61	44	35	59	52	54	71	69	25	27	63	18	43	28	56	22	54	
42	42	19	41	18	17	32	25	40	36	30	35	26	18	45	25	28	10	21	39	42	46	35	35	31	14	29	16	33	45	29	36	31	44	15	0	18	36	32	27	29	7	18	34	27	32	28	9	50	36	40	22	25	38	28	43	32	38	37	17	25	31	28	34	39	32	23	9	17	5	45	42	3	18	46	37	35	21	11	42	27	22	32	33	50	39	21	44	42	44	56	53	13	21	54	30	31	20	43	20	42	
52	42	37	59	12	26	40	42	58	51	24	51	41	27	63	43	20	21	32	39	56	64	53	49	43	10	46	19	41	57	45	47	42	60	8	18	0	46	47	45	40	26	27	50	43	16	22	12	68	48	58	30	38	56	35	61	22	41	53	23	41	39	24	31	48	44	42	18	3	23	63	56	19	8	62	47	47	31	15	60	46	28	49	32	56	38	35	62	48	49	74	71	23	22	58	12	49	35	53	30	51	
6	79	30	44	52	20	66	51	55	19	66	58	53	53	51	28	63	46	15	76	68	63	28	11	7	48	26	52	5	73	23	4	63	65	37	36	46	0	59	34	7	35	53	57	51	61	63	44	64	65	45	15	13	57	63	60	66	75	60	54	52	7	64	71	2	7	33	29	42	36	59	68	39	51	65	70	65	56	31	43	38	18	26	69	84	76	51	55	76	79	66	66	49	58	89	55	32	19	75	16	74	
63	37	28	31	38	46	18	7	18	46	40	7	6	20	30	32	41	25	46	34	10	19	39	51	51	37	36	30	57	14	39	56	11	14	47	32	47	59	0	27	52	27	20	5	7	55	39	34	25	8	29	50	46	13	20	17	46	30	7	26	7	57	36	38	61	52	27	41	47	28	21	10	29	41	17	16	7	17	43	33	23	51	38	33	29	37	11	24	24	28	32	28	24	31	35	57	32	39	18	47	18	
37	58	8	14	43	29	41	20	21	19	53	24	23	33	19	6	52	30	26	55	35	29	12	25	27	40	9	38	35	41	12	31	35	30	41	27	45	34	27	0	29	19	33	25	20	60	51	35	30	35	13	31	23	23	40	26	56	52	26	37	22	35	50	55	36	27	3	30	44	22	25	35	26	44	30	42	34	33	33	15	4	34	11	51	56	56	25	21	50	54	33	32	32	43	62	57	5	17	45	28	45	
13	72	24	40	46	14	59	44	50	17	59	51	46	46	46	23	57	39	8	69	61	58	25	10	3	41	21	45	6	67	18	7	56	59	32	29	40	7	52	29	0	28	46	51	45	56	57	37	59	59	40	10	6	51	56	55	60	68	54	47	45	6	57	64	9	4	27	23	37	29	54	61	32	44	59	63	58	49	25	39	33	13	22	62	77	69	44	50	69	72	61	61	42	51	82	50	27	13	68	10	67	
41	44	12	33	24	19	31	20	33	30	35	29	21	18	37	19	34	12	21	41	37	39	29	31	29	20	23	20	33	41	23	34	29	37	23	7	26	35	27	19	28	0	18	28	21	40	33	15	43	32	32	23	22	31	28	36	38	40	31	20	20	31	32	38	38	29	16	14	25	3	38	37	7	25	39	35	31	21	17	34	20	24	26	35	49	42	17	36	41	44	48	46	15	25	53	38	23	16	40	21	39	
59	26	28	43	17	36	13	18	35	48	21	26	16	0	45	35	21	7	38	23	29	39	44	50	47	17	39	9	50	29	40	52	15	34	30	18	27	53	20	33	46	18	0	24	19	34	19	16	45	20	41	40	41	32	10	37	26	21	27	5	16	49	17	22	56	48	30	27	29	16	40	29	15	21	37	20	19	4	28	45	31	40	42	18	32	24	10	41	23	26	51	47	5	11	36	37	38	35	26	38	24	
62	42	27	26	41	47	23	8	13	44	44	2	8	24	25	30	46	28	46	39	10	15	36	49	50	41	34	33	57	16	36	55	16	10	49	34	50	57	5	25	51	28	24	0	7	59	43	37	20	12	24	50	45	8	25	12	50	35	3	30	8	56	41	43	60	51	25	42	50	29	16	10	31	45	12	21	12	22	44	29	20	52	36	38	34	42	15	19	29	33	27	23	27	35	40	61	29	38	21	47	23	
56	41	21	26	36	40	22	1	16	39	40	8	4	19	26	25	41	22	40	38	16	20	33	44	44	34	29	28	50	21	31	49	15	17	42	27	43	51	7	20	45	21	19	7	0	53	39	31	25	14	24	43	39	12	23	17	46	34	10	25	3	50	37	40	54	45	19	35	43	22	20	16	24	38	19	22	14	18	37	28	16	45	31	35	36	40	9	21	30	34	32	28	21	30	42	55	25	32	24	40	25	
68	38	52	73	17	42	43	52	69	67	20	61	50	34	76	58	16	32	48	37	63	74	68	65	59	19	62	25	57	62	61	63	48	69	24	32	16	61	55	60	56	40	34	59	53	0	19	24	79	54	72	46	54	66	38	71	14	40	62	29	50	55	22	27	64	60	56	34	19	37	74	63	33	15	72	50	53	38	31	74	59	43	65	30	56	34	44	74	49	49	85	82	31	25	57	9	63	51	56	46	54	
70	19	45	62	11	43	24	38	55	63	2	46	35	19	64	52	3	21	48	18	46	58	62	63	59	15	56	13	60	44	56	64	30	53	29	28	22	63	39	51	57	33	19	43	39	19	0	19	64	36	61	48	53	51	20	56	7	21	46	14	36	58	3	8	66	60	48	34	25	30	60	46	26	14	56	31	36	21	33	64	49	47	59	11	37	15	29	60	29	30	71	67	19	8	38	26	56	48	37	47	34	
50	36	27	48	9	24	29	29	46	45	21	39	29	16	52	34	19	9	29	33	43	51	44	44	39	5	38	9	40	45	38	44	31	47	14	9	12	44	34	35	37	15	16	37	31	24	19	0	56	36	47	29	33	43	24	48	23	33	40	12	28	38	20	27	47	40	31	15	13	12	50	43	8	9	50	36	35	20	14	50	35	28	41	26	47	32	22	50	38	40	62	58	11	14	50	24	39	29	42	27	40	
66	62	37	21	61	59	43	26	10	45	65	18	28	45	14	36	66	47	56	59	23	6	36	53	57	60	38	53	65	30	41	60	36	13	66	50	68	64	25	30	59	43	45	20	25	79	64	56	0	30	19	61	53	12	46	8	71	54	18	50	28	65	61	63	66	57	32	57	68	45	5	23	48	64	10	39	31	42	60	22	26	63	38	59	50	62	34	9	47	51	7	2	47	56	56	80	32	47	38	58	40	
70	31	35	39	38	51	13	14	25	54	37	14	12	20	37	40	39	27	52	28	9	24	47	59	58	38	44	30	64	9	46	63	6	18	50	36	48	65	8	35	59	32	20	12	14	54	36	36	30	0	37	55	52	20	16	23	43	24	13	26	13	63	33	34	68	59	34	45	49	32	28	9	33	41	21	9	1	17	47	41	31	57	46	29	21	31	15	31	17	21	38	33	25	29	27	58	40	46	10	53	10	
47	65	22	2	55	43	46	25	14	26	62	23	28	41	6	18	62	40	39	62	33	21	17	34	38	52	19	48	46	40	22	41	39	25	54	40	58	45	29	13	40	32	41	24	24	72	61	47	19	37	0	44	35	18	47	19	67	58	25	46	27	46	59	63	47	38	17	43	57	35	15	33	39	56	24	45	36	41	47	4	12	47	19	59	58	64	32	10	53	57	21	21	42	52	64	70	13	30	46	41	47	
21	65	24	44	37	5	54	42	51	25	51	51	44	40	50	26	48	33	4	62	60	59	31	20	13	33	26	38	11	64	23	17	52	59	22	22	30	15	50	31	10	23	40	50	43	46	48	29	61	55	44	0	10	52	50	56	51	61	53	40	43	9	49	56	18	14	28	14	27	24	55	60	25	35	60	59	55	44	16	44	34	3	27	55	72	61	40	52	64	67	64	63	36	44	76	40	31	13	64	3	63	
18	67	17	34	42	12	53	38	44	15	55	45	40	41	41	17	53	34	6	64	55	52	20	11	6	38	16	41	12	60	13	11	50	52	30	25	38	13	46	23	6	22	41	45	39	54	53	33	53	52	35	10	0	45	50	49	56	62	47	42	39	12	53	59	15	7	21	20	35	24	48	55	27	41	53	57	51	43	23	34	27	14	17	57	71	64	38	44	63	67	56	55	37	46	76	48	21	6	62	8	61	
61	50	28	20	48	49	31	14	5	41	52	6	15	32	17	29	54	34	48	47	14	8	33	48	50	47	32	41	57	22	35	54	24	7	54	38	56	57	13	23	51	31	32	8	12	66	51	43	12	20	18	52	45	0	33	5	58	43	7	37	15	57	49	51	59	50	24	46	56	34	8	14	36	51	8	29	20	30	49	23	18	54	33	46	41	50	22	11	37	41	19	15	34	43	47	67	26	39	28	49	30	
69	18	37	49	23	46	5	22	38	57	20	27	19	10	49	43	23	17	48	15	26	40	52	59	57	25	47	16	60	24	49	62	10	34	38	28	35	63	20	40	56	28	10	25	23	38	20	24	46	16	47	50	50	33	0	38	27	12	27	12	20	59	17	17	66	58	38	37	37	26	42	26	25	27	37	12	16	7	38	51	37	50	50	13	22	17	15	44	13	16	53	48	14	13	26	43	45	44	18	48	16	
64	54	32	21	53	53	35	19	5	44	57	10	20	37	16	32	58	39	52	51	16	3	35	50	53	52	35	46	61	23	38	57	28	6	59	43	61	60	17	26	55	36	37	12	17	71	56	48	8	23	19	56	49	5	38	0	63	47	10	42	20	61	53	55	63	53	28	50	61	38	5	16	41	56	5	32	23	34	53	23	22	58	36	51	43	54	26	9	40	44	15	10	39	48	49	72	29	43	31	53	33	
72	24	50	68	14	46	31	44	62	68	6	53	42	26	71	57	4	26	51	23	53	65	67	67	62	18	61	18	62	51	61	67	37	60	30	32	22	66	46	56	60	38	26	50	46	14	7	23	71	43	67	51	56	58	27	63	0	26	53	21	43	60	10	13	69	63	53	37	25	35	66	53	31	15	63	38	43	28	34	70	55	49	64	16	42	20	36	67	36	35	78	74	25	15	43	22	61	52	44	49	41	
80	7	49	60	29	56	12	33	48	69	20	37	30	21	60	55	24	28	60	5	32	48	64	71	69	32	60	24	72	28	61	74	19	42	47	38	41	75	30	52	68	40	21	35	34	40	21	33	54	24	58	61	62	43	12	47	26	0	36	21	31	70	18	13	77	69	50	47	44	38	51	32	36	32	45	15	23	19	47	62	49	61	62	10	16	8	27	54	10	9	62	57	25	19	17	47	57	56	19	59	17	
64	43	30	27	44	50	25	11	12	46	47	2	11	27	24	32	49	31	49	41	8	12	38	51	53	44	36	36	59	15	38	57	17	7	52	37	53	60	7	26	54	31	27	3	10	62	46	40	18	13	25	53	47	7	27	10	53	36	0	33	12	59	43	45	62	53	27	45	53	32	15	8	34	48	9	22	13	24	48	29	22	55	38	40	34	43	18	18	30	34	25	21	30	38	40	64	31	41	21	50	23	
60	25	31	48	12	35	17	23	41	50	16	32	22	5	50	38	16	7	39	22	34	45	48	51	48	13	42	4	50	34	43	53	19	40	26	17	23	54	26	37	47	20	5	30	25	29	14	12	50	26	46	40	42	37	12	42	21	21	33	0	22	49	13	18	57	49	34	26	25	17	46	34	15	15	43	24	25	8	26	50	35	39	45	15	34	21	15	46	25	28	57	53	5	6	37	32	42	36	30	38	28	
57	38	22	29	33	39	19	2	19	41	37	10	1	16	29	26	38	19	39	35	17	23	34	45	45	32	31	25	51	21	33	49	13	19	40	25	41	52	7	22	45	20	16	8	3	50	36	28	28	13	27	43	39	15	20	20	43	31	12	22	0	50	34	37	55	45	21	34	41	21	23	17	22	36	21	20	12	14	36	31	18	44	33	32	34	37	6	24	27	31	35	31	19	27	39	52	27	32	23	40	23	
13	74	29	46	47	14	63	49	56	23	60	57	51	49	53	29	57	42	10	71	66	64	31	16	9	42	27	47	2	71	24	10	60	64	31	31	39	7	57	35	6	31	49	56	50	55	58	38	65	63	46	9	12	57	59	61	60	70	59	49	50	0	59	66	9	10	33	23	36	32	60	66	34	45	65	67	62	52	25	45	39	11	28	64	81	71	48	56	73	76	67	67	45	53	85	48	33	18	72	11	71	
70	17	44	61	12	44	21	35	53	63	3	43	33	17	62	51	6	20	49	15	43	56	61	63	59	16	55	12	60	41	55	64	27	50	31	28	24	64	36	50	57	32	17	41	37	22	3	20	61	33	59	49	53	49	17	53	10	18	43	13	34	59	0	7	67	60	47	35	27	29	57	43	26	16	53	28	33	19	34	62	48	48	58	8	34	13	27	58	26	27	68	64	18	7	35	29	55	48	34	48	31	
77	11	49	65	19	51	21	39	55	69	7	45	36	22	66	56	11	25	56	10	43	58	66	70	66	24	61	18	67	40	61	71	28	51	38	34	31	71	38	55	64	38	22	43	40	27	8	27	63	34	63	56	59	51	17	55	13	13	45	18	37	66	7	0	74	67	52	42	34	36	60	43	32	23	55	27	33	22	41	67	53	55	63	5	30	7	31	61	23	23	71	66	23	13	30	34	60	54	32	54	30	
4	82	33	46	55	22	69	54	57	21	68	60	56	56	53	30	66	49	18	79	70	65	30	13	9	50	28	55	7	76	25	6	66	67	40	39	48	2	61	36	9	38	56	60	54	64	66	47	66	68	47	18	15	59	66	63	69	77	62	57	55	9	67	74	0	9	35	32	45	39	61	70	42	53	67	73	67	59	34	45	41	20	28	72	87	78	54	57	79	82	68	68	52	61	92	57	34	22	77	19	77	
11	74	23	37	49	18	60	44	48	13	62	51	47	48	44	21	60	41	12	71	61	56	21	6	1	44	19	48	8	67	16	4	57	57	36	32	44	7	52	27	4	29	48	51	45	60	60	40	57	59	38	14	7	50	58	53	63	69	53	49	45	10	60	67	9	0	26	26	41	31	52	61	34	48	58	64	58	50	29	36	31	17	19	65	78	71	45	48	70	74	59	59	44	54	83	54	25	13	68	14	68	
37	56	5	17	40	26	39	19	23	19	50	25	22	30	23	5	49	27	24	53	35	31	14	24	25	37	10	35	33	41	12	30	34	31	37	23	42	33	27	3	27	16	30	25	19	56	48	31	32	34	17	28	21	24	38	28	53	50	27	34	21	33	47	52	35	26	0	26	40	19	27	35	23	41	32	41	33	31	30	18	6	31	12	48	55	54	23	24	48	52	36	34	29	40	61	54	8	15	44	25	44	
35	50	21	44	23	9	41	34	47	33	36	43	35	27	49	27	34	20	14	48	51	54	35	31	25	18	29	24	25	54	28	30	41	52	11	9	18	29	41	30	23	14	27	42	35	34	34	15	57	45	43	14	20	46	37	50	37	47	45	26	34	23	35	42	32	26	26	0	15	13	51	51	12	21	53	47	44	31	3	45	32	13	32	41	59	47	30	49	51	54	62	59	22	29	63	29	32	17	52	13	51	
49	45	36	58	15	23	42	42	58	49	27	52	42	29	62	42	24	22	29	42	57	64	51	46	40	12	44	21	38	58	43	44	44	60	5	17	3	42	47	44	37	25	29	50	43	19	25	13	68	49	57	27	35	56	37	61	25	44	53	25	41	36	27	34	45	41	40	15	0	22	63	57	19	11	63	49	48	33	12	59	45	24	47	35	59	41	36	61	50	52	74	71	24	25	61	13	47	33	55	27	53	
42	42	15	36	21	19	30	21	35	33	32	31	22	16	40	22	31	10	22	39	38	42	32	34	30	17	26	17	34	41	26	35	28	39	20	5	23	36	28	22	29	3	16	29	22	37	30	12	45	32	35	24	24	34	26	38	35	38	32	17	21	32	29	36	39	31	19	13	22	0	40	38	4	22	41	35	31	20	15	37	23	24	29	33	48	39	17	39	40	43	51	48	13	23	52	35	26	18	40	21	39	
61	59	31	17	56	53	40	22	5	41	61	14	24	40	12	31	62	42	51	56	21	5	32	48	52	55	33	49	60	28	36	55	32	11	61	45	63	59	21	25	54	38	40	16	20	74	60	50	5	28	15	55	48	8	42	5	66	51	15	46	23	60	57	60	61	52	27	51	63	40	0	21	43	59	9	37	28	38	55	19	21	58	33	55	48	58	30	5	45	49	11	8	42	51	54	75	27	42	36	52	38	
72	39	37	35	46	56	22	17	19	54	46	10	16	29	32	40	48	34	56	37	0	17	46	60	60	46	44	38	67	7	47	65	15	10	57	42	56	68	10	35	61	37	29	10	16	63	46	43	23	9	33	60	55	14	26	16	53	32	8	34	17	66	43	43	70	61	35	51	57	38	21	0	39	50	13	17	9	25	53	37	30	61	46	38	27	40	21	25	24	28	30	25	33	38	33	66	39	48	15	57	17	
45	40	19	40	17	20	29	23	38	37	28	33	23	15	44	26	27	7	24	37	39	44	36	37	33	13	30	13	36	42	30	38	28	41	18	3	19	39	29	26	32	7	15	31	24	33	26	8	48	33	39	25	27	36	25	41	31	36	34	15	22	34	26	32	42	34	23	12	19	4	43	39	0	18	43	34	32	18	14	41	26	25	33	30	47	36	18	42	38	41	54	51	10	19	51	31	31	22	40	23	38	
57	33	37	58	4	31	32	37	54	54	16	47	36	21	61	44	12	16	36	31	50	59	53	52	47	4	47	11	47	50	47	51	35	55	15	18	8	51	41	44	44	25	21	45	38	15	14	9	64	41	56	35	41	51	27	56	15	32	48	15	36	45	16	23	53	48	41	21	11	22	59	50	18	0	57	39	40	24	19	59	44	34	50	23	48	29	30	59	40	41	70	67	17	14	50	16	49	38	45	34	43	
68	52	36	26	54	57	34	20	10	48	57	10	21	37	21	36	58	41	56	49	13	4	40	55	58	53	39	46	65	20	42	61	26	3	61	46	62	65	17	30	59	39	37	12	19	72	56	50	10	21	24	60	53	8	37	5	63	45	9	43	21	65	53	55	67	58	32	53	63	41	9	13	43	57	0	29	21	34	56	28	26	62	40	50	40	52	27	14	37	41	17	12	40	48	46	74	34	47	28	57	30	
76	22	41	47	35	55	7	21	34	61	31	23	18	20	46	47	34	27	56	20	17	33	55	65	64	37	51	28	68	12	53	68	7	26	50	37	47	70	16	42	63	35	20	21	22	50	31	36	39	9	45	59	57	29	12	32	38	15	22	24	20	67	28	27	73	64	41	47	49	35	37	17	34	39	29	0	9	16	48	50	38	60	53	22	14	23	19	40	8	12	46	41	25	25	19	55	48	51	6	56	4	
69	31	35	38	37	50	12	14	25	53	36	14	11	19	37	39	39	26	52	28	9	25	47	58	57	37	43	29	63	10	45	62	5	18	49	35	47	65	7	34	58	31	19	12	14	53	36	35	31	1	36	55	51	20	16	23	43	23	13	25	12	62	33	33	67	58	33	44	48	31	28	9	32	40	21	9	0	16	46	41	30	56	46	28	22	31	14	31	17	21	38	33	24	28	28	57	40	45	10	52	11	
62	25	29	43	21	39	10	16	34	50	22	24	14	4	44	36	24	11	42	21	25	37	45	52	50	21	40	13	54	25	42	55	11	31	34	21	31	56	17	33	49	21	4	22	18	38	21	20	42	17	41	44	43	30	7	34	28	19	24	8	14	52	19	22	59	50	31	31	33	20	38	25	18	24	34	16	16	0	32	45	31	44	43	18	28	23	9	39	20	23	49	45	9	13	32	41	39	37	22	41	20	
37	50	25	48	21	11	42	36	50	37	35	46	37	28	53	30	32	20	17	47	53	57	39	34	28	17	33	23	27	56	31	32	42	54	7	11	15	31	43	33	25	17	28	44	37	31	33	14	60	47	47	16	23	49	38	53	34	47	48	26	36	25	34	41	34	29	30	3	12	15	55	53	14	19	56	48	46	32	0	48	35	14	35	40	60	46	32	53	52	54	65	63	23	29	63	25	36	21	54	15	52	
45	69	23	2	57	43	50	29	18	24	66	27	32	45	8	18	66	43	39	66	37	25	15	32	36	55	18	51	45	45	21	39	43	29	56	42	60	43	33	15	39	34	45	29	28	74	64	50	22	41	4	44	34	23	51	23	70	62	29	50	31	45	62	67	45	36	18	45	59	37	19	37	41	59	28	50	41	45	48	0	14	47	17	63	63	68	36	14	57	62	23	24	45	56	69	72	13	30	51	41	52	
42	55	10	13	43	32	37	17	17	23	51	20	20	31	17	10	51	29	30	52	30	25	16	29	31	40	13	37	39	37	16	35	32	26	42	27	46	38	23	4	33	20	31	20	16	59	49	35	26	31	12	34	27	18	37	22	55	49	22	35	18	39	48	53	41	31	6	32	45	23	21	30	26	44	26	38	30	31	35	14	0	37	15	49	53	54	22	18	46	50	30	28	30	41	58	58	9	21	41	31	41	
24	64	26	47	36	5	54	44	53	29	49	53	45	40	53	29	46	33	7	61	61	61	34	23	16	31	29	37	13	65	27	20	53	61	19	22	28	18	51	34	13	24	40	52	45	43	47	28	63	57	47	3	14	54	50	58	49	61	55	39	44	11	48	55	20	17	31	13	24	24	58	61	25	34	62	60	56	44	14	47	37	0	31	54	72	60	41	55	64	67	67	66	36	43	76	37	34	17	65	5	64	
28	68	14	18	50	28	51	32	30	8	61	35	35	42	25	7	60	38	23	65	46	38	3	15	19	46	3	46	27	53	4	22	46	41	43	32	49	26	38	11	22	26	42	36	31	65	59	41	38	46	19	27	17	33	50	36	64	62	38	45	33	28	58	63	28	19	12	32	47	29	33	46	33	50	40	53	46	43	35	17	15	31	0	60	68	66	35	29	61	65	40	40	40	51	73	61	6	15	56	25	57	
75	10	46	61	20	50	16	34	51	66	10	40	31	18	61	53	14	23	54	7	38	53	63	67	64	23	57	17	66	35	58	69	23	47	38	33	32	69	33	51	62	35	18	38	35	30	11	26	59	29	59	55	57	46	13	51	16	10	40	15	32	64	8	5	72	65	48	41	35	33	55	38	30	23	50	22	28	18	40	63	49	54	60	0	26	6	27	57	19	19	66	61	20	11	27	37	56	52	28	53	25	
90	20	55	61	44	68	18	36	46	75	36	35	33	32	58	61	40	39	70	20	27	44	69	79	77	46	65	38	82	20	67	82	21	37	61	50	56	84	29	56	77	49	32	34	36	56	37	47	50	21	58	72	71	41	22	43	42	16	34	34	34	81	34	30	87	78	55	59	59	48	48	27	47	48	40	14	22	28	60	63	53	72	68	26	0	23	33	52	8	7	57	52	37	34	6	63	62	65	12	70	11	
82	4	52	66	26	56	18	39	55	72	14	44	36	24	66	59	18	29	60	3	40	56	68	73	70	30	63	23	72	36	64	75	26	49	44	39	38	76	37	56	69	42	24	42	40	34	15	32	62	31	64	61	64	50	17	54	20	8	43	21	37	71	13	7	78	71	54	47	41	39	58	40	36	29	52	23	31	23	46	68	54	60	66	6	23	0	32	61	18	17	69	64	26	17	23	41	62	58	28	59	25	
56	33	22	34	26	36	16	8	25	42	31	17	6	10	35	28	32	13	38	30	21	29	37	46	44	26	33	19	49	24	34	49	12	25	35	21	35	51	11	25	44	17	10	15	9	44	29	22	34	15	32	40	38	22	15	26	36	27	18	15	6	48	27	31	54	45	23	30	36	17	30	21	18	30	27	19	14	9	32	36	22	41	35	27	33	32	0	30	25	29	41	37	12	21	38	46	30	32	23	38	23	
57	61	28	12	56	50	42	22	6	36	62	17	25	41	7	27	63	42	48	58	25	10	27	44	48	54	29	49	56	32	32	51	35	16	59	44	62	55	24	21	50	36	41	19	21	74	60	50	9	31	10	52	44	11	44	9	67	54	18	46	24	56	58	61	57	48	24	49	61	39	5	25	42	59	14	40	31	39	53	14	18	55	29	57	52	61	30	0	48	52	12	11	42	52	58	74	23	38	39	49	41	
82	16	48	55	36	59	10	29	42	68	29	31	26	23	54	54	32	31	62	14	24	41	62	71	70	38	58	29	74	18	60	74	14	34	52	42	48	76	24	50	69	41	23	29	30	49	29	38	47	17	53	64	63	37	13	40	36	10	30	25	27	73	26	23	79	70	48	51	50	40	45	24	38	40	37	8	17	20	52	57	46	64	61	19	8	18	25	48	0	4	54	49	28	26	12	55	55	57	10	61	7	
85	14	52	59	37	62	13	33	46	72	29	35	30	26	58	57	33	34	65	13	28	45	66	75	73	40	62	31	77	22	64	78	18	38	54	44	49	79	28	54	72	44	26	33	34	49	30	40	51	21	57	67	67	41	16	44	35	9	34	28	31	76	27	23	82	74	52	54	52	43	49	28	41	41	41	12	21	23	54	62	50	67	65	19	7	17	29	52	4	0	58	53	31	27	9	56	59	60	13	65	11	
68	69	41	22	68	63	50	33	16	47	72	25	35	51	15	39	73	53	60	66	30	13	38	55	59	66	40	60	67	37	43	62	43	20	71	56	74	66	32	33	61	48	51	27	32	85	71	62	7	38	21	64	56	19	53	15	78	62	25	57	35	67	68	71	68	59	36	62	74	51	11	30	54	70	17	46	38	49	65	23	30	67	40	66	57	69	41	12	54	58	0	5	54	62	63	86	34	50	45	61	47	
68	64	39	22	64	61	45	29	13	47	68	21	31	47	15	38	69	50	59	61	25	8	38	55	59	62	40	56	67	32	43	62	38	15	69	53	71	66	28	32	61	46	47	23	28	82	67	58	2	33	21	63	55	15	48	10	74	57	21	53	31	67	64	66	68	59	34	59	71	48	8	25	51	67	12	41	33	45	63	24	28	66	40	61	52	64	37	11	49	53	5	0	50	58	58	82	34	49	40	60	42	
55	29	26	43	14	31	18	20	37	45	21	29	19	5	46	33	20	2	34	26	33	42	43	46	43	13	37	6	46	34	38	48	20	38	25	13	23	49	24	32	42	15	5	27	21	31	19	11	47	25	42	36	37	34	14	39	25	25	30	5	19	45	18	23	52	44	29	22	24	13	42	33	10	17	40	25	24	9	23	45	30	36	40	20	37	26	12	42	28	31	54	50	0	11	40	33	37	31	31	33	29	
64	21	37	54	10	39	18	29	47	56	10	37	27	11	56	44	10	13	43	18	38	50	54	57	53	13	48	5	55	37	48	58	23	45	27	21	22	58	31	43	51	25	11	35	30	25	8	14	56	29	52	44	46	43	13	48	15	19	38	6	27	53	7	13	61	54	40	29	25	23	51	38	19	14	48	25	28	13	29	56	41	43	51	11	34	17	21	52	26	27	62	58	11	0	36	29	48	41	32	42	29	
94	19	61	67	46	72	22	41	52	80	37	41	38	36	65	66	41	43	74	20	33	50	74	84	82	49	71	40	86	26	72	87	26	43	63	54	58	89	35	62	82	53	36	40	42	57	38	50	56	27	64	76	76	47	26	49	43	17	40	37	39	85	35	30	92	83	61	63	61	52	54	33	51	50	46	19	28	32	63	69	58	76	73	27	6	23	38	58	12	9	63	58	40	36	0	64	67	70	18	74	17	
61	45	49	71	20	36	48	53	70	63	27	63	52	37	76	55	23	33	42	44	66	75	65	59	53	20	58	28	50	66	57	57	52	71	18	30	12	55	57	57	50	38	37	61	55	9	26	24	80	58	70	40	48	67	43	72	22	47	64	32	52	48	29	34	57	54	54	29	13	35	75	66	31	16	74	55	57	41	25	72	58	37	61	37	63	41	46	74	55	56	86	82	33	29	64	0	61	47	61	40	59	
34	64	11	13	48	30	46	26	24	14	58	29	29	38	19	5	57	35	26	60	39	32	7	21	25	44	6	43	33	46	9	28	41	34	43	31	49	32	32	5	27	23	38	29	25	63	56	39	32	40	13	31	21	26	45	29	61	57	31	42	27	33	55	60	34	25	8	32	47	26	27	39	31	49	34	48	40	39	36	13	9	34	6	56	62	62	30	23	55	59	34	34	37	48	67	61	0	17	50	28	51	
24	61	11	30	38	13	47	31	38	16	50	39	34	35	36	12	48	29	9	58	48	46	18	15	12	34	12	36	18	54	10	17	44	46	28	20	35	19	39	17	13	16	35	38	32	51	48	29	47	46	30	13	6	39	44	43	52	56	41	36	32	18	48	54	22	13	15	17	33	18	42	48	22	38	47	51	45	37	21	30	21	17	15	52	65	58	32	38	57	60	50	49	31	41	70	47	17	0	55	11	55	
80	26	45	48	41	60	13	24	33	64	37	23	21	26	46	50	40	33	61	24	15	32	57	68	68	43	54	34	73	8	56	73	11	25	56	43	53	75	18	45	68	40	26	21	24	56	37	42	38	10	46	64	62	28	18	31	44	19	21	30	23	72	34	32	77	68	44	52	55	40	36	15	40	45	28	6	10	22	54	51	41	65	56	28	12	28	23	39	10	13	45	40	31	32	18	61	50	55	0	61	2	
22	63	21	41	36	4	51	39	48	24	49	48	41	38	47	23	47	31	2	60	57	56	29	19	13	31	23	36	12	61	21	17	50	56	22	20	30	16	47	28	10	21	38	47	40	46	47	27	58	53	41	3	8	49	48	53	49	59	50	38	40	11	48	54	19	14	25	13	27	21	52	57	23	34	57	56	52	41	15	41	31	5	25	53	70	59	38	49	61	65	61	60	33	42	74	40	28	11	61	0	60	
79	23	45	49	39	59	11	25	35	64	34	24	22	24	48	50	38	31	60	22	17	34	58	68	67	41	54	32	72	11	56	72	10	27	54	42	51	74	18	45	67	39	24	23	25	54	34	40	40	10	47	63	61	30	16	33	41	17	23	28	23	71	31	30	77	68	44	51	53	39	38	17	38	43	30	4	11	20	52	52	41	64	57	25	11	25	23	41	7	11	47	42	29	29	17	59	51	55	2	60	0	

