4  150
20	79	45	26	73	42	12	10	23	18	10	13	89	79	2	63	4	22	45	4	24	77	13	62	85	35	91	58	36	60	95	76	94	43	72	59	22	81	30	41	85	22	61	95	81	68	88	92	18	84	21	56	16	85	41	18	6	57	98	41	17	5	43	28	17	53	82	79	94	100	70	23	48	70	31	64	81	37	25	92	53	90	51	96	95	90	1	8	40	2	50	44	67	61	13	48	24	28	41	17	22	23	87	15	52	70	20	43	38	62	15	80	77	59	97	66	53	42	68	33	8	29	93	57	42	79	77	47	16	92	5	32	56	25	76	60	1	34	20	86	19	68	100	55	23	18	8	40	97	45	
56	70	99	3	63	95	17	63	49	11	60	72	18	9	60	36	72	74	65	77	11	75	5	37	65	91	90	94	26	18	50	55	22	79	65	88	87	6	82	70	80	3	86	95	18	65	15	41	52	55	81	16	66	19	93	3	31	43	43	18	84	30	50	81	63	94	24	54	82	60	40	10	67	66	92	96	33	41	17	74	31	76	48	72	46	54	95	53	65	42	12	23	4	32	52	87	15	29	61	74	55	62	12	47	43	21	42	10	79	8	80	24	68	92	36	68	6	47	40	25	71	97	93	48	98	9	25	87	56	76	26	23	6	39	35	98	84	67	64	75	67	67	29	35	61	31	75	33	88	91	
73	15	95	96	48	33	73	74	55	51	4	4	34	80	22	49	61	31	6	80	52	33	95	43	8	1	49	4	65	96	27	9	52	67	23	5	4	20	20	70	43	1	19	62	65	26	85	80	56	70	65	15	68	30	53	93	77	72	10	97	70	90	49	49	53	81	82	69	54	58	27	64	5	11	1	75	68	46	63	43	4	91	60	6	35	14	21	1	9	48	65	76	18	53	69	91	66	9	40	9	55	94	68	55	73	11	88	49	54	29	19	83	4	23	27	64	46	36	71	76	95	85	74	83	5	22	93	39	99	58	5	26	33	83	11	69	96	81	63	64	1	66	4	68	69	47	46	79	57	50	
64	61	40	91	39	40	92	43	18	29	73	86	25	98	77	81	12	60	37	56	47	82	53	50	60	98	30	99	35	17	90	14	53	21	65	26	1	47	5	59	31	24	26	4	92	82	41	45	18	8	75	23	2	42	19	79	19	98	32	68	54	24	35	89	81	54	8	5	43	82	36	20	11	12	11	78	33	13	48	40	69	25	5	24	30	59	73	54	6	23	36	95	5	24	44	38	80	84	21	95	88	99	42	78	27	14	98	25	21	2	83	29	93	49	37	52	75	29	57	78	34	57	19	75	27	20	37	28	77	62	72	16	99	34	48	89	38	76	70	18	67	42	99	81	9	46	97	54	22	25	
5684	4343	657	712	5554	4137	170	6726	7400	2223	6340	5163	3402	3211	6027	7307	3152	736	6961	5421	2116	5957	1617	114	1042	5171	2163	723	2034	2310	7040	7303	170	330	1832	1490	675	2766	3988	6991	6029	1197	743	1069	3015	113	5859	6041	5854	228	2578	555	6611	6598	5867	2030	779	4987	3884	4747	6289	2611	4307	5737	5409	2200	5047	4134	3488	5523	3234	4975	7324	4702	3569	2514	5353	5330	5792	3847	5768	2448	6902	841	6143	5551	5299	3335	2827	3881	5239	4354	3090	5440	1341	5175	6719	3705	1108	838	2015	5490	5625	1749	2482	3754	6379	6873	5251	6414	328	4181	1835	4992	6664	3246	4222	1602	5417	4288	829	438	4892	5416	6482	327	1607	4534	1760	6279	2475	794	348	7160	6999	4207	2493	4504	7487	6166	6159	2325	1895	1422	5335	5685	2795	6833	5521	4948	
0	80	45	19	27	66	34	26	74	78	47	20	62	89	69	61	42	64	61	54	56	62	48	50	61	52	62	24	60	33	50	42	75	1	64	87	50	81	50	54	50	57	60	59	62	10	67	35	34	83	65	76	77	34	50	23	69	50	10	89	71	65	44	81	46	57	80	47	51	91	45	82	38	59	63	85	58	51	42	40	73	14	62	90	94	43	69	68	43	58	68	39	33	55	70	68	71	74	57	36	44	47	84	72	16	38	41	89	80	31	89	68	55	26	24	65	62	43	46	44	75	56	73	63	64	74	60	57	62	63	27	82	46	33	68	22	74	58	56	63	53	62	58	48	62	59	53	48	70	63	68	
80	0	37	66	62	65	59	55	46	39	59	68	30	29	70	33	39	17	44	61	34	26	50	34	37	35	39	57	45	47	38	60	13	79	17	25	30	30	58	32	33	35	19	41	37	72	16	46	58	32	64	44	3	53	45	64	58	54	71	14	61	24	51	31	37	32	25	44	44	21	39	27	43	22	31	17	60	36	50	65	22	66	64	27	21	41	30	34	64	47	15	62	62	26	55	40	35	24	24	46	43	47	18	21	65	54	49	25	36	49	17	50	39	54	60	49	36	37	64	40	11	62	12	17	29	28	20	26	56	37	55	31	33	59	24	61	29	25	25	56	27	40	34	41	19	21	29	35	29	18	48	
45	37	0	29	24	42	23	19	37	37	27	30	18	44	47	18	15	26	25	33	31	17	19	24	21	9	23	27	25	13	27	26	37	44	20	42	9	37	27	26	5	15	19	21	39	36	22	21	22	39	41	37	34	16	35	26	39	24	35	44	42	33	17	37	21	30	35	12	15	46	4	38	17	15	19	40	34	8	15	30	39	31	39	45	48	4	40	42	30	24	23	26	26	21	38	29	29	29	13	22	8	15	39	27	29	18	32	44	38	13	44	34	34	24	31	31	39	6	31	5	36	34	28	25	35	29	21	24	34	23	26	38	9	22	23	31	30	13	11	34	13	41	15	29	23	17	21	22	26	26	32	
19	66	29	0	7	47	14	11	55	59	28	2	43	71	50	42	32	52	41	35	49	45	28	43	42	34	43	22	41	21	43	23	63	18	49	69	36	63	30	46	34	38	47	40	57	9	51	29	14	64	46	56	63	14	47	3	49	30	11	73	51	57	24	62	38	50	62	28	31	75	28	64	29	44	45	68	39	33	22	21	64	12	43	72	77	26	62	62	24	38	52	20	14	45	50	49	52	56	42	30	26	28	67	55	5	18	39	71	61	18	73	49	50	21	24	45	57	29	27	27	63	37	57	51	57	55	48	48	42	44	24	63	33	13	51	23	55	42	40	43	40	58	39	43	50	45	44	40	51	52	48	
27	62	24	7	0	40	7	10	47	52	21	7	37	65	43	36	31	50	34	28	49	39	21	42	36	29	36	25	34	19	44	16	61	26	45	63	33	56	23	45	29	32	43	33	57	16	47	30	7	58	39	49	59	8	48	4	42	22	18	68	44	55	17	55	37	49	56	21	24	69	22	58	29	39	39	63	32	27	15	14	62	18	36	65	71	21	61	62	17	31	48	13	7	43	43	42	45	50	38	31	20	21	62	49	12	11	41	65	54	16	68	41	51	24	28	38	57	27	20	21	60	30	52	49	56	49	45	46	35	37	27	57	31	6	45	27	49	37	36	36	37	58	33	44	47	41	42	39	45	50	41	
66	65	42	47	40	0	33	47	22	31	19	46	35	49	5	32	57	63	20	12	73	40	23	66	28	36	25	62	19	50	70	24	71	65	51	50	50	41	17	68	40	32	55	24	81	56	50	61	33	41	1	25	64	37	77	44	8	19	58	62	7	73	26	40	63	72	44	30	27	59	38	44	58	48	34	55	8	36	30	26	77	58	4	51	62	39	80	83	23	19	51	27	33	61	11	25	30	41	48	62	34	26	53	43	52	30	73	52	35	48	60	16	76	59	66	15	80	48	20	37	69	10	52	62	76	38	59	65	8	27	63	41	51	34	40	65	37	44	46	8	53	83	33	71	60	52	62	64	36	64	17	
34	59	23	14	7	33	0	15	41	46	14	13	33	59	36	31	32	49	28	21	50	35	15	44	30	25	30	30	27	22	46	9	60	33	42	58	32	51	16	46	26	27	42	27	59	23	44	33	1	52	32	42	57	7	52	11	35	15	25	64	37	55	11	50	39	51	51	17	19	64	20	52	31	37	34	59	25	24	10	9	62	25	29	60	67	19	62	63	11	24	45	6	3	43	36	36	39	45	36	34	16	15	57	45	19	5	45	60	48	19	63	34	53	28	34	31	59	26	13	19	59	23	49	48	57	44	44	46	28	31	32	51	30	1	40	33	44	34	34	29	36	60	28	46	46	40	43	41	40	49	34	
26	55	19	11	10	47	15	0	50	53	28	13	35	63	50	34	21	41	36	35	39	36	25	32	36	26	37	15	36	10	33	23	52	25	39	60	25	55	29	35	24	31	36	34	47	17	41	19	14	57	46	51	52	10	38	10	48	28	16	63	50	46	21	54	27	39	54	22	25	65	19	56	18	34	37	59	38	25	18	24	53	13	43	63	68	17	51	52	26	34	42	21	17	34	48	43	45	48	32	20	18	23	58	46	10	16	30	63	55	7	64	45	40	13	19	42	46	18	29	18	52	37	47	41	46	48	37	37	41	38	17	56	22	13	42	18	48	32	30	42	29	48	31	33	39	34	33	29	43	41	44	
74	46	37	55	47	22	41	50	0	9	29	55	21	27	26	19	51	49	13	26	63	26	26	58	16	28	14	63	13	49	62	34	55	73	36	28	41	19	27	58	32	22	42	16	71	64	34	58	40	19	22	3	47	41	71	51	14	25	65	41	16	60	30	18	57	62	23	28	24	37	34	22	54	35	20	34	22	29	32	38	63	63	24	29	40	36	68	71	36	16	35	37	42	50	11	8	11	22	36	59	32	27	32	25	58	36	69	30	13	48	39	7	68	60	67	9	70	43	33	34	53	25	34	48	64	18	46	54	17	14	63	19	44	41	23	67	17	32	35	15	44	73	22	64	47	40	53	56	18	51	7	
78	39	37	59	52	31	46	53	9	0	36	59	20	18	35	19	51	44	18	34	60	23	31	56	17	28	16	64	19	50	60	40	49	77	31	19	40	10	34	55	32	22	38	18	67	68	29	58	45	10	31	6	40	44	69	56	23	31	68	33	25	55	35	9	55	58	14	31	27	28	35	13	54	32	18	26	31	29	36	45	57	66	32	20	31	37	63	67	42	21	30	43	48	47	20	10	8	15	33	59	34	31	23	18	62	40	68	21	4	50	30	15	65	61	68	17	66	43	41	35	47	33	28	44	60	12	42	50	25	15	63	10	43	46	18	68	10	29	33	24	41	70	22	62	43	36	50	54	13	46	14	
47	59	27	28	21	19	14	28	29	36	0	27	29	52	22	26	41	52	18	7	58	33	9	51	23	24	22	43	17	32	54	5	62	46	42	51	36	43	2	53	27	24	44	19	67	37	43	43	14	44	18	31	57	18	61	25	21	5	39	60	23	60	10	42	48	58	44	16	15	59	23	45	41	38	29	54	11	24	12	9	66	39	15	53	62	23	68	70	6	14	44	8	14	48	22	26	31	40	37	45	18	12	52	40	33	12	56	53	39	30	59	22	61	41	47	19	66	33	5	22	60	9	47	51	63	37	47	51	14	24	44	43	36	15	36	46	37	34	35	16	40	68	25	55	49	42	49	48	34	52	22	
20	68	30	2	7	46	13	13	55	59	27	0	44	72	49	43	34	54	41	34	51	46	28	45	43	35	43	24	41	23	46	22	65	19	51	70	38	63	29	48	35	39	48	40	59	10	53	31	14	65	45	56	65	15	49	3	49	29	12	74	50	59	24	62	40	52	63	29	32	76	29	65	31	45	46	69	38	34	22	20	66	14	42	72	78	27	64	64	23	38	54	19	13	47	50	49	52	57	44	32	27	28	68	56	7	18	41	72	62	20	74	48	52	23	26	45	59	31	26	28	65	36	58	53	59	56	49	50	42	44	26	64	35	13	52	25	56	43	42	43	41	60	40	45	51	47	46	42	52	54	48	
62	30	18	43	37	35	33	35	21	20	29	44	0	27	40	3	31	28	14	31	41	5	20	36	7	9	10	45	15	31	40	30	36	61	15	25	20	19	28	36	12	5	20	10	49	52	15	38	32	21	34	20	29	29	49	41	29	24	52	32	32	39	22	19	35	40	18	16	14	31	16	20	34	13	2	26	30	10	22	36	42	48	34	28	34	18	46	50	34	16	16	33	35	29	27	13	12	12	14	39	17	18	24	12	45	27	48	27	20	31	31	21	46	42	49	20	48	23	34	17	34	31	18	27	43	12	25	32	26	8	44	20	23	32	7	49	12	10	13	26	22	51	4	43	26	18	31	34	8	29	20	
89	29	44	71	65	49	59	63	27	18	52	72	27	0	53	29	55	41	34	51	59	27	45	56	29	37	30	71	34	57	60	55	42	88	30	4	43	8	50	55	39	32	37	32	64	80	27	62	59	8	49	24	31	56	69	68	41	47	79	18	43	51	48	9	57	57	9	43	40	11	44	7	58	33	26	12	48	38	49	60	50	76	50	2	14	46	58	62	58	37	27	58	62	47	38	25	21	15	35	63	45	44	10	17	73	54	70	4	14	58	14	33	64	68	75	34	63	48	57	44	39	50	23	41	56	15	41	49	42	28	70	8	47	59	21	76	15	32	36	41	43	67	31	63	41	36	50	55	19	43	32	
69	70	47	50	43	5	36	50	26	35	22	49	40	53	0	37	61	68	25	15	77	45	28	71	33	41	30	66	24	54	74	27	76	68	56	54	55	45	21	72	45	37	60	29	86	59	55	65	36	45	5	29	69	41	82	47	12	23	61	67	10	78	31	44	68	77	48	35	31	63	42	48	62	53	39	59	12	41	34	29	82	61	7	55	66	43	85	88	26	24	56	30	36	66	15	30	34	46	53	67	38	31	57	48	55	34	77	56	39	52	64	20	81	63	70	20	85	53	23	42	74	13	57	67	81	43	64	70	13	32	67	45	56	37	45	69	41	49	51	13	58	88	38	76	65	57	67	69	41	69	21	
61	33	18	42	36	32	31	34	19	19	26	43	3	29	37	0	32	31	11	28	43	8	17	38	4	9	7	45	12	31	42	28	39	60	18	27	21	20	25	38	13	3	23	7	51	51	18	39	30	22	31	19	32	27	51	39	26	21	51	34	29	41	20	20	37	42	20	14	12	34	16	21	35	16	3	28	27	10	20	33	45	47	31	29	36	18	49	52	31	13	19	31	33	31	24	11	11	14	17	40	16	15	26	14	44	25	49	29	20	31	33	19	48	42	49	17	50	24	31	16	37	28	21	30	45	13	27	34	23	5	44	21	24	30	10	49	13	12	16	23	24	54	3	44	29	21	33	36	9	32	17	
42	39	15	32	31	57	32	21	51	51	41	34	31	55	61	32	0	22	40	47	18	28	33	11	35	23	37	18	40	11	13	38	33	41	25	51	11	49	41	14	19	29	19	36	26	35	28	8	31	50	56	51	35	25	20	31	55	38	33	49	57	25	31	48	7	18	45	26	30	53	19	48	4	21	33	47	49	22	28	41	32	27	54	54	55	18	30	31	42	39	29	38	35	13	53	43	43	40	19	8	23	30	47	37	29	30	17	53	51	14	51	49	20	15	21	46	26	8	44	19	33	49	34	21	25	41	18	16	49	37	16	50	8	31	34	22	42	22	18	49	12	28	29	14	20	19	12	8	38	21	48	
64	17	26	52	50	63	49	41	49	44	52	54	28	41	68	31	22	0	42	56	18	23	43	17	35	27	38	41	43	32	21	51	11	64	13	37	17	38	52	15	24	30	8	38	23	58	15	30	48	40	62	47	13	42	29	51	58	47	56	30	60	11	42	38	20	16	33	36	37	35	29	36	26	15	29	30	56	28	41	56	14	50	61	40	36	30	18	22	55	43	14	52	52	9	55	41	38	29	14	29	33	39	31	26	51	44	32	38	43	34	32	50	23	38	43	48	22	23	56	30	10	57	18	1	15	32	5	8	54	36	38	39	19	48	26	45	34	18	16	54	13	26	30	24	3	10	12	18	31	2	48	
61	44	25	41	34	20	28	36	13	18	18	41	14	34	25	11	40	42	0	18	54	19	13	48	7	17	5	50	1	36	51	22	51	60	30	33	31	25	16	49	21	12	34	4	62	50	29	45	27	25	20	14	44	27	60	38	15	13	51	44	18	53	17	24	46	53	26	15	11	41	21	27	42	27	13	37	16	17	19	27	57	49	19	35	44	23	60	63	24	3	30	25	29	42	13	8	13	23	28	47	19	13	35	24	44	22	57	35	21	35	42	9	58	47	54	6	61	31	23	21	49	18	32	41	56	20	38	45	12	7	50	25	33	28	20	54	19	24	26	11	34	64	12	54	40	32	43	46	17	43	8	
54	61	33	35	28	12	21	35	26	34	7	34	31	51	15	28	47	56	18	0	64	35	14	58	25	29	23	50	17	39	60	12	66	53	46	51	42	42	5	59	32	26	48	21	73	44	46	50	21	43	11	29	60	25	68	32	16	9	46	62	17	66	16	41	54	63	44	21	19	59	29	45	48	42	31	55	4	28	19	14	71	46	8	53	62	29	73	75	11	15	47	15	21	53	17	25	30	41	42	52	24	17	53	42	40	19	62	53	38	37	60	19	67	48	54	17	72	39	8	28	64	2	49	55	68	38	52	57	9	25	52	43	42	22	38	54	37	38	40	11	46	75	27	62	54	46	54	55	35	57	19	
56	34	31	49	49	73	50	39	63	60	58	51	41	59	77	43	18	18	54	64	0	37	50	6	47	37	50	31	54	29	6	56	23	55	29	55	22	55	58	5	32	42	22	49	8	52	32	21	50	57	72	62	31	43	11	49	69	55	49	48	72	11	48	55	11	2	51	43	46	54	35	54	20	28	43	48	65	37	45	59	18	43	70	58	54	34	13	13	60	54	32	56	53	12	67	55	53	46	26	20	39	46	49	43	46	48	17	56	59	32	50	62	5	30	32	60	8	25	61	36	24	65	36	18	8	49	18	10	64	49	28	56	21	49	42	34	50	31	27	64	19	10	41	8	18	23	10	9	46	16	61	
62	26	17	45	39	40	35	36	26	23	33	46	5	27	45	8	28	23	19	35	37	0	24	32	12	10	15	43	20	30	36	34	31	61	10	25	17	20	32	32	11	9	15	15	44	53	10	35	34	22	39	25	24	30	45	42	34	28	52	29	37	34	25	20	32	35	18	18	18	30	17	21	31	8	6	23	35	11	25	39	37	48	39	28	32	19	42	45	38	21	11	36	38	24	32	18	15	12	10	36	19	21	22	10	45	29	45	27	23	30	28	26	42	40	47	25	43	21	38	17	29	36	14	22	38	13	20	27	31	13	42	21	20	34	6	48	14	6	10	31	18	47	8	39	21	13	27	31	10	24	25	
48	50	19	28	21	23	15	25	26	31	9	28	20	45	28	17	33	43	13	14	50	24	0	43	16	15	15	39	12	26	46	10	53	47	33	44	28	36	8	45	18	15	35	12	58	38	34	37	14	37	22	27	48	15	54	25	23	5	38	52	25	51	4	35	40	49	37	7	6	51	14	38	34	28	20	46	15	14	7	15	57	37	20	46	54	15	59	61	14	9	35	13	16	39	23	21	24	32	28	38	10	3	44	32	32	9	49	46	33	24	51	20	53	36	43	17	58	25	14	14	51	15	38	42	54	30	38	43	16	17	40	37	28	15	27	43	30	25	26	17	31	60	16	48	40	32	40	41	26	43	19	
50	34	24	43	42	66	44	32	58	56	51	45	36	56	71	38	11	17	48	58	6	32	43	0	42	31	45	26	48	22	4	49	25	50	26	52	17	52	52	3	26	36	19	44	15	46	29	15	43	54	66	57	31	36	13	42	63	48	43	47	66	14	41	52	5	7	48	36	39	52	29	51	14	24	38	46	59	31	39	52	22	37	64	55	53	28	19	19	53	48	29	49	47	9	62	49	48	43	22	14	33	40	47	40	40	41	15	53	55	25	49	57	10	24	27	55	14	18	55	29	26	59	33	17	14	45	15	8	58	44	23	53	15	42	38	29	46	26	22	58	14	17	36	7	16	20	6	3	42	15	55	
61	37	21	42	36	28	30	36	16	17	23	43	7	29	33	4	35	35	7	25	47	12	16	42	0	12	2	47	8	33	46	26	43	61	23	28	25	20	22	42	16	6	27	4	55	51	22	42	29	21	27	16	36	28	55	39	22	18	51	37	25	46	19	19	40	46	21	14	11	35	18	22	38	20	6	30	23	13	20	31	49	49	27	30	38	20	53	56	29	10	23	29	32	35	20	8	9	16	21	43	17	14	28	17	45	24	52	30	18	32	35	15	52	44	51	13	54	27	28	18	41	25	24	34	49	14	31	38	19	2	47	21	27	30	13	51	13	17	20	19	28	58	6	48	33	25	37	40	10	36	13	
52	35	9	34	29	36	25	26	28	28	24	35	9	37	41	9	23	27	17	29	37	10	15	31	12	0	14	36	17	21	34	25	37	51	18	34	14	29	24	32	4	6	19	13	45	43	19	30	24	30	35	28	33	20	43	32	32	20	42	39	35	37	16	28	29	36	27	9	9	40	7	30	26	13	11	34	29	1	15	30	42	39	34	37	42	9	44	47	29	17	20	27	28	25	30	20	20	21	13	31	8	12	33	20	36	19	40	36	29	21	38	26	41	32	40	23	44	15	29	7	36	30	23	26	40	21	23	29	27	14	35	30	16	24	16	40	21	10	11	27	17	47	6	37	25	17	27	29	17	28	24	
62	39	23	43	36	25	30	37	14	16	22	43	10	30	30	7	37	38	5	23	50	15	15	45	2	14	0	49	6	35	48	25	46	61	25	29	28	21	20	45	18	8	30	2	58	52	25	44	29	22	25	14	39	28	57	40	19	17	52	39	22	48	19	20	43	49	22	15	11	37	20	23	40	23	8	32	21	15	20	30	52	50	25	31	40	22	56	59	28	8	25	28	32	38	17	6	9	18	24	45	18	15	30	19	46	24	55	31	18	34	37	12	55	46	53	10	57	29	27	20	44	23	27	37	52	15	34	41	17	2	49	21	30	30	15	53	14	19	23	16	30	61	8	51	36	28	40	43	12	39	10	
24	57	27	22	25	62	30	15	63	64	43	24	45	71	66	45	18	41	50	50	31	43	39	26	47	36	49	0	50	14	25	39	51	24	43	68	28	64	45	29	32	41	38	47	38	21	46	11	30	66	61	63	54	25	26	23	62	43	18	68	64	41	35	64	21	32	62	35	39	71	29	64	14	38	47	65	54	34	32	39	48	12	58	71	73	27	44	44	42	48	47	37	32	31	62	55	56	56	36	11	31	37	64	54	17	31	17	70	65	15	69	59	31	3	4	56	38	22	44	29	51	52	52	40	39	57	37	33	55	49	3	65	25	29	50	4	57	38	35	56	30	38	42	24	38	37	29	23	53	39	58	
60	45	25	41	34	19	27	36	13	19	17	41	15	34	24	12	40	43	1	17	54	20	12	48	8	17	6	50	0	36	52	21	51	60	31	34	31	26	15	49	21	12	35	5	62	50	30	46	26	26	19	15	44	27	60	38	15	12	51	45	17	53	16	25	46	53	27	15	11	42	21	28	42	28	14	38	15	17	18	26	57	49	18	36	45	23	61	64	23	2	31	24	29	42	13	9	13	24	29	47	19	13	36	25	44	22	57	36	22	35	43	9	58	47	54	6	62	31	22	21	50	17	33	42	57	21	39	46	11	8	50	26	33	27	21	54	20	24	27	10	35	65	13	54	41	33	44	46	18	44	8	
33	47	13	21	19	50	22	10	49	50	32	23	31	57	54	31	11	32	36	39	29	30	26	22	33	21	35	14	36	0	24	29	43	33	31	54	16	50	33	25	18	27	27	33	37	26	33	11	21	52	49	49	43	14	29	20	49	30	24	55	51	36	23	50	18	29	48	21	25	58	15	51	9	26	32	52	42	20	20	31	43	19	46	57	60	13	41	42	32	34	34	28	24	24	48	41	42	42	24	12	17	23	51	40	18	20	23	56	51	3	56	45	31	11	18	42	37	10	34	15	42	41	39	31	36	42	27	27	43	35	14	51	13	20	36	18	43	25	22	43	19	38	27	24	29	26	23	19	39	31	44	
50	38	27	43	44	70	46	33	62	60	54	46	40	60	74	42	13	21	51	60	6	36	46	4	46	34	48	25	52	24	0	52	28	49	30	56	20	56	55	5	30	40	23	47	13	46	33	15	45	58	69	61	34	38	9	43	67	51	43	51	69	16	44	56	6	7	52	39	43	56	32	55	14	28	42	50	62	34	41	54	23	37	67	59	57	31	19	19	55	51	33	51	48	13	65	53	52	47	26	14	36	43	51	44	40	43	12	57	59	27	53	60	7	24	26	58	13	21	57	32	29	62	37	20	14	49	19	12	61	48	22	57	18	44	42	28	50	30	26	62	18	14	39	3	19	24	10	5	46	19	59	
42	60	26	23	16	24	9	23	34	40	5	22	30	55	27	28	38	51	22	12	56	34	10	49	26	25	25	39	21	29	52	0	62	41	43	54	35	46	7	51	27	25	43	22	64	32	44	40	9	47	23	36	58	14	58	20	26	8	34	62	28	59	9	45	45	56	47	16	16	62	22	48	38	38	31	56	16	24	10	5	65	34	20	56	64	21	66	68	4	18	45	3	9	47	27	30	34	42	37	41	17	13	55	42	28	8	52	56	43	26	61	27	59	37	43	24	64	31	5	21	60	14	48	50	61	40	46	50	19	27	40	47	34	10	38	42	40	35	35	21	39	66	26	53	48	41	47	46	36	52	27	
75	13	37	63	61	71	60	52	55	49	62	65	36	42	76	39	33	11	51	66	23	31	53	25	43	37	46	51	51	43	28	62	0	74	20	37	28	41	61	22	34	39	18	47	25	68	21	39	59	43	71	53	10	53	34	62	66	57	66	27	68	12	53	42	29	21	36	46	47	34	40	39	37	24	37	29	66	38	51	66	9	61	70	40	34	41	17	21	66	52	20	63	63	19	63	48	44	34	24	39	44	49	31	31	62	55	40	38	47	45	30	57	27	48	53	56	24	34	66	41	2	67	21	12	17	37	16	17	63	44	48	42	30	59	32	54	39	27	26	62	24	27	38	31	14	20	21	27	37	11	56	
1	79	44	18	26	65	33	25	73	77	46	19	61	88	68	60	41	64	60	53	55	61	47	50	61	51	61	24	60	33	49	41	74	0	64	86	49	80	49	53	50	56	60	59	62	9	66	35	33	82	64	75	76	33	50	22	68	49	9	88	70	65	43	80	45	57	79	46	50	91	44	81	37	59	62	84	57	50	41	39	72	13	61	89	93	42	69	68	42	57	67	38	32	55	69	68	70	73	57	36	43	46	84	72	15	37	41	88	79	31	89	68	55	26	24	64	62	43	45	44	74	55	72	63	64	73	59	57	61	62	27	81	46	32	68	22	73	58	55	62	52	62	57	48	61	59	53	48	69	63	67	
64	17	20	49	45	51	42	39	36	31	42	51	15	30	56	18	25	13	30	46	29	10	33	26	23	18	25	43	31	31	30	43	20	64	0	26	14	26	41	25	16	19	7	26	35	56	3	33	41	28	50	34	15	36	39	47	45	37	55	24	48	24	34	26	26	27	22	27	27	28	22	25	29	5	17	21	45	19	33	48	26	50	50	29	30	24	31	35	47	32	3	45	45	17	43	28	25	17	7	34	26	30	21	14	49	37	40	28	30	33	25	37	34	40	46	36	34	21	47	23	18	46	8	12	28	19	11	19	42	24	41	27	18	41	13	47	21	8	8	42	13	38	18	33	11	6	20	25	18	14	36	
87	25	42	69	63	50	58	60	28	19	51	70	25	4	54	27	51	37	33	51	55	25	44	52	28	34	29	68	34	54	56	54	37	86	26	0	40	9	49	51	36	30	33	31	60	77	23	59	57	9	50	25	27	54	65	66	42	46	77	15	44	47	47	10	53	53	7	41	39	9	41	6	55	30	24	8	48	36	48	59	46	73	51	3	12	43	54	58	57	37	23	57	60	43	39	25	20	12	32	60	43	42	6	14	70	52	66	2	15	55	11	34	60	65	72	35	59	45	56	42	35	50	19	37	52	13	37	45	43	27	67	9	43	58	18	72	14	29	33	42	39	63	29	59	37	32	46	52	18	39	33	
50	30	9	36	33	50	32	25	41	40	36	38	20	43	55	21	11	17	31	42	22	17	28	17	25	14	28	28	31	16	20	35	28	49	14	40	0	37	36	17	10	19	10	27	31	42	17	19	31	39	49	41	27	25	29	34	46	33	40	39	49	24	26	37	15	21	34	20	23	43	13	37	15	10	22	36	43	14	24	39	30	35	48	43	44	13	31	33	39	31	18	36	35	11	45	33	32	28	8	19	17	24	36	26	35	27	28	42	40	18	40	40	26	25	31	38	30	6	40	14	27	43	23	16	26	30	12	15	41	27	26	38	3	31	23	33	31	11	7	42	4	33	19	23	14	9	12	14	27	17	38	
81	30	37	63	56	41	51	55	19	10	43	63	19	8	45	20	49	38	25	42	55	20	36	52	20	29	21	64	26	50	56	46	41	80	26	9	37	0	41	51	31	24	33	23	61	71	23	56	50	2	41	16	31	48	65	60	33	38	71	22	35	49	39	1	52	53	5	34	31	18	36	3	52	28	18	15	39	30	41	51	50	68	42	10	21	38	56	60	49	28	23	49	53	43	30	16	12	9	30	57	37	35	13	12	65	45	65	11	6	51	19	25	60	61	68	26	60	42	48	36	39	42	20	38	54	7	37	45	34	19	63	1	41	50	14	69	7	26	30	33	38	64	23	59	37	32	46	51	11	40	24	
50	58	27	30	23	17	16	29	27	34	2	29	28	50	21	25	41	52	16	5	58	32	8	52	22	24	20	45	15	33	55	7	61	49	41	49	36	41	0	54	27	23	44	18	67	39	42	44	16	42	16	29	56	19	62	27	19	4	41	59	21	60	10	40	48	58	43	16	14	57	23	44	42	37	28	52	9	23	13	11	66	41	13	52	60	24	68	70	8	13	43	10	16	48	20	25	29	38	37	46	19	12	51	39	35	13	57	52	37	31	58	20	62	42	49	17	66	33	6	22	60	7	46	51	63	36	47	52	12	22	46	42	37	17	35	48	35	34	35	13	40	69	24	56	49	41	49	49	32	52	20	
54	32	26	46	45	68	46	35	58	55	53	48	36	55	72	38	14	15	49	59	5	32	45	3	42	32	45	29	49	25	5	51	22	53	25	51	17	51	54	0	27	37	18	44	13	49	28	18	45	53	67	57	28	39	14	45	64	50	46	45	67	11	43	51	8	4	47	38	41	50	30	50	17	23	38	45	60	32	41	55	18	40	65	54	51	30	16	17	55	49	28	51	49	8	62	50	48	42	22	17	34	41	45	39	43	43	17	52	54	28	47	57	9	27	30	55	12	20	57	31	23	60	32	14	11	44	14	6	59	44	26	52	17	45	37	32	45	26	22	59	14	15	36	8	14	19	5	6	42	13	56	
50	33	5	34	29	40	26	24	32	32	27	35	12	39	45	13	19	24	21	32	32	11	18	26	16	4	18	32	21	18	30	27	34	50	16	36	10	31	27	27	0	10	16	17	41	41	18	26	25	33	39	32	31	20	39	31	36	23	41	39	39	33	18	31	24	31	29	11	13	41	6	32	22	11	14	34	33	4	17	32	38	37	38	39	43	8	40	43	31	21	18	29	29	21	35	24	24	23	10	27	10	15	33	22	34	21	36	38	32	19	39	30	36	29	36	28	40	11	32	7	33	33	23	23	36	24	19	24	31	18	32	32	11	25	18	37	24	8	8	32	13	43	10	32	21	14	22	24	20	25	29	
57	35	15	38	32	32	27	31	22	22	24	39	5	32	37	3	29	30	12	26	42	9	15	36	6	6	8	41	12	27	40	25	39	56	19	30	19	24	23	37	10	0	22	7	50	47	19	36	26	25	31	22	33	24	49	36	27	19	47	37	30	41	17	23	34	41	23	10	9	37	12	25	32	15	6	31	26	7	17	30	45	44	30	33	39	14	48	51	29	13	20	28	30	30	25	14	14	18	16	37	12	12	29	17	40	21	46	32	23	27	36	20	46	38	45	18	49	21	29	13	38	27	23	30	44	16	26	33	23	8	41	25	21	27	13	46	17	12	14	23	22	52	1	42	28	20	31	34	12	32	19	
60	19	19	47	43	55	42	36	42	38	44	48	20	37	60	23	19	8	34	48	22	15	35	19	27	19	30	38	35	27	23	43	18	60	7	33	10	33	44	18	16	22	0	30	29	53	10	27	41	35	54	40	16	35	32	45	50	39	51	30	53	18	34	33	20	20	29	28	29	34	22	32	24	7	22	28	48	20	33	48	22	46	53	36	35	23	26	29	48	35	10	45	45	10	48	33	31	24	6	28	26	31	28	21	46	37	33	34	37	29	31	42	27	35	41	41	28	17	48	23	17	49	14	7	22	26	4	12	46	29	36	34	13	41	19	42	27	10	8	46	7	31	22	26	5	2	13	18	24	9	41	
59	41	21	40	33	24	27	34	16	18	19	40	10	32	29	7	36	38	4	21	49	15	12	44	4	13	2	47	5	33	47	22	47	59	26	31	27	23	18	44	17	7	30	0	58	49	26	42	26	25	24	16	40	25	56	37	19	14	50	41	22	48	16	23	42	48	24	12	8	39	18	25	38	23	10	34	19	13	18	28	52	47	23	34	42	20	56	59	26	6	26	26	29	37	18	8	12	20	24	43	16	12	32	21	43	22	53	34	21	32	39	13	54	44	51	10	57	27	25	18	45	21	28	37	52	18	34	41	16	4	47	24	29	27	17	51	17	19	22	15	30	60	8	50	36	28	39	42	14	39	11	
62	37	39	57	57	81	59	47	71	67	67	59	49	64	86	51	26	23	62	73	8	44	58	15	55	45	58	38	62	37	13	64	25	62	35	60	31	61	67	13	41	50	29	58	0	59	38	28	58	63	80	69	34	51	13	57	77	63	56	51	80	13	57	61	19	9	57	51	54	58	43	60	28	35	51	53	74	45	54	68	17	50	79	63	58	43	9	6	68	62	38	65	62	20	76	62	60	52	34	27	48	55	54	49	53	56	21	61	66	40	54	70	7	37	38	68	1	33	70	44	26	74	41	23	8	55	24	17	73	57	35	62	30	58	49	40	56	38	35	73	27	3	49	14	24	30	18	18	53	21	69	
10	72	36	9	16	56	23	17	64	68	37	10	52	80	59	51	35	58	50	44	52	53	38	46	51	43	52	21	50	26	46	32	68	9	56	77	42	71	39	49	41	47	53	49	59	0	59	31	24	73	55	65	69	23	47	12	59	39	3	81	60	60	34	71	41	53	70	37	40	82	36	73	32	51	53	76	48	41	31	30	67	9	52	80	85	33	65	65	33	47	59	29	23	49	59	58	61	65	49	32	34	37	75	63	7	28	39	79	70	23	81	58	52	22	22	55	59	35	36	35	68	46	64	57	60	64	53	52	52	53	24	72	39	23	59	20	64	50	47	53	45	59	48	45	55	51	48	43	60	57	57	
67	16	22	51	47	50	44	41	34	29	43	53	15	27	55	18	28	15	29	46	32	10	34	29	22	19	25	46	30	33	33	44	21	66	3	23	17	23	42	28	18	19	10	26	38	59	0	36	43	25	50	32	14	38	42	49	44	38	57	22	47	26	35	23	30	30	19	28	28	25	24	22	32	7	16	18	45	20	34	49	28	53	49	26	27	26	34	37	48	31	1	46	47	20	42	26	23	14	9	37	27	31	18	11	51	38	43	25	27	35	22	36	37	43	49	35	37	24	48	25	19	46	5	14	31	17	14	22	42	23	44	24	21	43	11	50	18	9	11	41	16	41	18	36	14	9	23	28	16	17	35	
35	46	21	29	30	61	33	19	58	58	43	31	38	62	65	39	8	30	45	50	21	35	37	15	42	30	44	11	46	11	15	40	39	35	33	59	19	56	44	18	26	36	27	42	28	31	36	0	32	58	60	58	43	26	18	29	60	42	28	57	62	30	34	56	10	22	53	31	35	61	24	56	4	29	40	55	53	29	31	42	37	22	58	62	63	22	34	34	43	44	37	39	35	20	59	50	50	48	27	1	27	34	55	45	25	32	12	61	58	14	59	55	21	9	13	52	28	15	46	24	39	52	42	29	29	49	26	22	53	44	8	57	15	31	42	15	50	30	26	54	20	29	36	14	27	27	18	12	45	28	53	
34	58	22	14	7	33	1	14	40	45	14	14	32	59	36	30	31	48	27	21	50	34	14	43	29	24	29	30	26	21	45	9	59	33	41	57	31	50	16	45	25	26	41	26	58	24	43	32	0	51	32	42	56	6	51	11	35	15	25	63	37	54	10	49	38	50	50	16	18	64	19	52	30	36	33	58	25	23	9	9	61	25	29	60	66	18	61	62	11	24	44	7	4	42	35	35	38	44	35	33	15	14	56	44	19	5	44	59	48	18	63	34	52	28	34	31	58	25	14	18	58	23	48	47	56	43	43	45	28	31	31	50	29	1	39	33	43	33	33	29	35	60	27	46	45	39	42	40	39	48	34	
83	32	39	64	58	41	52	57	19	10	44	65	21	8	45	22	50	40	25	43	57	22	37	54	21	30	22	66	26	52	58	47	43	82	28	9	39	2	42	53	33	25	35	25	63	73	25	58	51	0	41	16	33	49	67	61	33	39	73	23	35	51	41	2	54	55	6	36	33	18	38	4	54	30	19	16	40	32	42	53	51	69	42	10	21	40	58	62	50	29	25	51	54	45	30	17	13	11	32	59	38	36	14	14	66	46	67	11	6	52	20	25	62	63	70	26	62	43	49	38	41	42	22	40	56	9	39	47	34	20	65	1	42	52	16	70	8	28	32	33	40	66	25	61	39	34	48	53	13	42	24	
65	64	41	46	39	1	32	46	22	31	18	45	34	49	5	31	56	62	20	11	72	39	22	66	27	35	25	61	19	49	69	23	71	64	50	50	49	41	16	67	39	31	54	24	80	55	50	60	32	41	0	25	64	36	77	43	8	18	57	62	7	72	26	40	63	71	44	29	26	59	37	44	57	47	34	55	7	35	29	25	76	57	3	51	62	38	80	82	22	18	50	26	32	60	11	25	30	41	47	61	33	26	53	43	51	29	72	52	35	47	60	16	76	58	65	15	79	48	19	36	69	9	52	61	75	38	58	64	8	26	62	41	50	33	40	64	37	43	46	8	53	82	32	71	60	52	62	63	36	63	17	
76	44	37	56	49	25	42	51	3	6	31	56	20	24	29	19	51	47	14	29	62	25	27	57	16	28	14	63	15	49	61	36	53	75	34	25	41	16	29	57	32	22	40	16	69	65	32	58	42	16	25	0	44	42	70	53	17	27	66	38	19	58	31	15	56	60	20	29	25	34	34	19	54	34	18	31	25	29	34	41	61	64	26	26	37	36	66	69	38	18	33	39	44	49	14	8	9	20	35	59	32	28	29	22	59	37	68	27	10	48	36	9	67	60	67	12	68	43	36	34	51	28	32	47	63	16	45	52	19	14	63	16	43	43	21	67	15	31	34	18	43	72	22	64	46	38	52	55	16	49	9	
77	3	34	63	59	64	57	52	47	40	57	65	29	31	69	32	35	13	44	60	31	24	48	31	36	33	39	54	44	43	34	58	10	76	15	27	27	31	56	28	31	33	16	40	34	69	14	43	56	33	64	44	0	50	42	61	58	52	68	17	60	21	49	32	34	28	26	42	42	24	37	29	39	20	30	19	59	34	48	63	19	62	63	30	24	38	27	31	62	46	13	60	60	22	55	39	35	24	21	43	41	45	20	22	62	52	46	27	37	46	20	49	35	51	56	49	33	34	62	38	8	61	12	14	26	28	17	22	56	37	51	32	30	56	24	58	29	23	23	55	24	37	32	37	15	18	25	32	28	15	48	
34	53	16	14	8	37	7	10	41	44	18	15	29	56	41	27	25	42	27	25	43	30	15	36	28	20	28	25	27	14	38	14	53	33	36	54	25	48	19	39	20	24	35	25	51	23	38	26	6	49	36	42	50	0	44	12	38	18	24	59	40	48	11	47	32	43	47	13	17	60	13	49	24	31	30	54	28	18	8	16	54	22	33	57	62	12	54	56	17	24	39	13	10	35	38	34	37	41	29	27	11	13	53	40	17	6	38	56	46	12	59	35	45	22	29	32	51	19	20	13	52	27	43	41	49	41	37	39	31	29	26	48	23	6	36	28	41	28	27	32	29	53	24	39	39	33	35	33	36	42	34	
50	45	35	47	48	77	52	38	71	69	61	49	49	69	82	51	20	29	60	68	11	45	54	13	55	43	57	26	60	29	9	58	34	50	39	65	29	65	62	14	39	49	32	56	13	47	42	18	51	67	77	70	42	44	0	47	75	59	44	59	78	22	51	65	14	13	61	47	51	65	39	64	20	37	51	59	70	42	48	61	28	38	75	68	65	38	21	19	62	59	42	58	54	22	74	62	61	56	35	17	43	51	59	53	43	50	9	66	68	32	61	69	7	26	26	67	13	29	64	40	35	69	46	28	18	58	28	20	69	56	23	66	27	50	51	28	59	39	35	70	27	12	48	6	28	33	19	14	55	27	68	
23	64	26	3	4	44	11	10	51	56	25	3	41	68	47	39	31	51	38	32	49	42	25	42	39	32	40	23	38	20	43	20	62	22	47	66	34	60	27	45	31	36	45	37	57	12	49	29	11	61	43	53	61	12	47	0	46	26	14	71	48	56	21	59	37	49	59	25	28	72	25	61	28	42	42	66	36	30	19	18	63	14	40	69	74	23	61	62	21	35	50	17	11	44	47	46	49	53	40	30	23	25	65	52	8	15	39	68	58	17	71	45	50	22	26	42	57	28	24	24	61	34	55	50	56	53	46	47	39	41	25	60	32	10	48	25	53	40	38	40	38	58	36	43	48	43	43	39	48	51	45	
69	58	39	49	42	8	35	48	14	23	21	49	29	41	12	26	55	58	15	16	69	34	23	63	22	32	19	62	15	49	67	26	66	68	45	42	46	33	19	64	36	27	50	19	77	59	44	60	35	33	8	17	58	38	75	46	0	20	60	55	2	68	27	32	61	68	36	28	24	51	35	36	56	43	28	47	11	32	30	30	72	60	10	43	54	37	76	79	27	15	45	30	36	57	3	18	23	34	43	61	32	25	45	36	54	32	71	44	27	47	52	8	73	59	66	9	77	46	24	35	64	14	46	57	72	31	54	61	7	21	63	33	48	36	34	66	30	39	42	6	50	80	28	69	55	48	59	61	29	59	9	
50	54	24	30	22	19	15	28	25	31	5	29	24	47	23	21	38	47	13	9	55	28	5	48	18	20	17	43	12	30	51	8	57	49	37	46	33	38	4	50	23	19	39	14	63	39	38	42	15	39	18	27	52	18	59	26	20	0	40	55	22	56	7	37	45	54	39	12	10	54	19	40	39	33	24	49	11	19	10	13	62	40	16	48	57	20	64	66	11	10	39	12	17	44	20	22	26	35	33	43	15	8	47	35	34	12	54	48	35	28	54	19	58	40	47	16	63	30	10	19	56	10	42	47	59	32	43	48	13	19	43	38	33	16	31	46	32	30	31	14	36	65	20	53	45	37	45	45	29	48	18	
10	71	35	11	18	58	25	16	65	68	39	12	52	79	61	51	33	56	51	46	49	52	38	43	51	42	52	18	51	24	43	34	66	9	55	77	40	71	41	46	41	47	51	50	56	3	57	28	25	73	57	66	68	24	44	14	60	40	0	79	62	58	34	71	38	50	70	37	41	82	35	72	29	50	53	75	50	41	32	32	65	6	54	80	84	33	62	62	35	48	58	31	25	47	61	59	61	64	48	29	34	38	74	62	6	29	35	79	70	22	80	59	49	19	18	56	56	34	38	34	66	48	63	55	57	64	51	49	53	53	21	72	37	24	58	17	64	48	46	54	43	56	48	42	53	50	45	40	60	55	58	
89	14	44	73	68	62	64	63	41	33	60	74	32	18	67	34	49	30	44	62	48	29	52	47	37	39	39	68	45	55	51	62	27	88	24	15	39	22	59	45	39	37	30	41	51	81	22	57	63	23	62	38	17	59	59	71	55	55	79	0	57	38	54	23	49	45	18	47	46	7	45	19	54	29	31	7	60	40	54	68	36	75	63	16	7	47	44	48	66	47	21	65	67	38	52	37	32	21	31	58	48	50	9	20	73	58	62	14	29	57	3	46	52	65	71	47	50	46	65	46	25	62	16	30	43	24	32	39	55	37	66	23	43	64	24	72	25	31	33	54	37	54	36	54	31	30	41	47	27	31	45	
71	61	42	51	44	7	37	50	16	25	23	50	32	43	10	29	57	60	18	17	72	37	25	66	25	35	22	64	17	51	69	28	68	70	48	44	49	35	21	67	39	30	53	22	80	60	47	62	37	35	7	19	60	40	78	48	2	22	62	57	0	71	29	34	64	71	38	31	27	53	38	38	59	45	31	50	12	35	32	31	75	62	10	45	56	39	79	82	28	18	48	31	37	60	5	21	25	37	46	63	35	28	48	39	56	34	74	46	29	50	54	11	76	62	68	12	79	49	25	38	66	15	48	60	75	33	57	63	9	24	65	35	51	38	36	68	32	42	45	8	52	83	31	72	58	50	62	64	32	62	12	
65	24	33	57	55	73	55	46	60	55	60	59	39	51	78	41	25	11	53	66	11	34	51	14	46	37	48	41	53	36	16	59	12	65	24	47	24	49	60	11	33	41	18	48	13	60	26	30	54	51	72	58	21	48	22	56	68	56	58	38	71	0	50	49	19	9	44	44	46	45	37	47	28	25	40	40	66	37	48	63	7	52	71	50	45	37	7	11	63	53	26	60	58	12	66	52	49	40	24	29	42	48	41	37	54	51	28	48	54	39	41	60	15	39	42	59	12	28	64	38	13	67	28	11	5	43	14	9	64	47	38	50	25	54	37	44	45	29	26	64	20	16	40	19	12	20	13	17	42	9	59	
44	51	17	24	17	26	11	21	30	35	10	24	22	48	31	20	31	42	17	16	48	25	4	41	19	16	19	35	16	23	44	9	53	43	34	47	26	39	10	43	18	17	34	16	57	34	35	34	10	41	26	31	49	11	51	21	27	7	34	54	29	50	0	39	38	48	39	7	8	54	13	41	31	29	23	48	18	15	3	14	56	33	23	49	56	13	58	60	13	13	36	11	13	38	27	25	28	34	28	35	8	4	47	34	28	5	46	49	37	21	53	24	51	32	39	21	56	23	13	12	51	18	39	41	53	33	37	42	20	20	36	40	26	11	30	39	33	26	26	21	30	58	18	46	39	32	39	38	29	43	24	
81	31	37	62	55	40	50	54	18	9	42	62	19	9	44	20	48	38	24	41	55	20	35	52	19	28	20	64	25	50	56	45	42	80	26	10	37	1	40	51	31	23	33	23	61	71	23	56	49	2	40	15	32	47	65	59	32	37	71	23	34	49	39	0	52	53	5	33	31	19	35	4	52	28	17	16	38	30	40	51	50	67	41	11	22	38	57	60	48	27	23	49	52	43	29	15	11	9	30	57	36	34	14	12	64	44	65	12	5	50	20	24	60	61	68	25	60	41	47	36	39	41	21	38	54	7	37	45	33	18	63	1	40	50	14	68	6	26	30	32	38	64	23	59	37	32	46	51	11	40	23	
46	37	21	38	37	63	39	27	57	55	48	40	35	57	68	37	7	20	46	54	11	32	40	5	40	29	43	21	46	18	6	45	29	45	26	53	15	52	48	8	24	34	20	42	19	41	30	10	38	54	63	56	34	32	14	37	61	45	38	49	64	19	38	52	0	12	48	33	36	54	25	51	9	24	37	48	56	28	35	48	26	32	61	56	55	24	24	24	49	45	30	45	42	11	59	48	47	43	22	9	29	37	48	40	35	37	13	55	55	21	51	55	13	19	23	52	19	15	51	26	30	55	35	19	19	45	17	12	55	42	18	53	13	38	38	25	46	26	22	56	14	21	34	8	18	20	8	2	42	19	53	
57	32	30	50	49	72	51	39	62	58	58	52	40	57	77	42	18	16	53	63	2	35	49	7	46	36	49	32	53	29	7	56	21	57	27	53	21	53	58	4	31	41	20	48	9	53	30	22	50	55	71	60	28	43	13	49	68	54	50	45	71	9	48	53	12	0	49	42	45	51	34	52	21	26	42	46	65	36	45	59	16	44	70	56	52	34	12	12	60	53	30	56	53	11	66	53	51	44	25	21	39	46	47	41	47	47	19	54	57	32	48	61	7	31	33	59	8	24	61	35	22	65	34	16	7	47	16	8	63	48	29	54	21	49	40	35	48	29	26	63	18	11	40	10	16	22	9	10	45	14	60	
80	25	35	62	56	44	51	54	23	14	44	63	18	9	48	20	45	33	26	44	51	18	37	48	21	27	22	62	27	48	52	47	36	79	22	7	34	5	43	47	29	23	29	24	57	70	19	53	50	6	44	20	26	47	61	59	36	39	70	18	38	44	39	5	48	49	0	34	31	15	34	3	49	24	17	11	42	29	40	52	45	66	45	9	18	37	51	55	50	30	19	50	53	39	33	19	14	5	26	54	36	35	9	8	63	45	61	9	11	49	16	28	56	59	65	29	56	39	49	35	34	44	15	33	49	6	33	41	37	20	60	5	37	50	11	66	7	23	27	36	34	60	22	55	33	28	42	47	10	35	27	
47	44	12	28	21	30	17	22	28	31	16	29	16	43	35	14	26	36	15	21	43	18	7	36	14	9	15	35	15	21	39	16	46	46	27	41	20	34	16	38	11	10	28	12	51	37	28	31	16	36	29	29	42	13	47	25	28	12	37	47	31	44	7	33	33	42	34	0	4	47	7	36	28	22	17	42	22	8	6	21	50	35	27	44	50	8	52	54	20	13	29	18	19	32	27	21	23	28	21	32	4	3	40	28	30	11	43	43	33	20	47	24	46	32	39	21	50	18	20	7	44	22	32	35	47	27	31	36	22	16	35	35	21	16	23	39	27	19	19	22	24	53	11	41	33	25	33	34	23	36	23	
51	44	15	31	24	27	19	25	24	27	15	32	14	40	31	12	30	37	11	19	46	18	6	39	11	9	11	39	11	25	43	16	47	50	27	39	23	31	14	41	13	9	29	8	54	40	28	35	18	33	26	25	42	17	51	28	24	10	41	46	27	46	8	31	36	45	31	4	0	46	11	33	31	23	15	40	19	9	9	21	51	38	24	41	48	12	54	56	20	9	29	18	21	34	23	17	20	26	22	36	8	3	39	26	34	13	47	41	30	24	45	20	49	36	43	17	53	21	20	10	45	20	32	36	49	25	33	38	18	12	39	32	24	19	22	43	25	19	21	19	27	56	10	44	34	27	36	37	21	38	19	
91	21	46	75	69	59	64	65	37	28	59	76	31	11	63	34	53	35	41	59	54	30	51	52	35	40	37	71	42	58	56	62	34	91	28	9	43	18	57	50	41	37	34	39	58	82	25	61	64	18	59	34	24	60	65	72	51	54	82	7	53	45	54	19	54	51	15	47	46	0	47	15	57	32	30	6	57	41	54	67	43	77	60	9	3	49	51	55	65	45	24	65	67	43	48	34	29	19	35	62	49	49	7	19	75	59	67	7	24	60	4	43	59	68	74	44	57	49	64	47	32	59	19	36	50	21	37	44	52	35	69	18	46	64	24	76	22	33	36	51	41	61	36	59	36	34	46	52	25	37	42	
45	39	4	28	22	38	20	19	34	35	23	29	16	44	42	16	19	29	21	29	35	17	14	29	18	7	20	29	21	15	32	22	40	44	22	41	13	36	23	30	6	12	22	18	43	36	24	24	19	38	37	34	37	13	39	25	35	19	35	45	38	37	13	35	25	34	34	7	11	47	0	37	20	17	18	40	30	5	11	26	43	31	35	44	49	2	44	46	26	20	25	23	23	25	34	26	27	29	16	25	4	11	39	27	29	15	36	43	36	14	45	30	38	26	33	27	43	10	27	1	39	30	29	28	39	28	24	28	30	20	29	37	13	19	23	33	29	14	14	30	17	45	13	33	26	20	25	26	24	30	29	
82	27	38	64	58	44	52	56	22	13	45	65	20	7	48	21	48	36	27	45	54	21	38	51	22	30	23	64	28	51	55	48	39	81	25	6	37	3	44	50	32	25	32	25	60	73	22	56	52	4	44	19	29	49	64	61	36	40	72	19	38	47	41	4	51	52	3	36	33	15	37	0	52	27	19	12	42	31	42	54	47	69	45	8	18	39	54	58	51	31	22	51	55	42	33	19	14	8	29	57	38	37	10	11	66	47	64	8	9	51	16	28	59	61	68	29	59	42	50	37	37	44	18	36	52	8	36	44	37	21	63	3	40	52	14	69	8	26	30	36	37	62	24	58	36	31	45	50	12	38	27	
38	43	17	29	29	58	31	18	54	54	41	31	34	58	62	35	4	26	42	48	20	31	34	14	38	26	40	14	42	9	14	38	37	37	29	55	15	52	42	17	22	32	24	38	28	32	32	4	30	54	57	54	39	24	20	28	56	39	29	54	59	28	31	52	9	21	49	28	31	57	20	52	0	25	36	51	50	25	28	40	35	24	55	58	59	19	33	33	41	41	33	37	34	17	55	46	46	43	23	5	24	31	51	41	26	29	15	57	54	12	55	51	21	11	17	48	28	11	43	21	37	49	38	26	28	45	22	19	50	40	12	53	11	30	38	18	45	26	22	51	16	29	32	15	24	23	15	11	41	25	50	
59	22	15	44	39	48	37	34	35	32	38	45	13	33	53	16	21	15	27	42	28	8	28	24	20	13	23	38	28	26	28	38	24	59	5	30	10	28	37	23	11	15	7	23	35	51	7	29	36	30	47	34	20	31	37	42	43	33	50	29	45	25	29	28	24	26	24	22	23	32	17	27	25	0	15	26	42	14	28	43	29	45	46	33	34	18	33	36	42	28	8	40	40	15	41	26	24	19	2	30	21	25	26	16	44	32	37	31	31	27	30	35	33	35	42	33	34	16	42	18	22	42	13	14	29	21	11	18	39	22	37	29	13	36	14	43	22	3	3	39	10	38	15	31	12	5	18	23	18	16	34	
63	31	19	45	39	34	34	37	20	18	29	46	2	26	39	3	33	29	13	31	43	6	20	38	6	11	8	47	14	32	42	31	37	62	17	24	22	18	28	38	14	6	22	10	51	53	16	40	33	19	34	18	30	30	51	42	28	24	53	31	31	40	23	17	37	42	17	17	15	30	18	19	36	15	0	25	29	12	23	36	43	50	33	26	33	20	48	51	34	16	17	34	36	30	26	11	10	11	16	41	19	18	23	11	47	28	50	26	18	33	30	20	48	43	50	19	50	25	34	18	35	31	18	29	44	10	26	34	26	7	46	18	25	33	7	51	10	12	15	25	24	53	5	45	27	20	33	36	6	31	19	
85	17	40	68	63	55	59	59	34	26	54	69	26	12	59	28	47	30	37	55	48	23	46	46	30	34	32	65	38	52	50	56	29	84	21	8	36	15	52	45	34	31	28	34	53	76	18	55	58	16	55	31	19	54	59	66	47	49	75	7	50	40	48	16	48	46	11	42	40	6	40	12	51	26	25	0	53	35	48	61	38	71	56	10	8	42	46	50	60	40	18	59	61	37	44	30	25	14	28	55	43	44	2	13	69	53	61	8	22	53	5	39	53	62	68	40	52	42	59	41	27	55	13	30	45	17	31	38	48	30	63	16	40	58	18	69	18	26	29	47	35	56	30	53	30	28	40	46	20	32	38	
58	60	34	39	32	8	25	38	22	31	11	38	30	48	12	27	49	56	16	4	65	35	15	59	23	29	21	54	15	42	62	16	66	57	45	48	43	39	9	60	33	26	48	19	74	48	45	53	25	40	7	25	59	28	70	36	11	11	50	60	12	66	18	38	56	65	42	22	19	57	30	42	50	42	29	53	0	29	21	18	71	50	5	50	60	31	74	76	15	13	46	19	25	54	13	23	28	39	42	54	26	19	51	40	44	22	65	50	34	39	58	15	69	51	57	13	73	41	13	29	64	2	48	56	69	36	52	58	5	23	55	40	43	26	36	57	35	38	40	7	46	76	27	64	54	46	55	56	33	57	16	
51	36	8	33	27	36	24	25	29	29	24	34	10	38	41	10	22	28	17	28	37	11	14	31	13	1	15	34	17	20	34	24	38	50	19	36	14	30	23	32	4	7	20	13	45	41	20	29	23	32	35	29	34	18	42	30	32	19	41	40	35	37	15	30	28	36	29	8	9	41	5	31	25	14	12	35	29	0	14	29	42	37	34	38	44	8	45	47	28	17	21	26	26	25	31	21	21	23	13	30	7	11	34	22	34	18	40	38	30	20	40	26	41	31	38	24	44	14	28	6	36	29	25	27	40	23	23	29	27	15	34	31	15	23	17	39	23	11	11	27	17	47	7	36	25	18	26	28	18	29	25	
42	50	15	22	15	30	10	18	32	36	12	22	22	49	34	20	28	41	19	19	45	25	7	39	20	15	20	32	18	20	41	10	51	41	33	48	24	41	13	41	17	17	33	18	54	31	34	31	9	42	29	34	48	8	48	19	30	10	32	54	32	48	3	40	35	45	40	6	9	54	11	42	28	28	23	48	21	14	0	15	54	30	26	50	57	11	55	57	14	16	35	12	13	36	30	26	29	35	27	32	7	5	47	34	25	4	43	50	39	18	53	27	48	29	36	24	53	20	16	10	50	21	39	40	51	34	36	39	23	22	33	41	24	10	30	36	34	25	25	24	28	56	18	43	38	31	36	36	30	41	26	
40	65	30	21	14	26	9	24	38	45	9	20	36	60	29	33	41	56	27	14	59	39	15	52	31	30	30	39	26	31	54	5	66	39	48	59	39	51	11	55	32	30	48	28	68	30	49	42	9	53	25	41	63	16	61	18	30	13	32	68	31	63	14	51	48	59	52	21	21	67	26	54	40	43	36	61	18	29	15	0	69	33	22	62	70	25	70	72	3	23	50	3	7	50	31	35	39	48	42	43	22	18	60	48	26	11	54	62	48	28	67	32	62	38	43	29	67	34	6	25	65	16	53	55	65	46	51	54	23	32	41	52	38	10	43	42	45	40	40	25	43	69	31	55	53	46	51	49	42	56	31	
73	22	39	64	62	77	62	53	63	57	66	66	42	50	82	45	32	14	57	71	18	37	57	22	49	42	52	48	57	43	23	65	9	72	26	46	30	50	66	18	38	45	22	52	17	67	28	37	61	51	76	61	19	54	28	63	72	62	65	36	75	7	56	50	26	16	45	50	51	43	43	47	35	29	43	38	71	42	54	69	0	59	76	49	43	43	8	12	69	58	27	66	65	19	70	55	51	42	29	36	47	53	40	39	61	57	35	47	55	46	39	64	21	46	49	63	16	35	70	44	11	72	29	15	9	45	18	16	68	50	45	50	31	61	39	51	46	33	30	68	25	19	44	26	17	24	20	24	44	13	62	
14	66	31	12	18	58	25	13	63	66	39	14	48	76	61	47	27	50	49	46	43	48	37	37	49	39	50	12	49	19	37	34	61	13	50	73	35	68	41	40	37	44	46	47	50	9	53	22	25	69	57	64	62	22	38	14	60	40	6	75	62	52	33	67	32	44	66	35	38	77	31	69	24	45	50	71	50	37	30	33	59	0	54	76	79	29	56	56	35	47	53	31	25	41	60	56	58	60	43	23	31	36	70	59	6	28	29	75	67	17	75	58	43	13	13	54	50	29	38	31	60	48	58	49	51	60	46	43	53	51	15	69	32	24	55	11	61	44	41	54	38	50	44	36	47	45	39	34	56	49	57	
62	64	39	43	36	4	29	43	24	32	15	42	34	50	7	31	54	61	19	8	70	39	20	64	27	34	25	58	18	46	67	20	70	61	50	51	48	42	13	65	38	30	53	23	79	52	49	58	29	42	3	26	63	33	75	40	10	16	54	63	10	71	23	41	61	70	45	27	24	60	35	45	55	46	33	56	5	34	26	22	76	54	0	52	63	36	79	81	19	17	50	23	29	59	13	26	31	42	46	59	31	24	54	43	48	27	70	53	36	44	61	17	74	56	62	16	78	46	16	34	68	6	52	60	74	39	57	63	8	26	59	42	48	30	40	62	38	43	45	9	51	81	31	69	59	51	60	61	36	62	18	
90	27	45	72	65	51	60	63	29	20	53	72	28	2	55	29	54	40	35	53	58	28	46	55	30	37	31	71	36	57	59	56	40	89	29	3	43	10	52	54	39	33	36	34	63	80	26	62	60	10	51	26	30	57	68	69	43	48	80	16	45	50	49	11	56	56	9	44	41	9	44	8	58	33	26	10	50	38	50	62	49	76	52	0	12	46	56	60	59	39	26	60	63	46	40	27	22	15	35	63	45	45	9	17	73	55	70	2	16	58	12	35	63	68	75	36	62	48	58	45	38	52	22	40	55	16	40	48	44	29	70	10	47	60	21	76	16	32	36	43	43	66	32	62	40	36	49	55	20	42	34	
94	21	48	77	71	62	67	68	40	31	62	78	34	14	66	36	55	36	44	62	54	32	54	53	38	42	40	73	45	60	57	64	34	93	30	12	44	21	60	51	43	39	35	42	58	85	27	63	66	21	62	37	24	62	65	74	54	57	84	7	56	45	56	22	55	52	18	50	48	3	49	18	59	34	33	8	60	44	57	70	43	79	63	12	0	51	51	55	68	48	26	67	70	44	51	37	32	22	36	63	51	52	9	22	78	61	68	10	27	62	4	46	59	70	76	47	57	50	67	50	32	62	21	37	50	24	38	45	55	38	71	21	48	67	26	77	25	35	38	54	43	61	38	60	37	36	47	54	28	38	45	
43	41	4	26	21	39	19	17	36	37	23	27	18	46	43	18	18	30	23	29	34	19	15	28	20	9	22	27	23	13	31	21	41	42	24	43	13	38	24	30	8	14	23	20	43	33	26	22	18	40	38	36	38	12	38	23	37	20	33	47	39	37	13	38	24	34	37	8	12	49	2	39	19	18	20	42	31	8	11	25	43	29	36	46	51	0	44	46	26	21	26	22	22	25	36	28	29	31	17	24	5	12	41	29	26	14	34	46	38	12	47	32	38	24	31	29	42	9	27	2	40	31	31	29	39	31	25	28	31	22	27	39	13	18	25	31	31	16	15	31	17	45	15	32	27	21	25	25	26	30	31	
69	30	40	62	61	80	62	51	68	63	68	64	46	58	85	49	30	18	60	73	13	42	59	19	53	44	56	44	61	41	19	66	17	69	31	54	31	56	68	16	40	48	26	56	9	65	34	34	61	58	80	66	27	54	21	61	76	64	62	44	79	7	58	57	24	12	51	52	54	51	44	54	33	33	48	46	74	45	55	70	8	56	79	56	51	44	0	4	70	61	33	67	65	19	74	60	57	48	32	33	49	55	47	45	59	58	29	54	61	44	47	68	14	43	45	67	8	35	72	45	19	74	36	19	5	51	21	16	72	55	41	57	31	61	45	47	52	36	33	72	27	11	48	20	20	28	19	22	50	17	67	
68	34	42	62	62	83	63	52	71	67	70	64	50	62	88	52	31	22	63	75	13	45	61	19	56	47	59	44	64	42	19	68	21	68	35	58	33	60	70	17	43	51	29	59	6	65	37	34	62	62	82	69	31	56	19	62	79	66	62	48	82	11	60	60	24	12	55	54	56	55	46	58	33	36	51	50	76	47	57	72	12	56	81	60	55	46	4	0	72	64	37	68	66	22	77	63	60	52	35	33	51	58	51	48	59	60	28	58	65	45	51	71	13	43	44	70	6	37	73	47	23	77	39	22	7	55	25	18	74	58	41	61	33	62	48	46	56	39	36	74	29	8	50	20	23	31	21	22	53	20	70	
43	64	30	24	17	23	11	26	36	42	6	23	34	58	26	31	42	55	24	11	60	38	14	53	29	29	28	42	23	32	55	4	66	42	47	57	39	49	8	55	31	29	48	26	68	33	48	43	11	50	22	38	62	17	62	21	27	11	35	66	28	63	13	48	49	60	50	20	20	65	26	51	41	42	34	60	15	28	14	3	69	35	19	59	68	26	70	72	0	21	49	4	10	51	28	33	37	46	41	45	21	17	58	46	29	12	55	60	46	29	65	29	63	39	45	26	68	35	3	25	64	13	52	54	65	44	50	54	20	30	43	50	38	12	41	44	43	39	39	21	43	70	30	56	52	45	51	50	40	56	29	
58	47	24	38	31	19	24	34	16	21	14	38	16	37	24	13	39	43	3	15	54	21	9	48	10	17	8	48	2	34	51	18	52	57	32	37	31	28	13	49	21	13	35	6	62	47	31	44	24	29	18	18	46	24	59	35	15	10	48	47	18	53	13	27	45	53	30	13	9	45	20	31	41	28	16	40	13	17	16	23	58	47	17	39	48	21	61	64	21	0	32	21	26	42	14	12	16	26	29	45	17	11	38	27	42	19	56	39	25	33	45	11	58	45	52	8	61	30	19	19	50	15	34	43	57	23	39	45	10	10	48	29	32	25	23	52	22	25	27	10	34	64	13	53	41	33	44	45	20	45	10	
68	15	23	52	48	51	45	42	35	30	44	54	16	27	56	19	29	14	30	47	32	11	35	29	23	20	25	47	31	34	33	45	20	67	3	23	18	23	43	28	18	20	10	26	38	59	1	37	44	25	50	33	13	39	42	50	45	39	58	21	48	26	36	23	30	30	19	29	29	24	25	22	33	8	17	18	46	21	35	50	27	53	50	26	26	26	33	37	49	32	0	47	48	20	43	27	24	14	10	37	28	32	18	11	52	39	43	24	28	36	22	37	37	44	50	36	37	24	49	26	18	47	5	14	30	17	14	22	42	24	45	24	22	44	12	51	19	10	12	42	17	41	19	36	14	9	23	28	17	16	35	
39	62	26	20	13	27	6	21	37	43	8	19	33	58	30	31	38	52	25	15	56	36	13	49	29	27	28	37	24	28	51	3	63	38	45	57	36	49	10	51	29	28	45	26	65	29	46	39	7	51	26	39	60	13	58	17	30	12	31	65	31	60	11	49	45	56	50	18	18	65	23	51	37	40	34	59	19	26	12	3	66	31	23	60	67	22	67	68	4	21	47	0	6	47	31	34	38	45	39	41	19	15	57	45	25	8	51	59	46	25	64	31	59	35	41	28	64	31	7	22	62	17	50	51	62	43	48	51	23	30	39	50	35	8	41	40	43	37	37	24	40	66	29	52	50	43	47	46	39	53	30	
33	62	26	14	7	33	3	17	42	48	14	13	35	62	36	33	35	52	29	21	53	38	16	47	32	28	32	32	29	24	48	9	63	32	45	60	35	53	16	49	29	30	45	29	62	23	47	35	4	54	32	44	60	10	54	11	36	17	25	67	37	58	13	52	42	53	53	19	21	67	23	55	34	40	36	61	25	26	13	7	65	25	29	63	70	22	65	66	10	26	48	6	0	46	37	38	41	48	39	37	19	18	60	47	19	8	47	62	50	21	66	36	55	30	35	33	61	29	13	22	62	23	51	51	60	46	47	49	29	34	34	54	33	4	43	34	46	37	37	30	39	63	31	49	49	43	45	43	42	52	35	
55	26	21	45	43	61	43	34	50	47	48	47	29	47	66	31	13	9	42	53	12	24	39	9	35	25	38	31	42	24	13	47	19	55	17	43	11	43	48	8	21	30	10	37	20	49	20	20	42	45	60	49	22	35	22	44	57	44	47	38	60	12	38	43	11	11	39	32	34	43	25	42	17	15	30	37	54	25	36	50	19	41	59	46	44	25	19	22	51	42	20	47	46	0	55	42	40	34	14	20	29	36	38	31	42	39	24	44	46	27	40	50	17	29	34	48	19	16	52	25	19	55	24	8	15	36	6	3	53	37	29	44	12	41	29	35	37	18	15	53	7	22	29	16	7	11	3	9	34	8	49	
70	55	38	50	43	11	36	48	11	20	22	50	27	38	15	24	53	55	13	17	67	32	23	62	20	30	17	62	13	48	65	27	63	69	43	39	45	30	20	62	35	25	48	18	76	59	42	59	35	30	11	14	55	38	74	47	3	20	61	52	5	66	27	29	59	66	33	27	23	48	34	33	55	41	26	44	13	31	30	31	70	60	13	40	51	36	74	77	28	14	43	31	37	55	0	15	20	31	41	60	31	25	42	34	54	32	70	41	24	47	49	5	72	59	66	7	75	45	26	34	61	16	43	55	70	28	52	59	8	19	62	30	46	36	31	66	27	37	40	6	48	78	26	67	53	46	57	59	26	57	7	
68	40	29	49	42	25	36	43	8	10	26	49	13	25	30	11	43	41	8	25	55	18	21	49	8	20	6	55	9	41	53	30	48	68	28	25	33	16	25	50	24	14	33	8	62	58	26	50	35	17	25	8	39	34	62	46	18	22	59	37	21	52	25	15	48	53	19	21	17	34	26	19	46	26	11	30	23	21	26	35	55	56	26	27	37	28	60	63	33	12	27	34	38	42	15	0	5	16	28	51	25	21	28	18	52	30	60	27	12	40	35	9	59	52	59	10	61	35	31	26	46	25	27	40	56	13	38	45	18	6	55	17	35	36	15	59	12	23	27	17	35	65	14	56	39	31	44	48	11	42	8	
71	35	29	52	45	30	39	45	11	8	31	52	12	21	34	11	43	38	13	30	53	15	24	48	9	20	9	56	13	42	52	34	44	70	25	20	32	12	29	48	24	14	31	12	60	61	23	50	38	13	30	9	35	37	61	49	23	26	61	32	25	49	28	11	47	51	14	23	20	29	27	14	46	24	10	25	28	21	29	39	51	58	31	22	32	29	57	60	37	16	24	38	41	40	20	5	0	11	26	51	26	24	23	13	54	33	60	22	9	42	30	14	57	53	60	15	59	35	36	27	42	30	23	37	53	8	35	43	23	7	55	12	35	39	12	60	7	21	25	22	33	63	14	55	36	29	43	46	7	39	13	
74	24	29	56	50	41	45	48	22	15	40	57	12	15	46	14	40	29	23	41	46	12	32	43	16	21	18	56	24	42	47	42	34	73	17	12	28	9	38	42	23	18	24	20	52	65	14	48	44	11	41	20	24	41	56	53	34	35	64	21	37	40	34	9	43	44	5	28	26	19	29	8	43	19	11	14	39	23	35	48	42	60	42	15	22	31	48	52	46	26	14	45	48	34	31	16	11	0	21	48	30	30	12	3	58	39	56	14	13	43	19	26	51	53	60	26	51	33	45	29	32	41	12	29	45	3	28	36	34	16	55	10	32	45	5	60	5	17	21	33	29	55	17	50	28	23	37	42	6	31	25	
57	24	13	42	38	48	36	32	36	33	37	44	14	35	53	17	19	14	28	42	26	10	28	22	21	13	24	36	29	24	26	37	24	57	7	32	8	30	37	22	10	16	6	24	34	49	9	27	35	32	47	35	21	29	35	40	43	33	48	31	46	24	28	30	22	25	26	21	22	35	16	29	23	2	16	28	42	13	27	42	29	43	46	35	36	17	32	35	41	29	10	39	39	14	41	28	26	21	0	27	20	25	28	18	42	31	35	34	33	25	32	36	31	33	39	34	33	14	42	17	23	42	15	13	28	23	10	17	39	23	34	31	11	35	16	41	24	4	2	39	8	37	15	29	12	4	16	21	20	15	35	
36	46	22	30	31	62	34	20	59	59	45	32	39	63	67	40	8	29	47	52	20	36	38	14	43	31	45	11	47	12	14	41	39	36	34	60	19	57	46	17	27	37	28	43	27	32	37	1	33	59	61	59	43	27	17	30	61	43	29	58	63	29	35	57	9	21	54	32	36	62	25	57	5	30	41	55	54	30	32	43	36	23	59	63	63	24	33	33	45	45	37	41	37	20	60	51	51	48	27	0	28	35	55	46	26	33	10	61	59	15	59	56	20	10	13	53	27	16	47	25	39	53	42	29	28	50	26	21	55	45	8	58	16	33	43	15	50	31	27	55	20	27	37	13	27	27	18	12	46	28	55	
44	43	8	26	20	34	16	18	32	34	18	27	17	45	38	16	23	33	19	24	39	19	10	33	17	8	18	31	19	17	36	17	44	43	26	43	17	37	19	34	10	12	26	16	48	34	27	27	15	38	33	32	41	11	43	23	32	15	34	48	35	42	8	36	29	39	36	4	8	49	4	38	24	21	19	43	26	7	7	22	47	31	31	45	51	5	49	51	21	17	28	19	19	29	31	25	26	30	20	28	0	7	41	29	28	11	39	45	36	16	47	28	43	28	35	25	47	14	22	3	43	26	32	32	44	29	29	33	26	19	31	37	17	15	25	35	29	18	18	26	21	50	13	37	31	24	30	30	25	34	27	
47	47	15	28	21	26	15	23	27	31	12	28	18	44	31	15	30	39	13	17	46	21	3	40	14	12	15	37	13	23	43	13	49	46	30	42	24	35	12	41	15	12	31	12	55	37	31	34	14	36	26	28	45	13	51	25	25	8	38	50	28	48	4	34	37	46	35	3	3	49	11	37	31	25	18	44	19	11	5	18	53	36	24	45	52	12	55	58	17	11	32	15	18	36	25	21	24	30	25	35	7	0	42	30	31	9	46	44	33	22	49	22	50	34	41	19	54	22	17	10	48	19	35	38	51	28	34	39	19	16	37	36	24	15	25	41	28	22	23	19	28	57	13	45	36	29	37	37	24	40	21	
84	18	39	67	62	53	57	58	32	23	52	68	24	10	57	26	47	31	35	53	49	22	44	47	28	33	30	64	36	51	51	55	31	84	21	6	36	13	51	45	33	29	28	32	54	75	18	55	56	14	53	29	20	53	59	65	45	47	74	9	48	41	47	14	48	47	9	40	39	7	39	10	51	26	23	2	51	34	47	60	40	70	54	9	9	41	47	51	58	38	18	57	60	38	42	28	23	12	28	55	41	42	0	12	68	51	61	7	20	53	7	37	54	61	68	38	53	42	57	40	29	53	13	31	46	15	31	39	46	28	63	13	39	57	17	69	16	26	29	45	35	57	29	54	31	28	41	47	18	33	36	
72	21	27	55	49	43	45	46	25	18	40	56	12	17	48	14	37	26	24	42	43	10	32	40	17	20	19	54	25	40	44	42	31	72	14	14	26	12	39	39	22	17	21	21	49	63	11	45	44	14	43	22	22	40	53	52	36	35	62	20	39	37	34	12	40	41	8	28	26	19	27	11	41	16	11	13	40	22	34	48	39	59	43	17	22	29	45	48	46	27	11	45	47	31	34	18	13	3	18	46	29	30	12	0	56	39	53	16	16	41	18	28	48	51	57	28	48	31	45	28	29	42	9	26	42	6	25	33	35	17	52	13	29	44	4	58	7	15	18	34	26	52	16	47	25	20	34	39	7	28	26	
16	65	29	5	12	52	19	10	58	62	33	7	45	73	55	44	29	51	44	40	46	45	32	40	45	36	46	17	44	18	40	28	62	15	49	70	35	65	35	43	34	40	46	43	53	7	51	25	19	66	51	59	62	17	43	8	54	34	6	73	56	54	28	64	35	47	63	30	34	75	29	66	26	44	47	69	44	34	25	26	61	6	48	73	78	26	59	59	29	42	52	25	19	42	54	52	54	58	42	26	28	31	68	56	0	22	34	72	64	16	74	52	46	16	19	49	53	28	32	28	61	42	57	50	54	57	46	45	47	47	19	65	32	18	52	17	57	42	40	48	38	54	41	39	48	44	41	37	53	50	52	
38	54	18	18	11	30	5	16	36	40	12	18	27	54	34	25	30	44	22	19	48	29	9	41	24	19	24	31	22	20	43	8	55	37	37	52	27	45	13	43	21	21	37	22	56	28	38	32	5	46	29	37	52	6	50	15	32	12	29	58	34	51	5	44	37	47	45	11	13	59	15	47	29	32	28	53	22	18	4	11	57	28	27	55	61	14	58	60	12	19	39	8	8	39	32	30	33	39	31	33	11	9	51	39	22	0	44	54	43	18	58	30	50	29	35	27	56	23	14	14	54	21	43	43	53	38	39	42	25	26	32	46	26	5	34	34	38	29	29	26	32	58	22	44	41	35	39	38	34	44	29	
41	49	32	39	41	73	45	30	69	68	56	41	48	70	77	49	17	32	57	62	17	45	49	15	52	40	55	17	57	23	12	52	40	41	40	66	28	65	57	17	36	46	33	53	21	39	43	12	44	67	72	68	46	38	9	39	71	54	35	62	74	28	46	65	13	19	61	43	47	67	36	64	15	37	50	61	65	40	43	54	35	29	70	70	68	34	29	28	55	56	43	51	47	24	70	60	60	56	35	10	39	46	61	53	34	44	0	68	68	26	64	66	14	17	17	63	21	25	58	36	41	64	48	32	25	58	30	23	65	54	14	66	25	43	51	19	59	39	35	66	27	21	46	9	31	33	21	14	55	31	65	
89	25	44	71	65	52	60	63	30	21	53	72	27	4	56	29	53	38	35	53	56	27	46	53	30	36	31	70	36	56	57	56	38	88	28	2	42	11	52	52	38	32	34	34	61	79	25	61	59	11	52	27	27	56	66	68	44	48	79	14	46	48	49	12	55	54	9	43	41	7	43	8	57	31	26	8	50	38	50	62	47	75	53	2	10	46	54	58	60	39	24	59	62	44	41	27	22	14	34	61	45	44	7	16	72	54	68	0	17	57	10	36	61	67	73	37	60	47	58	44	36	53	20	38	53	16	38	46	45	29	68	11	45	60	20	74	16	31	34	44	41	64	32	61	38	34	47	53	20	40	35	
80	36	38	61	54	35	48	55	13	4	39	62	20	14	39	20	51	43	21	38	59	23	33	55	18	29	18	65	22	51	59	43	47	79	30	15	40	6	37	54	32	23	37	21	66	70	27	58	48	6	35	10	37	46	68	58	27	35	70	29	29	54	37	5	55	57	11	33	30	24	36	9	54	31	18	22	34	30	39	48	55	67	36	16	27	38	61	65	46	25	28	46	50	46	24	12	9	13	33	59	36	33	20	16	64	43	68	17	0	51	26	19	64	62	69	21	65	43	44	36	45	37	26	42	58	10	41	49	29	17	64	6	43	48	17	69	9	29	33	27	41	68	23	62	42	35	49	54	13	44	18	
31	49	13	18	16	48	19	7	48	50	30	20	31	58	52	31	14	34	35	37	32	30	24	25	32	21	34	15	35	3	27	26	45	31	33	55	18	51	31	28	19	27	29	32	40	23	35	14	18	52	47	48	46	12	32	17	47	28	22	57	50	39	21	50	21	32	49	20	24	60	14	51	12	27	33	53	39	20	18	28	46	17	44	58	62	12	44	45	29	33	36	25	21	27	47	40	42	43	25	15	16	22	53	41	16	18	26	57	51	0	58	44	34	12	19	41	40	12	32	14	45	38	41	33	39	43	30	30	41	34	15	51	15	17	37	19	43	26	24	41	22	42	27	27	32	28	26	22	39	34	43	
89	17	44	73	68	60	63	64	39	30	59	74	31	14	64	33	51	32	42	60	50	28	51	49	35	38	37	69	43	56	53	61	30	89	25	11	40	19	58	47	39	36	31	39	54	81	22	59	63	20	60	36	20	59	61	71	52	54	80	3	54	41	53	20	51	48	16	47	45	4	45	16	55	30	30	5	58	40	53	67	39	75	61	12	4	47	47	51	65	45	22	64	66	40	49	35	30	19	32	59	47	49	7	18	74	58	64	10	26	58	0	44	55	66	72	45	53	46	64	46	28	60	17	32	46	22	34	41	53	35	67	20	44	63	23	73	23	31	33	52	38	57	35	56	33	31	43	49	25	34	43	
68	50	34	49	41	16	34	45	7	15	22	48	21	33	20	19	49	50	9	19	62	26	20	57	15	26	12	59	9	45	60	27	57	68	37	34	40	25	20	57	30	20	42	13	70	58	36	55	34	25	16	9	49	35	69	45	8	19	59	46	11	60	24	24	55	61	28	24	20	43	30	28	51	35	20	39	15	26	27	32	64	58	17	35	46	32	68	71	29	11	37	31	36	50	5	9	14	26	36	56	28	22	37	28	52	30	66	36	19	44	44	0	67	56	63	3	69	40	26	30	55	18	37	49	64	22	46	53	9	13	59	25	42	35	25	63	21	32	35	8	43	73	21	63	48	40	52	55	21	51	1	
55	39	34	50	51	76	53	40	68	65	61	52	46	64	81	48	20	23	58	67	5	42	53	10	52	41	55	31	58	31	7	59	27	55	34	60	26	60	62	9	36	46	27	54	7	52	37	21	52	62	76	67	35	45	7	50	73	58	49	52	76	15	51	60	13	7	56	46	49	59	38	59	21	33	48	53	69	41	48	62	21	43	74	63	59	38	14	13	63	58	37	59	55	17	72	59	57	51	31	20	43	50	54	48	46	50	14	61	64	34	55	67	0	30	31	65	7	28	64	39	29	69	41	23	11	53	23	15	68	54	28	61	25	51	47	33	55	36	32	68	24	7	46	7	23	28	14	12	51	21	65	
26	54	24	21	24	59	28	13	60	61	41	23	42	68	63	42	15	38	47	48	30	40	36	24	44	32	46	3	47	11	24	37	48	26	40	65	25	61	42	27	29	38	35	44	37	22	43	9	28	63	58	60	51	22	26	22	59	40	19	65	62	39	32	61	19	31	59	32	36	68	26	61	11	35	43	62	51	31	29	38	46	13	56	68	70	24	43	43	39	45	44	35	30	29	59	52	53	53	33	10	28	34	61	51	16	29	17	67	62	12	66	56	30	0	7	53	37	19	42	26	48	50	49	37	38	53	34	31	53	46	3	62	22	27	47	7	54	35	32	53	27	37	39	23	36	34	27	21	49	37	55	
24	60	31	24	28	66	34	19	67	68	47	26	49	75	70	49	21	43	54	54	32	47	43	27	51	40	53	4	54	18	26	43	53	24	46	72	31	68	49	30	36	45	41	51	38	22	49	13	34	70	65	67	56	29	26	26	66	47	18	71	68	42	39	68	23	33	65	39	43	74	33	68	17	42	50	68	57	38	36	43	49	13	62	75	76	31	45	44	45	52	50	41	35	34	66	59	60	60	39	13	35	41	68	57	19	35	17	73	69	19	72	63	31	7	0	60	38	26	48	33	53	56	55	42	40	60	39	35	59	53	5	69	28	33	54	2	61	42	38	60	33	38	46	24	41	40	31	25	56	42	62	
65	49	31	45	38	15	31	42	9	17	19	45	20	34	20	17	46	48	6	17	60	25	17	55	13	23	10	56	6	42	58	24	56	64	36	35	38	26	17	55	28	18	41	10	68	55	35	52	31	26	15	12	49	32	67	42	9	16	56	47	12	59	21	25	52	59	29	21	17	44	27	29	48	33	19	40	13	24	24	29	63	54	16	36	47	29	67	70	26	8	36	28	33	48	7	10	15	26	34	53	25	19	38	28	49	27	63	37	21	41	45	3	65	53	60	0	68	38	24	27	54	16	37	48	63	23	45	52	8	12	56	26	39	32	25	60	22	30	33	7	41	71	19	60	46	38	50	52	20	50	2	
62	36	39	57	57	80	59	46	70	66	66	59	48	63	85	50	26	22	61	72	8	43	58	14	54	44	57	38	62	37	13	64	24	62	34	59	30	60	66	12	40	49	28	57	1	59	37	28	58	62	79	68	33	51	13	57	77	63	56	50	79	12	56	60	19	8	56	50	53	57	43	59	28	34	50	52	73	44	53	67	16	50	78	62	57	42	8	6	68	61	37	64	61	19	75	61	59	51	33	27	47	54	53	48	53	56	21	60	65	40	53	69	7	37	38	68	0	33	69	44	25	73	40	22	7	54	23	16	72	56	35	61	29	57	48	40	55	38	34	72	27	4	48	14	23	29	17	17	52	20	68	
43	37	6	29	27	48	26	18	43	43	33	31	23	48	53	24	8	23	31	39	25	21	25	18	27	15	29	22	31	10	21	31	34	43	21	45	6	42	33	20	11	21	17	27	33	35	24	15	25	43	48	43	34	19	29	28	46	30	34	46	49	28	23	41	15	24	39	18	21	49	10	42	11	16	25	42	41	14	20	34	35	29	46	48	50	9	35	37	35	30	24	31	29	16	45	35	35	33	14	16	14	22	42	31	28	23	25	47	43	12	46	40	28	19	26	38	33	0	36	11	33	41	29	22	30	34	18	19	40	29	21	43	4	25	27	27	35	16	12	41	10	35	21	23	20	16	16	15	30	23	39	
46	64	31	27	20	20	13	29	33	41	5	26	34	57	23	31	44	56	23	8	61	38	14	55	28	29	27	44	22	34	57	5	66	45	47	56	40	48	6	57	32	29	48	25	70	36	48	46	14	49	19	36	62	20	64	24	24	10	38	65	25	64	13	47	51	61	49	20	20	64	27	50	43	42	34	59	13	28	16	6	70	38	16	58	67	27	72	73	3	19	49	7	13	52	26	31	36	45	42	47	22	17	57	45	32	14	58	58	44	32	64	26	64	42	48	24	69	36	0	26	65	10	52	55	67	43	51	55	18	29	46	48	40	15	41	47	42	39	40	19	44	72	30	58	53	46	52	52	39	57	26	
44	40	5	27	21	37	19	18	34	35	22	28	17	44	42	16	19	30	21	28	36	17	14	29	18	7	20	29	21	15	32	21	41	44	23	42	14	36	22	31	7	13	23	18	44	35	25	24	18	38	36	34	38	13	40	24	35	19	34	46	38	38	12	36	26	35	35	7	10	47	1	37	21	18	18	41	29	6	10	25	44	31	34	45	50	2	45	47	25	19	26	22	22	25	34	26	27	29	17	25	3	10	40	28	28	14	36	44	36	14	46	30	39	26	33	27	44	11	26	0	40	29	30	29	40	29	25	29	29	20	29	37	14	18	24	33	29	15	15	29	18	46	13	34	27	21	26	26	25	31	29	
75	11	36	63	60	69	59	52	53	47	60	65	34	39	74	37	33	10	49	64	24	29	51	26	41	36	44	51	50	42	29	60	2	74	18	35	27	39	60	23	33	38	17	45	26	68	19	39	58	41	69	51	8	52	35	61	64	56	66	25	66	13	51	39	30	22	34	44	45	32	39	37	37	22	35	27	64	36	50	65	11	60	68	38	32	40	19	23	64	50	18	62	62	19	61	46	42	32	23	39	43	48	29	29	61	54	41	36	45	45	28	55	29	48	53	54	25	33	65	40	0	65	19	11	18	35	15	17	61	42	48	40	29	58	30	54	36	26	25	60	23	29	37	32	13	19	21	27	35	11	54	
56	62	34	37	30	10	23	37	25	33	9	36	31	50	13	28	49	57	18	2	65	36	15	59	25	30	23	52	17	41	62	14	67	55	46	50	43	42	7	60	33	27	49	21	74	46	46	52	23	42	9	28	61	27	69	34	14	10	48	62	15	67	18	41	55	65	44	22	20	59	30	44	49	42	31	55	2	29	21	16	72	48	6	52	62	31	74	77	13	15	47	17	23	55	16	25	30	41	42	53	26	19	53	42	42	21	64	53	37	38	60	18	69	50	56	16	73	41	10	29	65	0	49	56	70	38	53	58	8	25	53	42	43	24	38	56	37	39	41	10	47	76	28	63	55	47	56	56	35	58	18	
73	12	28	57	52	52	49	47	34	28	47	58	18	23	57	21	34	18	32	49	36	14	38	33	24	23	27	52	33	39	37	48	21	72	8	19	23	20	46	32	23	23	14	28	41	64	5	42	48	22	52	32	12	43	46	55	46	42	63	16	48	28	39	21	35	34	15	32	32	19	29	18	38	13	18	13	48	25	39	53	29	58	52	22	21	31	36	39	52	34	5	50	51	24	43	27	23	12	15	42	32	35	13	9	57	43	48	20	26	41	17	37	41	49	55	37	40	29	52	30	19	49	0	18	33	16	18	26	44	25	50	21	27	48	12	56	17	14	17	43	21	44	22	40	18	14	27	33	16	20	36	
63	17	25	51	49	62	48	41	48	44	51	53	27	41	67	30	21	1	41	55	18	22	42	17	34	26	37	40	42	31	20	50	12	63	12	37	16	38	51	14	23	30	7	37	23	57	14	29	47	40	61	47	14	41	28	50	57	47	55	30	60	11	41	38	19	16	33	35	36	36	28	36	26	14	29	30	56	27	40	55	15	49	60	40	37	29	19	22	54	43	14	51	51	8	55	40	37	29	13	29	32	38	31	26	50	43	32	38	42	33	32	49	23	37	42	48	22	22	55	29	11	56	18	0	16	32	4	8	53	36	37	39	18	47	25	44	33	17	15	53	12	26	29	23	2	9	11	17	30	2	48	
64	29	35	57	56	76	57	46	64	60	63	59	43	56	81	45	25	15	56	68	8	38	54	14	49	40	52	39	57	36	14	61	17	64	28	52	26	54	63	11	36	44	22	52	8	60	31	29	56	56	75	63	26	49	18	56	72	59	57	43	75	5	53	54	19	7	49	47	49	50	39	52	28	29	44	45	69	40	51	65	9	51	74	55	50	39	5	7	65	57	30	62	60	15	70	56	53	45	28	28	44	51	46	42	54	53	25	53	58	39	46	64	11	38	40	63	7	30	67	40	18	70	33	16	0	48	18	11	67	51	36	55	26	55	42	42	49	32	29	67	22	11	43	16	17	24	14	17	46	13	63	
74	28	29	55	49	38	44	48	18	12	37	56	12	15	43	13	41	32	20	38	49	13	30	45	14	21	15	57	21	42	49	40	37	73	19	13	30	7	36	44	24	16	26	18	55	64	17	49	43	9	38	16	28	41	58	53	31	32	64	24	33	43	33	7	45	47	6	27	25	21	28	8	45	21	10	17	36	23	34	46	45	60	39	16	24	31	51	55	44	23	17	43	46	36	28	13	8	3	23	50	29	28	15	6	57	38	58	16	10	43	22	22	53	53	60	23	54	34	43	29	35	38	16	32	48	0	31	39	31	13	55	8	33	44	7	61	1	19	23	30	31	58	16	52	31	25	39	44	4	34	21	
60	20	21	48	45	59	44	37	46	42	47	49	25	41	64	27	18	5	38	52	18	20	38	15	31	23	34	37	39	27	19	46	16	59	11	37	12	37	47	14	19	26	4	34	24	53	14	26	43	39	58	45	17	37	28	46	54	43	51	32	57	14	37	37	17	16	33	31	33	37	24	36	22	11	26	31	52	23	36	51	18	46	57	40	38	25	21	25	50	39	14	48	47	6	52	38	35	28	10	26	29	34	31	25	46	39	30	38	41	30	34	46	23	34	39	45	23	18	51	25	15	53	18	4	18	31	0	8	50	33	34	38	14	43	24	41	32	14	12	50	8	27	26	22	2	6	9	15	29	5	45	
57	26	24	48	46	65	46	37	54	50	51	50	32	49	70	34	16	8	45	57	10	27	43	8	38	29	41	33	46	27	12	50	17	57	19	45	15	45	52	6	24	33	12	41	17	52	22	22	45	47	64	52	22	39	20	47	61	48	49	39	63	9	42	45	12	8	41	36	38	44	28	44	19	18	34	38	58	29	39	54	16	43	63	48	45	28	16	18	54	45	22	51	49	3	59	45	43	36	17	21	33	39	39	33	45	42	23	46	49	30	41	53	15	31	35	52	16	19	55	29	17	58	26	8	11	39	8	0	56	40	30	46	15	45	32	37	40	21	18	56	11	19	32	15	8	13	4	10	37	7	52	
62	56	34	42	35	8	28	41	17	25	14	42	26	42	13	23	49	54	12	9	64	31	16	58	19	27	17	55	11	43	61	19	63	61	42	43	41	34	12	59	31	23	46	16	73	52	42	53	28	34	8	19	56	31	69	39	7	13	53	55	9	64	20	33	55	63	37	22	18	52	30	37	50	39	26	48	5	27	23	23	68	53	8	44	55	31	72	74	20	10	42	23	29	53	8	18	23	34	39	55	26	19	46	35	47	25	65	45	29	41	53	9	68	53	59	8	72	40	18	29	61	8	44	53	67	31	50	56	0	18	56	34	43	29	32	59	30	35	38	1	45	75	24	63	52	44	54	56	28	55	10	
63	37	23	44	37	27	31	38	14	15	24	44	8	28	32	5	37	36	7	25	49	13	17	44	2	14	2	49	8	35	48	27	44	62	24	27	27	19	22	44	18	8	29	4	57	53	23	44	31	20	26	14	37	29	56	41	21	19	53	37	24	47	20	18	42	48	20	16	12	35	20	21	40	22	7	30	23	15	22	32	50	51	26	29	38	22	55	58	30	10	24	30	34	37	19	6	7	16	23	45	19	16	28	17	47	26	54	29	17	34	35	13	54	46	53	12	56	29	29	20	42	25	25	36	51	13	33	40	18	0	49	20	29	31	13	53	13	18	21	18	29	60	8	50	34	27	39	42	10	38	12	
27	55	26	24	27	63	32	17	63	63	44	26	44	70	67	44	16	38	50	52	28	42	40	23	47	35	49	3	50	14	22	40	48	27	41	67	26	63	46	26	32	41	36	47	35	24	44	8	31	65	62	63	51	26	23	25	63	43	21	66	65	38	36	63	18	29	60	35	39	69	29	63	12	37	46	63	55	34	33	41	45	15	59	70	71	27	41	41	43	48	45	39	34	29	62	55	55	55	34	8	31	37	63	52	19	32	14	68	64	15	67	59	28	3	5	56	35	21	46	29	48	53	50	37	36	55	34	30	56	49	0	64	23	31	49	6	56	37	34	57	28	35	41	21	36	35	26	21	52	37	58	
82	31	38	63	57	41	51	56	19	10	43	64	20	8	45	21	50	39	25	43	56	21	37	53	21	30	21	65	26	51	57	47	42	81	27	9	38	1	42	52	32	25	34	24	62	72	24	57	50	1	41	16	32	48	66	60	33	38	72	23	35	50	40	1	53	54	5	35	32	18	37	3	53	29	18	16	40	31	41	52	50	69	42	10	21	39	57	61	50	29	24	50	54	44	30	17	12	10	31	58	37	36	13	13	65	46	66	11	6	51	20	25	61	62	69	26	61	43	48	37	40	42	21	39	55	8	38	46	34	20	64	0	41	51	15	70	8	27	31	33	39	65	24	60	38	33	47	52	12	41	24	
46	33	9	33	31	51	30	22	44	43	36	35	23	47	56	24	8	19	33	42	21	20	28	15	27	16	30	25	33	13	18	34	30	46	18	43	3	41	37	17	11	21	13	29	30	39	21	15	29	42	50	43	30	23	27	32	48	33	37	43	51	25	26	40	13	21	37	21	24	46	13	40	11	13	25	40	43	15	24	38	31	32	48	47	48	13	31	33	38	32	22	35	33	12	46	35	35	32	11	16	17	24	39	29	32	26	25	45	43	15	44	42	25	22	28	39	29	4	40	14	29	43	27	18	26	33	14	15	43	29	23	41	0	29	26	29	34	14	10	43	6	32	21	21	16	12	12	13	30	19	40	
33	59	22	13	6	34	1	13	41	46	15	13	32	59	37	30	31	48	28	22	49	34	15	42	30	24	30	29	27	20	44	10	59	32	41	58	31	50	17	45	25	27	41	27	58	23	43	31	1	52	33	43	56	6	50	10	36	16	24	64	38	54	11	50	38	49	50	16	19	64	19	52	30	36	33	58	26	23	10	10	61	24	30	60	67	18	61	62	12	25	44	8	4	41	36	36	39	45	35	33	15	15	57	44	18	5	43	60	48	17	63	35	51	27	33	32	57	25	15	18	58	24	48	47	55	44	43	45	29	31	31	51	29	0	40	32	44	33	33	30	35	59	28	45	45	39	41	39	40	48	34	
68	24	23	51	45	40	40	42	23	18	36	52	7	21	45	10	34	26	20	38	42	6	27	38	13	16	15	50	21	36	42	38	32	68	13	18	23	14	35	37	18	13	19	17	49	59	11	42	39	16	40	21	24	36	51	48	34	31	58	24	36	37	30	14	38	40	11	23	22	24	23	14	38	14	7	18	36	17	30	43	39	55	40	21	26	25	45	48	41	23	12	41	43	29	31	15	12	5	16	43	25	25	17	4	52	34	51	20	17	37	23	25	47	47	54	25	48	27	41	24	30	38	12	25	42	7	24	32	32	13	49	15	26	40	0	55	8	12	16	31	24	51	12	45	25	18	32	37	5	28	24	
22	61	31	23	27	65	33	18	67	68	46	25	49	76	69	49	22	45	54	54	34	48	43	29	51	40	53	4	54	18	28	42	54	22	47	72	33	69	48	32	37	46	42	51	40	20	50	15	33	70	64	67	58	28	28	25	66	46	17	72	68	44	39	68	25	35	66	39	43	76	33	69	18	43	51	69	57	39	36	42	51	11	62	76	77	31	47	46	44	52	51	40	34	35	66	59	60	60	41	15	35	41	69	58	17	34	19	74	69	19	73	63	33	7	2	60	40	27	47	33	54	56	56	44	42	61	41	37	59	53	6	70	29	32	55	0	62	43	39	60	34	40	46	26	42	41	33	27	57	43	62	
74	29	30	55	49	37	44	48	17	10	37	56	12	15	41	13	42	34	19	37	50	14	30	46	13	21	14	57	20	43	50	40	39	73	21	14	31	7	35	45	24	17	27	17	56	64	18	50	43	8	37	15	29	41	59	53	30	32	64	25	32	45	33	6	46	48	7	27	25	22	29	8	45	22	10	18	35	23	34	45	46	61	38	16	25	31	52	56	43	22	19	43	46	37	27	12	7	5	24	50	29	28	16	7	57	38	59	16	9	43	23	21	55	54	61	22	55	35	42	29	36	37	17	33	49	1	32	40	30	13	56	8	34	44	8	62	0	20	24	29	32	59	16	53	32	26	40	45	4	35	20	
58	25	13	42	37	44	34	32	32	29	34	43	10	32	49	12	22	18	24	38	31	6	25	26	17	10	19	38	24	25	30	35	27	58	8	29	11	26	34	26	8	12	10	19	38	50	9	30	33	28	43	31	23	28	39	40	39	30	48	31	42	29	26	26	26	29	23	19	19	33	14	26	26	3	12	26	38	11	25	40	33	44	43	32	35	16	36	39	39	25	10	37	37	18	37	23	21	17	4	31	18	22	26	15	42	29	39	31	29	26	31	32	36	35	42	30	38	16	39	15	26	39	14	17	32	19	14	21	35	18	37	27	14	33	12	43	20	0	4	35	12	41	11	33	16	8	21	25	16	19	30	
56	25	11	40	36	46	34	30	35	33	35	42	13	36	51	16	18	16	26	40	27	10	26	22	20	11	23	35	27	22	26	35	26	55	8	33	7	30	35	22	8	14	8	22	35	47	11	26	33	32	46	34	23	27	35	38	42	31	46	33	45	26	26	30	22	26	27	19	21	36	14	30	22	3	15	29	40	11	25	40	30	41	45	36	38	15	33	36	39	27	12	37	37	15	40	27	25	21	2	27	18	23	29	18	40	29	35	34	33	24	33	35	32	32	38	33	34	12	40	15	25	41	17	15	29	23	12	18	38	21	34	31	10	33	16	39	24	4	0	38	8	38	14	29	13	6	17	21	20	17	33	
63	56	34	43	36	8	29	42	15	24	16	43	26	41	13	23	49	54	11	11	64	31	17	58	19	27	16	56	10	43	62	21	62	62	42	42	42	33	13	59	32	23	46	15	73	53	41	54	29	33	8	18	55	32	70	40	6	14	54	54	8	64	21	32	56	63	36	22	19	51	30	36	51	39	25	47	7	27	24	25	68	54	9	43	54	31	72	74	21	10	42	24	30	53	6	17	22	33	39	55	26	19	45	34	48	26	66	44	27	41	52	8	68	53	60	7	72	41	19	29	60	10	43	53	67	30	50	56	1	18	57	33	43	30	31	60	29	35	38	0	45	75	24	64	51	44	54	56	27	55	9	
53	27	13	40	37	53	36	29	44	41	40	41	22	43	58	24	12	13	34	46	19	18	31	14	28	17	30	30	35	19	18	39	24	52	13	39	4	38	40	14	13	22	7	30	27	45	16	20	35	40	53	43	24	29	27	38	50	36	43	37	52	20	30	38	14	18	34	24	27	41	17	37	16	10	24	35	46	17	28	43	25	38	51	43	43	17	27	29	43	34	17	40	39	7	48	35	33	29	8	20	21	28	35	26	38	32	27	41	41	22	38	43	24	27	33	41	27	10	44	18	23	47	21	12	22	31	8	11	45	29	28	39	6	35	24	34	32	12	8	45	0	30	21	21	10	7	9	13	28	13	41	
62	40	41	58	58	83	60	48	73	70	68	60	51	67	88	54	28	26	64	75	10	47	60	17	58	47	61	38	65	38	14	66	27	62	38	63	33	64	69	15	43	52	31	60	3	59	41	29	60	66	82	72	37	53	12	58	80	65	56	54	83	16	58	64	21	11	60	53	56	61	45	62	29	38	53	56	76	47	56	69	19	50	81	66	61	45	11	8	70	64	41	66	63	22	78	65	63	55	37	27	50	57	57	52	54	58	21	64	68	42	57	73	7	37	38	71	4	35	72	46	29	76	44	26	11	58	27	19	75	60	35	65	32	59	51	40	59	41	38	75	30	0	52	14	26	33	20	20	56	24	71	
58	34	15	39	33	33	28	31	22	22	25	40	4	31	38	3	29	30	12	27	41	8	16	36	6	6	8	42	13	27	39	26	38	57	18	29	19	23	24	36	10	1	22	8	49	48	18	36	27	25	32	22	32	24	48	36	28	20	48	36	31	40	18	23	34	40	22	11	10	36	13	24	32	15	5	30	27	7	18	31	44	44	31	32	38	15	48	50	30	13	19	29	31	29	26	14	14	17	15	37	13	13	29	16	41	22	46	32	23	27	35	21	46	39	46	19	48	21	30	13	37	28	22	29	43	16	26	32	24	8	41	24	21	28	12	46	16	11	14	24	21	52	0	42	27	19	31	34	12	31	19	
48	41	29	43	44	71	46	33	64	62	55	45	43	63	76	44	14	24	54	62	8	39	48	7	48	37	51	24	54	24	3	53	31	48	33	59	23	59	56	8	32	42	26	50	14	45	36	14	46	61	71	64	37	39	6	43	69	53	42	54	72	19	46	59	8	10	55	41	44	59	33	58	15	31	45	53	64	36	43	55	26	36	69	62	60	32	20	20	56	53	36	52	49	16	67	56	55	50	29	13	37	45	54	47	39	44	9	61	62	27	56	63	7	23	24	60	14	23	58	34	32	63	40	23	16	52	22	15	63	50	21	60	21	45	45	26	53	33	29	64	21	14	42	0	23	27	13	8	49	22	61	
62	19	23	50	47	60	46	39	47	43	49	51	26	41	65	29	20	3	40	54	18	21	40	16	33	25	36	38	41	29	19	48	14	61	11	37	14	37	49	14	21	28	5	36	24	55	14	27	45	39	60	46	15	39	28	48	55	45	53	31	58	12	39	37	18	16	33	33	34	36	26	36	24	12	27	30	54	25	38	53	17	47	59	40	37	27	20	23	52	41	14	50	49	7	53	39	36	28	12	27	31	36	31	25	48	41	31	38	42	32	33	48	23	36	41	46	23	20	53	27	13	55	18	2	17	31	2	8	52	34	36	38	16	45	25	42	32	16	13	51	10	26	27	23	0	7	10	16	29	3	46	
59	21	17	45	41	52	40	34	40	36	42	47	18	36	57	21	19	10	32	46	23	13	32	20	25	17	28	37	33	26	24	41	20	59	6	32	9	32	41	19	14	20	2	28	30	51	9	27	39	34	52	38	18	33	33	43	48	37	50	30	50	20	32	32	20	22	28	25	27	34	20	31	23	5	20	28	46	18	31	46	24	45	51	36	36	21	28	31	45	33	9	43	43	11	46	31	29	23	4	27	24	29	28	20	44	35	33	34	35	28	31	40	28	34	40	38	29	16	46	21	19	47	14	9	24	25	6	13	44	27	35	33	12	39	18	41	26	8	6	44	7	33	19	27	7	0	14	19	23	11	39	
53	29	21	44	42	62	43	33	53	50	49	46	31	50	67	33	12	12	43	54	10	27	40	6	37	27	40	29	44	23	10	47	21	53	20	46	12	46	49	5	22	31	13	39	18	48	23	18	42	48	62	52	25	35	19	43	59	45	45	41	62	13	39	46	8	9	42	33	36	46	25	45	15	18	33	40	55	26	36	51	20	39	60	49	47	25	19	21	51	44	23	47	45	3	57	44	43	37	16	18	30	37	41	34	41	39	21	47	49	26	43	52	14	27	31	50	17	16	52	26	21	56	27	11	14	39	9	4	54	39	26	47	12	41	32	33	40	21	17	54	9	20	31	13	10	14	0	6	36	10	51	
48	35	22	40	39	64	41	29	56	54	48	42	34	55	69	36	8	18	46	55	9	31	41	3	40	29	43	23	46	19	5	46	27	48	25	52	14	51	49	6	24	34	18	42	18	43	28	12	40	53	63	55	32	33	14	39	61	45	40	47	64	17	38	51	2	10	47	34	37	52	26	50	11	23	36	46	56	28	36	49	24	34	61	55	54	25	22	22	50	45	28	46	43	9	59	48	46	42	21	12	30	37	47	39	37	38	14	53	54	22	49	55	12	21	25	52	17	15	52	26	27	56	33	17	17	44	15	10	56	42	21	52	13	39	37	27	45	25	21	56	13	20	34	8	16	19	6	0	41	16	53	
70	29	26	51	45	36	40	43	18	13	34	52	8	19	41	9	38	31	17	35	46	10	26	42	10	17	12	53	18	39	46	36	37	69	18	18	27	11	32	42	20	12	24	14	53	60	16	45	39	13	36	16	28	36	55	48	29	29	60	27	32	42	29	11	42	45	10	23	21	25	24	12	41	18	6	20	33	18	30	42	44	56	36	20	28	26	50	53	40	20	17	39	42	34	26	11	7	6	20	46	25	24	18	7	53	34	55	20	13	39	25	21	51	49	56	20	52	30	39	25	35	35	16	30	46	4	29	37	28	10	52	12	30	40	5	57	4	16	20	27	28	56	12	49	29	23	36	41	0	33	19	
63	18	26	52	50	64	49	41	51	46	52	54	29	43	69	32	21	2	43	57	16	24	43	15	36	28	39	39	44	31	19	52	11	63	14	39	17	40	52	13	25	32	9	39	21	57	17	28	48	42	63	49	15	42	27	51	59	48	55	31	62	9	43	40	19	14	35	36	38	37	30	38	25	16	31	32	57	29	41	56	13	49	62	42	38	30	17	20	56	45	16	53	52	8	57	42	39	31	15	28	34	40	33	28	50	44	31	40	44	34	34	51	21	37	42	50	20	23	57	31	11	58	20	2	13	34	5	7	55	38	37	41	19	48	28	43	35	19	17	55	13	24	31	22	3	11	10	16	33	0	50	
68	48	32	48	41	17	34	44	7	14	22	48	20	32	21	17	48	48	8	19	61	25	19	55	13	24	10	58	8	44	59	27	56	67	36	33	38	24	20	56	29	19	41	11	69	57	35	53	34	24	17	9	48	34	68	45	9	18	58	45	12	59	24	23	53	60	27	23	19	42	29	27	50	34	19	38	16	25	26	31	62	57	18	34	45	31	67	70	29	10	35	30	35	49	7	8	13	25	35	55	27	21	36	26	52	29	65	35	18	43	43	1	65	55	62	2	68	39	26	29	54	18	36	48	63	21	45	52	10	12	58	24	40	34	24	62	20	30	33	9	41	71	19	61	46	39	51	53	19	50	0	

