4  150
20	47	90	53	41	30	2	19	73	36	11	13	21	29	34	10	22	66	40	32	90	30	67	40	40	1	26	8	5	98	86	12	51	65	18	63	16	40	16	14	87	70	51	57	24	17	79	64	55	15	66	62	54	26	54	15	17	49	21	98	47	39	58	25	82	87	29	37	53	7	30	90	14	100	3	65	43	26	39	36	44	61	14	6	39	66	94	74	6	53	61	11	40	62	76	25	77	44	56	6	81	65	69	97	30	18	16	10	87	63	20	29	5	78	78	5	51	54	2	100	89	100	11	78	18	93	86	98	4	57	57	17	86	88	37	49	17	7	70	80	14	73	10	13	59	35	82	13	51	34	
69	41	46	66	65	45	66	98	14	95	33	40	20	34	3	90	15	25	60	38	72	79	37	45	70	20	26	88	77	1	52	91	67	9	64	21	42	75	24	86	61	32	38	95	61	33	23	26	63	73	45	75	56	27	22	5	43	52	32	87	43	55	20	49	44	83	32	23	93	44	84	5	9	94	97	16	22	10	89	92	20	4	62	72	87	60	87	22	49	74	7	70	87	76	76	76	28	8	41	21	94	47	91	42	16	27	90	88	77	74	97	25	100	94	6	74	54	28	4	6	86	16	83	68	46	82	92	77	22	94	87	54	51	91	44	28	20	46	100	85	25	49	96	100	98	87	72	16	78	98	
99	5	30	75	92	100	84	6	94	1	11	15	67	54	98	2	94	32	36	30	13	74	94	78	89	37	86	91	61	23	6	53	50	11	34	14	75	78	91	97	61	34	55	14	84	42	95	18	47	65	56	25	19	10	40	16	31	93	15	80	75	12	15	90	88	53	32	61	72	3	90	19	25	6	94	97	41	28	34	97	61	78	53	40	11	41	47	35	32	67	13	94	20	90	7	22	98	4	34	9	27	68	28	51	71	85	46	37	46	16	31	9	45	63	75	54	85	3	28	24	52	98	86	38	6	55	15	79	18	75	28	17	88	54	81	90	38	82	5	72	9	99	33	41	66	53	51	7	39	26	
24	85	8	67	19	84	45	95	98	6	37	19	81	11	5	36	55	47	18	47	47	5	45	60	15	96	39	19	87	8	76	28	2	37	66	94	75	66	51	89	46	62	100	31	38	80	32	78	82	48	54	70	22	6	71	73	77	92	35	77	65	28	1	17	61	16	49	41	95	88	44	7	74	25	5	43	22	81	25	35	22	36	45	85	60	11	5	4	51	63	79	81	49	9	22	96	25	71	30	9	98	18	45	8	27	85	100	30	35	36	45	51	66	68	42	62	71	18	73	7	94	58	46	24	79	53	50	53	46	68	37	42	81	89	79	44	77	50	90	8	54	31	55	63	29	19	49	15	39	96	
7382	2198	7104	3187	4957	3306	5351	2353	90	5221	483	6655	3839	1650	1517	7459	5499	4148	1935	3207	2292	2407	2892	1510	1487	7271	4309	5825	1684	7213	2267	5579	1011	554	5034	7237	1735	1213	1857	5944	6838	1453	1138	2301	438	5481	5067	1160	4476	5619	104	142	2347	7428	1727	1616	741	5325	1860	3689	5458	178	6434	3953	3644	5095	4039	1324	3906	4260	946	7392	3206	4736	734	439	6514	4528	4182	4918	5374	1924	4527	6042	4104	3516	1584	1464	7244	6910	2394	4025	4801	4935	2076	6963	3035	2261	1959	1242	3213	1825	6541	4240	5882	4129	4156	3180	2693	6621	7038	3525	3515	1508	6639	3750	1284	3918	1847	4767	4269	4461	669	2075	946	4750	4001	1849	2075	145	6182	1592	2809	1215	6033	6370	1981	2894	3481	6351	3361	266	5273	1569	1907	4662	7426	7080	6471	2552	
0	49	50	65	45	69	54	61	23	59	58	45	72	59	65	31	50	13	89	38	33	12	69	78	86	48	64	70	43	53	24	62	73	49	64	61	56	24	43	51	81	30	51	41	50	61	26	81	48	69	39	88	60	56	33	80	55	56	15	52	76	43	69	63	13	62	40	64	77	52	60	76	53	68	27	71	20	61	73	64	19	58	8	44	44	43	45	59	31	61	67	42	59	55	64	20	50	74	72	57	59	70	60	46	50	7	37	9	43	57	70	51	10	64	40	67	29	35	49	56	45	42	53	86	43	68	85	71	13	66	62	21	77	67	67	66	28	51	43	83	44	51	63	52	13	58	27	24	59	17	30	
49	0	58	46	52	20	13	70	27	26	26	39	55	33	50	31	59	36	59	14	57	37	67	43	62	36	16	35	36	21	28	65	36	1	17	13	64	40	6	6	47	50	2	56	46	70	45	51	65	27	13	57	11	63	39	55	67	64	41	53	42	53	25	70	36	37	60	52	54	63	40	43	13	72	44	69	34	50	54	43	46	32	41	48	24	36	13	40	35	55	79	22	55	68	46	40	18	42	72	29	18	62	74	61	12	44	26	45	19	14	70	44	41	61	57	59	38	18	25	7	62	36	51	61	63	19	57	51	38	17	15	29	49	30	78	17	47	65	34	49	37	65	74	51	47	44	33	25	10	45	22	
50	58	0	31	6	68	50	12	42	44	42	19	31	36	26	29	1	49	54	45	21	47	18	52	46	24	64	49	21	42	39	11	52	57	60	61	6	28	54	55	54	20	60	10	14	12	24	50	12	56	46	54	63	6	21	43	8	6	36	8	51	7	59	13	48	36	15	22	39	5	29	49	50	18	24	21	36	21	34	32	31	36	45	10	34	21	45	28	26	15	20	36	13	10	29	32	43	47	21	38	51	23	16	8	48	43	32	41	39	54	19	17	42	16	12	21	25	41	35	63	10	22	11	47	14	67	50	34	41	70	59	42	44	50	20	68	22	8	24	54	21	8	15	9	37	24	30	46	64	33	40	
65	46	31	0	29	46	33	36	47	21	20	20	9	13	6	34	32	57	25	38	47	56	27	21	20	17	43	20	21	25	44	29	23	45	39	42	32	41	45	40	23	42	47	37	18	37	41	19	43	31	39	24	45	31	32	15	37	33	50	23	21	32	34	35	56	9	43	10	11	35	6	18	33	34	41	27	45	10	8	3	48	14	57	27	25	21	34	6	34	17	45	28	18	39	2	46	28	16	31	17	31	18	44	39	34	58	30	56	29	34	29	16	55	21	39	16	36	37	21	47	41	23	20	20	44	46	21	5	52	51	39	48	13	24	44	48	41	39	22	23	21	39	40	22	54	7	38	48	47	50	40	
45	52	6	29	0	63	45	18	36	39	38	13	31	32	25	23	6	43	54	39	18	41	23	50	46	19	58	45	16	37	33	17	49	51	55	56	12	22	48	49	52	15	54	8	11	18	18	48	14	52	40	53	58	12	15	43	14	12	30	7	49	3	54	19	42	33	14	22	39	10	27	47	44	24	18	25	30	20	34	30	26	32	39	4	29	16	39	26	20	17	26	30	14	15	27	26	37	45	26	34	46	25	22	10	43	38	26	36	33	48	24	14	36	19	10	23	19	35	30	57	12	16	9	47	15	62	50	33	35	65	54	36	42	46	26	63	17	12	18	52	15	12	21	8	32	22	24	39	58	28	34	
69	20	68	46	63	0	18	78	47	25	26	49	55	34	52	46	69	56	50	32	73	57	72	34	57	44	5	28	47	25	47	72	27	20	7	8	73	57	26	18	37	65	19	69	54	79	61	43	78	16	31	48	9	72	53	50	77	73	60	61	33	65	13	78	56	36	74	55	50	73	42	35	19	79	60	73	53	54	52	43	63	34	61	59	34	47	26	43	50	60	87	34	61	78	47	58	25	35	77	31	17	64	84	73	21	64	40	65	31	14	75	51	61	66	70	62	54	36	33	14	74	47	58	54	76	1	49	49	58	7	8	49	44	23	87	5	62	76	45	40	47	76	82	60	66	48	50	45	11	63	41	
54	13	50	33	45	18	0	61	31	13	13	31	42	20	38	28	51	41	45	15	55	42	57	30	49	26	13	21	29	8	30	56	23	12	11	10	55	39	15	7	34	47	14	51	37	62	43	37	59	15	15	44	12	55	35	42	59	56	43	44	29	47	15	61	41	24	55	41	41	55	28	30	1	63	42	58	36	39	41	30	46	19	45	41	16	29	9	28	32	45	70	16	45	60	34	41	7	29	61	16	5	50	67	55	4	47	21	48	13	4	60	34	44	50	52	47	36	19	15	13	56	29	41	47	58	17	43	38	41	19	9	32	36	17	70	17	44	58	27	36	29	58	65	43	49	33	32	30	13	46	24	
61	70	12	36	18	78	61	0	55	53	51	30	33	45	30	42	12	61	57	57	30	59	13	58	47	34	74	56	33	53	52	7	59	69	70	72	6	40	66	66	59	31	72	20	24	1	36	53	15	65	58	57	74	6	33	46	6	6	48	17	57	19	68	1	60	43	22	26	42	9	37	55	60	7	36	15	48	26	37	38	42	45	57	22	45	33	56	36	39	19	9	47	17	7	34	44	53	53	13	47	61	22	9	15	59	55	44	52	50	64	12	26	54	16	21	22	37	53	46	74	17	33	19	49	20	77	53	37	53	81	70	54	48	58	8	79	34	11	35	58	32	11	4	18	48	31	42	58	75	45	52	
23	27	42	47	36	47	31	55	0	37	35	29	54	38	48	14	42	11	68	15	34	11	58	56	67	30	42	48	26	30	3	53	51	27	41	39	48	16	21	29	59	27	29	36	36	55	21	60	45	46	16	67	38	48	21	61	50	49	14	41	54	36	46	55	10	41	38	48	57	46	40	54	30	60	21	60	8	45	55	44	20	36	14	33	23	26	22	40	16	47	62	20	46	50	46	14	27	53	62	35	36	56	56	42	26	17	16	18	20	34	60	35	14	52	36	53	17	12	28	34	42	25	40	66	41	46	65	52	11	44	39	2	56	45	62	44	23	46	25	61	27	46	57	40	19	41	12	3	37	18	7	
59	26	44	21	39	25	13	53	37	0	2	26	30	8	27	29	45	48	33	24	53	48	47	19	36	20	21	10	24	7	35	47	13	25	18	20	48	40	26	20	22	46	27	46	30	54	43	25	54	12	24	31	24	47	34	29	52	49	46	36	17	42	14	53	48	11	52	30	28	49	17	18	13	53	42	48	39	29	28	18	47	8	51	36	15	24	17	17	32	35	62	17	36	54	22	43	10	17	51	5	9	39	60	50	14	52	23	52	16	13	49	26	49	40	48	36	36	25	11	26	51	25	33	34	54	25	31	25	46	29	17	39	23	8	61	27	44	52	23	25	24	52	57	35	52	22	34	37	25	48	30	
58	26	42	20	38	26	13	51	35	2	0	24	29	7	26	27	43	47	34	22	51	46	45	20	36	18	23	12	22	5	34	45	15	25	19	21	46	38	26	20	24	44	27	44	28	52	41	26	52	14	23	32	24	45	32	29	50	47	44	35	19	40	16	51	46	11	50	29	28	47	16	19	13	52	40	46	38	28	28	17	45	7	49	34	13	22	16	16	30	34	61	15	34	52	21	41	9	18	50	4	10	38	58	48	14	50	21	50	15	13	48	25	47	39	46	35	34	24	9	26	49	23	32	35	52	26	31	25	44	30	18	37	24	10	60	28	42	50	21	26	22	50	56	33	50	21	32	36	26	46	28	
45	39	19	20	13	49	31	30	29	26	24	0	26	20	20	15	19	39	45	27	28	37	29	38	41	6	45	33	3	23	26	26	37	39	41	42	24	21	36	36	41	21	41	20	7	30	21	39	28	38	28	44	44	23	12	35	27	24	29	13	37	16	40	30	38	21	26	18	32	24	16	35	31	33	20	31	25	16	28	20	27	19	37	9	15	3	26	15	14	18	39	17	17	29	19	25	24	33	33	20	32	26	35	24	29	37	15	36	20	35	31	6	35	23	22	23	16	24	16	44	25	4	11	41	27	48	41	26	32	51	40	30	33	33	38	49	21	26	5	41	2	26	34	12	33	13	18	32	45	29	25	
72	55	31	9	31	55	42	33	54	30	29	26	0	22	6	41	32	64	24	47	50	63	21	26	15	24	52	27	28	34	51	26	30	54	47	50	31	47	54	49	26	45	56	39	22	34	46	20	42	39	48	24	54	30	38	13	36	32	56	23	26	34	42	32	64	18	45	8	9	34	15	23	42	29	45	21	52	10	4	12	53	23	64	30	33	28	43	15	41	15	41	36	17	38	9	51	37	22	25	26	39	12	42	39	43	64	38	62	38	43	24	20	61	17	41	11	42	46	30	56	41	29	21	16	45	54	20	5	59	60	48	55	15	31	40	57	46	38	29	25	27	38	37	23	60	13	44	56	56	55	48	
59	33	36	13	32	34	20	45	38	8	7	20	22	0	18	27	37	49	30	27	48	48	38	19	30	14	30	13	19	12	36	39	17	32	26	29	40	37	32	27	22	41	34	40	22	46	39	22	47	20	27	29	32	39	29	23	44	41	44	29	18	35	22	45	48	4	46	21	21	41	8	17	20	45	38	39	38	20	21	10	44	1	50	29	14	19	21	9	29	26	54	17	27	46	13	41	15	15	42	4	17	30	52	43	21	51	22	51	18	21	41	19	48	31	42	28	32	27	10	33	45	20	25	29	47	33	27	18	45	38	26	39	18	13	53	35	39	44	18	23	19	44	49	27	50	14	32	39	33	46	31	
65	50	26	6	25	52	38	30	48	27	26	20	6	18	0	34	27	58	28	42	44	57	20	27	21	18	49	27	21	30	45	23	30	49	45	47	27	41	49	45	28	39	52	33	15	31	40	24	38	37	43	28	51	26	31	17	32	28	49	18	27	28	40	29	57	15	39	4	13	30	10	24	38	28	39	21	45	5	8	9	47	19	57	24	28	21	38	10	34	11	39	31	13	34	5	45	32	22	24	22	36	12	38	34	38	57	32	56	33	40	23	14	55	14	36	9	36	40	25	52	36	23	15	22	40	52	24	8	52	57	45	49	18	30	38	54	39	34	23	28	21	34	34	17	53	7	38	50	52	49	42	
31	31	29	34	23	46	28	42	14	29	27	15	41	27	34	0	30	23	57	17	26	22	44	46	54	17	41	39	13	24	11	39	43	30	39	38	35	11	26	29	50	19	33	25	22	42	14	50	34	41	18	56	39	35	8	48	37	36	17	27	45	23	42	42	22	30	29	34	45	34	28	44	27	46	13	46	11	31	42	32	18	26	23	19	14	13	20	27	3	33	50	13	32	38	33	13	22	43	48	26	32	41	44	30	25	24	7	23	15	32	46	21	21	38	26	39	7	12	18	37	31	11	26	54	31	45	53	40	18	46	38	14	45	38	49	45	16	34	11	51	13	34	45	26	22	27	4	17	39	18	10	
50	59	1	32	6	69	51	12	42	45	43	19	32	37	27	30	0	49	55	45	20	47	19	53	47	25	64	50	22	43	40	12	53	58	61	62	6	28	54	55	55	19	61	9	15	12	24	51	11	57	47	55	64	6	21	44	7	6	36	9	52	7	59	13	48	37	14	23	40	4	30	50	50	18	24	21	36	22	35	33	30	37	45	10	35	22	46	29	27	16	20	36	14	9	30	32	43	48	21	39	52	23	15	7	49	43	33	41	39	54	20	18	42	17	11	22	25	42	36	63	9	22	12	48	13	68	51	35	41	71	60	42	45	51	19	69	22	7	24	55	21	7	15	10	37	25	30	46	65	33	40	
13	36	49	57	43	56	41	61	11	48	47	39	64	49	58	23	49	0	79	26	35	2	65	67	78	40	51	59	36	41	13	60	62	36	51	48	55	21	30	38	71	30	38	41	45	61	25	72	49	57	26	78	47	55	28	72	55	55	13	48	66	42	57	62	1	53	41	57	68	52	51	65	40	67	25	68	13	55	66	55	20	48	6	40	34	36	33	51	24	56	67	31	54	55	56	17	38	64	69	46	47	65	61	46	37	10	27	12	32	45	67	45	8	60	40	62	24	23	39	43	45	35	48	77	44	55	76	63	8	53	49	9	68	56	67	53	27	51	35	73	37	51	63	48	16	51	20	11	46	17	18	
89	59	54	25	54	50	45	57	68	33	34	45	24	30	28	57	55	79	0	57	72	79	44	16	11	41	49	24	46	40	66	50	23	58	45	49	55	66	60	52	13	67	59	62	43	58	66	8	66	34	57	2	53	54	57	11	60	56	74	47	17	57	37	56	79	26	68	32	15	58	29	15	46	52	65	43	68	33	20	25	73	31	80	52	45	46	50	30	58	39	64	48	41	62	26	70	43	16	47	33	40	35	66	63	48	81	52	80	48	44	46	41	78	41	64	35	61	57	40	57	65	47	44	8	68	50	4	20	75	57	46	70	12	28	63	54	66	62	46	10	45	62	61	46	79	32	61	69	55	74	61	
38	14	45	38	39	32	15	57	15	24	22	27	47	27	42	17	45	26	57	0	43	26	56	43	57	25	27	34	24	17	15	53	37	13	26	24	51	26	9	14	46	36	16	42	34	57	30	49	51	31	1	55	23	50	25	51	53	51	28	40	41	40	31	57	25	31	46	43	48	49	32	42	14	60	30	58	21	41	47	36	32	26	29	34	14	24	7	32	20	44	65	11	44	54	38	26	13	40	60	23	21	52	61	47	11	32	12	33	9	19	58	32	29	50	43	49	24	4	17	20	48	23	38	56	48	31	54	44	26	30	24	17	46	31	65	29	32	51	22	49	25	51	60	39	34	35	19	14	23	31	9	
33	57	21	47	18	73	55	30	34	53	51	28	50	48	44	26	20	35	72	43	0	33	40	66	65	34	68	61	29	49	31	32	65	57	66	65	25	17	52	56	69	7	60	11	28	29	12	66	15	65	44	71	66	26	19	61	23	25	21	26	65	15	67	31	34	49	7	41	57	21	43	63	54	37	13	42	25	39	53	47	15	47	30	20	39	29	47	42	23	35	34	38	33	22	45	19	47	61	42	48	57	43	27	14	51	27	33	24	41	58	40	31	27	37	9	42	19	39	42	64	12	28	28	66	10	72	68	52	27	73	64	32	60	61	34	72	10	18	30	69	29	18	30	26	20	39	24	37	66	18	35	
12	37	47	56	41	57	42	59	11	48	46	37	63	48	57	22	47	2	79	26	33	0	64	67	77	39	52	59	35	41	12	58	62	37	52	49	53	19	31	39	70	28	39	39	43	59	23	71	47	57	26	77	48	53	26	71	53	53	11	47	65	40	57	60	1	52	39	56	67	50	50	65	41	65	23	66	11	54	64	54	18	47	4	38	34	35	33	50	22	54	65	31	53	53	55	15	38	63	67	46	47	63	58	44	37	8	26	10	31	45	65	43	6	58	38	60	22	23	39	44	43	34	46	76	42	56	75	62	6	54	50	9	67	56	65	54	25	49	34	72	36	49	61	46	14	50	18	12	47	15	18	
69	67	18	27	23	72	57	13	58	47	45	29	21	38	20	44	19	65	44	56	40	64	0	47	34	31	68	47	32	48	55	7	50	66	65	67	14	45	64	63	48	38	69	28	22	14	42	42	27	57	57	44	69	14	37	33	18	15	54	17	47	25	60	12	64	36	33	16	30	19	29	44	56	8	42	2	52	17	25	29	49	38	63	25	43	32	54	29	42	12	20	45	12	20	25	49	50	43	4	41	56	9	22	26	56	61	44	59	48	59	2	23	60	6	30	10	41	53	42	70	28	33	18	36	31	72	40	26	58	76	64	58	36	50	19	74	40	22	34	47	31	22	17	18	56	24	46	61	71	52	54	
78	43	52	21	50	34	30	58	56	19	20	38	26	19	27	46	53	67	16	43	66	67	47	0	23	32	33	8	38	26	54	51	7	42	29	33	54	57	45	37	3	60	43	58	39	59	58	9	64	18	43	14	37	53	49	17	59	55	63	44	1	53	21	57	67	17	64	31	19	56	23	3	30	55	57	48	57	32	22	20	64	20	69	47	33	38	36	24	48	38	66	35	40	61	23	60	29	5	51	21	25	38	66	60	33	70	40	70	35	28	50	36	67	42	60	37	52	44	28	41	62	39	41	20	65	34	15	21	64	41	30	57	12	13	65	38	58	60	37	6	37	60	62	43	69	28	51	56	39	65	49	
86	62	46	20	46	57	49	47	67	36	36	41	15	30	21	54	47	78	11	57	65	77	34	23	0	37	55	29	42	42	64	40	29	61	51	55	45	62	62	56	21	61	63	55	37	48	61	14	58	40	58	12	59	44	53	7	50	46	70	39	24	50	43	46	77	26	60	24	9	49	26	21	49	42	61	33	66	26	12	22	68	31	78	45	44	42	52	27	55	30	54	47	32	52	21	66	45	21	36	34	45	25	56	55	50	78	50	77	48	49	36	35	75	31	57	25	57	57	40	62	57	43	37	2	60	56	9	14	73	63	52	68	13	34	53	60	61	53	43	18	41	53	51	38	75	27	58	68	61	70	60	
48	36	24	17	19	44	26	34	30	20	18	6	24	14	18	17	25	40	41	25	34	39	31	32	37	0	39	27	5	18	27	29	31	35	36	37	29	25	33	31	35	27	38	26	10	35	26	34	34	32	26	39	39	28	16	31	32	29	33	17	31	22	34	34	39	15	32	18	28	29	11	30	26	36	25	33	28	16	25	15	32	13	40	15	11	5	22	10	17	19	43	14	19	34	15	29	19	28	36	14	27	27	40	30	25	41	14	39	16	29	34	8	38	25	28	24	20	23	11	39	31	6	15	37	33	43	37	22	35	46	35	31	28	27	43	44	26	32	5	36	5	32	38	16	38	10	21	32	40	33	24	
64	16	64	43	58	5	13	74	42	21	23	45	52	30	49	41	64	51	49	27	68	52	68	33	55	39	0	26	42	21	42	68	26	16	4	3	68	52	21	13	36	60	15	64	50	74	56	42	73	15	26	47	5	67	48	48	72	69	55	57	32	60	12	74	51	33	69	52	48	69	39	34	14	75	55	69	48	51	49	40	58	30	56	54	30	42	21	39	45	57	83	29	57	74	44	53	21	34	73	27	12	61	80	68	16	59	35	60	26	10	71	47	56	62	65	58	49	31	28	10	69	42	54	53	71	4	48	46	53	8	4	44	42	21	82	5	57	71	40	39	43	71	78	55	61	44	45	40	7	58	36	
70	35	49	20	45	28	21	56	48	10	12	33	27	13	27	39	50	59	24	34	61	59	47	8	29	27	26	0	32	17	46	49	4	34	22	26	52	50	36	28	12	54	35	53	34	57	51	16	60	11	34	22	30	51	42	22	56	52	56	41	7	48	14	55	58	12	59	30	22	53	19	8	22	55	50	48	50	30	24	18	57	14	61	42	25	32	27	20	41	37	65	27	38	58	22	53	21	8	51	13	16	38	64	56	24	63	33	62	27	20	50	31	59	41	55	36	45	36	20	33	57	33	37	27	60	27	22	22	56	34	23	49	16	5	64	31	52	57	31	14	32	57	60	39	62	25	44	48	32	58	40	
43	36	21	21	16	47	29	33	26	24	22	3	28	19	21	13	22	36	46	24	29	35	32	38	42	5	42	32	0	21	24	29	36	36	39	40	27	20	33	33	40	22	38	22	10	33	20	39	30	37	25	45	41	26	11	36	30	27	28	16	36	18	38	33	35	20	27	21	33	26	16	35	28	36	19	34	23	18	29	20	26	18	35	12	12	0	23	15	12	21	42	14	20	31	20	24	21	33	36	19	30	29	38	26	26	36	12	34	17	32	34	9	33	26	24	26	15	21	14	41	27	1	14	42	29	46	42	27	30	48	38	27	34	32	41	47	20	29	2	41	1	29	37	15	32	15	16	29	42	28	22	
53	21	42	25	37	25	8	53	30	7	5	23	34	12	30	24	43	41	40	17	49	41	48	26	42	18	21	17	21	0	29	47	20	20	18	19	47	35	20	15	29	41	22	43	29	53	38	32	52	17	17	38	21	46	29	35	51	48	40	36	24	39	18	53	41	16	49	32	33	47	19	25	8	54	37	49	33	30	33	22	42	11	44	33	10	21	10	19	27	36	62	11	36	52	25	37	3	23	52	8	8	41	59	47	9	46	17	46	9	11	51	26	43	41	45	39	31	18	7	22	49	21	33	40	51	25	37	30	39	28	17	32	29	14	61	26	39	50	19	32	21	50	57	34	46	24	28	30	22	42	23	
24	28	39	44	33	47	30	52	3	35	34	26	51	36	45	11	40	13	66	15	31	12	55	54	64	27	42	46	24	29	0	50	49	27	41	39	45	14	22	29	57	25	30	34	33	52	19	58	42	45	16	65	38	45	18	58	47	46	13	38	53	33	45	52	12	39	36	45	55	43	38	52	29	57	18	57	6	43	52	42	18	34	15	30	21	24	21	37	13	44	59	18	43	47	43	13	26	51	59	33	35	53	53	39	26	17	14	18	19	34	57	32	14	49	34	50	14	11	26	34	39	22	37	64	39	46	63	50	11	44	39	3	54	43	59	44	21	44	22	59	25	44	55	37	19	38	9	6	37	17	6	
62	65	11	29	17	72	56	7	53	47	45	26	26	39	23	39	12	60	50	53	32	58	7	51	40	29	68	49	29	47	50	0	53	64	65	66	7	39	62	61	52	31	67	21	19	8	35	46	20	59	54	50	69	6	32	39	11	7	47	12	50	18	61	6	59	37	25	19	35	11	30	48	55	7	35	9	47	19	30	31	42	38	56	20	41	29	52	30	37	12	15	43	11	13	27	43	48	46	9	41	55	15	16	18	54	55	41	52	46	58	8	21	53	9	23	15	36	50	40	69	20	29	14	42	24	72	46	30	52	76	64	53	41	52	14	73	34	15	31	51	28	15	11	13	49	25	41	56	70	45	50	
73	36	52	23	49	27	23	59	51	13	15	37	30	17	30	43	53	62	23	37	65	62	50	7	29	31	26	4	36	20	49	53	0	35	22	26	55	53	38	30	10	58	36	57	38	60	55	16	64	11	37	21	30	54	46	23	60	56	60	44	6	52	14	59	62	16	63	34	24	57	23	8	24	58	54	51	53	34	27	21	61	18	64	46	29	36	30	24	45	40	68	31	42	62	25	56	24	8	54	17	18	41	67	60	27	66	36	66	30	21	53	35	63	44	59	40	49	39	24	34	61	37	41	27	64	27	22	24	60	34	23	53	17	6	68	31	56	61	35	13	36	61	64	43	65	28	47	51	32	61	44	
49	1	57	45	51	20	12	69	27	25	25	39	54	32	49	30	58	36	58	13	57	37	66	42	61	35	16	34	36	20	27	64	35	0	17	13	63	40	6	5	46	49	2	55	45	69	44	50	65	26	12	56	11	62	39	54	66	63	41	52	41	53	24	69	36	36	59	51	53	62	39	42	12	72	43	68	34	50	53	42	45	31	41	47	23	36	12	39	34	54	78	21	54	67	45	40	17	41	71	28	17	61	73	60	11	44	25	45	18	13	69	43	41	60	56	58	38	18	25	7	61	35	50	60	62	19	56	50	38	17	15	29	48	29	77	17	46	64	33	48	36	64	73	51	47	43	33	25	10	44	22	
64	17	60	39	55	7	11	70	41	18	19	41	47	26	45	39	61	51	45	26	66	52	65	29	51	36	4	22	39	18	41	65	22	17	0	4	65	50	22	13	32	58	16	61	46	71	54	38	70	11	25	43	8	64	46	44	69	66	54	53	28	57	8	70	51	29	66	48	44	65	35	30	12	71	53	66	47	47	45	36	57	26	55	51	27	39	20	35	43	53	79	27	53	70	40	52	18	30	69	23	9	57	77	65	15	58	32	59	24	7	67	43	55	58	63	54	47	30	25	13	67	39	50	49	68	7	44	42	52	12	2	43	38	17	79	9	55	68	37	35	39	68	75	52	60	40	43	40	10	57	35	
61	13	61	42	56	8	10	72	39	20	21	42	50	29	47	38	62	48	49	24	65	49	67	33	55	37	3	26	40	19	39	66	26	13	4	0	66	49	18	10	36	57	12	61	48	72	53	42	70	15	23	47	4	65	46	48	70	67	52	55	32	58	13	72	48	32	66	50	47	66	37	34	11	73	52	68	45	49	48	39	55	28	53	52	27	40	18	38	42	55	81	26	55	71	42	50	18	34	71	25	11	59	77	66	13	56	32	57	24	7	69	45	53	60	63	57	46	28	26	8	67	40	52	53	68	7	48	45	50	9	3	41	42	21	80	7	55	69	38	39	40	69	76	53	58	42	42	37	6	55	33	
56	64	6	32	12	73	55	6	48	48	46	24	31	40	27	35	6	55	55	51	25	53	14	54	45	29	68	52	27	47	45	7	55	63	65	66	0	34	60	60	55	25	66	14	18	6	30	51	13	60	52	55	68	1	27	44	5	1	42	11	53	13	62	7	54	39	18	23	40	4	32	51	55	12	30	16	42	22	35	34	36	39	51	16	39	27	50	31	32	16	15	41	14	7	30	38	48	49	16	42	56	21	12	11	53	49	38	46	44	58	15	21	48	14	16	20	31	47	40	68	13	27	14	47	16	72	51	35	47	75	64	48	45	54	14	73	28	8	29	55	26	8	10	12	43	26	36	52	69	39	46	
24	40	28	41	22	57	39	40	16	40	38	21	47	37	41	11	28	21	66	26	17	19	45	57	62	25	52	50	20	35	14	39	53	40	50	49	34	0	34	40	60	10	42	20	26	40	5	59	29	52	27	65	49	34	9	56	34	34	8	28	55	21	53	41	20	40	21	39	53	31	36	54	38	46	4	47	8	37	49	40	7	36	17	19	25	20	30	35	8	36	46	24	34	34	40	4	33	52	48	36	43	45	40	25	35	17	18	15	26	43	46	27	14	40	20	42	5	21	29	47	25	18	28	62	25	56	62	47	13	56	48	15	54	48	46	55	7	30	19	61	20	30	42	27	12	34	7	20	49	8	18	
43	6	54	45	48	26	15	66	21	26	26	36	54	32	49	26	54	30	60	9	52	31	64	45	62	33	21	36	33	20	22	62	38	6	22	18	60	34	0	9	48	45	8	51	43	66	39	52	60	30	7	58	17	59	34	55	62	60	35	49	43	49	29	66	30	36	55	50	53	59	39	44	14	69	38	66	28	48	53	42	40	31	35	44	21	33	11	39	29	52	74	18	52	63	45	34	17	43	69	28	20	59	70	56	12	38	21	39	16	17	67	41	35	58	52	56	33	13	24	13	57	32	47	61	58	25	57	50	32	23	20	23	50	32	74	23	41	60	30	51	34	60	69	48	41	42	28	19	16	39	17	
51	6	55	40	49	18	7	66	29	20	20	36	49	27	45	29	55	38	52	14	56	39	63	37	56	31	13	28	33	15	29	61	30	5	13	10	60	40	9	0	40	49	7	54	42	67	44	44	63	21	13	50	9	59	37	49	63	61	42	49	35	50	19	66	38	31	58	47	48	60	34	37	7	68	43	64	35	45	48	37	46	26	43	45	20	33	10	35	33	50	75	19	51	65	40	41	13	36	67	23	12	56	71	58	6	46	23	47	16	8	65	39	43	56	55	54	37	18	21	7	59	33	46	54	61	17	50	45	40	16	10	31	43	24	74	15	46	62	31	43	34	62	70	48	48	39	32	27	9	45	23	
81	47	54	23	52	37	34	59	59	22	24	41	26	22	28	50	55	71	13	46	69	70	48	3	21	35	36	12	40	29	57	52	10	46	32	36	55	60	48	40	0	62	47	60	41	60	61	7	66	21	46	11	40	54	51	16	60	56	67	46	5	55	24	58	70	19	66	32	18	58	25	5	34	56	60	48	61	33	22	22	67	23	72	49	36	40	39	26	51	40	67	39	41	62	25	63	33	7	51	24	28	38	67	62	36	74	44	73	38	32	50	38	71	43	62	37	55	48	31	44	64	42	43	18	67	37	12	21	67	44	33	61	11	16	66	41	61	62	40	3	40	62	63	45	72	30	54	60	42	68	52	
30	50	20	42	15	65	47	31	27	46	44	21	45	41	39	19	19	30	67	36	7	28	38	60	61	27	60	54	22	41	25	31	58	49	58	57	25	10	45	49	62	0	52	11	23	31	5	60	18	58	37	66	58	25	12	56	25	25	17	23	59	13	59	32	29	42	11	37	52	22	37	57	46	38	6	41	19	35	48	41	11	40	26	15	31	22	39	37	15	32	37	31	30	25	40	13	40	55	41	41	50	41	30	16	44	24	25	21	33	51	39	25	23	35	10	38	11	31	35	56	15	21	24	61	14	64	63	47	22	65	56	26	55	54	37	64	3	21	23	63	22	21	33	23	17	34	17	31	58	14	28	
51	2	60	47	54	19	14	72	29	27	27	41	56	34	52	33	61	38	59	16	60	39	69	43	63	38	15	35	38	22	30	67	36	2	16	12	66	42	8	7	47	52	0	58	48	72	47	51	67	26	15	57	9	65	41	56	69	66	43	55	42	55	25	72	38	38	62	54	55	65	41	43	14	74	46	70	37	52	55	44	48	33	43	50	26	38	15	41	37	57	81	24	57	70	47	43	19	43	73	30	18	63	76	63	13	46	28	47	21	14	72	46	43	62	59	60	41	21	27	5	64	38	52	61	65	18	57	52	40	15	14	31	50	30	80	15	49	67	36	49	39	67	76	53	49	45	35	27	8	47	25	
41	56	10	37	8	69	51	20	36	46	44	20	39	40	33	25	9	41	62	42	11	39	28	58	55	26	64	53	22	43	34	21	57	55	61	61	14	20	51	54	60	11	58	0	19	20	16	56	9	59	43	61	63	15	17	51	14	14	28	15	57	5	61	21	40	41	6	30	47	11	35	55	50	27	16	31	29	28	42	38	22	39	37	11	34	22	44	34	22	24	26	35	22	14	35	24	43	53	31	41	52	32	19	5	48	35	30	32	38	54	29	22	34	26	2	30	19	38	36	61	5	21	18	56	7	68	58	41	33	70	60	36	50	54	26	68	14	10	24	60	22	10	22	16	28	30	25	40	63	25	36	
50	46	14	18	11	54	37	24	36	30	28	7	22	22	15	22	15	45	43	34	28	43	22	39	37	10	50	34	10	29	33	19	38	45	46	48	18	26	43	42	41	23	48	19	0	24	24	37	25	42	35	43	50	17	17	33	22	19	34	7	38	14	44	24	44	22	25	13	29	19	16	36	36	26	24	24	31	11	24	19	31	21	43	8	21	10	33	15	20	11	33	24	10	24	16	30	29	34	26	24	37	19	30	21	35	43	22	41	26	40	24	3	40	16	21	17	21	31	21	50	23	11	4	38	26	53	39	23	38	57	46	36	32	36	32	55	24	22	12	41	9	22	28	5	38	11	25	39	51	34	32	
61	70	12	37	18	79	62	1	55	54	52	30	34	46	31	42	12	61	58	57	29	59	14	59	48	35	74	57	33	53	52	8	60	69	71	72	6	40	66	67	60	31	72	20	24	0	36	54	15	66	59	58	75	7	34	47	6	6	48	17	58	19	68	2	60	44	22	27	43	9	38	55	61	8	36	16	48	26	38	39	42	45	57	22	46	33	57	37	39	20	8	48	18	7	35	44	54	54	14	48	62	23	8	15	60	55	45	52	51	65	13	27	54	17	21	23	37	54	46	74	17	34	20	50	20	78	54	38	53	82	70	54	49	59	7	79	34	10	36	59	33	10	3	19	48	32	43	58	75	45	53	
26	45	24	41	18	61	43	36	21	43	41	21	46	39	40	14	24	25	66	30	12	23	42	58	61	26	56	51	20	38	19	35	55	44	54	53	30	5	39	44	61	5	47	16	24	36	0	59	24	55	32	65	53	30	9	56	30	30	12	25	57	17	56	37	24	41	17	38	53	27	37	55	42	42	1	44	13	36	49	41	7	38	21	17	28	20	34	36	11	34	42	27	32	30	40	8	36	54	45	38	46	43	35	21	39	19	21	17	29	47	43	26	18	38	15	41	7	26	32	51	20	19	26	62	20	60	62	47	17	60	52	20	54	51	42	59	2	26	20	62	21	26	38	25	13	34	11	25	53	9	22	
81	51	50	19	48	43	37	53	60	25	26	39	20	22	24	50	51	72	8	49	66	71	42	9	14	34	42	16	39	32	58	46	16	50	38	42	51	59	52	44	7	60	51	56	37	54	59	0	62	27	49	6	46	50	50	9	56	52	66	42	10	51	30	53	71	19	62	28	12	54	22	8	38	50	59	42	61	29	16	18	66	24	73	46	37	39	42	23	51	35	62	40	37	58	21	62	35	8	45	25	32	32	62	58	40	74	44	73	40	36	44	35	71	37	59	32	54	49	32	49	60	40	39	11	63	43	6	16	68	50	39	62	6	21	61	47	60	58	39	5	38	58	58	41	71	26	54	61	48	67	53	
48	65	12	43	14	78	59	15	45	54	52	28	42	47	38	34	11	49	66	51	15	47	27	64	58	34	73	60	30	52	42	20	64	65	70	70	13	29	60	63	66	18	67	9	25	15	24	62	0	67	53	66	72	13	26	55	9	12	35	20	63	12	69	17	48	47	8	34	51	8	41	61	59	23	24	29	37	33	46	44	29	47	44	18	43	30	53	40	31	27	19	44	25	8	41	32	52	59	29	49	61	34	12	4	57	42	39	39	47	63	27	28	41	27	8	32	28	47	45	70	3	30	23	59	5	77	62	46	41	79	69	44	56	61	19	77	22	5	32	66	30	5	15	21	35	36	34	49	72	32	45	
69	27	56	31	52	16	15	65	46	12	14	38	39	20	37	41	57	57	34	31	65	57	57	18	40	32	15	11	37	17	45	59	11	26	11	15	60	52	30	21	21	58	26	59	42	66	55	27	67	0	30	32	19	59	46	33	64	61	57	49	17	55	3	65	56	21	65	41	34	61	28	19	16	65	54	58	50	40	36	28	59	20	60	48	27	37	24	29	44	46	74	28	47	66	32	54	19	19	62	18	10	49	72	62	19	62	34	62	26	12	60	39	59	51	61	47	48	34	23	23	64	37	46	38	66	16	33	33	56	23	12	48	27	7	73	20	56	64	35	24	37	64	69	47	62	34	45	45	21	59	39	
39	13	46	39	40	31	15	58	16	24	23	28	48	27	43	18	47	26	57	1	44	26	57	43	58	26	26	34	25	17	16	54	37	12	25	23	52	27	7	13	46	37	15	43	35	59	32	49	53	30	0	55	22	51	26	51	54	52	29	42	41	41	30	59	26	31	47	44	49	51	33	42	14	62	31	59	22	42	48	36	33	26	30	36	15	25	7	33	22	45	67	12	45	56	39	28	13	41	62	24	20	53	62	48	11	33	13	34	10	18	60	33	30	51	44	50	25	5	18	19	49	25	40	57	50	30	54	45	27	29	23	18	46	31	66	28	34	52	23	49	26	52	62	40	35	36	20	14	21	32	10	
88	57	54	24	53	48	44	57	67	31	32	44	24	29	28	56	55	78	2	55	71	77	44	14	12	39	47	22	45	38	65	50	21	56	43	47	55	65	58	50	11	66	57	61	43	58	65	6	66	32	55	0	51	54	56	11	60	56	73	46	15	56	35	56	77	25	67	32	15	58	28	13	44	53	64	44	67	33	20	24	72	30	79	51	43	45	48	29	57	39	64	46	41	62	26	69	42	14	47	32	38	35	66	62	46	80	50	79	47	42	47	40	77	41	64	35	60	56	38	55	64	46	43	10	68	48	4	20	74	55	44	68	11	26	63	52	65	62	45	8	44	62	61	45	77	31	60	68	53	73	60	
60	11	63	45	58	9	12	74	38	24	24	44	54	32	51	39	64	47	53	23	66	48	69	37	59	39	5	30	41	21	38	69	30	11	8	4	68	49	17	9	40	58	9	63	50	75	53	46	72	19	22	51	0	67	47	52	72	69	51	57	36	59	17	74	47	35	67	53	51	68	40	38	13	76	52	71	44	52	52	42	55	31	52	53	29	41	19	41	42	57	83	28	58	73	46	50	20	38	74	28	14	63	79	67	15	55	33	56	25	10	72	47	52	63	64	60	47	27	28	5	68	41	54	57	70	8	52	49	49	7	7	40	46	25	82	6	55	70	39	43	42	70	78	55	57	45	42	36	2	55	32	
56	63	6	31	12	72	55	6	48	47	45	23	30	39	26	35	6	55	54	50	26	53	14	53	44	28	67	51	26	46	45	6	54	62	64	65	1	34	59	59	54	25	65	15	17	7	30	50	13	59	51	54	67	0	27	43	6	2	42	10	52	13	62	7	54	38	19	22	39	5	31	50	54	12	30	16	42	21	34	33	36	39	51	15	39	26	50	30	32	15	15	41	13	8	29	38	47	48	16	41	55	20	13	12	53	49	38	47	43	58	14	20	48	13	17	19	31	47	39	67	14	26	13	46	17	71	50	34	47	74	63	48	44	53	15	72	28	8	28	54	25	8	10	12	43	26	36	51	68	39	46	
33	39	21	32	15	53	35	33	21	34	32	12	38	29	31	8	21	28	57	25	19	26	37	49	53	16	48	42	11	29	18	32	46	39	46	46	27	9	34	37	51	12	41	17	17	34	9	50	26	46	26	56	47	27	0	47	29	27	18	20	47	15	47	34	27	31	20	30	44	25	27	46	34	39	8	39	15	28	40	31	15	28	26	12	19	11	27	26	5	27	41	19	26	29	31	13	28	44	41	29	38	36	36	22	32	26	13	24	21	39	39	17	23	32	17	34	4	21	23	45	22	9	19	53	23	52	53	38	21	54	44	21	45	42	41	52	10	26	11	52	11	26	37	19	21	25	9	24	47	17	19	
80	55	43	15	43	50	42	46	61	29	29	35	13	23	17	48	44	72	11	51	61	71	33	17	7	31	48	22	36	35	58	39	23	54	44	48	44	56	55	49	16	56	56	51	33	47	56	9	55	33	51	11	52	43	47	0	49	45	65	36	17	46	37	45	71	19	57	21	4	47	20	15	42	42	56	33	60	22	9	16	63	25	72	41	38	36	45	21	49	28	53	41	30	51	16	60	38	14	37	27	38	24	55	52	43	72	44	71	42	42	36	30	70	30	53	24	51	51	33	55	54	38	33	5	57	50	7	9	67	56	45	62	6	27	52	53	56	51	37	14	36	51	50	35	69	22	53	62	54	65	54	
55	67	8	37	14	77	59	6	50	52	50	27	36	44	32	37	7	55	60	53	23	53	18	59	50	32	72	56	30	51	47	11	60	66	69	70	5	34	62	63	60	25	69	14	22	6	30	56	9	64	54	60	72	6	29	49	0	4	42	15	58	13	67	8	54	44	16	28	45	3	37	56	58	14	30	20	42	27	40	39	36	44	51	18	43	30	53	36	34	21	12	44	19	2	35	38	51	54	19	46	60	25	7	9	57	49	41	46	47	62	18	25	48	19	15	25	32	49	44	71	10	30	18	52	13	76	56	40	47	79	68	49	50	58	12	77	28	4	32	60	29	4	8	17	42	31	37	53	72	39	48	
56	64	6	33	12	73	56	6	49	49	47	24	32	41	28	36	6	55	56	51	25	53	15	55	46	29	69	52	27	48	46	7	56	63	66	67	1	34	60	61	56	25	66	14	19	6	30	52	12	61	52	56	69	2	27	45	4	0	42	12	54	13	63	7	54	40	18	24	41	3	33	52	55	12	30	17	42	23	36	35	36	40	51	16	40	27	51	32	33	17	14	42	15	6	31	38	48	50	17	43	56	22	11	10	54	49	38	46	45	59	15	22	48	15	16	21	31	47	41	68	12	28	15	48	16	73	52	36	47	76	65	48	46	55	13	74	28	7	30	56	27	7	9	13	42	27	36	52	70	39	46	
15	41	36	50	30	60	43	48	14	46	44	29	56	44	49	17	36	13	74	28	21	11	54	63	70	33	55	56	28	40	13	47	60	41	54	52	42	8	35	42	67	17	43	28	34	48	12	66	35	57	29	73	51	42	18	65	42	42	0	37	62	29	57	49	12	47	27	48	61	39	44	61	42	54	12	56	7	46	58	48	6	43	9	28	31	28	34	43	15	45	54	29	43	42	48	4	37	60	57	42	47	54	47	33	39	8	23	6	30	47	55	35	6	49	27	51	13	24	35	48	32	26	37	70	31	59	70	55	5	58	52	12	62	54	54	57	14	38	27	68	29	38	50	36	6	43	12	17	50	4	19	
52	53	8	23	7	61	44	17	41	36	35	13	23	29	18	27	9	48	47	40	26	47	17	44	39	17	57	41	16	36	38	12	44	52	53	55	11	28	49	49	46	23	55	15	7	17	25	42	20	49	42	46	57	10	20	36	15	12	37	0	43	10	51	17	47	28	21	14	32	12	21	41	43	19	25	19	35	13	27	24	33	28	46	8	28	16	39	20	25	9	26	30	7	17	21	32	36	39	21	31	44	17	23	16	42	45	28	42	33	47	19	10	43	12	17	15	24	37	29	57	18	17	3	40	21	60	42	26	41	64	53	41	36	42	25	62	24	16	18	46	15	16	21	1	39	16	29	44	58	35	37	
76	42	51	21	49	33	29	57	54	17	19	37	26	18	27	45	52	66	17	41	65	65	47	1	24	31	32	7	36	24	53	50	6	41	28	32	53	55	43	35	5	59	42	57	38	58	57	10	63	17	41	15	36	52	47	17	58	54	62	43	0	52	20	57	65	16	63	31	19	56	22	2	29	55	56	47	56	31	22	19	62	19	67	46	31	36	34	23	47	38	66	34	39	60	23	59	28	4	51	19	23	38	65	59	31	69	39	68	34	27	50	35	66	42	59	36	50	43	26	40	61	38	40	21	64	33	16	20	63	40	29	56	12	11	65	37	57	59	36	7	36	59	62	42	68	27	50	55	38	64	47	
43	53	7	32	3	65	47	19	36	42	40	16	34	35	28	23	7	42	57	40	15	40	25	53	50	22	60	48	18	39	33	18	52	53	57	58	13	21	49	50	55	13	55	5	14	19	17	51	12	55	41	56	59	13	15	46	13	13	29	10	52	0	57	20	41	36	11	25	42	10	30	50	46	25	17	27	29	23	37	33	24	34	38	6	30	18	41	29	20	20	26	31	17	14	30	25	39	48	28	36	48	28	21	8	44	36	27	34	34	50	26	17	35	22	7	26	18	36	32	58	9	18	13	51	12	64	53	36	34	67	56	35	45	49	26	65	15	11	20	55	17	11	21	11	30	25	24	39	60	26	34	
69	25	59	34	54	13	15	68	46	14	16	40	42	22	40	42	59	57	37	31	67	57	60	21	43	34	12	14	38	18	45	61	14	24	8	13	62	53	29	19	24	59	25	61	44	68	56	30	69	3	30	35	17	62	47	37	67	63	57	51	20	57	0	67	56	24	66	43	37	64	31	22	16	67	55	61	50	43	39	31	60	23	60	50	28	38	24	31	45	49	77	29	50	68	35	55	20	22	65	20	10	52	74	65	19	62	35	63	27	11	63	41	59	54	62	50	49	34	24	21	66	39	48	41	68	13	36	36	56	20	10	48	31	10	76	17	57	67	37	27	39	67	72	50	63	36	46	45	19	60	39	
63	70	13	35	19	78	61	1	55	53	51	30	32	45	29	42	13	62	56	57	31	60	12	57	46	34	74	55	33	53	52	6	59	69	70	72	7	41	66	66	58	32	72	21	24	2	37	53	17	65	59	56	74	7	34	45	8	7	49	17	57	20	67	0	61	43	24	25	41	10	36	54	61	6	37	13	49	25	36	38	43	44	58	23	46	33	57	36	40	18	9	48	17	9	34	45	54	52	12	47	61	21	10	17	60	56	45	53	50	64	11	26	55	15	22	21	38	54	46	74	18	34	19	48	21	77	52	37	54	81	70	55	47	58	8	79	35	12	35	57	32	12	5	18	49	31	43	59	75	46	53	
13	36	48	56	42	56	41	60	10	48	46	38	64	48	57	22	48	1	79	25	34	1	64	67	77	39	51	58	35	41	12	59	62	36	51	48	54	20	30	38	70	29	38	40	44	60	24	71	48	56	26	77	47	54	27	71	54	54	12	47	65	41	56	61	0	52	40	56	68	51	50	65	40	66	24	67	12	54	65	55	19	47	5	39	33	35	32	50	23	55	66	31	53	54	55	16	38	63	68	46	46	64	60	45	37	9	26	12	31	45	66	44	7	59	39	61	23	22	38	43	44	34	47	77	43	55	75	62	7	53	49	9	67	56	66	53	26	50	34	72	36	50	62	47	15	50	19	11	46	16	18	
62	37	36	9	33	36	24	43	41	11	11	21	18	4	15	30	37	53	26	31	49	52	36	17	26	15	33	12	20	16	39	37	16	36	29	32	39	40	36	31	19	42	38	41	22	44	41	19	47	21	31	25	35	38	31	19	44	40	47	28	16	36	24	43	52	0	47	19	17	41	6	14	24	43	40	36	42	18	17	6	47	5	53	30	18	20	25	7	32	25	53	21	26	45	10	43	19	12	40	8	21	28	51	43	25	55	25	54	22	25	38	19	52	29	43	25	35	31	13	37	45	22	25	25	48	36	23	14	49	41	29	43	15	15	52	38	41	44	20	21	20	44	48	27	52	12	35	43	37	48	35	
40	60	15	43	14	74	55	22	38	52	50	26	45	46	39	29	14	41	68	46	7	39	33	64	60	32	69	59	27	49	36	25	63	59	66	66	18	21	55	58	66	11	62	6	25	22	17	62	8	65	47	67	67	19	20	57	16	18	27	21	63	11	66	24	40	47	0	36	53	14	41	61	55	30	17	35	30	34	48	44	21	45	36	17	39	27	48	40	25	30	27	39	28	15	41	24	48	59	35	46	57	38	20	7	52	34	34	31	42	59	33	28	33	31	4	36	21	41	42	66	5	27	24	62	3	73	64	47	33	74	65	37	57	59	27	73	14	11	29	66	27	11	23	22	27	36	27	42	67	24	38	
64	52	22	10	22	55	41	26	48	30	29	18	8	21	4	34	23	57	32	43	41	56	16	31	24	18	52	30	21	32	45	19	34	51	48	50	23	39	50	47	32	37	54	30	13	27	38	28	34	41	44	32	53	22	30	21	28	24	48	14	31	25	43	25	56	19	36	0	17	26	13	28	40	24	37	17	44	2	12	12	45	21	56	21	29	21	39	12	33	7	34	32	9	30	8	43	34	26	21	25	39	9	34	30	40	56	32	54	34	42	19	12	53	10	32	6	34	41	26	54	32	22	12	25	36	55	28	12	51	60	48	48	22	33	34	57	37	30	22	32	20	30	30	14	51	8	37	50	55	47	42	
77	54	39	11	39	50	41	42	57	28	28	32	9	21	13	45	40	68	15	48	57	67	30	19	9	28	48	22	33	33	55	35	24	53	44	47	40	53	53	48	18	52	55	47	29	43	53	12	51	34	49	15	51	39	44	4	45	41	61	32	19	42	37	41	68	17	53	17	0	43	17	16	41	38	52	30	56	18	5	13	59	22	68	37	35	33	43	17	45	24	50	38	26	47	12	57	36	15	33	25	37	20	51	48	42	69	41	67	39	41	32	26	66	26	49	20	48	48	31	54	50	34	29	9	53	50	11	5	63	56	44	59	7	27	49	53	52	47	33	17	32	47	46	31	65	18	49	59	53	61	51	
52	63	5	35	10	73	55	9	46	49	47	24	34	41	30	34	4	52	58	49	21	50	19	56	49	29	69	53	26	47	43	11	57	62	65	66	4	31	59	60	58	22	65	11	19	9	27	54	8	61	51	58	68	5	25	47	3	3	39	12	56	10	64	10	51	41	14	26	43	0	34	53	55	16	27	21	39	25	38	36	33	41	48	15	39	26	50	33	31	19	16	41	17	5	33	35	48	51	20	43	56	25	11	7	53	46	37	43	43	59	19	22	45	18	12	24	28	46	40	67	9	26	15	50	12	72	54	38	44	75	64	46	48	55	15	73	25	4	29	58	26	4	11	13	39	28	34	50	69	36	44	
60	40	29	6	27	42	28	37	40	17	16	16	15	8	10	28	30	51	29	32	43	50	29	23	26	11	39	19	16	19	38	30	23	39	35	37	32	36	39	34	25	37	41	35	16	38	37	22	41	28	33	28	40	31	27	20	37	33	44	21	22	30	31	36	50	6	41	13	17	34	0	20	28	36	36	30	39	12	14	4	43	8	51	24	18	16	28	1	29	18	46	21	19	39	6	40	22	18	34	12	26	22	44	37	28	52	24	51	23	29	32	13	49	23	37	19	31	31	15	42	39	18	18	26	42	42	25	12	46	47	34	41	17	21	45	44	37	38	17	25	16	38	41	20	49	5	32	42	42	45	34	
76	43	49	18	47	35	30	55	54	18	19	35	23	17	24	44	50	65	15	42	63	65	44	3	21	30	34	8	35	25	52	48	8	42	30	34	51	54	44	37	5	57	43	55	36	55	55	8	61	19	42	13	38	50	46	15	56	52	61	41	2	50	22	54	65	14	61	28	16	53	20	0	30	52	55	44	55	29	19	17	61	18	67	44	31	35	35	21	46	35	63	34	37	58	20	58	28	2	48	19	25	35	63	57	32	68	38	68	33	28	47	33	65	39	57	34	49	43	26	41	59	36	38	19	62	35	14	18	62	42	31	56	9	13	62	39	56	57	35	7	35	57	59	40	67	25	49	55	40	63	47	
53	13	50	33	44	19	1	60	30	13	13	31	42	20	38	27	50	40	46	14	54	41	56	30	49	26	14	22	28	8	29	55	24	12	12	11	55	38	14	7	34	46	14	50	36	61	42	38	59	16	14	44	13	54	34	42	58	55	42	43	29	46	16	61	40	24	55	40	41	55	28	30	0	62	41	58	35	39	41	30	45	19	44	40	15	28	8	28	31	44	70	15	44	60	33	40	7	29	61	16	6	50	66	54	3	46	20	47	12	5	59	34	43	50	51	47	35	18	15	13	55	28	41	47	57	18	43	38	40	20	10	32	36	18	69	18	43	57	26	37	29	57	65	42	48	32	31	29	14	45	23	
68	72	18	34	24	79	63	7	60	53	52	33	29	45	28	46	18	67	52	60	37	65	8	55	42	36	75	55	36	54	57	7	58	72	71	73	12	46	69	68	56	38	74	27	26	8	42	50	23	65	62	53	76	12	39	42	14	12	54	19	55	25	67	6	66	43	30	24	38	16	36	52	62	0	42	9	54	24	33	37	49	45	63	27	48	36	59	36	44	18	12	50	17	15	33	50	55	51	6	48	62	17	15	23	61	61	48	59	53	65	6	28	60	13	28	18	43	57	47	76	25	37	21	44	28	78	49	34	59	82	71	60	44	58	11	80	40	18	38	55	35	18	9	21	55	31	48	63	77	51	57	
27	44	24	41	18	60	42	36	21	42	40	20	45	38	39	13	24	25	65	30	13	23	42	57	61	25	55	50	19	37	18	35	54	43	53	52	30	4	38	43	60	6	46	16	24	36	1	59	24	54	31	64	52	30	8	56	30	30	12	25	56	17	55	37	24	40	17	37	52	27	36	55	41	42	0	44	13	35	48	40	7	37	21	17	27	19	33	35	10	34	42	26	32	30	39	8	35	53	45	37	45	43	36	21	38	19	20	17	28	46	43	25	18	37	15	40	6	25	31	50	21	18	26	61	20	59	61	46	17	60	51	20	53	50	42	58	2	26	19	61	20	26	38	25	14	33	10	24	52	10	22	
71	69	21	27	25	73	58	15	60	48	46	31	21	39	21	46	21	68	43	58	42	66	2	48	33	33	69	48	34	49	57	9	51	68	66	68	16	47	66	64	48	41	70	31	24	16	44	42	29	58	59	44	71	16	39	33	20	17	56	19	47	27	61	13	67	36	35	17	30	21	30	44	58	9	44	0	54	18	25	30	51	39	65	27	44	34	55	30	44	13	21	47	14	22	26	51	51	43	3	42	57	9	24	28	57	64	46	61	50	60	3	25	62	8	33	11	43	55	43	72	30	35	20	35	33	73	40	26	60	77	65	60	36	51	20	75	43	24	36	47	33	24	18	20	58	25	48	63	72	54	56	
20	34	36	45	30	53	36	48	8	39	38	25	52	38	45	11	36	13	68	21	25	11	52	57	66	28	48	50	23	33	6	47	53	34	47	45	42	8	28	35	61	19	37	29	31	48	13	61	37	50	22	67	44	42	15	60	42	42	7	35	56	29	50	49	12	42	30	44	56	39	39	55	35	54	13	54	0	42	53	43	11	37	12	27	24	23	27	38	11	43	55	22	41	43	44	6	30	54	56	36	40	51	49	34	32	13	17	12	23	40	54	32	10	47	28	49	11	17	29	41	34	22	35	65	33	52	65	51	7	51	45	7	56	48	55	50	15	39	22	62	24	39	50	34	13	38	7	12	44	10	12	
61	50	21	10	20	54	39	26	45	29	28	16	10	20	5	31	22	55	33	41	39	54	17	32	26	16	51	30	18	30	43	19	34	50	47	49	22	37	48	45	33	35	52	28	11	26	36	29	33	40	42	33	52	21	28	22	27	23	46	13	31	23	43	25	54	18	34	2	18	25	12	29	39	24	35	18	42	0	13	12	43	20	54	19	27	18	37	11	31	6	34	30	8	29	8	41	32	27	22	23	38	11	34	29	39	54	30	52	32	41	20	10	51	11	31	8	32	39	25	53	31	20	10	27	34	54	29	13	49	58	46	46	23	33	34	56	35	29	20	33	18	29	30	12	49	6	35	48	53	45	40	
73	54	34	8	34	52	41	37	55	28	28	28	4	21	8	42	35	66	20	47	53	64	25	22	12	25	49	24	29	33	52	30	27	53	45	48	35	49	53	48	22	48	55	42	24	38	49	16	46	36	48	20	52	34	40	9	40	36	58	27	22	37	39	36	65	17	48	12	5	38	14	19	41	33	48	25	53	13	0	11	55	22	65	33	33	29	42	15	42	19	45	36	21	42	9	53	36	18	29	25	37	16	46	43	42	65	38	64	38	41	28	22	63	21	44	15	44	46	29	54	45	31	24	13	48	52	16	3	60	57	45	56	11	29	44	55	48	42	30	21	29	42	41	26	62	14	46	57	54	58	49	
64	43	32	3	30	43	30	38	44	18	17	20	12	10	9	32	33	55	25	36	47	54	29	20	22	15	40	18	20	22	42	31	21	42	36	39	34	40	42	37	22	41	44	38	19	39	41	18	44	28	36	24	42	33	31	16	39	35	48	24	19	33	31	38	55	6	44	12	13	36	4	17	30	37	40	30	43	12	11	0	47	11	55	27	22	20	31	5	33	19	47	25	20	41	4	44	25	15	33	14	27	21	46	40	31	56	28	55	26	31	32	16	53	23	40	19	35	35	18	44	42	22	21	22	45	43	21	8	50	48	36	46	13	21	46	45	41	40	21	22	20	40	42	23	53	8	36	46	43	49	38	
19	46	31	48	26	63	46	42	20	47	45	27	53	44	47	18	30	20	73	32	15	18	49	64	68	32	58	57	26	42	18	42	61	45	57	55	36	7	40	46	67	11	48	22	31	42	7	66	29	59	33	72	55	36	15	63	36	36	6	33	62	24	60	43	19	47	21	45	59	33	43	61	45	49	7	51	11	43	55	47	0	43	15	24	32	26	37	42	15	41	48	31	39	36	47	5	40	60	52	43	50	50	41	27	42	13	25	10	33	50	50	33	12	45	21	48	12	27	36	52	26	25	33	69	24	62	69	54	12	62	55	18	61	56	48	61	8	32	26	68	27	32	44	32	6	41	14	23	55	3	23	
58	32	36	14	32	34	19	45	36	8	7	19	23	1	19	26	37	48	31	26	47	47	38	20	31	13	30	14	18	11	34	38	18	31	26	28	39	36	31	26	23	40	33	39	21	45	38	24	47	20	26	30	31	39	28	25	44	40	43	28	19	34	23	44	47	5	45	21	22	41	8	18	19	45	37	39	37	20	22	11	43	0	49	28	13	18	20	9	28	26	54	16	27	46	14	39	14	16	43	3	17	31	51	42	20	50	20	49	17	21	41	18	47	32	41	28	31	26	8	33	44	19	25	30	46	33	28	19	44	38	26	38	20	14	53	35	38	44	17	25	18	44	49	27	48	14	30	37	33	44	29	
8	41	45	57	39	61	45	57	14	51	49	37	64	50	57	23	45	6	80	29	30	4	63	69	78	40	56	61	35	44	15	56	64	41	55	53	51	17	35	43	72	26	43	37	43	57	21	73	44	60	30	79	52	51	26	72	51	51	9	46	67	38	60	58	5	53	36	56	68	48	51	67	44	63	21	65	12	54	65	55	15	49	0	37	36	35	36	50	23	54	63	33	52	51	56	13	41	65	66	48	50	63	56	42	41	3	28	6	34	49	64	43	3	58	36	60	21	26	41	48	41	34	46	77	39	60	77	63	5	58	53	12	68	59	63	58	23	47	34	74	36	47	59	45	10	50	19	16	51	12	21	
44	48	10	27	4	59	41	22	33	36	34	9	30	29	24	19	10	40	52	34	20	38	25	47	45	15	54	42	12	33	30	20	46	47	51	52	16	19	44	45	49	15	50	11	8	22	17	46	18	48	36	51	53	15	12	41	18	16	28	8	46	6	50	23	39	30	17	21	37	15	24	44	40	27	17	27	27	19	33	27	24	28	37	0	24	12	35	23	17	17	30	26	15	19	25	24	33	42	29	30	42	26	26	14	38	36	22	34	29	44	27	11	34	20	13	23	16	31	26	53	15	12	9	46	18	58	48	31	32	61	50	33	40	43	30	59	16	17	14	49	11	17	25	8	31	19	21	36	54	27	30	
44	24	34	25	29	34	16	45	23	15	13	15	33	14	28	14	35	34	45	14	39	34	43	33	44	11	30	25	12	10	21	41	29	23	27	27	39	25	21	20	36	31	26	34	21	46	28	37	43	27	15	43	29	39	19	38	43	40	31	28	31	30	28	46	33	18	39	29	35	39	18	31	15	48	27	44	24	27	33	22	32	13	36	24	0	12	11	18	17	31	54	3	31	44	24	27	8	29	47	12	18	38	50	38	14	37	7	37	5	20	45	19	34	36	35	35	21	13	5	28	39	12	26	43	41	34	42	30	31	36	25	24	33	23	54	34	29	41	10	38	13	41	49	27	36	21	18	24	29	32	16	
43	36	21	21	16	47	29	33	26	24	22	3	28	19	21	13	22	36	46	24	29	35	32	38	42	5	42	32	0	21	24	29	36	36	39	40	27	20	33	33	40	22	38	22	10	33	20	39	30	37	25	45	41	26	11	36	30	27	28	16	36	18	38	33	35	20	27	21	33	26	16	35	28	36	19	34	23	18	29	20	26	18	35	12	12	0	23	15	12	21	42	14	20	31	20	24	21	33	36	19	30	29	38	26	26	36	12	34	17	32	34	9	33	26	24	26	15	21	14	41	27	1	14	42	29	46	42	27	30	48	38	27	34	32	41	47	20	29	2	41	1	29	37	15	32	15	16	29	42	28	22	
45	13	45	34	39	26	9	56	22	17	16	26	43	21	38	20	46	33	50	7	47	33	54	36	52	22	21	27	23	10	21	52	30	12	20	18	50	30	11	10	39	39	15	44	33	57	34	42	53	24	7	48	19	50	27	45	53	51	34	39	34	41	24	57	32	25	48	39	43	50	28	35	8	59	33	55	27	37	42	31	37	20	36	35	11	23	0	28	23	42	65	9	42	55	34	32	6	34	58	17	13	49	61	48	5	38	13	39	6	13	57	30	35	47	45	46	27	10	13	17	49	23	37	50	51	25	47	39	32	26	18	24	39	24	65	25	36	52	21	42	24	52	60	38	40	31	23	21	19	37	15	
59	40	28	6	26	43	28	36	40	17	16	15	15	9	10	27	29	51	30	32	42	50	29	24	27	10	39	20	15	19	37	30	24	39	35	38	31	35	39	35	26	37	41	34	15	37	36	23	40	29	33	29	41	30	26	21	36	32	43	20	23	29	31	36	50	7	40	12	17	33	1	21	28	36	35	30	38	11	15	5	42	9	50	23	18	15	28	0	28	17	45	21	18	38	6	39	22	19	33	12	26	21	43	36	28	51	23	50	23	30	32	12	48	22	36	19	30	31	15	42	38	17	17	26	41	42	26	12	46	47	35	41	18	22	44	44	36	37	16	26	15	37	40	19	48	5	31	42	42	44	34	
31	35	26	34	20	50	32	39	16	32	30	14	41	29	34	3	27	24	58	20	23	22	42	48	55	17	45	41	12	27	13	37	45	34	43	42	32	8	29	33	51	15	37	22	20	39	11	51	31	44	22	57	42	32	5	49	34	33	15	25	47	20	45	40	23	32	25	33	45	31	29	46	31	44	10	44	11	31	42	33	15	28	23	17	17	12	23	28	0	32	47	16	30	35	33	11	25	44	46	28	35	40	41	27	28	23	10	22	18	35	44	21	20	36	22	37	4	16	21	40	27	11	24	55	28	49	54	40	18	50	41	16	46	40	46	48	12	31	12	53	13	31	42	24	20	27	4	19	42	16	13	
61	55	15	17	17	60	45	19	47	35	34	18	15	26	11	33	16	56	39	44	35	54	12	38	30	19	57	37	21	36	44	12	40	54	53	55	16	36	52	50	40	32	57	24	11	20	34	35	27	46	45	39	57	15	27	28	21	17	45	9	38	20	49	18	55	25	30	7	24	19	18	35	44	18	34	13	43	6	19	19	41	26	54	17	31	21	42	17	32	0	28	33	2	23	15	41	38	33	16	29	44	8	27	24	44	53	33	51	36	47	14	12	51	5	26	6	32	42	29	58	26	22	8	32	30	60	35	19	49	64	52	47	29	40	27	62	33	23	23	39	20	23	23	9	48	12	36	50	59	44	43	
67	79	20	45	26	87	70	9	62	62	61	39	41	54	39	50	20	67	64	65	34	65	20	66	54	43	83	65	42	62	59	15	68	78	79	81	15	46	74	75	67	37	81	26	33	8	42	62	19	74	67	64	83	15	41	53	12	14	54	26	66	26	77	9	66	53	27	34	50	16	46	63	70	12	42	21	55	34	45	47	48	54	63	30	54	42	65	45	47	28	0	56	26	12	43	50	63	61	18	56	70	29	7	21	68	61	53	58	59	73	18	36	60	24	27	30	44	62	55	83	22	42	29	56	24	87	60	46	59	90	79	62	56	67	1	88	40	16	44	66	41	16	5	27	54	40	50	66	84	51	60	
42	22	36	28	30	34	16	47	20	17	15	17	36	17	31	13	36	31	48	11	38	31	45	35	47	14	29	27	14	11	18	43	31	21	27	26	41	24	18	19	39	31	24	35	24	48	27	40	44	28	12	46	28	41	19	41	44	42	29	30	34	31	29	48	31	21	39	32	38	41	21	34	15	50	26	47	22	30	36	25	31	16	33	26	3	14	9	21	16	33	56	0	33	46	27	26	9	32	50	14	19	41	52	39	13	35	6	35	2	19	48	22	32	39	36	38	20	9	7	26	40	14	28	47	42	33	45	33	29	35	25	22	36	25	56	33	28	43	12	41	15	43	51	29	34	24	17	21	28	31	13	
59	55	13	18	14	61	45	17	46	36	34	17	17	27	13	32	14	54	41	44	33	53	12	40	32	19	57	38	20	36	43	11	42	54	53	55	14	34	52	51	41	30	57	22	10	18	32	37	25	47	45	41	58	13	26	30	19	15	43	7	39	17	50	17	53	26	28	9	26	17	19	37	44	17	32	14	41	8	21	20	39	27	52	15	31	20	42	18	30	2	26	33	0	21	16	39	38	35	16	30	44	10	25	22	44	51	32	49	36	47	14	11	49	6	24	8	30	41	30	58	24	21	6	34	27	60	37	21	47	65	53	46	31	41	26	62	31	21	22	41	19	21	22	7	46	13	34	49	59	42	42	
55	68	10	39	15	78	60	7	50	54	52	29	38	46	34	38	9	55	62	54	22	53	20	61	52	34	74	58	31	52	47	13	62	67	70	71	7	34	63	65	62	25	70	14	24	7	30	58	8	66	56	62	73	8	29	51	2	6	42	17	60	14	68	9	54	45	15	30	47	5	39	58	60	15	30	22	43	29	42	41	36	46	51	19	44	31	55	38	35	23	12	46	21	0	37	38	53	56	21	48	61	27	6	9	58	49	42	46	48	64	20	27	48	21	15	27	32	50	45	72	10	31	20	54	13	77	58	42	47	80	69	50	52	60	12	78	28	4	33	62	31	4	8	18	42	33	38	54	74	39	49	
64	46	29	2	27	47	34	34	46	22	21	19	9	13	5	33	30	56	26	38	45	55	25	23	21	15	44	22	20	25	43	27	25	45	40	42	30	40	45	40	25	40	47	35	16	35	40	21	41	32	39	26	46	29	31	16	35	31	48	21	23	30	35	34	55	10	41	8	12	33	6	20	33	33	39	26	44	8	9	4	47	14	56	25	24	20	34	6	33	15	43	27	16	37	0	44	28	18	29	17	31	17	42	37	34	56	29	55	29	35	28	14	53	19	37	14	35	37	21	47	39	21	18	22	42	47	22	7	51	52	40	47	15	25	42	49	39	37	21	25	19	37	39	20	53	5	37	47	47	48	39	
20	40	32	46	26	58	41	44	14	43	41	25	51	41	45	13	32	17	70	26	19	15	49	60	66	29	53	53	24	37	13	43	56	40	52	50	38	4	34	41	63	13	43	24	30	44	8	62	32	54	28	69	50	38	13	60	38	38	4	32	59	25	55	45	16	43	24	43	57	35	40	58	40	50	8	51	6	41	53	44	5	39	13	24	27	24	32	39	11	41	50	26	39	38	44	0	35	56	53	39	45	50	43	29	37	12	20	10	28	45	51	31	10	44	23	47	9	22	32	47	28	22	33	66	27	57	66	51	9	57	50	13	58	51	50	56	10	34	23	64	24	34	46	32	8	38	9	18	50	5	18	
50	18	43	28	37	25	7	53	27	10	9	24	37	15	32	22	43	38	43	13	47	38	50	29	45	19	21	21	21	3	26	48	24	17	18	18	48	33	17	13	33	40	19	43	29	54	36	35	52	19	13	42	20	47	28	38	51	48	37	36	28	39	20	54	38	19	48	34	36	48	22	28	7	55	35	51	30	32	36	25	40	14	41	33	8	21	6	22	25	38	63	9	38	53	28	35	0	27	54	11	10	43	59	47	6	43	15	43	7	11	52	27	40	43	44	41	29	15	8	20	48	21	34	44	50	25	41	33	37	27	17	29	33	18	62	25	37	50	19	35	22	50	58	35	43	26	26	27	21	40	20	
74	42	47	16	45	35	29	53	53	17	18	33	22	15	22	43	48	64	16	40	61	63	43	5	21	28	34	8	33	23	51	46	8	41	30	34	49	52	43	36	7	55	43	53	34	54	54	8	59	19	41	14	38	48	44	14	54	50	60	39	4	48	22	52	63	12	59	26	15	51	18	2	29	51	53	43	54	27	18	15	60	16	65	42	29	33	34	19	44	33	61	32	35	56	18	56	27	0	46	17	24	33	61	55	31	67	37	66	32	28	45	31	64	37	55	32	47	41	24	41	57	34	36	19	60	35	14	16	61	42	31	54	8	13	60	39	54	55	33	8	33	55	57	38	65	23	47	53	40	61	45	
72	72	21	31	26	77	61	13	62	51	50	33	25	42	24	48	21	69	47	60	42	67	4	51	36	36	73	51	36	52	59	9	54	71	69	71	16	48	69	67	51	41	73	31	26	14	45	45	29	62	62	47	74	16	41	37	19	17	57	21	51	28	65	12	68	40	35	21	33	20	34	48	61	6	45	3	56	22	29	33	52	43	66	29	47	36	58	33	46	16	18	50	16	21	29	53	54	46	0	46	60	13	21	28	60	65	48	62	52	63	2	28	63	11	33	14	45	58	46	75	30	37	22	38	33	76	43	30	61	80	69	62	40	55	17	78	43	24	38	50	35	24	16	22	59	28	50	65	75	55	58	
57	29	38	17	34	31	16	47	35	5	4	20	26	4	22	26	39	46	33	23	48	46	41	21	34	14	27	13	19	8	33	41	17	28	23	25	42	36	28	23	24	41	30	41	24	48	38	25	49	18	24	32	28	41	29	27	46	43	42	31	19	36	20	47	46	8	46	25	25	43	12	19	16	48	37	42	36	23	25	14	43	3	48	30	12	19	17	12	28	29	56	14	30	48	17	39	11	17	46	0	14	34	54	44	17	49	19	49	15	17	44	21	46	35	42	31	31	24	7	30	46	20	28	33	48	30	30	22	43	34	23	36	22	13	56	32	39	46	18	26	19	46	52	29	48	17	30	36	30	44	28	
59	18	51	31	46	17	5	61	36	9	10	32	39	17	36	32	52	47	40	21	57	47	56	25	45	27	12	16	30	8	35	55	18	17	9	11	56	43	20	12	28	50	18	52	37	62	46	32	61	10	20	38	14	55	38	38	60	56	47	44	23	48	10	61	46	21	57	39	37	56	26	25	6	62	45	57	40	38	37	27	50	17	50	42	18	30	13	26	35	44	70	19	44	61	31	45	10	24	60	14	0	48	67	56	9	52	25	52	17	4	58	34	49	49	54	46	39	24	16	17	58	30	41	43	60	16	38	34	46	20	8	37	32	12	70	18	47	59	28	31	30	59	65	43	53	31	36	35	16	50	29	
70	62	23	18	25	64	50	22	56	39	38	26	12	30	12	41	23	65	35	52	43	63	9	38	25	27	61	38	29	41	53	15	41	61	57	59	21	45	59	56	38	41	63	32	19	23	43	32	34	49	53	35	63	20	36	24	25	22	54	17	38	28	52	21	64	28	38	9	20	25	22	35	50	17	43	9	51	11	16	21	50	31	63	26	38	29	49	21	40	8	29	41	10	27	17	50	43	33	13	34	48	0	31	31	50	62	41	60	43	52	12	20	60	6	34	3	41	50	36	64	33	30	17	27	37	64	31	17	58	69	57	56	27	42	28	66	42	29	31	37	28	29	26	18	57	17	44	58	64	53	51	
60	74	16	44	22	84	67	9	56	60	58	35	42	52	38	44	15	61	66	61	27	58	22	66	56	40	80	64	38	59	53	16	67	73	77	77	12	40	70	71	67	30	76	19	30	8	35	62	12	72	62	66	79	13	36	55	7	11	47	23	65	21	74	10	60	51	20	34	51	11	44	63	66	15	36	24	49	34	46	46	41	51	56	26	50	38	61	43	41	27	7	52	25	6	42	43	59	61	21	54	67	31	0	14	65	54	48	51	55	70	21	33	53	25	20	31	39	57	51	79	15	38	26	58	17	84	62	46	52	87	76	55	56	66	7	85	33	9	40	67	37	9	5	24	47	39	44	60	80	44	55	
46	61	8	39	10	73	55	15	42	50	48	24	39	43	34	30	7	46	63	47	14	44	26	60	55	30	68	56	26	47	39	18	60	60	65	66	11	25	56	58	62	16	63	5	21	15	21	58	4	62	48	62	67	12	22	52	9	10	33	16	59	8	65	17	45	43	7	30	48	7	37	57	54	23	21	28	34	29	43	40	27	42	42	14	38	26	48	36	27	24	21	39	22	9	37	29	47	55	28	44	56	31	14	0	52	40	35	37	42	58	26	24	39	24	6	29	24	43	40	66	2	26	19	56	5	72	59	42	38	75	64	41	52	57	21	73	19	5	28	62	25	5	17	17	33	32	30	45	68	30	41	
50	12	48	34	43	21	4	59	26	14	14	29	43	21	38	25	49	37	48	11	51	37	56	33	50	25	16	24	26	9	26	54	27	11	15	13	53	35	12	6	36	44	13	48	35	60	39	40	57	19	11	46	15	53	32	43	57	54	39	42	31	44	19	60	37	25	52	40	42	53	28	32	3	61	38	57	32	39	42	31	42	20	41	38	14	26	5	28	28	44	68	13	44	58	34	37	6	31	60	17	9	50	65	52	0	43	18	44	10	8	59	33	40	49	49	47	32	15	14	14	53	26	40	49	55	20	45	39	37	22	13	28	38	20	68	20	41	55	24	39	27	55	63	41	45	32	28	26	15	42	20	
7	44	43	58	38	64	47	55	17	52	50	37	64	51	57	24	43	10	81	32	27	8	61	70	78	41	59	63	36	46	17	55	66	44	58	56	49	17	38	46	74	24	46	35	43	55	19	74	42	62	33	80	55	49	26	72	49	49	8	45	69	36	62	56	9	55	34	56	69	46	52	68	46	61	19	64	13	54	65	56	13	50	3	36	37	36	38	51	23	53	61	35	51	49	56	12	43	67	65	49	52	62	54	40	43	0	30	3	36	51	63	43	3	57	34	59	21	28	42	51	39	34	45	78	37	63	77	63	6	61	56	15	69	60	61	61	21	45	35	75	36	45	57	44	7	51	19	19	54	10	23	
37	26	32	30	26	40	21	44	16	23	21	15	38	22	32	7	33	27	52	12	33	26	44	40	50	14	35	33	12	17	14	41	36	25	32	32	38	18	21	23	44	25	28	30	22	45	21	44	39	34	13	50	33	38	13	44	41	38	23	28	39	27	35	45	26	25	34	32	41	37	24	38	20	48	20	46	17	30	38	28	25	20	28	22	7	12	13	23	10	33	53	6	32	42	29	20	15	37	48	19	25	41	48	35	18	30	0	29	8	25	46	21	26	38	31	38	14	9	12	31	36	11	26	50	37	39	48	36	23	40	31	17	40	31	52	38	22	39	10	45	13	39	48	27	29	25	11	18	33	25	10	
9	45	41	56	36	65	48	52	18	52	50	36	62	51	56	23	41	12	80	33	24	10	59	70	77	39	60	62	34	46	18	52	66	45	59	57	46	15	39	47	73	21	47	32	41	52	17	73	39	62	34	79	56	47	24	71	46	46	6	42	68	34	63	53	12	54	31	54	67	43	51	68	47	59	17	61	12	52	64	55	10	49	6	34	37	34	39	50	22	51	58	35	49	46	55	10	43	66	62	49	52	60	51	37	44	3	29	0	36	52	60	42	4	55	31	57	19	29	42	52	36	33	43	77	34	64	76	62	7	62	57	16	68	60	58	62	18	42	34	74	35	42	54	42	4	49	18	20	55	7	24	
43	19	39	29	33	31	13	50	20	16	15	20	38	18	33	15	39	32	48	9	41	31	48	35	48	16	26	27	17	9	19	46	30	18	24	24	44	26	16	16	38	33	21	38	26	51	29	40	47	26	10	47	25	43	21	42	47	45	30	33	34	34	27	50	31	22	42	34	39	43	23	33	12	53	28	50	23	32	38	26	33	17	34	29	5	17	6	23	18	36	59	2	36	48	29	28	7	32	52	15	17	43	55	42	10	36	8	36	0	17	50	24	33	41	39	40	22	9	8	24	43	17	31	47	44	31	45	35	30	32	23	22	37	24	58	30	31	45	15	41	18	45	54	32	36	26	19	21	25	33	13	
57	14	54	34	48	14	4	64	34	13	13	35	43	21	40	32	54	45	44	19	58	45	59	28	49	29	10	20	32	11	34	58	21	13	7	7	58	43	17	8	32	51	14	54	40	65	47	36	63	12	18	42	10	58	39	42	62	59	47	47	27	50	11	64	45	25	59	42	41	59	29	28	5	65	46	60	40	41	41	31	50	21	49	44	20	32	13	30	35	47	73	19	47	64	35	45	11	28	63	17	4	52	70	58	8	51	25	52	17	0	62	37	48	52	55	49	40	23	18	13	60	32	44	47	61	13	42	38	45	17	5	36	36	15	72	14	48	61	30	35	33	61	68	45	53	34	36	33	12	50	28	
70	70	19	29	24	75	60	12	60	49	48	31	24	41	23	46	20	67	46	58	40	65	2	50	36	34	71	50	34	51	57	8	53	69	67	69	15	46	67	65	50	39	72	29	24	13	43	44	27	60	60	47	72	14	39	36	18	15	55	19	50	26	63	11	66	38	33	19	32	19	32	47	59	6	43	3	54	20	28	32	50	41	64	27	45	34	57	32	44	14	18	48	14	20	28	51	52	45	2	44	58	12	21	26	59	63	46	60	50	62	0	26	61	9	31	13	43	56	44	73	28	35	20	38	31	74	43	29	60	79	67	60	39	53	17	76	42	22	36	49	33	22	15	20	57	27	48	63	73	53	56	
51	44	17	16	14	51	34	26	35	26	25	6	20	19	14	21	18	45	41	32	31	43	23	36	35	8	47	31	9	26	32	21	35	43	43	45	21	27	41	39	38	25	46	22	3	27	26	35	28	39	33	40	47	20	17	30	25	22	35	10	35	17	41	26	44	19	28	12	26	22	13	33	34	28	25	25	32	10	22	16	33	18	43	11	19	9	30	12	21	12	36	22	11	27	14	31	27	31	28	21	34	20	33	24	33	43	21	42	24	37	26	0	41	17	24	17	22	30	19	47	26	10	7	36	29	50	37	21	38	54	43	36	29	33	35	52	25	25	11	38	8	25	31	8	39	8	25	38	48	35	31	
10	41	42	55	36	61	44	54	14	49	47	35	61	48	55	21	42	8	78	29	27	6	60	67	75	38	56	59	33	43	14	53	63	41	55	53	48	14	35	43	71	23	43	34	40	54	18	71	41	59	30	77	52	48	23	70	48	48	6	43	66	35	59	55	7	52	33	53	66	45	49	65	43	60	18	62	10	51	63	53	12	47	3	34	34	33	35	48	20	51	60	32	49	48	53	10	40	64	63	46	49	60	53	39	40	3	26	4	33	48	61	41	0	55	33	57	19	25	39	48	38	32	43	75	36	60	75	60	3	58	53	12	66	57	60	58	20	44	32	72	34	44	56	42	7	48	16	16	51	9	20	
64	61	16	21	19	66	50	16	52	40	39	23	17	31	14	38	17	60	41	50	37	58	6	42	31	25	62	41	26	41	49	9	44	60	58	60	14	40	58	56	43	35	62	26	16	17	38	37	27	51	51	41	63	13	32	30	19	15	49	12	42	22	54	15	59	29	31	10	26	18	23	39	50	13	37	8	47	11	21	23	45	32	58	20	36	26	47	22	36	5	24	39	6	21	19	44	43	37	11	35	49	6	25	24	49	57	38	55	41	52	9	17	55	0	28	6	36	47	35	63	26	27	12	33	30	65	37	21	53	69	58	52	32	44	23	67	36	22	28	42	25	22	20	12	51	17	40	55	64	47	48	
40	57	12	39	10	70	52	21	36	48	46	22	41	42	36	26	11	40	64	43	9	38	30	60	57	28	65	55	24	45	34	23	59	56	63	63	16	20	52	55	62	10	59	2	21	21	15	59	8	61	44	64	64	17	17	53	15	16	27	17	59	7	62	22	39	43	4	32	49	12	37	57	51	28	15	33	28	31	44	40	21	41	36	13	35	24	45	36	22	26	27	36	24	15	37	23	44	55	33	42	54	34	20	6	49	34	31	31	39	55	31	24	33	28	0	33	19	38	38	62	5	23	20	58	5	69	60	43	32	71	61	35	53	55	27	69	13	11	25	62	23	11	23	18	27	32	25	40	64	24	36	
67	59	21	16	23	62	47	22	53	36	35	23	11	28	9	39	22	62	35	49	42	60	10	37	25	24	58	36	26	39	50	15	40	58	54	57	20	42	56	54	37	38	60	30	17	23	41	32	32	47	50	35	60	19	34	24	25	21	51	15	36	26	50	21	61	25	36	6	20	24	19	34	47	18	40	11	49	8	15	19	48	28	60	23	35	26	46	19	37	6	30	38	8	27	14	47	41	32	14	31	46	3	31	29	47	59	38	57	40	49	13	17	57	6	33	0	38	47	33	61	32	27	14	27	35	61	31	16	55	66	54	53	26	40	29	64	40	28	28	36	25	28	26	15	54	14	42	55	61	50	48	
29	38	25	36	19	54	36	37	17	36	34	16	42	32	36	7	25	24	61	24	19	22	41	52	57	20	49	45	15	31	14	36	49	38	47	46	31	5	33	37	55	11	41	19	21	37	7	54	28	48	25	60	47	31	4	51	32	31	13	24	50	18	49	38	23	35	21	34	48	28	31	49	35	43	6	43	11	32	44	35	12	31	21	16	21	15	27	30	4	32	44	20	30	32	35	9	29	47	45	31	39	41	39	24	32	21	14	19	22	40	43	22	19	36	19	38	0	20	25	44	24	13	24	57	24	53	57	42	17	54	45	17	49	44	44	52	8	29	14	56	15	29	40	23	17	29	5	21	46	13	17	
35	18	41	37	35	36	19	53	12	25	24	24	46	27	40	12	42	23	57	4	39	23	53	44	57	23	31	36	21	18	11	50	39	18	30	28	47	21	13	18	48	31	21	38	31	54	26	49	47	34	5	56	27	47	21	51	49	47	24	37	43	36	34	54	22	31	41	41	48	46	31	43	18	57	25	55	17	39	46	35	27	26	26	31	13	21	10	31	16	42	62	9	41	50	37	22	15	41	58	24	24	50	57	43	15	28	9	29	9	23	56	30	25	47	38	47	20	0	17	25	43	20	35	56	44	35	54	43	22	34	28	13	46	33	61	33	28	47	19	50	22	47	57	36	30	33	14	12	27	27	5	
49	25	35	21	30	33	15	46	28	11	9	16	30	10	25	18	36	39	40	17	42	39	42	28	40	11	28	20	14	7	26	40	24	25	25	26	40	29	24	21	31	35	27	36	21	46	32	32	45	23	18	38	28	39	23	33	44	41	35	29	26	32	24	46	38	13	42	26	31	40	15	26	15	47	31	43	29	25	29	18	36	8	41	26	5	14	13	15	21	29	55	7	30	45	21	32	8	24	46	7	16	36	51	40	14	42	12	42	8	18	44	19	39	35	38	33	25	17	0	28	42	14	26	39	44	32	37	26	36	35	24	29	28	19	54	33	33	43	12	33	14	43	50	27	41	18	23	29	29	37	21	
56	7	63	47	57	14	13	74	34	26	26	44	56	33	52	37	63	43	57	20	64	44	70	41	62	39	10	33	41	22	34	69	34	7	13	8	68	47	13	7	44	56	5	61	50	74	51	49	70	23	19	55	5	67	45	55	71	68	48	57	40	58	21	74	43	37	66	54	54	67	42	41	13	76	50	72	41	53	54	44	52	33	48	53	28	41	17	42	40	58	83	26	58	72	47	47	20	41	75	30	17	64	79	66	14	51	31	52	24	13	73	47	48	63	62	61	44	25	28	0	67	41	54	60	68	13	55	51	45	10	11	36	49	28	82	10	53	70	38	47	41	70	78	55	54	46	39	32	3	51	29	
45	62	10	41	12	74	56	17	42	51	49	25	41	45	36	31	9	45	65	48	12	43	28	62	57	31	69	57	27	49	39	20	61	61	67	67	13	25	57	59	64	15	64	5	23	17	20	60	3	64	49	64	68	14	22	54	10	12	32	18	61	9	66	18	44	45	5	32	50	9	39	59	55	25	21	30	34	31	45	42	26	44	41	15	39	27	49	38	27	26	22	40	24	10	39	28	48	57	30	46	58	33	15	2	53	39	36	36	43	60	28	26	38	26	5	32	24	43	42	67	0	27	21	58	3	73	61	44	37	76	65	41	54	58	22	74	18	6	29	64	27	6	18	19	32	34	30	45	69	29	41	
42	36	22	23	16	47	29	33	25	25	23	4	29	20	23	11	22	35	47	23	28	34	33	39	43	6	42	33	1	21	22	29	37	35	39	40	27	18	32	33	42	21	38	21	11	34	19	40	30	37	25	46	41	26	9	38	30	28	26	17	38	18	39	34	34	22	27	22	34	26	18	36	28	37	18	35	22	20	31	22	25	19	34	12	12	1	23	17	11	22	42	14	21	31	21	22	21	34	37	20	30	30	38	26	26	34	11	33	17	32	35	10	32	27	23	27	13	20	14	41	27	0	15	43	29	46	43	29	29	49	38	26	35	33	41	47	19	29	2	43	2	29	37	15	31	16	15	28	42	27	21	
53	51	11	20	9	58	41	19	40	33	32	11	21	25	15	26	12	48	44	38	28	46	18	41	37	15	54	37	14	33	37	14	41	50	50	52	14	28	47	46	43	24	52	18	4	20	26	39	23	46	40	43	54	13	19	33	18	15	37	3	40	13	48	19	47	25	24	12	29	15	18	38	41	21	26	20	35	10	24	21	33	25	46	9	26	14	37	17	24	8	29	28	6	20	18	33	34	36	22	28	41	17	26	19	40	45	26	43	31	44	20	7	43	12	20	14	24	35	26	54	21	15	0	38	24	58	40	23	41	61	50	40	33	39	28	59	25	19	16	43	13	19	24	2	40	13	28	43	55	36	36	
86	61	47	20	47	54	47	49	66	34	35	41	16	29	22	54	48	77	8	56	66	76	36	20	2	37	53	27	42	40	64	42	27	60	49	53	47	62	61	54	18	61	61	56	38	50	62	11	59	38	57	10	57	46	53	5	52	48	70	40	21	51	41	48	77	25	62	25	9	50	26	19	47	44	61	35	65	27	13	22	69	30	77	46	43	42	50	26	55	32	56	47	34	54	22	66	44	19	38	33	43	27	58	56	49	78	50	77	47	47	38	36	75	33	58	27	57	56	39	60	58	43	38	0	61	54	6	15	72	61	50	68	11	32	55	58	61	55	43	16	41	55	53	39	75	27	58	68	59	70	60	
43	63	14	44	15	76	58	20	41	54	52	27	45	47	40	31	13	44	68	48	10	42	31	65	60	33	71	60	29	51	39	24	64	62	68	68	16	25	58	61	67	14	65	7	26	20	20	63	5	66	50	68	70	17	23	57	13	16	31	21	64	12	68	21	43	48	3	36	53	12	42	62	57	28	20	33	33	34	48	45	24	46	39	18	41	29	51	41	28	30	24	42	27	13	42	27	50	60	33	48	60	37	17	5	55	37	37	34	44	61	31	29	36	30	5	35	24	44	44	68	3	29	24	61	0	75	64	48	36	77	67	40	57	61	24	75	17	9	31	67	29	9	20	22	30	37	30	45	70	27	41	
68	19	67	46	62	1	17	77	46	25	26	48	54	33	52	45	68	55	50	31	72	56	72	34	56	43	4	27	46	25	46	72	27	19	7	7	72	56	25	17	37	64	18	68	53	78	60	43	77	16	30	48	8	71	52	50	76	73	59	60	33	64	13	77	55	36	73	55	50	72	42	35	18	78	59	73	52	54	52	43	62	33	60	58	34	46	25	42	49	60	87	33	60	77	47	57	25	35	76	30	16	64	84	72	20	63	39	64	31	13	74	50	60	65	69	61	53	35	32	13	73	46	58	54	75	0	49	49	57	7	8	48	44	23	86	4	61	75	44	40	46	75	82	59	65	47	49	44	10	62	40	
85	57	50	21	50	49	43	53	65	31	31	41	20	27	24	53	51	76	4	54	68	75	40	15	9	37	48	22	42	37	63	46	22	56	44	48	51	62	57	50	12	63	57	58	39	54	62	6	62	33	54	4	52	50	53	7	56	52	70	42	16	53	36	52	75	23	64	28	11	54	25	14	43	49	61	40	65	29	16	21	69	28	77	48	42	42	47	26	54	35	60	45	37	58	22	66	41	14	43	30	38	31	62	59	45	77	48	76	45	42	43	37	75	37	60	31	57	54	37	55	61	43	40	6	64	49	0	16	72	56	45	66	8	27	59	53	62	58	42	9	41	58	57	42	75	28	58	66	54	71	58	
71	51	34	5	33	49	38	37	52	25	25	26	5	18	8	40	35	63	20	44	52	62	26	21	14	22	46	22	27	30	50	30	24	50	42	45	35	47	50	45	21	47	52	41	23	38	47	16	46	33	45	20	49	34	38	9	40	36	55	26	20	36	36	37	62	14	47	12	5	38	12	18	38	34	46	26	51	13	3	8	54	19	63	31	30	27	39	12	40	19	46	33	21	42	7	51	33	16	30	22	34	17	46	42	39	63	36	62	35	38	29	21	60	21	43	16	42	43	26	51	44	29	23	15	48	49	16	0	58	55	43	53	10	26	45	52	46	42	28	20	26	42	42	25	60	12	44	54	51	55	46	
13	38	41	52	35	58	41	53	11	46	44	32	59	45	52	18	41	8	75	26	27	6	58	64	73	35	53	56	30	39	11	52	60	38	52	50	47	13	32	40	67	22	40	33	38	53	17	68	41	56	27	74	49	47	21	67	47	47	5	41	63	34	56	54	7	49	33	51	63	44	46	62	40	59	17	60	7	49	60	50	12	44	5	32	31	30	32	46	18	49	59	29	47	47	51	9	37	61	61	43	46	58	52	38	37	6	23	7	30	45	60	38	3	53	32	55	17	22	36	45	37	29	41	72	36	57	72	58	0	55	50	9	63	54	59	55	19	43	29	69	31	43	55	40	9	45	14	13	48	9	17	
66	17	70	51	65	7	19	81	44	29	30	51	60	38	57	46	71	53	57	30	73	54	76	41	63	46	8	34	48	28	44	76	34	17	12	9	75	56	23	16	44	65	15	70	57	82	60	50	79	23	29	55	7	74	54	56	79	76	58	64	40	67	20	81	53	41	74	60	56	75	47	42	20	82	60	77	51	58	57	48	62	38	58	61	36	48	26	47	50	64	90	35	65	80	52	57	27	42	80	34	20	69	87	75	22	61	40	62	32	17	79	54	58	69	71	66	54	34	35	10	76	49	61	61	77	7	56	55	55	0	12	46	50	29	89	3	62	78	46	47	49	78	85	62	64	52	49	42	7	61	39	
62	15	59	39	54	8	9	70	39	17	18	40	48	26	45	38	60	49	46	24	64	50	64	30	52	35	4	23	38	17	39	64	23	15	2	3	64	48	20	10	33	56	14	60	46	70	52	39	69	12	23	44	7	63	44	45	68	65	52	53	29	56	10	70	49	29	65	48	44	64	34	31	10	71	51	65	45	46	45	36	55	26	53	50	25	38	18	35	41	52	79	25	53	69	40	50	17	31	69	23	8	57	76	64	13	56	31	57	23	5	67	43	53	58	61	54	45	28	24	11	65	38	50	50	67	8	45	43	50	12	0	41	39	18	78	9	54	67	36	36	38	67	74	51	58	40	41	37	9	55	33	
21	29	42	48	36	49	32	54	2	39	37	30	55	39	49	14	42	9	70	17	32	9	58	57	68	31	44	49	27	32	3	53	53	29	43	41	48	15	23	31	61	26	31	36	36	54	20	62	44	48	18	68	40	48	21	62	49	48	12	41	56	35	48	55	9	43	37	48	59	46	41	56	32	60	20	60	7	46	56	46	18	38	12	33	24	27	24	41	16	47	62	22	46	50	47	13	29	54	62	36	37	56	55	41	28	15	17	16	22	36	60	36	12	52	35	53	17	13	29	36	41	26	40	68	40	48	66	53	9	46	41	0	58	47	61	46	22	46	26	63	28	46	57	40	18	42	12	5	39	16	8	
77	49	44	13	42	44	36	48	56	23	24	33	15	18	18	45	45	68	12	46	60	67	36	12	13	28	42	16	34	29	54	41	17	48	38	42	45	54	50	43	11	55	50	50	32	49	54	6	56	27	46	11	46	44	45	6	50	46	62	36	12	45	31	47	67	15	57	22	7	48	17	9	36	44	53	36	56	23	11	13	61	20	68	40	33	34	39	18	46	29	56	36	31	52	15	58	33	8	40	22	32	27	56	52	38	69	40	68	37	36	39	29	66	32	53	26	49	46	28	49	54	35	33	11	57	44	8	10	63	50	39	58	0	21	55	47	54	52	34	10	33	52	52	35	66	20	49	58	48	62	50	
67	30	50	24	46	23	17	58	45	8	10	33	31	13	30	38	51	56	28	31	61	56	50	13	34	27	21	5	32	14	43	52	6	29	17	21	54	48	32	24	16	54	30	54	36	59	51	21	61	7	31	26	25	53	42	27	58	55	54	42	11	49	10	58	56	15	59	33	27	55	21	13	18	58	50	51	48	33	29	21	56	14	59	43	23	32	24	22	40	40	67	25	41	60	25	51	18	13	55	13	12	42	66	57	20	60	31	60	24	15	53	33	57	44	55	40	44	33	19	28	58	33	39	32	61	23	27	26	54	29	18	47	21	0	67	26	52	58	31	19	32	58	63	41	60	27	42	45	27	56	38	
67	78	20	44	26	87	70	8	62	61	60	38	40	53	38	49	19	67	63	65	34	65	19	65	53	43	82	64	41	61	59	14	68	77	79	80	14	46	74	74	66	37	80	26	32	7	42	61	19	73	66	63	82	15	41	52	12	13	54	25	65	26	76	8	66	52	27	34	49	15	45	62	69	11	42	20	55	34	44	46	48	53	63	30	54	41	65	44	46	27	1	56	26	12	42	50	62	60	17	56	70	28	7	21	68	61	52	58	58	72	17	35	60	23	27	29	44	61	54	82	22	41	28	55	24	86	59	45	59	89	78	61	55	67	0	87	40	16	43	65	40	16	4	26	54	39	50	65	83	51	60	
66	17	68	48	63	5	17	79	44	27	28	49	57	35	54	45	69	53	54	29	72	54	74	38	60	44	5	31	47	26	44	73	31	17	9	7	73	55	23	15	41	64	15	68	55	79	59	47	77	20	28	52	6	72	52	53	77	74	57	62	37	65	17	79	53	38	73	57	53	73	44	39	18	80	58	75	50	56	55	45	61	35	58	59	34	47	25	44	48	62	88	33	62	78	49	56	25	39	78	32	18	66	85	73	20	61	38	62	30	14	76	52	58	67	69	64	52	33	33	10	74	47	59	58	75	4	53	52	55	3	9	46	47	26	87	0	61	76	45	44	47	76	83	60	63	49	48	42	7	61	38	
28	47	22	41	17	62	44	34	23	44	42	21	46	39	39	16	22	27	66	32	10	25	40	58	61	26	57	52	20	39	21	34	56	46	55	55	28	7	41	46	61	3	49	14	24	34	2	60	22	56	34	65	55	28	10	56	28	28	14	24	57	15	57	35	26	41	14	37	52	25	37	56	43	40	2	43	15	35	48	41	8	38	23	16	29	20	36	36	12	33	40	28	31	28	39	10	37	54	43	39	47	42	33	19	41	21	22	18	31	48	42	25	20	36	13	40	8	28	33	53	18	19	25	61	17	61	62	46	19	62	54	22	54	52	40	61	0	24	21	62	21	24	36	24	15	34	13	27	55	11	24	
51	65	8	39	12	76	58	11	46	52	50	26	38	44	34	34	7	51	62	51	18	49	22	60	53	32	71	57	29	50	44	15	61	64	68	69	8	30	60	62	62	21	67	10	22	10	26	58	5	64	52	62	70	8	26	51	4	7	38	16	59	11	67	12	50	44	11	30	47	4	38	57	57	18	26	24	39	29	42	40	32	44	47	17	41	29	52	37	31	23	16	43	21	4	37	34	50	55	24	46	59	29	9	5	55	45	39	42	45	61	22	25	44	22	11	28	29	47	43	70	6	29	19	55	9	75	58	42	43	78	67	46	52	58	16	76	24	0	31	62	28	0	12	17	38	32	34	50	71	35	45	
43	34	24	22	18	45	27	35	25	23	21	5	29	18	23	11	24	35	46	22	30	34	34	37	43	5	40	31	2	19	22	31	35	33	37	38	29	19	30	31	40	23	36	24	12	36	20	39	32	35	23	45	39	28	11	37	32	30	27	18	36	20	37	35	34	20	29	22	33	29	17	35	26	38	19	36	22	20	30	21	26	17	34	14	10	2	21	16	12	23	44	12	22	33	21	23	19	33	38	18	28	31	40	28	24	35	10	34	15	30	36	11	32	28	25	28	14	19	12	38	29	2	16	43	31	44	42	28	29	46	36	26	34	31	43	45	21	31	0	41	3	31	39	17	32	16	15	27	40	28	20	
83	49	54	23	52	40	36	58	61	25	26	41	25	23	28	51	55	73	10	49	69	72	47	6	18	36	39	14	41	32	59	51	13	48	35	39	55	61	51	43	3	63	49	60	41	59	62	5	66	24	49	8	43	54	52	14	60	56	68	46	7	55	27	57	72	21	66	32	17	58	25	7	37	55	61	47	62	33	21	22	68	25	74	49	38	41	42	26	53	39	66	41	41	62	25	64	35	8	50	26	31	37	67	62	39	75	45	74	41	35	49	38	72	42	62	36	56	50	33	47	64	43	43	16	67	40	9	20	69	47	36	63	10	19	65	44	62	62	41	0	41	62	62	45	73	30	56	62	45	69	54	
44	37	21	21	15	47	29	32	27	24	22	2	27	19	21	13	21	37	45	25	29	36	31	37	41	5	43	32	1	21	25	28	36	36	39	40	26	20	34	34	40	22	39	22	9	33	21	38	30	37	26	44	42	25	11	36	29	27	29	15	36	17	39	32	36	20	27	20	32	26	16	35	29	35	20	33	24	18	29	20	27	18	36	11	13	1	24	15	13	20	41	15	19	31	19	24	22	33	35	19	30	28	37	25	27	36	13	35	18	33	33	8	34	25	23	25	15	22	14	41	27	2	13	41	29	46	41	26	31	49	38	28	33	32	40	47	21	28	3	41	0	28	36	14	33	14	17	30	43	29	23	
51	65	8	39	12	76	58	11	46	52	50	26	38	44	34	34	7	51	62	51	18	49	22	60	53	32	71	57	29	50	44	15	61	64	68	69	8	30	60	62	62	21	67	10	22	10	26	58	5	64	52	62	70	8	26	51	4	7	38	16	59	11	67	12	50	44	11	30	47	4	38	57	57	18	26	24	39	29	42	40	32	44	47	17	41	29	52	37	31	23	16	43	21	4	37	34	50	55	24	46	59	29	9	5	55	45	39	42	45	61	22	25	44	22	11	28	29	47	43	70	6	29	19	55	9	75	58	42	43	78	67	46	52	58	16	76	24	0	31	62	28	0	12	17	38	32	34	50	71	35	45	
63	74	15	40	21	82	65	4	57	57	56	34	37	49	34	45	15	63	61	60	30	61	17	62	51	38	78	60	37	57	55	11	64	73	75	76	10	42	69	70	63	33	76	22	28	3	38	58	15	69	62	61	78	10	37	50	8	9	50	21	62	21	72	5	62	48	23	30	46	11	41	59	65	9	38	18	50	30	41	42	44	49	59	25	49	37	60	40	42	23	5	51	22	8	39	46	58	57	16	52	65	26	5	17	63	57	48	54	54	68	15	31	56	20	23	26	40	57	50	78	18	37	24	53	20	82	57	42	55	85	74	57	52	63	4	83	36	12	39	62	36	12	0	22	50	35	45	61	79	47	56	
52	51	9	22	8	60	43	18	40	35	33	12	23	27	17	26	10	48	46	39	26	46	18	43	38	16	55	39	15	34	37	13	43	51	52	53	12	27	48	48	45	23	53	16	5	19	25	41	21	47	40	45	55	12	19	35	17	13	36	1	42	11	50	18	47	27	22	14	31	13	20	40	42	21	25	20	34	12	26	23	32	27	45	8	27	15	38	19	24	9	27	29	7	18	20	32	35	38	22	29	43	18	24	17	41	44	27	42	32	45	20	8	42	12	18	15	23	36	27	55	19	15	2	39	22	59	42	25	40	62	51	40	35	41	26	60	24	17	17	45	14	17	22	0	39	15	28	43	56	35	36	
13	47	37	54	32	66	49	48	19	52	50	33	60	50	53	22	37	16	79	34	20	14	56	69	75	38	61	62	32	46	19	49	65	47	60	58	43	12	41	48	72	17	49	28	38	48	13	71	35	62	35	77	57	43	21	69	42	42	6	39	68	30	63	49	15	52	27	51	65	39	49	67	48	55	14	58	13	49	62	53	6	48	10	31	36	32	40	48	20	48	54	34	46	42	53	8	43	65	59	48	53	57	47	33	45	7	29	4	36	53	57	39	7	51	27	54	17	30	41	54	32	31	40	75	30	65	75	60	9	64	58	18	66	60	54	63	15	38	32	73	33	38	50	39	0	47	18	22	56	4	25	
58	44	24	7	22	48	33	31	41	22	21	13	13	14	7	27	25	51	32	35	39	50	24	28	27	10	44	25	15	24	38	25	28	43	40	42	26	34	42	39	30	34	45	30	11	32	34	26	36	34	36	31	45	26	25	22	31	27	43	16	27	25	36	31	50	12	36	8	18	28	5	25	32	31	33	25	38	6	14	8	41	14	50	19	21	15	31	5	27	12	40	24	13	33	5	38	26	23	28	17	31	17	39	32	32	51	25	49	26	34	27	8	48	17	32	14	29	33	18	46	34	16	13	27	37	47	28	12	45	52	40	42	20	27	39	49	34	32	16	30	14	32	35	15	47	0	31	43	46	43	35	
27	33	30	38	24	50	32	42	12	34	32	18	44	32	38	4	30	20	61	19	24	18	46	51	58	21	45	44	16	28	9	41	47	33	43	42	36	7	28	32	54	17	35	25	25	43	11	54	34	45	20	60	42	36	9	53	37	36	12	29	50	24	46	43	19	35	27	37	49	34	32	49	31	48	10	48	7	35	46	36	14	30	19	21	18	16	23	31	4	36	50	17	34	38	37	9	26	47	50	30	36	44	44	30	28	19	11	18	19	36	48	25	16	40	25	42	5	14	23	39	30	15	28	58	30	49	58	44	14	49	41	12	49	42	50	48	13	34	15	56	17	34	45	28	18	31	0	15	42	14	11	
24	25	46	48	39	45	30	58	3	37	36	32	56	39	50	17	46	11	69	14	37	12	61	56	68	32	40	48	29	30	6	56	51	25	40	37	52	20	19	27	60	31	27	40	39	58	25	61	49	45	14	68	36	51	24	62	53	52	17	44	55	39	45	59	11	43	42	50	59	50	42	55	29	63	24	63	12	48	57	46	23	37	16	36	24	29	21	42	19	50	66	21	49	54	47	18	27	53	65	36	35	58	60	45	26	19	18	20	21	33	63	38	16	55	40	55	21	12	29	32	45	28	43	68	45	44	66	54	13	42	37	5	58	45	65	42	27	50	27	62	30	50	61	43	22	43	15	0	35	21	8	
59	10	64	47	58	11	13	75	37	25	26	45	56	33	52	39	65	46	55	23	66	47	71	39	61	40	7	32	42	22	37	70	32	10	10	6	69	49	16	9	42	58	8	63	51	75	53	48	72	21	21	53	2	68	47	54	72	70	50	58	38	60	19	75	46	37	67	55	53	69	42	40	14	77	52	72	44	53	54	43	55	33	51	54	29	42	19	42	42	59	84	28	59	74	47	50	21	40	75	30	16	64	80	68	15	54	33	55	25	12	73	48	51	64	64	61	46	27	29	3	69	42	55	59	70	10	54	51	48	7	9	39	48	27	83	7	55	71	40	45	43	71	79	56	56	46	42	35	0	54	32	
17	45	33	50	28	63	46	45	18	48	46	29	55	46	49	18	33	17	74	31	18	15	52	65	70	33	58	58	28	42	17	45	61	44	57	55	39	8	39	45	68	14	47	25	34	45	9	67	32	59	32	73	55	39	17	65	39	39	4	35	64	26	60	46	16	48	24	47	61	36	45	63	45	51	10	54	10	45	58	49	3	44	12	27	32	28	37	44	16	44	51	31	42	39	48	5	40	61	55	44	50	53	44	30	42	10	25	7	33	50	53	35	9	47	24	50	13	27	37	51	29	27	36	70	27	62	71	55	9	61	55	16	62	56	51	61	11	35	28	69	29	35	47	35	4	43	14	21	54	0	22	
30	22	40	40	34	41	24	52	7	30	28	25	48	31	42	10	40	18	61	9	35	18	54	49	60	24	36	40	22	23	6	50	44	22	35	33	46	18	17	23	52	28	25	36	32	53	22	53	45	39	10	60	32	46	19	54	48	46	19	37	47	34	39	53	18	35	38	42	51	44	34	47	23	57	22	56	12	40	49	38	23	29	21	30	16	22	15	34	13	43	60	13	42	49	39	18	20	45	58	28	29	51	55	41	20	23	10	24	13	28	56	31	20	48	36	48	17	5	21	29	41	21	36	60	41	40	58	46	17	39	33	8	50	38	60	38	24	45	20	54	23	45	56	36	25	35	11	8	32	22	0	

