4  50
18	21	78	19	83	9	84	23	94	26	2	86	73	29	54	22	90	7	11	30	52	86	11	16	38	84	91	51	45	31	36	82	63	10	88	80	49	6	93	49	99	32	40	84	7	31	73	89	10	2	
20	47	89	58	36	69	39	67	88	94	88	82	78	69	52	9	59	97	28	16	1	61	5	49	87	30	86	29	99	47	22	22	53	95	24	48	61	65	82	6	74	1	35	17	80	54	26	15	16	19	
100	27	73	84	63	56	29	82	61	2	24	45	6	51	86	69	3	49	29	1	5	13	39	29	50	70	58	6	3	96	89	84	72	40	29	85	98	99	60	90	8	42	93	72	21	35	100	53	97	71	
36	12	24	63	78	20	24	93	86	33	84	81	8	24	81	72	42	70	17	86	75	92	33	58	5	56	5	90	77	22	5	40	30	76	32	100	87	10	77	52	88	86	43	69	9	57	90	56	38	87	
87	2353	1766	548	1726	1884	307	1696	1793	2342	170	1048	1416	2390	422	294	100	844	1612	670	1397	780	1104	1353	901	530	778	2384	2266	1061	2371	580	387	1613	1248	2391	1950	844	444	475	417	2321	1835	1696	196	2385	1199	1834	2127	900	
0	9	58	25	57	89	75	65	45	48	35	26	66	63	50	76	27	33	30	34	74	57	60	27	68	82	37	32	24	73	52	30	60	63	84	54	34	63	96	44	65	73	70	75	64	78	58	63	59	70	22	
9	0	49	17	54	83	69	56	37	47	27	25	57	58	49	68	27	31	24	25	66	48	54	26	59	76	28	24	22	70	44	29	55	59	77	51	25	54	89	40	56	64	62	68	55	71	57	57	50	63	15	
58	49	0	33	64	63	55	8	16	65	34	58	11	56	71	35	61	55	42	24	38	10	44	58	10	60	27	33	54	73	26	58	52	59	54	63	24	5	63	54	7	21	34	46	12	52	75	48	12	42	41	
25	17	33	0	48	69	56	40	19	44	14	29	40	48	48	51	31	29	16	9	50	31	41	29	43	63	12	11	24	63	28	30	44	50	63	46	9	38	75	34	40	47	46	53	38	57	55	45	33	48	10	
57	54	64	48	0	43	30	72	49	11	35	32	63	15	14	50	32	24	32	54	45	55	24	30	70	35	41	38	33	16	38	27	15	12	44	3	49	65	54	14	67	60	44	39	58	37	13	22	55	36	41	
89	83	63	69	43	0	14	67	56	53	55	69	54	29	57	28	70	60	58	69	25	53	28	67	62	7	56	58	68	35	42	65	31	31	9	45	64	60	12	49	61	45	29	17	51	11	54	26	51	21	67	
75	69	55	56	30	14	0	60	46	40	42	55	48	15	44	26	56	45	45	57	21	44	14	53	57	7	44	45	53	26	31	51	17	18	14	32	52	53	24	34	55	41	23	12	44	7	43	12	43	13	54	
65	56	8	40	72	67	60	0	24	73	42	66	13	63	79	39	69	63	50	31	42	17	51	66	5	65	35	41	62	80	34	66	59	66	58	71	31	7	66	62	6	23	38	50	16	57	83	55	17	47	49	
45	37	16	19	49	56	46	24	0	50	17	43	21	43	55	34	45	38	26	14	34	11	33	42	25	52	11	17	38	60	15	42	39	46	49	48	11	19	59	38	21	27	30	39	18	45	60	37	13	35	27	
48	47	65	44	11	53	40	73	50	0	33	22	66	25	5	57	22	16	27	51	53	57	32	21	73	46	39	35	25	26	41	18	24	22	54	8	47	68	64	11	70	65	51	48	62	46	10	31	57	45	35	
35	27	34	14	35	55	42	42	17	33	0	25	37	34	38	41	27	21	8	18	39	27	27	24	42	49	6	3	21	49	17	24	30	36	50	33	14	37	62	22	39	41	35	41	34	44	44	31	29	36	13	
26	25	58	29	32	69	55	66	43	22	25	0	63	41	24	63	2	9	17	38	60	53	42	1	68	61	31	25	5	48	41	4	38	40	66	28	35	62	78	20	64	66	57	58	59	59	32	43	54	54	18	
66	57	11	40	63	54	48	13	21	66	37	63	0	52	71	26	65	57	45	32	29	10	40	62	8	52	32	38	58	70	25	62	49	56	45	62	31	6	53	55	7	10	25	38	4	44	75	44	8	35	48	
63	58	56	48	15	29	15	63	43	25	34	41	52	0	29	36	41	31	34	52	31	46	12	39	60	21	38	37	40	17	29	36	4	3	29	17	47	56	39	20	58	48	31	24	48	22	28	8	45	22	43	
50	49	71	48	14	57	44	79	55	5	38	24	71	29	0	62	23	19	31	56	58	62	37	23	78	50	44	40	27	28	46	20	29	26	58	12	52	73	69	16	75	70	57	53	67	51	8	36	63	50	38	
76	68	35	51	50	28	26	39	34	57	41	63	26	36	62	0	65	55	48	48	5	26	25	62	34	28	39	43	60	51	24	60	34	39	19	51	44	32	27	48	33	16	6	14	23	20	63	27	24	13	54	
27	27	61	31	32	70	56	69	45	22	27	2	65	41	23	65	0	10	19	40	62	55	43	3	70	62	33	27	7	48	43	5	39	41	68	28	38	64	79	21	67	68	59	60	61	60	31	44	56	55	20	
33	31	55	29	24	60	45	63	38	16	21	9	57	31	19	55	10	0	13	37	52	48	33	7	63	52	27	22	9	40	34	5	29	31	57	20	33	58	69	11	60	59	49	49	54	50	26	34	49	45	19	
30	24	42	16	32	58	45	50	26	27	8	17	45	34	31	48	19	13	0	24	45	35	30	16	50	52	14	8	13	47	24	16	30	35	54	29	20	45	66	18	47	49	42	45	42	48	38	33	37	40	9	
34	25	24	9	54	69	57	31	14	51	18	38	32	52	56	48	40	37	24	0	48	24	43	38	34	64	14	16	33	67	26	39	48	54	62	52	5	29	73	41	31	40	43	52	31	57	62	47	26	47	20	
74	66	38	50	45	25	21	42	34	53	39	60	29	31	58	5	62	52	45	48	0	28	21	59	37	24	38	42	57	46	22	57	30	34	16	46	44	35	25	44	36	20	4	9	26	15	58	23	26	8	52	
57	48	10	31	55	53	44	17	11	57	27	53	10	46	62	26	55	48	35	24	28	0	34	52	15	50	22	28	48	63	17	52	42	49	44	54	22	10	54	46	12	16	24	36	7	42	66	38	2	32	38	
60	54	44	41	24	28	14	51	33	32	27	42	40	12	37	25	43	33	30	43	21	34	0	40	48	21	29	30	40	29	18	38	9	15	24	25	38	44	36	23	46	36	20	16	36	17	37	4	33	13	39	
27	26	58	29	30	67	53	66	42	21	24	1	62	39	23	62	3	7	16	38	59	52	40	0	67	60	30	24	5	47	40	3	36	39	65	27	35	61	77	19	64	65	56	57	58	58	31	41	53	52	18	
68	59	10	43	70	62	57	5	25	73	42	68	8	60	78	34	70	63	50	34	37	15	48	67	0	61	36	42	63	78	32	67	57	64	53	70	34	5	61	61	3	18	34	46	12	52	82	52	15	43	51	
82	76	60	63	35	7	7	65	52	46	49	61	52	21	50	28	62	52	52	64	24	50	21	60	61	0	51	52	60	28	37	57	23	23	11	38	59	58	19	41	59	44	27	14	49	8	47	19	48	18	61	
37	28	27	12	41	56	44	35	11	39	6	31	32	38	44	39	33	27	14	14	38	22	29	30	36	51	0	6	26	53	15	30	34	40	50	39	9	31	62	28	33	36	34	41	29	45	50	33	24	36	16	
32	24	33	11	38	58	45	41	17	35	3	25	38	37	40	43	27	22	8	16	42	28	30	24	42	52	6	0	20	52	19	25	33	39	53	36	12	37	65	25	39	42	38	43	35	47	46	34	30	38	10	
24	22	54	24	33	68	53	62	38	25	21	5	58	40	27	60	7	9	13	33	57	48	40	5	63	60	26	20	0	49	37	7	37	40	64	30	30	57	76	20	60	62	54	56	55	58	35	41	50	51	13	
73	70	73	63	16	35	26	80	60	26	49	48	70	17	28	51	48	40	47	67	46	63	29	47	78	28	53	52	49	0	46	43	21	14	39	19	62	73	47	29	75	65	47	38	65	33	22	25	62	37	56	
52	44	26	28	38	42	31	34	15	41	17	41	25	29	46	24	43	34	24	26	22	17	18	40	32	37	15	19	37	46	0	39	25	32	35	37	22	27	46	29	29	25	18	25	21	30	50	22	17	21	30	
30	29	58	30	27	65	51	66	42	18	24	4	62	36	20	60	5	5	16	39	57	52	38	3	67	57	30	25	7	43	39	0	34	36	63	24	36	62	74	16	64	64	54	55	58	55	28	39	53	50	20	
60	55	52	44	15	31	17	59	39	24	30	38	49	4	29	34	39	29	30	48	30	42	9	36	57	23	34	33	37	21	25	34	0	6	30	17	43	53	41	18	55	45	29	24	45	22	28	7	42	21	39	
63	59	59	50	12	31	18	66	46	22	36	40	56	3	26	39	41	31	35	54	34	49	15	39	64	23	40	39	40	14	32	36	6	0	32	14	49	59	42	20	61	51	34	27	51	25	25	12	48	26	44	
84	77	54	63	44	9	14	58	49	54	50	66	45	29	58	19	68	57	54	62	16	44	24	65	53	11	50	53	64	39	35	63	30	32	0	46	57	51	12	47	52	35	20	9	42	7	57	23	42	14	62	
54	51	63	46	3	45	32	71	48	8	33	28	62	17	12	51	28	20	29	52	46	54	25	27	70	38	39	36	30	19	37	24	17	14	46	0	47	65	57	11	67	60	45	41	58	39	12	24	54	38	38	
34	25	24	9	49	64	52	31	11	47	14	35	31	47	52	44	38	33	20	5	44	22	38	35	34	59	9	12	30	62	22	36	43	49	57	47	0	29	69	37	31	38	39	48	29	52	58	42	24	43	18	
63	54	5	38	65	60	53	7	19	68	37	62	6	56	73	32	64	58	45	29	35	10	44	61	5	58	31	37	57	73	27	62	53	59	51	65	29	0	59	56	2	17	31	43	9	49	77	48	10	40	46	
96	89	63	75	54	12	24	66	59	64	62	78	53	39	69	27	79	69	66	73	25	54	36	77	61	19	62	65	76	47	46	74	41	42	12	57	69	59	0	59	60	43	30	21	50	18	66	35	51	26	74	
44	40	54	34	14	49	34	62	38	11	22	20	55	20	16	48	21	11	18	41	44	46	23	19	61	41	28	25	20	29	29	16	18	20	47	11	37	56	59	0	58	54	42	40	51	40	21	23	46	36	27	
65	56	7	40	67	61	55	6	21	70	39	64	7	58	75	33	67	60	47	31	36	12	46	64	3	59	33	39	60	75	29	64	55	61	52	67	31	2	60	58	0	17	32	44	10	51	79	50	12	41	48	
73	64	21	47	60	45	41	23	27	65	41	66	10	48	70	16	68	59	49	40	20	16	36	65	18	44	36	42	62	65	25	64	45	51	35	60	38	17	43	54	17	0	18	29	9	36	73	39	13	28	52	
70	62	34	46	44	29	23	38	30	51	35	57	25	31	57	6	59	49	42	43	4	24	20	56	34	27	34	38	54	47	18	54	29	34	20	45	39	31	30	42	32	18	0	12	22	18	58	22	22	10	48	
75	68	46	53	39	17	12	50	39	48	41	58	38	24	53	14	60	49	45	52	9	36	16	57	46	14	41	43	56	38	25	55	24	27	9	41	48	43	21	40	44	29	12	0	34	6	52	17	34	5	53	
64	55	12	38	58	51	44	16	18	62	34	59	4	48	67	23	61	54	42	31	26	7	36	58	12	49	29	35	55	65	21	58	45	51	42	58	29	9	50	51	10	9	22	34	0	40	71	40	5	31	45	
78	71	52	57	37	11	7	57	45	46	44	59	44	22	51	20	60	50	48	57	15	42	17	58	52	8	45	47	58	33	30	55	22	25	7	39	52	49	18	40	51	36	18	6	40	0	50	16	40	10	56	
58	57	75	55	13	54	43	83	60	10	44	32	75	28	8	63	31	26	38	62	58	66	37	31	82	47	50	46	35	22	50	28	28	25	57	12	58	77	66	21	79	73	58	52	71	50	0	35	67	50	45	
63	57	48	45	22	26	12	55	37	31	31	43	44	8	36	27	44	34	33	47	23	38	4	41	52	19	33	34	41	25	22	39	7	12	23	24	42	48	35	23	50	39	22	17	40	16	35	0	37	14	42	
59	50	12	33	55	51	43	17	13	57	29	54	8	45	63	24	56	49	37	26	26	2	33	53	15	48	24	30	50	62	17	53	42	48	42	54	24	10	51	46	12	13	22	34	5	40	67	37	0	30	40	
70	63	42	48	36	21	13	47	35	45	36	54	35	22	50	13	55	45	40	47	8	32	13	52	43	18	36	38	51	37	21	50	21	26	14	38	43	40	26	36	41	28	10	5	31	10	50	14	30	0	48	
22	15	41	10	41	67	54	49	27	35	13	18	48	43	38	54	20	19	9	20	52	38	39	18	51	61	16	10	13	56	30	20	39	44	62	38	18	46	74	27	48	52	48	53	45	56	45	42	40	48	0	

