4  100
19	85	65	65	75	67	19	62	45	87	43	3	56	93	58	1	30	17	37	63	81	28	68	99	32	71	44	88	9	19	26	68	90	14	22	54	64	33	10	30	69	49	70	22	83	15	35	5	12	56	29	48	75	96	10	49	9	85	84	60	100	78	99	63	76	18	90	93	50	74	97	63	51	92	1	95	50	7	23	12	95	80	19	86	70	84	19	11	10	43	50	84	49	17	68	60	73	38	75	91	
29	17	16	74	73	89	36	48	7	48	14	63	73	23	26	44	91	43	71	84	69	66	4	93	83	82	18	37	77	4	11	72	55	33	82	42	23	8	2	20	56	54	81	68	47	11	99	3	17	63	20	28	24	63	41	36	80	63	9	32	91	38	58	77	32	33	90	13	88	4	57	69	52	84	75	100	20	61	13	61	78	75	98	72	17	38	79	78	72	86	81	54	18	50	8	61	17	67	10	97	
63	23	84	67	6	37	23	99	98	80	71	32	59	49	15	9	92	81	67	97	46	22	51	75	67	43	77	95	22	29	91	71	43	5	96	1	78	52	33	71	90	65	6	45	98	99	61	99	95	76	81	90	39	80	15	33	48	11	11	67	11	49	62	76	27	76	33	74	83	9	89	85	7	4	78	45	85	77	3	66	79	97	27	68	42	10	47	32	75	36	86	79	2	1	28	22	17	56	65	7	
89	29	53	79	66	78	75	92	65	76	84	1	95	7	37	57	1	4	99	41	65	94	3	48	64	99	74	80	18	54	87	32	19	74	68	55	86	55	13	62	35	30	28	60	2	62	71	1	13	93	100	95	38	49	92	10	22	98	61	89	39	70	25	2	45	44	52	81	86	95	37	47	44	15	36	65	59	5	20	56	29	50	59	95	16	56	12	14	52	91	29	55	91	94	31	80	96	84	1	90	
4635	2454	956	2689	4739	2232	4339	172	1422	3714	4927	4827	2681	4329	3100	355	1363	3058	2523	1193	4139	769	4788	2335	4401	450	4394	2476	2592	3780	4603	4056	1715	2947	3000	299	2304	3768	1956	1347	3829	4765	2717	659	2169	2902	3662	3104	4960	138	1062	1045	4944	2297	2991	55	2460	4221	238	360	2331	2187	3908	987	2019	2831	4444	2038	297	238	1358	2747	3678	4294	2957	444	448	2869	1791	2947	3321	321	3332	79	1829	4998	4689	916	4686	4245	871	3227	3339	2597	4521	1738	2284	3228	3159	682	
0	36	61	48	55	89	46	54	3	26	48	57	46	67	63	59	62	64	44	60	46	33	44	80	60	50	18	34	15	84	71	48	65	41	34	52	38	32	68	58	53	71	48	84	67	22	60	68	87	61	68	44	53	25	43	21	16	85	76	48	35	48	52	30	49	35	57	60	25	76	25	18	46	59	84	51	80	6	62	70	28	66	59	51	34	85	57	31	7	55	52	77	32	33	59	41	26	78	40	66	57	
36	0	25	22	25	53	12	30	33	17	23	23	18	30	42	22	29	33	10	23	32	28	33	44	23	14	23	6	24	47	42	26	45	15	12	16	9	22	46	21	20	34	21	47	43	17	24	50	50	33	33	27	38	20	32	15	21	49	42	27	10	30	16	16	22	6	21	29	26	42	23	27	15	22	48	23	45	30	33	47	27	36	35	18	24	48	32	5	30	19	29	41	4	16	27	7	13	41	8	33	39	
61	25	0	22	16	29	14	39	57	41	34	7	18	12	34	7	9	15	22	14	37	41	39	19	14	10	48	26	46	23	25	27	38	23	28	17	28	44	35	13	23	12	33	28	31	39	4	43	30	22	23	32	38	39	39	39	46	24	31	41	26	44	8	39	20	29	13	29	43	19	47	48	16	8	28	31	32	55	35	53	43	36	28	21	37	25	39	30	55	16	26	19	29	31	26	19	35	18	20	12	36	
48	22	22	0	7	49	13	50	45	37	43	15	5	34	19	26	17	17	28	32	15	20	17	37	32	19	42	18	32	44	23	5	23	8	15	30	31	44	24	30	36	34	42	50	21	25	25	28	52	13	43	10	17	23	17	29	38	41	51	49	14	52	18	37	2	29	30	44	25	30	43	31	8	27	50	42	53	43	50	67	24	52	13	33	17	45	51	23	44	30	7	41	25	14	42	15	23	40	13	20	17	
55	25	16	7	0	42	13	50	52	42	44	9	8	28	19	21	9	9	28	28	21	28	23	29	28	17	47	23	39	36	17	11	23	13	21	28	32	47	22	26	34	28	42	44	18	32	19	28	46	8	39	17	22	30	24	34	43	33	47	49	19	53	16	41	5	31	27	42	33	22	48	39	10	23	44	42	48	49	48	65	31	50	12	32	24	37	51	28	50	28	10	35	29	21	39	18	29	33	17	12	20	
89	53	29	49	42	0	44	54	86	67	53	34	47	23	54	30	32	35	46	31	63	70	66	14	31	38	75	55	75	5	39	53	58	52	58	39	53	68	53	32	42	18	52	13	49	68	29	62	12	44	29	59	62	68	66	67	74	12	29	58	55	62	37	64	47	55	33	41	73	24	72	78	45	30	12	49	25	83	46	60	72	44	50	42	66	4	53	58	83	36	51	13	57	60	40	48	64	11	49	30	59	
46	12	14	13	13	44	0	37	43	29	30	11	8	24	32	15	17	21	15	20	27	28	28	34	20	7	35	12	31	38	30	18	36	10	13	16	18	34	35	18	22	26	29	41	32	24	15	41	44	22	31	22	31	24	28	24	32	38	40	36	11	39	7	28	12	18	18	31	29	31	35	33	5	16	41	29	42	40	37	53	29	38	25	20	24	39	38	16	40	17	20	33	16	17	28	5	20	33	5	21	31	
54	30	39	50	50	54	37	0	51	29	7	43	45	34	69	32	49	54	22	26	63	58	63	54	26	33	36	37	49	51	64	55	73	45	42	22	21	23	72	27	16	40	8	43	68	45	36	78	45	59	25	58	68	49	63	39	39	58	28	6	41	9	34	25	50	25	26	13	55	57	30	54	42	31	43	8	33	48	10	17	56	13	63	18	55	52	2	34	47	23	57	42	31	46	15	35	41	45	37	52	68	
3	33	57	45	52	86	43	51	0	22	45	54	43	63	61	55	59	61	41	56	44	31	42	77	56	47	15	30	13	80	68	45	63	38	30	48	35	29	66	54	49	67	44	80	64	19	57	66	83	58	65	42	51	22	41	18	13	81	72	45	32	45	48	26	46	31	54	57	23	73	22	16	43	55	81	48	76	3	59	67	26	62	56	48	32	82	53	27	4	51	50	74	29	30	55	37	22	74	37	63	55	
26	17	41	37	42	67	29	29	22	0	22	40	34	44	57	37	46	50	20	36	44	35	43	60	36	30	8	19	21	62	59	41	60	29	23	28	14	8	61	35	27	49	21	60	59	19	39	64	62	50	43	40	51	24	43	12	10	65	50	23	24	23	32	4	38	12	34	34	29	59	6	26	32	37	60	25	54	19	36	45	32	39	51	26	33	63	31	14	18	31	44	55	13	26	33	24	17	56	25	50	53	
48	23	34	43	44	53	30	7	45	22	0	38	38	31	62	28	43	48	15	23	55	51	56	51	23	26	30	29	42	49	58	48	66	37	35	17	14	18	66	23	12	37	1	42	62	37	31	71	45	53	25	50	60	41	55	32	32	55	30	6	34	10	28	18	43	18	22	13	47	53	24	47	35	27	43	4	34	42	13	24	49	17	56	13	47	50	9	26	41	19	50	40	23	39	13	28	34	42	30	47	61	
57	23	7	15	9	34	11	43	54	40	38	0	12	19	27	13	6	10	23	20	30	35	32	23	20	11	47	23	42	29	20	20	31	17	24	21	29	45	29	18	27	19	36	35	25	35	10	36	37	16	29	25	31	34	32	36	44	27	38	44	22	47	9	39	13	29	19	34	38	19	46	43	11	14	35	35	39	51	41	58	37	41	21	25	31	30	44	27	52	20	19	26	27	26	31	17	31	25	17	10	29	
46	18	18	5	8	47	8	45	43	34	38	12	0	30	24	22	16	17	23	27	19	22	21	35	27	14	39	15	31	41	25	10	28	5	13	25	26	40	28	25	31	31	37	46	25	24	21	32	49	16	38	14	22	22	21	26	35	39	47	44	11	47	14	33	4	24	25	39	26	30	40	31	3	23	47	37	49	41	45	62	25	47	17	28	18	42	46	20	42	26	12	38	21	14	37	11	21	37	9	20	22	
67	30	12	34	28	23	24	34	63	44	31	19	30	0	46	8	21	26	23	8	49	52	51	20	8	17	52	34	54	18	35	39	50	33	37	16	30	45	47	9	19	6	30	17	43	47	9	55	20	34	12	44	50	48	51	45	51	24	19	37	35	41	16	41	32	32	10	21	53	25	49	57	27	8	17	27	19	60	27	44	53	26	40	18	48	19	33	36	60	13	38	10	34	41	19	27	43	12	29	22	48	
63	42	34	19	19	54	32	69	61	57	62	27	24	46	0	40	24	19	47	47	18	31	21	40	47	36	60	37	48	49	15	16	4	27	33	47	50	64	5	45	53	43	61	59	5	43	38	9	60	11	57	19	12	39	21	47	56	42	65	68	33	71	35	57	19	48	46	61	38	30	63	45	27	41	59	60	65	60	68	84	36	69	6	51	29	50	70	43	61	47	12	50	44	32	58	35	41	47	33	24	7	
59	22	7	26	21	30	15	32	55	37	28	13	22	8	40	0	17	22	17	7	41	43	43	23	7	8	45	26	46	25	32	31	44	25	29	11	23	39	42	5	16	12	27	26	38	39	3	49	28	29	17	36	43	39	43	37	44	28	25	34	26	38	8	34	24	25	6	22	44	25	42	48	19	1	26	24	27	53	28	45	44	29	34	15	39	26	32	28	53	9	31	18	26	32	19	19	34	19	20	19	42	
62	29	9	17	9	32	17	49	59	46	43	6	16	21	24	17	0	5	29	24	31	38	33	19	24	17	52	29	47	26	15	21	29	22	28	26	35	51	26	22	32	19	42	35	21	40	14	34	37	13	33	26	31	39	33	41	49	23	40	49	26	53	15	45	15	35	23	39	42	13	52	48	16	18	35	40	40	57	45	62	41	46	19	30	34	28	49	33	57	25	19	26	33	30	36	22	36	24	22	4	28	
64	33	15	17	9	35	21	54	61	50	48	10	17	26	19	22	5	0	34	29	28	37	31	21	29	22	55	31	48	30	9	19	24	23	30	31	39	55	20	28	38	24	47	39	16	42	19	28	41	9	38	25	27	39	31	43	52	25	46	54	28	58	20	49	15	39	29	44	42	13	56	48	18	24	39	46	46	59	51	68	41	51	15	36	33	31	54	36	59	31	16	30	37	31	42	26	38	28	25	5	24	
44	10	22	28	28	46	15	22	41	20	15	23	23	23	47	17	29	34	0	15	40	37	41	40	15	12	29	16	33	41	43	33	51	22	21	7	6	22	50	14	10	28	14	39	47	27	19	56	42	37	24	35	45	30	41	23	28	45	32	21	19	24	14	17	27	9	13	19	36	41	25	37	19	16	40	14	35	38	24	39	37	26	40	8	34	43	23	15	37	10	35	34	12	25	17	13	23	35	15	33	45	
60	23	14	32	28	31	20	26	56	36	23	20	27	8	47	7	24	29	15	0	47	48	48	28	0	13	44	28	47	26	39	37	51	30	32	7	22	36	49	2	11	14	22	24	45	41	10	56	27	36	11	41	49	42	48	38	43	32	20	29	30	33	13	33	30	24	2	15	48	31	41	51	24	5	24	19	22	53	21	38	48	21	41	10	44	28	26	29	53	5	38	18	27	36	12	22	36	20	24	26	48	
46	32	37	15	21	63	27	63	44	44	55	30	19	49	18	41	31	28	40	47	0	13	2	50	47	34	45	26	31	57	30	10	19	18	21	44	41	52	23	45	49	49	54	65	23	27	40	22	67	20	58	5	7	22	3	32	41	53	66	60	21	62	33	45	17	38	45	58	21	42	49	28	22	42	65	55	68	43	64	79	18	66	16	47	12	59	64	31	44	45	12	56	33	18	56	27	26	54	25	33	11	
33	28	41	20	28	70	28	58	31	35	51	35	22	52	31	43	38	37	37	48	13	0	11	57	48	35	34	21	18	64	41	18	32	18	16	43	36	43	36	46	47	53	49	69	35	16	43	35	71	31	59	13	20	11	10	22	30	61	68	54	18	56	35	37	23	33	46	56	8	51	39	15	25	44	69	51	70	30	61	75	5	64	28	45	4	65	60	24	31	45	22	61	27	12	54	26	17	60	24	41	24	
44	33	39	17	23	66	28	63	42	43	56	32	21	51	21	43	33	31	41	48	2	11	0	52	48	35	44	27	29	60	33	12	21	19	21	45	42	52	26	46	50	51	54	67	26	26	42	24	69	23	59	7	9	21	1	31	39	56	68	60	22	63	35	45	19	39	46	59	19	44	48	26	24	44	67	55	70	41	65	80	16	67	19	48	10	61	65	31	42	46	14	58	33	17	57	28	26	57	26	35	13	
80	44	19	37	29	14	34	54	77	60	51	23	35	20	40	23	19	21	40	28	50	57	52	0	28	30	68	46	65	9	25	40	44	41	47	34	47	63	39	28	39	14	50	22	35	58	21	48	22	30	30	46	49	58	53	58	66	4	34	57	45	61	28	58	34	48	29	41	61	10	66	67	34	24	21	47	32	74	47	63	60	46	36	38	54	10	53	49	74	32	38	15	49	49	39	39	54	11	39	17	45	
60	23	14	32	28	31	20	26	56	36	23	20	27	8	47	7	24	29	15	0	47	48	48	28	0	13	44	28	47	26	39	37	51	30	32	7	22	36	49	2	11	14	22	24	45	41	10	56	27	36	11	41	49	42	48	38	43	32	20	29	30	33	13	33	30	24	2	15	48	31	41	51	24	5	24	19	22	53	21	38	48	21	41	10	44	28	26	29	53	5	38	18	27	36	12	22	36	20	24	26	48	
50	14	10	19	17	38	7	33	47	30	26	11	14	17	36	8	17	22	12	13	34	35	35	30	13	0	38	17	37	33	31	25	41	17	20	10	18	34	39	11	16	20	25	34	35	30	9	46	37	26	24	28	37	30	35	29	36	34	33	32	18	36	2	28	18	18	11	25	36	29	36	39	11	9	35	24	35	44	31	48	36	32	30	14	31	34	33	19	44	11	26	27	18	23	22	10	25	27	11	21	36	
18	23	48	42	47	75	35	36	15	8	30	47	39	52	60	45	52	55	29	44	45	34	44	68	44	38	0	24	17	70	64	44	63	34	27	36	22	14	65	43	36	57	30	68	63	18	47	67	71	55	52	42	52	23	43	13	5	72	59	30	28	30	39	12	43	20	42	42	27	66	7	23	37	45	69	34	63	12	44	52	30	48	55	35	34	71	38	19	11	39	48	63	19	28	42	30	19	64	30	57	55	
34	6	26	18	23	55	12	37	30	19	29	23	15	34	37	26	29	31	16	28	26	21	27	46	28	17	24	0	20	50	40	21	41	10	5	22	15	26	42	26	26	37	28	51	39	13	27	45	54	31	38	22	32	14	26	12	20	50	47	33	5	36	18	19	19	12	26	35	20	42	25	22	13	26	52	29	50	28	40	54	21	42	32	24	18	51	38	5	28	24	25	44	7	9	33	7	8	44	6	33	34	
15	24	46	32	39	75	31	49	13	21	42	42	31	54	48	46	47	48	33	47	31	18	29	65	47	37	17	20	0	70	55	32	50	25	18	40	29	29	53	46	43	57	41	71	51	7	47	53	74	45	57	29	38	9	28	10	12	70	66	43	20	44	38	24	34	25	45	51	10	61	23	5	31	46	72	44	69	12	55	65	13	58	43	41	19	71	51	18	13	43	36	64	20	17	50	27	11	64	26	51	42	
84	47	23	44	36	5	38	51	80	62	49	29	41	18	49	25	26	30	41	26	57	64	60	9	26	33	70	50	70	0	34	48	53	46	52	34	48	63	48	27	37	13	48	13	44	63	23	57	13	39	26	53	57	63	60	62	69	9	27	54	50	58	31	59	41	50	28	38	67	19	67	72	39	25	12	44	25	77	43	58	66	41	45	37	60	1	50	53	77	31	46	9	51	54	36	43	58	6	44	25	54	
71	42	25	23	17	39	30	64	68	59	58	20	25	35	15	32	15	9	43	39	30	41	33	25	39	31	64	40	55	34	0	23	19	30	37	41	49	64	14	38	47	31	57	45	10	49	29	23	47	10	47	28	26	46	33	51	60	27	54	64	36	68	30	58	21	48	38	54	47	15	65	54	27	33	45	55	53	66	60	78	45	61	14	46	38	35	64	45	67	40	19	37	46	37	51	35	46	34	34	12	22	
48	26	27	5	11	53	18	55	45	41	48	20	10	39	16	31	21	19	33	37	10	18	12	40	37	25	44	21	32	48	23	0	19	11	17	35	35	48	21	35	41	39	47	55	19	27	30	23	57	13	48	5	12	23	12	31	40	44	57	53	17	56	24	41	7	33	36	50	24	33	46	31	13	32	55	47	58	44	56	72	22	57	11	39	15	49	56	26	45	36	4	46	29	16	47	20	25	44	18	23	12	
65	45	38	23	23	58	36	73	63	60	66	31	28	50	4	44	29	24	51	51	19	32	21	44	51	41	63	41	50	53	19	19	0	30	36	51	54	67	5	50	58	48	65	63	9	45	42	5	65	15	61	21	12	41	22	50	58	46	69	72	36	75	39	60	23	52	50	66	40	34	66	47	31	46	63	65	70	62	72	89	37	73	10	55	31	54	74	46	63	51	16	54	48	34	63	39	43	51	37	28	8	
41	15	23	8	13	52	10	45	38	29	37	17	5	33	27	25	22	23	22	30	18	18	19	41	30	17	34	10	25	46	30	11	30	0	7	25	24	36	32	28	31	35	36	50	29	18	25	35	53	21	41	13	23	17	18	21	30	45	50	42	6	45	17	30	9	21	28	40	20	35	35	26	6	26	51	36	52	36	46	61	20	48	21	29	14	48	46	15	36	27	14	42	17	8	37	9	15	42	7	25	24	
34	12	28	15	21	58	13	42	30	23	35	24	13	37	33	29	28	30	21	32	21	16	21	47	32	20	27	5	18	52	37	17	36	7	0	27	21	31	38	30	31	40	34	55	36	11	29	40	57	28	43	16	27	10	20	14	23	51	52	39	2	41	21	24	16	17	30	40	15	42	29	20	12	29	55	35	54	28	45	59	16	48	28	29	12	53	44	10	29	29	21	47	12	4	38	10	8	47	8	32	29	
52	16	17	30	28	39	16	22	48	28	17	21	25	16	47	11	26	31	7	7	44	43	45	34	7	10	36	22	40	34	41	35	51	25	27	0	14	29	50	6	6	21	16	31	46	34	14	56	34	36	16	38	47	36	44	31	36	38	25	23	25	27	12	25	28	17	5	14	42	36	33	44	21	10	32	14	28	45	20	37	43	22	41	4	39	35	23	22	45	2	36	26	20	31	12	17	30	28	19	29	47	
38	9	28	31	32	53	18	21	35	14	14	29	26	30	50	23	35	39	6	22	41	36	42	47	22	18	22	15	29	48	49	35	54	24	21	14	0	16	54	20	14	35	13	45	51	24	26	59	48	41	29	36	47	27	41	19	22	51	37	18	20	21	20	11	30	4	20	22	33	47	19	34	23	23	46	15	41	32	26	39	35	29	44	13	33	49	23	12	31	17	38	40	9	25	20	15	20	42	17	39	48	
32	22	44	44	47	68	34	23	29	8	18	45	40	45	64	39	51	55	22	36	52	43	52	63	36	34	14	26	29	63	64	48	67	36	31	29	16	0	68	35	26	50	17	59	65	27	42	72	62	56	41	48	58	32	51	21	17	67	48	16	31	16	36	6	44	16	34	31	38	63	7	35	37	38	60	22	52	26	31	38	40	35	58	26	41	64	25	21	25	31	51	55	19	34	31	29	26	57	31	55	60	
68	46	35	24	22	53	35	72	66	61	66	29	28	47	5	42	26	20	50	49	23	36	26	39	49	39	65	42	53	48	14	21	5	32	38	50	54	68	0	48	56	44	64	59	4	48	40	9	60	13	59	24	17	44	26	52	61	41	66	71	37	75	38	61	23	52	48	64	43	29	67	50	31	44	59	64	66	65	70	87	41	71	10	54	34	49	73	47	66	50	17	50	49	37	61	39	46	47	37	25	12	
58	21	13	30	26	32	18	27	54	35	23	18	25	9	45	5	22	28	14	2	45	46	46	28	2	11	43	26	46	27	38	35	50	28	30	6	20	35	48	0	11	14	22	25	43	39	8	55	28	34	13	39	48	40	46	36	42	32	22	29	28	33	11	31	28	23	1	16	46	30	39	49	22	4	26	19	24	51	22	40	46	23	39	10	42	29	26	27	51	4	36	20	25	34	13	20	34	21	22	25	46	
53	20	23	36	34	42	22	16	49	27	12	27	31	19	53	16	32	38	10	11	49	47	50	39	11	16	36	26	43	37	47	41	58	31	31	6	14	26	56	11	0	25	11	32	52	37	19	62	35	43	15	44	53	40	50	33	36	43	23	18	29	22	18	24	35	18	10	9	46	41	31	47	27	15	33	8	26	46	14	31	47	16	47	2	43	38	16	25	46	7	42	29	22	35	7	22	33	31	24	35	53	
71	34	12	34	28	18	26	40	67	49	37	19	31	6	43	12	19	24	28	14	49	53	51	14	14	20	57	37	57	13	31	39	48	35	40	21	35	50	44	14	25	0	36	16	40	50	10	53	18	32	17	44	50	51	51	49	56	18	22	43	38	47	19	46	32	37	15	27	55	20	54	60	28	12	16	33	21	65	33	49	55	32	38	24	49	14	39	40	65	18	38	7	38	43	25	30	46	7	31	19	47	
48	21	33	42	42	52	29	8	44	21	1	36	37	30	61	27	42	47	14	22	54	49	54	50	22	25	30	28	41	48	57	47	65	36	34	16	13	17	64	22	11	36	0	42	61	36	30	70	45	51	24	49	59	40	54	31	31	54	30	7	32	11	27	17	41	16	21	13	46	52	24	46	34	26	43	4	34	41	14	26	48	18	55	12	46	49	10	25	40	18	49	39	22	38	13	26	32	42	29	45	60	
84	47	28	50	44	13	41	43	80	60	42	35	46	17	59	26	35	39	39	24	65	69	67	22	24	34	68	51	71	13	45	55	63	50	55	31	45	59	59	25	32	16	42	0	55	64	25	68	2	48	17	60	66	65	67	62	68	23	16	47	52	51	34	56	48	48	26	30	70	31	64	74	44	25	1	38	12	77	33	47	70	31	54	33	65	13	41	53	77	29	54	9	51	58	29	45	60	11	46	34	63	
67	43	31	21	18	49	32	68	64	59	62	25	25	43	5	38	21	16	47	45	23	35	26	35	45	35	63	39	51	44	10	19	9	29	36	46	51	65	4	43	52	40	61	55	0	46	35	13	56	9	54	23	18	42	26	50	59	37	62	68	35	71	34	58	20	49	44	60	43	25	64	50	27	39	54	60	62	63	66	83	40	67	8	50	33	45	69	44	64	46	15	46	46	35	57	36	44	43	34	20	13	
22	17	39	25	32	68	24	45	19	19	37	35	24	47	43	39	40	42	27	41	27	16	26	58	41	30	18	13	7	63	49	27	45	18	11	34	24	27	48	39	37	50	36	64	46	0	40	48	67	39	51	24	34	5	25	6	13	63	59	40	13	41	31	21	27	20	39	46	10	54	23	10	24	39	65	39	62	17	50	62	12	53	38	35	15	64	46	12	18	37	31	57	15	11	44	20	4	57	19	44	37	
60	24	4	25	19	29	15	36	57	39	31	10	21	9	38	3	14	19	19	10	40	43	42	21	10	9	47	27	47	23	29	30	42	25	29	14	26	42	40	8	19	10	30	25	35	40	0	47	28	26	19	35	41	40	42	38	45	25	27	37	27	41	8	37	23	27	9	25	45	22	45	49	18	4	26	27	28	54	31	48	44	31	32	18	39	24	35	29	54	12	29	17	28	32	22	20	35	17	21	16	40	
68	50	43	28	28	62	41	78	66	64	71	36	32	55	9	49	34	28	56	56	22	35	24	48	56	46	67	45	53	57	23	23	5	35	40	56	59	72	9	55	62	53	70	68	13	48	47	0	69	20	66	24	15	44	25	53	62	50	74	77	40	80	44	65	28	56	55	71	43	38	70	50	36	51	67	70	74	65	77	94	40	78	15	60	34	58	79	50	66	56	20	59	52	38	68	43	47	56	41	33	11	
87	50	30	52	46	12	44	45	83	62	45	37	49	20	60	28	37	41	42	27	67	71	69	22	27	37	71	54	74	13	47	57	65	53	57	34	48	62	60	28	35	18	45	2	56	67	28	69	0	50	20	62	68	68	69	65	70	23	18	50	55	54	36	59	50	51	29	32	73	32	67	77	46	28	2	41	14	80	36	49	73	33	56	36	67	13	43	56	80	31	56	11	54	61	31	47	63	13	49	36	65	
61	33	22	13	8	44	22	59	58	50	53	16	16	34	11	29	13	9	37	36	20	31	23	30	36	26	55	31	45	39	10	13	15	21	28	36	41	56	13	34	43	32	51	48	9	39	26	20	50	0	46	18	18	36	24	42	51	33	54	58	27	62	24	50	12	40	35	50	37	21	56	44	18	30	48	50	54	56	57	74	35	58	6	41	28	40	59	36	57	36	9	39	37	27	48	26	36	37	25	14	15	
68	33	23	43	39	29	31	25	65	43	25	29	38	12	57	17	33	38	24	11	58	59	59	30	11	24	52	38	57	26	47	48	61	41	43	16	29	41	59	13	15	17	24	17	54	51	19	66	20	46	0	52	60	53	59	47	52	33	9	30	41	33	24	39	41	33	13	12	58	36	47	61	35	15	18	20	11	61	17	32	59	15	51	16	55	27	24	39	61	14	48	17	36	47	11	33	46	20	35	34	59	
44	27	32	10	17	59	22	58	42	40	50	25	14	44	19	36	26	25	35	41	5	13	7	46	41	28	42	22	29	53	28	5	21	13	16	38	36	48	24	39	44	44	49	60	23	24	35	24	62	18	52	0	10	20	7	29	37	50	61	55	17	57	28	41	12	33	40	53	19	38	45	26	17	37	60	49	63	41	59	74	17	60	15	42	10	55	59	26	42	39	9	51	29	13	50	22	23	50	20	29	13	
53	38	38	17	22	62	31	68	51	51	60	31	22	50	12	43	31	27	45	49	7	20	9	49	49	37	52	32	38	57	26	12	12	23	27	47	47	58	17	48	53	50	59	66	18	34	41	15	68	18	60	10	0	29	10	39	48	52	69	65	27	68	36	52	19	44	48	62	28	40	56	35	26	44	66	60	70	50	68	84	25	70	13	51	19	58	69	37	51	48	12	57	40	24	59	32	33	55	30	32	5	
25	20	39	23	30	68	24	49	22	24	41	34	22	48	39	39	39	39	30	42	22	11	21	58	42	30	23	14	9	63	46	23	41	17	10	36	27	32	44	40	40	51	40	65	42	5	40	44	68	36	53	20	29	0	20	11	18	62	61	44	13	46	31	26	25	23	40	49	6	52	28	9	23	40	66	42	64	21	53	66	8	56	34	38	10	64	50	15	22	38	27	58	18	8	47	20	7	57	19	42	33	
43	32	39	17	24	66	28	63	41	43	55	32	21	51	21	43	33	31	41	48	3	10	1	53	48	35	43	26	28	60	33	12	22	18	20	44	41	51	26	46	50	51	54	67	26	25	42	25	69	24	59	7	10	20	0	30	39	56	68	60	21	62	35	44	19	38	46	59	18	45	48	25	24	44	67	55	70	40	65	80	15	67	19	48	9	61	64	30	41	46	15	58	33	16	56	28	25	57	26	36	14	
21	15	39	29	34	67	24	39	18	12	32	36	26	45	47	37	41	43	23	38	32	22	31	58	38	29	13	12	10	62	51	31	50	21	14	31	19	21	52	36	33	49	31	62	50	6	38	53	65	42	47	29	39	11	30	0	9	63	56	34	15	35	30	15	30	15	36	41	16	55	17	15	25	37	63	34	59	15	45	56	19	48	42	31	21	63	41	9	16	34	35	56	11	15	40	19	6	56	19	45	42	
16	21	46	38	43	74	32	39	13	10	32	44	35	51	56	44	49	52	28	43	41	30	39	66	43	36	5	20	12	69	60	40	58	30	23	36	22	17	61	42	36	56	31	68	59	13	45	62	70	51	52	37	48	18	39	9	0	70	59	33	24	33	37	14	39	19	41	44	22	63	11	18	34	43	68	35	63	9	46	55	25	49	51	35	29	70	41	16	9	39	44	62	17	24	42	27	15	63	27	54	51	
85	49	24	41	33	12	38	58	81	65	55	27	39	24	42	28	23	25	45	32	53	61	56	4	32	34	72	50	70	9	27	44	46	45	51	38	51	67	41	32	43	18	54	23	37	63	25	50	23	33	33	50	52	62	56	63	70	0	37	61	49	65	33	62	38	53	33	45	65	12	70	71	38	28	22	51	34	79	50	66	64	49	39	42	58	10	57	54	79	36	41	17	53	53	43	43	59	13	44	20	48	
76	42	31	51	47	29	40	28	72	50	30	38	47	19	65	25	40	46	32	20	66	68	68	34	20	33	59	47	66	27	54	57	69	50	52	25	37	48	66	22	23	22	30	16	62	59	27	74	18	54	9	61	69	61	68	56	59	37	0	34	50	37	33	46	50	41	22	16	67	42	54	70	44	24	17	26	4	69	18	31	68	15	59	24	64	28	26	47	69	23	57	19	45	56	17	42	55	23	44	41	67	
48	27	41	49	49	58	36	6	45	23	6	44	44	37	68	34	49	54	21	29	60	54	60	57	29	32	30	33	43	54	64	53	72	42	39	23	18	16	71	29	18	43	7	47	68	40	37	77	50	58	30	55	65	44	60	34	33	61	34	0	38	4	34	19	48	21	28	17	50	59	23	49	40	33	48	10	38	42	16	22	52	19	61	19	51	56	8	30	41	25	56	46	26	43	18	33	37	48	35	53	66	
35	10	26	14	19	55	11	41	32	24	34	22	11	35	33	26	26	28	19	30	21	18	22	45	30	18	28	5	20	50	36	17	36	6	2	25	20	31	37	28	29	38	32	52	35	13	27	40	55	27	41	17	27	13	21	15	24	49	50	38	0	41	18	24	15	16	28	38	18	40	29	22	10	27	53	34	52	30	43	58	18	46	27	27	14	51	42	9	31	27	20	45	12	6	36	8	9	44	6	30	29	
48	30	44	52	53	62	39	9	45	23	10	47	47	41	71	38	53	58	24	33	62	56	63	61	33	36	30	36	44	58	68	56	75	45	41	27	21	16	75	33	22	47	11	51	71	41	41	80	54	62	33	57	68	46	62	35	33	65	37	4	41	0	38	19	51	24	32	21	51	63	23	50	44	37	52	14	42	42	19	22	54	22	65	23	53	60	11	32	41	29	59	50	29	45	22	36	38	52	38	57	69	
52	16	8	18	16	37	7	34	48	32	28	9	14	16	35	8	15	20	14	13	33	35	35	28	13	2	39	18	38	31	30	24	39	17	21	12	20	36	38	11	18	19	27	34	34	31	8	44	36	24	24	28	36	31	35	30	37	33	33	34	18	38	0	30	17	20	11	26	36	27	38	40	11	9	34	26	35	46	32	49	36	33	29	16	31	33	35	21	46	12	25	26	20	24	23	11	27	26	12	19	35	
30	16	39	37	41	64	28	25	26	4	18	39	33	41	57	34	45	49	17	33	45	37	45	58	33	28	12	19	24	59	58	41	60	30	24	25	11	6	61	31	24	46	17	56	58	21	37	65	59	50	39	41	52	26	44	15	14	62	46	19	24	19	30	0	38	10	31	30	32	57	8	30	31	34	57	21	50	23	32	41	34	35	51	23	35	60	27	14	23	28	44	51	12	27	29	23	19	53	24	49	54	
49	22	20	2	5	47	12	50	46	38	43	13	4	32	19	24	15	15	27	30	17	23	19	34	30	18	43	19	34	41	21	7	23	9	16	28	30	44	23	28	35	32	41	48	20	27	23	28	50	12	41	12	19	25	19	30	39	38	50	48	15	51	17	38	0	29	29	43	27	28	44	33	7	25	48	41	51	44	49	66	26	51	13	32	19	43	50	24	45	29	7	39	25	16	40	15	24	38	13	18	18	
35	6	29	29	31	55	18	25	31	12	18	29	24	32	48	25	35	39	9	24	38	33	39	48	24	18	20	12	25	50	48	33	52	21	17	17	4	16	52	23	18	37	16	48	49	20	27	56	51	40	33	33	44	23	38	15	19	53	41	21	16	24	20	10	29	0	22	26	29	47	17	30	21	25	49	19	44	28	30	42	31	33	42	16	30	51	27	8	28	19	36	43	5	21	24	13	16	44	15	39	46	
57	21	13	30	27	33	18	26	54	34	22	19	25	10	46	6	23	29	13	2	45	46	46	29	2	11	42	26	45	28	38	36	50	28	30	5	20	34	48	1	10	15	21	26	44	39	9	55	29	35	13	40	48	40	46	36	41	33	22	28	28	32	11	31	29	22	0	15	46	31	39	49	22	5	27	18	24	51	22	39	46	22	40	9	42	29	26	27	51	3	36	20	25	34	12	20	34	22	22	26	47	
60	29	29	44	42	41	31	13	57	34	13	34	39	21	61	22	39	44	19	15	58	56	59	41	15	25	42	35	51	38	54	50	66	40	40	14	22	31	64	16	9	27	13	30	60	46	25	71	32	50	12	53	62	49	59	41	44	45	16	17	38	21	26	30	43	26	15	0	55	46	37	56	36	20	31	9	21	53	6	23	56	7	55	11	53	39	12	34	53	14	51	29	31	44	2	31	42	32	33	41	62	
25	26	43	25	33	73	29	55	23	29	47	38	26	53	38	44	42	42	36	48	21	8	19	61	48	36	27	20	10	67	47	24	40	20	15	42	33	38	43	46	46	55	46	70	43	10	45	43	73	37	58	19	28	6	18	16	22	65	67	50	18	51	36	32	27	29	46	55	0	55	33	7	27	45	71	48	70	22	59	72	3	62	35	44	9	68	56	21	23	44	28	63	24	12	53	25	13	62	24	45	32	
76	42	19	30	22	24	31	57	73	59	53	19	30	25	30	25	13	13	41	31	42	51	44	10	31	29	66	42	61	19	15	33	34	35	42	36	47	63	29	30	41	20	52	31	25	54	22	38	32	21	36	38	40	52	45	55	63	12	42	59	40	63	27	57	28	47	31	46	55	0	65	61	30	26	31	50	41	71	52	69	54	51	27	40	47	20	57	47	71	34	30	23	47	44	43	36	50	20	36	10	36	
25	23	47	43	48	72	35	30	22	6	24	46	40	49	63	42	52	56	25	41	49	39	48	66	41	36	7	25	23	67	65	46	66	35	29	33	19	7	67	39	31	54	24	64	64	23	45	70	67	56	47	45	56	28	48	17	11	70	54	23	29	23	38	8	44	17	39	37	33	65	0	29	38	42	65	28	58	19	38	45	36	42	57	31	38	68	32	20	18	36	50	59	19	31	37	30	22	61	31	56	58	
18	27	48	31	39	78	33	54	16	26	47	43	31	57	45	48	48	48	37	51	28	15	26	67	51	39	23	22	5	72	54	31	47	26	20	44	34	35	50	49	47	60	46	74	50	10	49	50	77	44	61	26	35	9	25	15	18	71	70	49	22	50	40	30	33	30	49	56	7	61	29	0	32	49	75	49	73	16	60	71	10	63	42	45	16	73	56	22	17	47	35	67	25	17	54	29	14	67	28	51	39	
46	15	16	8	10	45	5	42	43	32	35	11	3	27	27	19	16	18	19	24	22	25	24	34	24	11	37	13	31	39	27	13	31	6	12	21	23	37	31	22	27	28	34	44	27	24	18	36	46	18	35	17	26	23	24	25	34	38	44	40	10	44	11	31	7	21	22	36	27	30	38	32	0	20	44	33	46	41	42	58	26	43	21	25	20	41	43	18	41	22	15	36	19	15	33	8	20	35	7	20	26	
59	22	8	27	23	30	16	31	55	37	27	14	23	8	41	1	18	24	16	5	42	44	44	24	5	9	45	26	46	25	33	32	46	26	29	10	23	38	44	4	15	12	26	25	39	39	4	51	28	30	15	37	44	40	44	37	43	28	24	33	27	37	9	34	25	25	5	20	45	26	42	49	20	0	25	23	26	53	27	44	45	27	35	14	40	26	31	28	53	8	32	18	26	33	18	19	34	19	21	21	43	
84	48	28	50	44	12	41	43	81	60	43	35	47	17	59	26	35	39	40	24	65	69	67	21	24	35	69	52	72	12	45	55	63	51	55	32	46	60	59	26	33	16	43	1	54	65	26	67	2	48	18	60	66	66	67	63	68	22	17	48	53	52	34	57	48	49	27	31	71	31	65	75	44	25	0	39	13	78	34	48	71	32	54	34	65	12	42	54	78	29	54	9	52	58	29	45	60	11	47	34	63	
51	23	31	42	42	49	29	8	48	25	4	35	37	27	60	24	40	46	14	19	55	51	55	47	19	24	34	29	44	44	55	47	65	36	35	14	15	22	64	19	8	33	4	38	60	39	27	70	41	50	20	49	60	42	55	34	35	51	26	10	34	14	26	21	41	19	18	9	48	50	28	49	33	23	39	0	30	45	11	24	50	14	54	9	48	46	9	27	44	15	49	36	24	39	9	27	35	38	29	44	60	
80	45	32	53	48	25	42	33	76	54	34	39	49	19	65	27	40	46	35	22	68	70	70	32	22	35	63	50	69	25	53	58	70	52	54	28	41	52	66	24	26	21	34	12	62	62	28	74	14	54	11	63	70	64	70	59	63	34	4	38	52	42	35	50	51	44	24	21	70	41	58	73	46	26	13	30	0	73	23	35	70	20	60	28	66	25	31	50	73	25	58	17	48	58	21	44	58	21	46	41	68	
6	30	55	43	49	83	40	48	3	19	42	51	41	60	60	53	57	59	38	53	43	30	41	74	53	44	12	28	12	77	66	44	62	36	28	45	32	26	65	51	46	65	41	77	63	17	54	65	80	56	61	41	50	21	40	15	9	79	69	42	30	42	46	23	44	28	51	53	22	71	19	16	41	53	78	45	73	0	56	64	25	59	55	45	31	79	50	24	1	48	48	71	26	28	52	35	20	72	34	61	54	
62	33	35	50	48	46	37	10	59	36	13	41	45	27	68	28	45	51	24	21	64	61	65	47	21	31	44	40	55	43	60	56	72	46	45	20	26	31	70	22	14	33	14	33	66	50	31	77	36	57	17	59	68	53	65	45	46	50	18	16	43	19	32	32	49	30	22	6	59	52	38	60	42	27	34	11	23	56	0	17	60	3	61	17	58	44	8	38	55	20	57	34	35	49	9	36	46	37	39	48	68	
70	47	53	67	65	60	53	17	67	45	24	58	62	44	84	45	62	68	39	38	79	75	80	63	38	48	52	54	65	58	78	72	89	61	59	37	39	38	87	40	31	49	26	47	83	62	48	94	49	74	32	74	84	66	80	56	55	66	31	22	58	22	49	41	66	42	39	23	72	69	45	71	58	44	48	24	35	64	17	0	74	17	78	33	72	59	15	51	63	37	73	49	48	63	26	52	58	52	54	65	84	
28	27	43	24	31	72	29	56	26	32	49	37	25	53	36	44	41	41	37	48	18	5	16	60	48	36	30	21	13	66	45	22	37	20	16	43	35	40	41	46	47	55	48	70	40	12	44	40	73	35	59	17	25	8	15	19	25	64	68	52	18	54	36	34	26	31	46	56	3	54	36	10	26	45	71	50	70	25	60	74	0	63	32	45	7	68	58	22	26	45	26	62	25	12	54	26	15	62	24	44	29	
66	36	36	52	50	44	38	13	62	39	17	41	47	26	69	29	46	51	26	21	66	64	67	46	21	32	48	42	58	41	61	57	73	48	48	22	29	35	71	23	16	32	18	31	67	53	31	78	33	58	15	60	70	56	67	48	49	49	15	19	46	22	33	35	51	33	22	7	62	51	42	63	43	27	32	14	20	59	3	17	63	0	62	18	60	42	11	41	58	21	58	32	38	52	10	38	49	35	41	48	69	
59	35	28	13	12	50	25	63	56	51	56	21	17	40	6	34	19	15	40	41	16	28	19	36	41	30	55	32	43	45	14	11	10	21	28	41	44	58	10	39	47	38	55	54	8	38	32	15	56	6	51	15	13	34	19	42	51	39	59	61	27	65	29	51	13	42	40	55	35	27	57	42	21	35	54	54	60	55	61	78	32	62	0	45	25	46	63	37	56	41	7	45	38	27	52	29	36	43	27	20	9	
51	18	21	33	32	42	20	18	48	26	13	25	28	18	51	15	30	36	8	10	47	45	48	38	10	14	35	24	41	37	46	39	55	29	29	4	13	26	54	10	2	24	12	33	50	35	18	60	36	41	16	42	51	38	48	31	35	42	24	19	27	23	16	23	32	16	9	11	44	40	31	45	25	14	34	9	28	45	17	33	45	18	45	0	41	38	18	23	44	6	40	29	20	33	9	19	31	31	22	34	51	
34	24	37	17	24	66	24	55	32	33	47	31	18	48	29	39	34	33	34	44	12	4	10	54	44	31	34	18	19	60	38	15	31	14	12	39	33	41	34	42	43	49	46	65	33	15	39	34	67	28	55	10	19	10	9	21	29	58	64	51	14	53	31	35	19	30	42	53	9	47	38	16	20	40	65	48	66	31	58	72	7	60	25	41	0	61	56	21	32	41	19	56	24	8	50	22	15	56	20	37	23	
85	48	25	45	37	4	39	52	82	63	50	30	42	19	50	26	28	31	43	28	59	65	61	10	28	34	71	51	71	1	35	49	54	48	53	35	49	64	49	29	38	14	49	13	45	64	24	58	13	40	27	55	58	64	61	63	70	10	28	56	51	60	33	60	43	51	29	39	68	20	68	73	41	26	12	46	25	79	44	59	68	42	46	38	61	0	51	54	79	33	47	10	53	56	37	44	60	7	45	26	55	
57	32	39	51	51	53	38	2	53	31	9	44	46	33	70	32	49	54	23	26	64	60	65	53	26	33	38	38	51	50	64	56	74	46	44	23	23	25	73	26	16	39	10	41	69	46	35	79	43	59	24	59	69	50	64	41	41	57	26	8	42	11	35	27	50	27	26	12	56	57	32	56	43	31	42	9	31	50	8	15	58	11	63	18	56	51	0	35	49	23	58	41	32	48	14	36	43	44	38	52	69	
31	5	30	23	28	58	16	34	27	14	26	27	20	36	43	28	33	36	15	29	31	24	31	49	29	19	19	5	18	53	45	26	46	15	10	22	12	21	47	27	25	40	25	53	44	12	29	50	56	36	39	26	37	15	30	9	16	54	47	30	9	32	21	14	24	8	27	34	21	47	20	22	18	28	54	27	50	24	38	51	22	41	37	23	21	54	35	0	25	25	30	46	3	13	32	10	8	47	11	37	39	
7	30	55	44	50	83	40	47	4	18	41	52	42	60	61	53	57	59	37	53	44	31	42	74	53	44	11	28	13	77	67	45	63	36	29	45	31	25	66	51	46	65	40	77	64	18	54	66	80	57	61	42	51	22	41	16	9	79	69	41	31	41	46	23	45	28	51	53	23	71	18	17	41	53	78	44	73	1	55	63	26	58	56	44	32	79	49	25	0	48	49	71	26	29	52	35	21	72	35	61	55	
55	19	16	30	28	36	17	23	51	31	19	20	26	13	47	9	25	31	10	5	45	45	46	32	5	11	39	24	43	31	40	36	51	27	29	2	17	31	50	4	7	18	18	29	46	37	12	56	31	36	14	39	48	38	46	34	39	36	23	25	27	29	12	28	29	19	3	14	44	34	36	47	22	8	29	15	25	48	20	37	45	21	41	6	41	33	23	25	48	0	37	23	22	33	11	19	32	25	21	28	48	
52	29	26	7	10	51	20	57	50	44	50	19	12	38	12	31	19	16	35	38	12	22	14	38	38	26	48	25	36	46	19	4	16	14	21	36	38	51	17	36	42	38	49	54	15	31	29	20	56	9	48	9	12	27	15	35	44	41	57	56	20	59	25	44	7	36	36	51	28	30	50	35	15	32	54	49	58	48	57	73	26	58	7	40	19	47	58	30	49	37	0	45	32	20	48	23	29	43	21	21	10	
77	41	19	41	35	13	33	42	74	55	40	26	38	10	50	18	26	30	34	18	56	61	58	15	18	27	63	44	64	9	37	46	54	42	47	26	40	55	50	20	29	7	39	9	46	57	17	59	11	39	17	51	57	58	58	56	62	17	19	46	45	50	26	51	39	43	20	29	63	23	59	67	36	18	9	36	17	71	34	49	62	32	45	29	56	10	41	46	71	23	45	0	45	50	27	37	53	3	38	25	54	
32	4	29	25	29	57	16	31	29	13	23	27	21	34	44	26	33	37	12	27	33	27	33	49	27	18	19	7	20	51	46	29	48	17	12	20	9	19	49	25	22	38	22	51	46	15	28	52	54	37	36	29	40	18	33	11	17	53	45	26	12	29	20	12	25	5	25	31	24	47	19	25	19	26	52	24	48	26	35	48	25	38	38	20	24	53	32	3	26	22	32	45	0	16	29	11	11	46	12	37	41	
33	16	31	14	21	60	17	46	30	26	39	26	14	41	32	32	30	31	25	36	18	12	17	49	36	23	28	9	17	54	37	16	34	8	4	31	25	34	37	34	35	43	38	58	35	11	32	38	61	27	47	13	24	8	16	15	24	53	56	43	6	45	24	27	16	21	34	44	12	44	31	17	15	33	58	39	58	28	49	63	12	52	27	33	8	56	48	13	29	33	20	50	16	0	42	14	9	50	12	34	27	
59	27	26	42	39	40	28	15	55	33	13	31	37	19	58	19	36	42	17	12	56	54	57	39	12	22	42	33	50	36	51	47	63	37	38	12	20	31	61	13	7	25	13	29	57	44	22	68	31	48	11	50	59	47	56	40	42	43	17	18	36	22	23	29	40	24	12	2	53	43	37	54	33	18	29	9	21	52	9	26	54	10	52	9	50	37	14	32	52	11	48	27	29	42	0	28	40	30	31	39	59	
41	7	19	15	18	48	5	35	37	24	28	17	11	27	35	19	22	26	13	22	27	26	28	39	22	10	30	7	27	43	35	20	39	9	10	17	15	29	39	20	22	30	26	45	36	20	20	43	47	26	33	22	32	20	28	19	27	43	42	33	8	36	11	23	15	13	20	31	25	36	30	29	8	19	45	27	44	35	36	52	26	38	29	19	22	44	36	10	35	19	23	37	11	14	28	0	15	37	2	26	33	
26	13	35	23	29	64	20	41	22	17	34	31	21	43	41	34	36	38	23	36	26	17	26	54	36	25	19	8	11	58	46	25	43	15	8	30	20	26	46	34	33	46	32	60	44	4	35	47	63	36	46	23	33	7	25	6	15	59	55	37	9	38	27	19	24	16	34	42	13	50	22	14	20	34	60	35	58	20	46	58	15	49	36	31	15	60	43	8	21	32	29	53	11	9	40	15	0	53	14	40	36	
78	41	18	40	33	11	33	45	74	56	42	25	37	12	47	19	24	28	35	20	54	60	57	11	20	27	64	44	64	6	34	44	51	42	47	28	42	57	47	21	31	7	42	11	43	57	17	56	13	37	20	50	55	57	57	56	63	13	23	48	44	52	26	53	38	44	22	32	62	20	61	67	35	19	11	38	21	72	37	52	62	35	43	31	56	7	44	47	72	25	43	3	46	50	30	37	53	0	38	23	52	
40	8	20	13	17	49	5	37	37	25	30	17	9	29	33	20	22	25	15	24	25	24	26	39	24	11	30	6	26	44	34	18	37	7	8	19	17	31	37	22	24	31	29	46	34	19	21	41	49	25	35	20	30	19	26	19	27	44	44	35	6	38	12	24	13	15	22	33	24	36	31	28	7	21	47	29	46	34	39	54	24	41	27	22	20	45	38	11	35	21	21	38	12	12	31	2	14	38	0	26	31	
66	33	12	20	12	30	21	52	63	50	47	10	20	22	24	19	4	5	33	26	33	41	35	17	26	21	57	33	51	25	12	23	28	25	32	29	39	55	25	25	35	19	45	34	20	44	16	33	36	14	34	29	32	42	36	45	54	20	41	53	30	57	19	49	18	39	26	41	45	10	56	51	20	21	34	44	41	61	48	65	44	48	20	34	37	26	52	37	61	28	21	25	37	34	39	26	40	23	26	0	29	
57	39	36	17	20	59	31	68	55	53	61	29	22	48	7	42	28	24	45	48	11	24	13	45	48	36	55	34	42	54	22	12	8	24	29	47	48	60	12	46	53	47	60	63	13	37	40	11	65	15	59	13	5	33	14	42	51	48	67	66	29	69	35	54	18	46	47	62	32	36	58	39	26	43	63	60	68	54	68	84	29	69	9	51	23	55	69	39	55	48	10	54	41	27	59	33	36	52	31	29	0	

