4  50
18	90	60	25	57	61	46	59	93	1	4	85	3	27	83	10	63	82	89	43	13	97	28	30	60	49	30	50	23	83	99	24	93	96	71	96	24	39	37	39	9	25	3	32	77	25	37	74	58	27	
2	68	40	23	90	54	83	36	80	19	7	18	36	60	13	44	45	28	61	42	38	32	68	70	75	38	37	84	54	24	86	7	3	38	98	54	35	28	49	11	18	67	30	20	29	62	36	76	73	73	
36	97	97	11	76	49	14	51	56	7	46	41	21	25	11	27	94	98	66	72	26	94	11	13	54	25	93	8	52	54	97	26	93	92	70	40	65	88	62	64	88	63	30	2	65	100	95	47	11	28	
88	95	11	18	82	20	19	35	47	69	76	54	16	21	55	85	13	75	97	29	18	9	61	88	27	71	49	66	79	53	12	83	10	96	30	34	5	88	46	19	12	4	53	66	79	31	23	97	85	60	
1474	785	851	1418	2113	2064	1504	126	792	1787	1025	1018	924	1709	1063	1690	862	242	215	1559	801	259	344	1601	1405	2473	2214	1819	1903	430	1243	808	1723	1657	308	540	1120	339	1374	1151	2435	2041	227	1110	90	1327	2471	2230	158	567	
0	48	51	48	67	74	73	67	61	16	20	66	79	50	50	64	37	56	46	17	43	53	29	50	62	45	54	53	76	89	40	54	59	54	79	41	59	71	21	56	26	21	63	33	40	41	38	30	55	33	36	
48	0	55	34	77	47	37	30	28	48	50	40	44	5	58	37	42	67	24	47	57	45	29	19	28	5	47	65	54	56	38	38	30	57	42	13	30	67	40	26	26	27	70	17	22	46	38	19	64	29	12	
51	55	0	22	22	38	48	46	40	36	33	34	50	52	6	34	16	13	31	34	11	12	30	38	41	49	12	12	35	54	17	21	36	3	52	41	36	20	30	37	36	46	15	41	32	11	17	41	10	28	52	
48	34	22	0	44	25	29	25	19	38	37	18	33	30	27	17	17	35	9	36	29	11	19	16	20	28	13	34	28	41	11	6	15	24	34	21	15	33	28	14	24	34	37	24	13	18	13	25	32	15	35	
67	77	22	44	0	53	66	66	61	51	47	52	66	74	19	53	36	11	53	50	24	33	52	60	61	71	32	14	47	67	39	42	56	19	69	64	56	22	48	58	57	66	7	63	54	31	39	62	13	50	74	
74	47	38	25	53	0	15	19	19	63	62	8	13	42	44	10	41	49	29	62	48	26	44	29	19	42	26	50	8	16	35	20	17	38	16	39	17	33	54	21	49	58	46	45	35	40	38	48	46	41	54	
73	37	48	29	66	15	0	7	11	65	65	14	7	31	54	13	46	60	27	64	57	35	44	23	10	34	36	60	23	19	40	27	14	49	6	33	14	47	56	17	47	54	59	41	33	47	42	44	57	41	46	
67	30	46	25	66	19	7	0	6	60	60	15	14	24	51	12	42	59	21	58	54	33	38	16	5	26	34	58	27	26	36	24	10	47	13	26	10	48	50	11	40	47	58	34	26	43	38	37	55	35	39	
61	28	40	19	61	19	11	6	0	54	54	12	18	23	46	9	36	53	16	53	48	28	32	12	1	24	29	53	26	29	30	19	4	42	18	22	4	44	44	5	35	43	53	29	21	37	32	32	50	29	36	
16	48	36	38	51	63	65	60	54	0	4	56	71	49	34	55	23	40	38	1	27	39	22	44	55	44	41	37	64	79	27	43	51	39	71	38	51	56	9	49	22	23	47	31	33	26	25	28	39	24	38	
20	50	33	37	47	62	65	60	54	4	0	55	70	51	30	54	21	36	38	3	23	37	23	45	55	46	38	33	62	78	26	41	50	35	71	39	50	53	10	49	24	27	43	33	34	24	24	30	35	25	41	
66	40	34	18	52	8	14	15	12	56	55	0	16	35	40	3	34	46	21	55	44	22	36	21	12	35	22	46	14	23	29	14	10	34	18	31	10	33	47	14	41	50	45	37	27	34	31	39	43	33	46	
79	44	50	33	66	13	7	14	18	71	70	16	0	39	56	16	50	61	33	69	60	38	50	30	17	41	38	62	20	11	44	30	20	50	3	41	20	46	61	23	53	61	59	48	39	50	46	50	58	47	54	
50	5	52	30	74	42	31	24	23	49	51	35	39	0	56	32	40	65	20	48	55	42	28	14	23	5	43	63	49	51	36	34	25	54	37	12	25	63	41	21	27	29	67	18	20	44	37	21	62	28	16	
50	58	6	27	19	44	54	51	46	34	30	40	56	56	0	40	17	8	36	32	7	18	32	43	47	53	18	7	41	60	20	27	41	6	58	45	41	23	30	42	38	47	14	43	36	12	20	43	6	30	55	
64	37	34	17	53	10	13	12	9	55	54	3	16	32	40	0	33	47	19	53	44	22	34	18	9	32	22	47	17	25	28	14	7	35	18	29	7	36	45	11	38	47	46	34	24	34	30	37	44	31	43	
37	42	16	17	36	41	46	42	36	23	21	34	50	40	17	33	0	25	22	21	14	16	15	29	37	36	17	23	41	57	6	20	32	19	51	29	32	34	15	31	20	30	31	26	20	5	4	25	23	13	38	
56	67	13	35	11	49	60	59	53	40	36	46	61	65	8	47	25	0	44	39	13	25	41	51	54	61	24	3	45	65	29	34	49	11	64	54	49	22	37	50	46	55	8	52	44	21	28	51	3	39	64	
46	24	31	9	53	29	27	21	16	38	38	21	33	20	36	19	22	44	0	37	36	21	16	7	17	18	23	43	34	43	16	15	13	34	34	12	13	43	28	10	19	28	47	16	5	25	18	18	41	13	26	
17	47	34	36	50	62	64	58	53	1	3	55	69	48	32	53	21	39	37	0	26	38	21	43	54	43	39	36	63	78	26	41	49	37	70	37	49	55	8	47	21	23	46	30	32	25	24	27	38	23	38	
43	57	11	29	24	48	57	54	48	27	23	44	60	55	7	44	14	13	36	26	0	22	29	43	49	51	22	10	46	65	19	30	43	13	62	43	43	30	24	43	34	42	20	41	35	11	18	40	12	28	52	
53	45	12	11	33	26	35	33	28	39	37	22	38	42	18	22	16	25	21	38	22	0	26	27	29	39	2	25	25	43	13	8	23	13	40	32	23	22	31	25	32	42	26	34	23	13	14	35	22	23	45	
29	29	30	19	52	44	44	38	32	22	23	36	50	28	32	34	15	41	16	21	29	26	0	22	33	24	28	38	47	59	14	25	30	33	50	16	30	48	13	27	6	16	46	12	11	20	13	10	39	3	23	
50	19	38	16	60	29	23	16	12	44	45	21	30	14	43	18	29	51	7	43	43	27	22	0	12	14	29	50	35	41	24	20	11	41	29	10	11	48	35	7	24	31	53	17	11	32	25	20	48	20	24	
62	28	41	20	61	19	10	5	1	55	55	12	17	23	47	9	37	54	17	54	49	29	33	12	0	24	30	54	26	28	31	20	5	42	17	23	5	45	45	6	36	43	54	30	22	38	33	33	51	30	36	
45	5	49	28	71	42	34	26	24	44	46	35	41	5	53	32	36	61	18	43	51	39	24	14	24	0	41	60	49	53	32	33	25	51	40	7	25	61	36	21	22	24	64	13	17	41	33	16	59	23	12	
54	47	12	13	32	26	36	34	29	41	38	22	38	43	18	22	17	24	23	39	22	2	28	29	30	41	0	24	24	42	14	10	24	13	40	34	24	20	33	26	34	44	24	36	25	15	16	37	21	25	47	
53	65	12	34	14	50	60	58	53	37	33	46	62	63	7	47	23	3	43	36	10	25	38	50	54	60	24	0	46	66	27	34	48	12	64	52	48	25	34	49	44	52	11	50	43	19	27	49	4	37	61	
76	54	35	28	47	8	23	27	26	64	62	14	20	49	41	17	41	45	34	63	46	25	47	35	26	49	24	46	0	20	36	22	24	34	24	45	24	26	55	28	52	62	41	50	39	39	38	52	42	43	59	
89	56	54	41	67	16	19	26	29	79	78	23	11	51	60	25	57	65	43	78	65	43	59	41	28	53	42	66	20	0	52	37	30	54	14	52	30	46	70	34	63	72	61	58	49	56	54	61	62	56	65	
40	38	17	11	39	35	40	36	30	27	26	29	44	36	20	28	6	29	16	26	19	13	14	24	31	32	14	27	36	52	0	15	26	20	45	24	26	34	19	25	20	30	33	23	15	8	2	23	26	11	35	
54	38	21	6	42	20	27	24	19	43	41	14	30	34	27	14	20	34	15	41	30	8	25	20	20	33	10	34	22	37	15	0	14	22	32	27	14	28	34	16	30	40	34	30	19	20	17	31	31	21	41	
59	30	36	15	56	17	14	10	4	51	50	10	20	25	41	7	32	49	13	49	43	23	30	11	5	25	24	48	24	30	26	14	0	37	20	22	0	40	41	4	33	41	49	28	19	33	28	31	46	26	36	
54	57	3	24	19	38	49	47	42	39	35	34	50	54	6	35	19	11	34	37	13	13	33	41	42	51	13	12	34	54	20	22	37	0	52	44	37	17	33	38	39	49	13	44	34	14	20	43	8	31	55	
79	42	52	34	69	16	6	13	18	71	71	18	3	37	58	18	51	64	34	70	62	40	50	29	17	40	40	64	24	14	45	32	20	52	0	40	20	49	62	23	53	61	62	47	39	52	48	50	61	47	52	
41	13	41	21	64	39	33	26	22	38	39	31	41	12	45	29	29	54	12	37	43	32	16	10	23	7	34	52	45	52	24	27	22	44	40	0	22	54	29	18	16	21	57	7	9	33	25	10	51	16	14	
59	30	36	15	56	17	14	10	4	51	50	10	20	25	41	7	32	49	13	49	43	23	30	11	5	25	24	48	24	30	26	14	0	37	20	22	0	40	41	4	33	41	49	28	19	33	28	31	46	26	36	
71	67	20	33	22	33	47	48	44	56	53	33	46	63	23	36	34	22	43	55	30	22	48	48	45	61	20	25	26	46	34	28	40	17	49	54	40	0	50	43	54	64	16	56	45	30	35	57	20	45	67	
21	40	30	28	48	54	56	50	44	9	10	47	61	41	30	45	15	37	28	8	24	31	13	35	45	36	33	34	55	70	19	34	41	33	62	29	41	50	0	39	14	19	44	23	24	19	17	21	36	15	32	
56	26	37	14	58	21	17	11	5	49	49	14	23	21	42	11	31	50	10	47	43	25	27	7	6	21	26	49	28	34	25	16	4	38	23	18	4	43	39	0	30	38	51	24	16	32	27	27	47	24	32	
26	26	36	24	57	49	47	40	35	22	24	41	53	27	38	38	20	46	19	21	34	32	6	24	36	22	34	44	52	63	20	30	33	39	53	16	33	54	14	30	0	10	51	9	14	25	19	6	44	9	18	
21	27	46	34	66	58	54	47	43	23	27	50	61	29	47	47	30	55	28	23	42	42	16	31	43	24	44	52	62	72	30	40	41	49	61	21	41	64	19	38	10	0	61	13	23	35	29	10	53	19	15	
63	70	15	37	7	46	59	58	53	47	43	45	59	67	14	46	31	8	47	46	20	26	46	53	54	64	24	11	41	61	33	34	49	13	62	57	49	16	44	51	51	61	0	56	48	25	33	56	8	44	68	
33	17	41	24	63	45	41	34	29	31	33	37	48	18	43	34	26	52	16	30	41	34	12	17	30	13	36	50	50	58	23	30	28	44	47	7	28	56	23	24	9	13	56	0	11	31	23	3	50	13	11	
40	22	32	13	54	35	33	26	21	33	34	27	39	20	36	24	20	44	5	32	35	23	11	11	22	17	25	43	39	49	15	19	19	34	39	9	19	45	24	16	14	23	48	11	0	24	16	13	42	9	22	
41	46	11	18	31	40	47	43	37	26	24	34	50	44	12	34	5	21	25	25	11	13	20	32	38	41	15	19	39	56	8	20	33	14	52	33	33	30	19	32	25	35	25	31	24	0	7	30	18	18	42	
38	38	17	13	39	38	42	38	32	25	24	31	46	37	20	30	4	28	18	24	18	14	13	25	33	33	16	27	38	54	2	17	28	20	48	25	28	35	17	27	19	29	33	23	16	7	0	23	26	10	35	
30	19	41	25	62	48	44	37	32	28	30	39	50	21	43	37	25	51	18	27	40	35	10	20	33	16	37	49	52	61	23	31	31	43	50	10	31	57	21	27	6	10	56	3	13	30	23	0	49	12	12	
55	64	10	32	13	46	57	55	50	39	35	43	58	62	6	44	23	3	41	38	12	22	39	48	51	59	21	4	42	62	26	31	46	8	61	51	46	20	36	47	44	53	8	50	42	18	26	49	0	37	61	
33	29	28	15	50	41	41	35	29	24	25	33	47	28	30	31	13	39	13	23	28	23	3	20	30	23	25	37	43	56	11	21	26	31	47	16	26	45	15	24	9	19	44	13	9	18	10	12	37	0	24	
36	12	52	35	74	54	46	39	36	38	41	46	54	16	55	43	38	64	26	38	52	45	23	24	36	12	47	61	59	65	35	41	36	55	52	14	36	67	32	32	18	15	68	11	22	42	35	12	61	24	0	

