4  150
20	78	8	47	67	78	40	83	75	61	9	14	91	31	5	22	50	90	62	19	29	19	50	26	19	36	86	9	27	47	22	70	21	79	34	47	41	7	72	24	77	77	89	9	54	22	15	78	7	91	85	40	3	61	1	29	73	80	29	72	27	3	100	34	21	52	42	6	19	81	93	20	50	78	14	58	93	72	84	59	80	76	64	63	65	60	21	11	40	48	17	46	45	59	26	18	66	83	99	51	45	95	44	71	17	25	32	41	92	58	99	33	91	3	53	48	60	5	65	29	68	18	39	94	14	38	51	96	55	99	48	76	65	35	95	93	51	18	69	6	34	52	72	82	15	69	86	20	36	77	
17	58	58	11	60	46	71	56	53	59	40	68	12	37	29	76	44	20	81	95	28	63	8	15	48	5	82	12	75	70	45	47	88	89	67	87	23	97	55	20	38	14	28	97	91	59	90	85	16	100	88	39	94	92	6	98	95	16	73	9	8	56	40	77	18	26	1	48	50	8	8	26	40	83	76	37	64	33	4	18	66	94	8	70	25	36	20	43	11	46	25	82	53	100	81	19	76	92	21	34	39	6	77	62	22	4	98	75	86	13	29	23	74	84	27	52	61	3	50	84	25	40	26	88	56	89	26	16	57	23	43	30	69	81	10	7	74	30	56	43	94	20	29	39	52	63	86	86	18	70	
94	43	89	58	16	29	40	79	40	2	85	72	32	57	96	93	61	28	16	29	71	12	99	40	68	95	37	42	80	15	91	76	57	35	88	79	91	46	7	88	90	1	12	6	11	79	52	64	82	86	93	87	13	91	92	27	15	9	96	47	55	25	53	28	46	64	31	93	99	20	37	100	46	27	20	10	51	2	51	83	35	30	80	4	5	34	43	97	42	93	23	19	11	40	55	96	71	27	58	10	40	74	90	68	81	87	16	83	80	69	83	4	78	1	82	96	27	33	99	35	23	47	41	16	1	24	27	20	43	8	35	53	69	71	99	6	71	77	37	41	78	66	16	48	78	30	28	93	8	22	
85	88	36	62	100	10	33	85	76	100	81	85	59	60	92	13	81	97	96	83	48	13	77	19	95	1	2	39	79	44	32	73	4	73	62	21	80	91	65	67	86	7	2	24	52	88	70	46	27	89	38	82	41	47	64	96	47	14	20	42	21	10	36	2	39	68	86	97	86	62	10	59	23	74	30	83	66	7	16	54	9	94	84	42	39	4	78	4	73	4	7	40	70	71	10	64	48	21	94	51	56	43	35	88	27	100	89	12	81	2	97	62	74	91	21	23	89	62	10	91	54	53	40	27	71	20	97	54	70	42	77	40	51	69	56	23	19	53	9	49	3	76	33	37	50	24	42	74	70	13	
590	3327	3668	738	7342	6629	6981	4942	6978	680	1560	686	2091	443	4654	6853	3563	5401	7139	4610	1587	1707	5244	3375	7155	6324	3176	318	3086	2502	6458	5026	5096	7110	7124	6605	4948	7423	2927	2679	3604	428	7010	4826	3297	6362	786	5783	2536	6407	2549	1794	4500	4110	3383	3270	894	3973	2506	470	1333	2460	5376	3639	3253	966	620	5114	2233	1860	2647	5173	4775	4599	4622	1291	1870	285	3172	633	6952	4020	6579	140	4811	4203	1540	1498	4480	2245	6323	5339	5407	6955	6587	7261	2870	584	6008	7079	5870	1585	2878	1730	7184	2628	5597	3050	5473	5791	2551	6148	4246	542	6738	1733	5585	2105	1223	2849	5408	3269	2658	536	735	1960	1878	5140	814	2328	6255	5851	415	2641	2447	5171	4028	1881	4604	5608	7103	1051	6661	979	716	1301	3806	6093	2670	4685	
0	60	56	27	72	58	75	53	73	83	41	84	84	79	68	56	32	21	69	76	67	20	42	97	35	67	34	81	93	41	51	79	73	93	47	59	69	60	73	68	16	47	75	75	51	42	61	85	68	50	5	31	61	42	47	88	50	34	53	62	68	67	34	16	35	57	32	56	19	37	62	70	57	64	29	52	77	70	44	29	68	34	18	44	64	46	67	54	40	87	19	53	51	42	70	68	39	79	43	61	66	39	63	80	81	70	58	77	43	74	74	48	56	69	77	50	56	33	57	54	80	68	46	41	75	35	76	56	74	59	54	74	69	26	72	20	24	19	52	71	26	68	30	58	55	67	21	64	49	48	69	
60	0	8	33	35	63	23	38	56	25	33	44	43	41	16	61	53	39	13	15	23	40	41	46	50	47	36	29	42	21	37	22	50	45	36	17	21	12	50	29	50	14	26	22	12	19	23	41	34	18	56	32	31	22	13	34	20	26	21	3	17	14	49	56	27	29	42	56	56	23	13	68	40	10	48	8	21	31	19	37	64	38	45	20	22	47	58	59	38	34	47	34	54	26	26	65	40	22	23	18	30	28	3	32	27	37	36	20	17	32	14	18	24	8	39	15	31	30	59	31	22	68	48	21	27	41	45	13	50	1	63	51	68	35	29	51	38	42	55	19	49	52	40	8	19	7	54	41	45	12	9	
56	8	0	30	42	66	31	42	62	33	34	52	51	48	13	64	53	34	13	22	30	36	43	54	50	53	36	37	50	14	41	30	56	53	39	10	17	6	56	36	48	13	34	30	5	13	16	49	41	9	52	26	37	15	10	42	24	22	13	7	14	22	49	54	25	34	42	60	54	19	8	72	44	18	47	7	29	38	12	35	68	38	42	12	16	50	62	62	40	43	45	38	57	18	21	70	42	31	15	25	37	21	8	40	35	44	41	28	15	40	21	21	16	14	46	7	36	24	63	35	30	72	51	15	35	42	52	5	56	7	66	57	72	33	37	49	33	37	58	27	48	57	39	14	24	11	52	47	48	10	16	
27	33	30	0	48	50	48	34	57	56	21	60	60	55	43	47	28	7	43	49	41	7	26	71	27	49	15	55	67	17	32	52	54	68	28	35	45	35	54	43	18	20	49	48	26	17	38	60	44	26	22	12	38	18	20	62	25	8	30	36	44	40	26	24	8	33	18	45	24	11	37	60	38	37	21	25	50	46	20	11	57	18	12	20	41	33	53	45	23	61	15	32	40	21	47	57	24	52	20	35	42	19	36	54	54	47	37	50	16	49	47	22	34	42	53	26	34	12	47	32	53	58	34	16	49	21	54	31	55	32	47	55	59	4	47	20	11	11	42	44	21	52	15	31	29	40	23	44	34	21	42	
72	35	42	48	0	42	18	21	24	28	30	12	12	7	50	41	48	55	46	34	12	55	32	28	43	17	37	18	24	48	22	25	17	22	25	52	55	47	17	6	56	34	14	19	44	45	58	13	4	50	66	55	10	50	40	25	23	45	54	38	51	22	42	60	39	15	41	35	58	43	48	41	18	25	46	37	25	3	48	42	36	37	53	49	57	33	29	39	32	23	53	19	35	55	60	38	34	24	52	17	6	56	37	14	21	4	14	25	38	5	33	27	58	36	5	47	15	54	38	17	27	42	34	48	12	38	10	47	17	35	44	17	40	47	7	53	58	59	36	19	48	22	41	27	20	38	55	13	28	37	33	
58	63	66	50	42	0	58	25	24	69	32	49	50	45	79	2	26	55	76	71	48	53	24	68	23	25	34	60	65	62	26	65	29	61	27	76	84	73	29	43	43	53	55	59	65	60	82	53	38	70	53	62	36	64	58	67	43	54	75	67	81	57	24	42	46	35	31	7	39	55	74	12	25	58	30	59	64	44	64	38	12	32	45	65	82	17	16	5	27	65	41	29	9	68	88	11	26	64	67	48	40	67	66	56	62	38	30	65	53	47	69	45	79	69	44	67	33	62	4	33	67	10	16	62	53	29	36	70	30	63	4	29	11	46	48	38	60	57	8	57	32	22	34	55	44	70	37	29	18	56	67	
75	23	31	48	18	58	0	34	42	11	37	22	21	20	35	56	57	55	31	17	10	56	42	23	53	35	43	6	19	42	34	7	35	22	35	40	41	35	35	14	61	29	3	1	35	39	46	18	20	41	70	52	22	43	33	13	24	43	44	25	37	9	52	66	40	24	48	50	65	40	35	58	33	13	54	29	7	14	40	46	54	44	57	41	44	46	47	54	41	12	58	30	50	48	46	56	43	6	44	13	17	50	24	9	5	21	28	7	34	13	16	27	47	20	19	38	26	50	53	27	9	59	47	42	5	46	28	36	35	24	59	35	58	49	10	60	57	59	51	4	56	40	47	19	20	24	62	29	42	30	17	
53	38	42	34	21	25	34	0	23	45	13	32	33	27	54	23	26	41	51	46	24	40	11	49	21	15	19	37	45	41	2	41	20	43	6	52	59	48	20	20	37	29	32	35	42	38	58	34	17	47	47	44	12	43	35	44	18	34	52	42	56	32	21	39	27	10	21	18	37	34	50	30	4	32	25	35	40	22	42	24	26	18	35	43	58	12	21	21	12	43	34	4	16	48	63	27	13	40	45	23	17	48	41	34	39	18	6	40	31	25	44	21	56	43	25	44	8	43	21	7	43	30	13	40	30	18	23	46	21	38	25	21	29	31	25	33	45	44	17	32	27	18	22	30	18	44	34	11	8	33	41	
73	56	62	57	24	24	42	23	0	53	36	27	29	24	72	24	42	64	68	59	35	63	31	47	38	8	42	42	44	63	25	50	7	40	29	72	78	68	7	29	57	50	39	44	63	60	78	32	22	68	68	67	25	65	57	48	39	57	73	60	74	45	39	58	50	27	41	19	55	57	69	18	19	48	44	55	49	28	64	47	14	40	57	65	78	26	8	24	34	45	54	25	23	70	82	16	34	48	68	38	26	70	59	37	45	20	21	50	53	29	57	42	77	59	24	65	26	66	21	27	52	20	27	63	37	38	15	67	8	56	28	7	18	54	31	53	68	67	23	43	46	5	44	48	37	61	53	15	23	54	56	
83	25	33	56	28	69	11	45	53	0	47	30	28	29	33	67	68	62	28	12	21	63	53	23	63	46	52	11	20	46	45	4	45	25	46	39	38	34	45	25	70	35	13	10	37	43	44	25	31	42	78	57	33	47	38	11	33	49	45	25	34	15	62	75	48	35	58	61	74	46	34	69	44	18	64	33	5	25	44	55	65	54	65	45	42	57	57	65	51	12	67	41	61	51	43	67	53	5	48	23	28	53	24	16	7	32	39	5	40	23	12	35	47	18	29	40	37	55	65	38	2	70	58	46	16	56	38	37	45	26	70	46	69	56	21	69	62	66	62	13	65	51	57	25	30	23	72	40	53	36	16	
41	33	34	21	30	32	37	13	36	47	0	42	43	37	48	30	21	28	46	45	27	27	8	57	17	28	7	42	53	30	11	43	33	52	7	44	52	41	33	27	26	21	36	37	33	27	49	43	26	37	35	31	19	32	26	50	14	22	42	37	49	32	16	30	14	15	11	26	28	22	43	40	17	31	17	27	41	29	32	12	37	7	23	32	50	15	32	27	5	48	22	12	22	36	56	38	7	42	34	23	24	36	36	40	43	28	17	41	21	33	43	14	46	40	35	35	15	31	29	12	44	39	16	29	35	9	34	38	34	32	31	34	39	18	32	23	32	31	24	34	18	31	11	26	17	40	25	24	14	24	39	
84	44	52	60	12	49	22	32	27	30	42	0	2	5	58	48	59	68	53	39	22	68	43	20	54	23	50	19	17	59	33	28	20	13	37	61	63	56	20	17	68	45	19	24	55	56	67	5	16	61	78	67	23	61	51	22	36	57	65	46	59	30	54	72	52	27	53	42	70	56	57	45	29	34	58	48	29	14	59	54	41	49	66	60	66	43	34	47	44	20	65	31	44	66	68	43	45	27	63	28	18	67	45	14	22	14	26	30	50	12	38	39	68	43	7	58	27	66	45	30	30	47	44	59	17	50	12	57	19	45	51	20	45	59	15	65	70	72	44	25	60	27	54	38	32	46	67	21	39	48	40	
84	43	51	60	12	50	21	33	29	28	43	2	0	5	57	50	60	68	52	38	21	68	44	18	55	25	50	17	15	59	34	26	22	11	38	60	62	55	22	17	69	45	17	22	54	56	66	3	16	60	79	67	23	60	50	20	35	57	64	45	58	29	55	72	52	27	53	44	70	55	55	47	30	33	58	47	27	14	58	55	43	50	66	59	65	44	36	48	45	18	65	31	45	65	67	45	46	25	62	27	18	67	44	12	20	15	27	28	49	11	37	39	67	41	7	57	28	65	47	30	28	49	45	59	16	50	14	56	21	44	53	22	47	59	14	66	70	72	46	24	60	29	54	37	31	45	67	23	40	47	38	
79	41	48	55	7	45	20	27	24	29	37	5	5	0	55	44	54	63	51	38	18	63	39	23	49	20	45	18	20	55	29	27	17	16	32	58	61	53	17	13	63	41	17	22	51	52	64	8	11	57	73	63	18	57	47	23	31	53	61	43	57	27	49	67	47	22	48	38	65	51	53	42	24	31	53	44	27	10	55	49	38	44	61	56	63	38	31	43	39	21	60	26	40	62	66	40	41	26	59	24	13	63	42	13	22	9	21	28	45	8	36	35	64	40	2	54	22	61	41	25	29	44	39	55	15	45	9	53	16	41	48	17	42	54	11	60	66	67	40	23	55	24	49	34	27	44	62	17	34	44	37	
68	16	13	43	50	79	35	54	72	33	48	58	57	55	0	77	67	46	5	21	38	48	56	56	64	64	49	41	53	26	53	32	66	57	51	9	5	8	66	44	61	27	39	34	17	26	12	54	50	17	64	37	47	25	23	44	36	35	16	12	1	28	62	67	38	45	55	72	67	32	6	84	56	25	61	20	31	46	23	49	80	52	55	23	9	63	74	74	53	45	58	50	69	26	10	82	55	33	25	34	46	30	13	44	38	53	52	30	28	47	21	34	16	15	54	17	48	34	75	47	31	85	64	27	40	55	61	12	66	16	79	67	84	46	44	62	44	48	71	32	61	68	52	24	36	11	65	57	61	24	18	
56	61	64	47	41	2	56	23	24	67	30	48	50	44	77	0	24	53	74	69	47	51	22	68	21	24	32	59	64	60	24	64	29	61	25	74	82	71	29	42	41	51	54	57	63	58	79	52	37	67	51	59	34	62	56	66	41	51	72	65	79	55	22	40	44	33	29	6	37	52	72	14	23	56	28	57	63	43	62	36	13	30	42	63	80	14	16	2	25	64	39	28	7	66	86	12	24	62	64	46	39	65	65	55	61	37	28	63	51	46	68	43	77	67	43	65	31	60	3	31	66	12	14	59	52	26	36	68	30	61	3	29	13	43	47	36	57	55	6	55	30	21	32	53	42	68	35	28	16	54	65	
32	53	53	28	48	26	57	26	42	68	21	59	60	54	67	24	0	31	65	66	48	29	15	76	5	38	17	62	72	44	25	64	44	70	22	61	70	59	44	46	17	40	56	58	50	42	65	61	43	53	27	40	38	46	43	70	35	34	57	56	68	53	5	16	28	34	11	24	13	36	61	38	29	52	6	46	62	48	47	18	36	15	20	47	67	16	36	22	16	68	16	29	19	49	73	36	14	63	48	44	43	47	56	60	63	45	33	62	38	51	64	35	61	61	52	51	33	41	25	31	65	36	15	43	55	12	48	56	45	52	22	45	37	24	51	12	36	33	20	55	7	38	14	47	38	60	11	37	20	42	60	
21	39	34	7	55	55	55	41	64	62	28	68	68	63	46	53	31	0	47	55	48	2	33	79	32	56	22	62	74	20	39	58	61	75	35	38	48	38	61	51	17	27	56	55	29	20	40	68	52	29	18	10	45	21	25	69	32	13	32	41	47	47	30	23	16	41	24	51	24	16	40	65	45	44	25	30	57	54	23	17	63	24	12	23	43	39	60	50	30	68	16	39	46	21	49	63	30	58	22	42	49	18	41	62	61	55	45	56	22	57	53	29	35	47	61	29	41	12	53	39	59	64	40	19	56	26	62	34	62	38	52	62	65	10	55	21	5	3	47	51	24	59	20	37	36	45	24	51	41	26	48	
69	13	13	43	46	76	31	51	68	28	46	53	52	51	5	74	65	47	0	16	34	49	54	51	62	60	48	36	48	27	50	27	62	52	49	12	10	9	62	40	61	25	34	29	17	26	17	49	46	19	65	38	43	26	23	39	33	35	19	9	6	23	61	67	38	42	54	69	67	32	7	81	53	20	60	19	26	42	24	48	77	50	55	24	14	60	70	72	51	40	58	47	67	29	15	78	53	28	26	30	42	32	10	40	33	49	48	25	28	42	16	31	20	10	49	18	44	36	72	44	26	81	61	28	36	54	56	13	62	13	76	63	80	46	39	62	45	50	68	27	60	65	51	21	32	7	65	53	58	23	13	
76	15	22	49	34	71	17	46	59	12	45	39	38	38	21	69	66	55	16	0	23	56	52	35	62	51	49	21	32	36	45	11	51	36	45	27	26	23	51	30	65	28	20	15	27	35	32	34	36	32	71	48	35	37	29	23	31	42	34	14	22	13	61	71	42	36	55	64	70	38	22	73	46	14	61	24	10	31	34	50	69	51	60	35	30	57	62	67	50	24	62	41	62	41	31	71	52	12	38	23	32	43	14	25	17	38	41	9	33	30	2	31	35	7	37	29	38	46	67	38	10	74	58	37	22	54	45	26	51	17	72	52	73	50	27	65	54	58	63	15	62	56	53	19	28	11	68	44	53	28	6	
67	23	30	41	12	48	10	24	35	21	27	22	21	18	38	47	48	48	34	23	0	49	32	30	43	27	34	14	26	37	24	17	28	26	25	40	43	35	28	6	53	24	8	11	33	34	46	19	12	39	61	46	12	39	29	22	16	37	43	26	39	10	42	57	32	14	38	41	55	34	36	50	23	13	44	26	16	8	37	37	45	34	48	38	45	36	38	44	31	21	49	20	40	44	48	47	33	16	41	6	8	46	25	13	15	15	18	16	28	10	22	19	46	24	16	36	16	44	44	17	19	50	37	38	7	36	22	35	28	23	49	29	49	41	7	51	50	52	41	8	46	32	38	16	12	26	53	21	32	26	21	
20	40	36	7	55	53	56	40	63	63	27	68	68	63	48	51	29	2	49	56	49	0	32	79	30	55	21	62	75	22	38	59	61	76	34	40	50	40	61	51	15	28	57	56	31	22	42	68	52	31	16	12	45	23	26	70	33	14	34	42	49	48	29	21	16	41	22	50	22	17	42	64	44	45	23	31	58	54	25	16	61	23	9	25	45	38	59	49	29	69	14	39	45	23	51	62	29	59	24	43	49	20	43	62	62	55	44	57	23	57	54	29	37	49	61	31	41	14	51	39	60	63	38	21	56	25	61	36	62	39	50	61	63	9	55	19	7	4	46	52	22	58	19	38	37	46	22	51	40	28	49	
42	41	43	26	32	24	42	11	31	53	8	43	44	39	56	22	15	33	54	52	32	32	0	60	10	25	11	47	56	38	10	49	30	54	7	52	61	49	30	30	26	29	41	43	42	36	58	46	28	45	36	38	22	40	34	54	21	30	50	45	58	39	10	28	22	18	10	18	26	30	51	33	15	38	14	36	48	32	40	16	30	9	25	41	59	7	27	19	3	53	23	13	14	44	64	30	3	48	42	30	27	43	44	44	48	29	17	48	29	36	50	22	55	48	37	43	17	38	21	15	51	32	7	37	39	7	34	47	32	41	22	31	32	23	35	22	37	36	15	40	16	26	13	34	24	48	23	22	8	33	46	
97	46	54	71	28	68	23	49	47	23	57	20	18	23	56	68	76	79	51	35	30	79	60	0	71	43	64	17	4	65	50	24	40	7	53	61	61	57	40	30	83	53	22	24	58	63	67	15	32	64	91	75	38	67	57	12	46	66	67	47	57	33	70	87	63	41	68	62	85	64	56	65	47	37	73	52	25	27	64	68	61	64	79	65	65	61	54	66	60	11	79	47	63	71	66	63	61	23	68	36	32	73	46	16	18	31	42	26	57	24	35	49	69	41	24	61	43	73	64	44	25	67	62	66	22	65	32	58	39	47	71	40	65	71	25	80	80	82	64	28	75	47	68	42	42	45	82	40	57	54	38	
35	50	50	27	43	23	53	21	38	63	17	54	55	49	64	21	5	32	62	62	43	30	10	71	0	33	14	57	67	42	20	59	39	65	18	59	68	56	39	41	20	37	52	54	48	41	63	56	38	51	30	40	33	44	41	65	31	33	56	53	65	49	1	20	26	29	9	21	17	35	58	35	24	48	7	43	58	43	45	16	33	12	21	45	65	11	32	19	12	63	18	24	16	48	71	33	10	58	46	40	38	46	53	55	58	40	28	58	35	46	60	31	60	57	47	49	28	40	22	26	61	33	11	42	50	8	43	53	40	49	20	40	34	23	46	15	37	34	17	50	9	34	12	43	34	57	14	32	15	39	56	
67	47	53	49	17	25	35	15	8	46	28	23	25	20	64	24	38	56	60	51	27	55	25	43	33	0	34	36	40	54	17	42	5	36	21	63	69	59	5	21	51	41	32	36	54	51	69	28	14	59	61	59	16	57	48	42	30	49	64	51	65	37	33	53	42	18	35	18	50	48	60	23	11	39	38	46	42	20	55	39	18	33	50	56	69	22	11	23	27	40	48	17	21	61	73	20	27	41	59	29	18	62	50	31	38	13	12	42	44	22	49	33	68	50	19	56	17	58	21	18	45	24	22	54	30	32	11	58	7	48	28	6	23	46	24	47	60	59	21	35	41	5	37	39	28	53	48	6	18	45	48	
34	36	36	15	37	34	43	19	42	52	7	50	50	45	49	32	17	22	48	49	34	21	11	64	14	34	0	48	59	28	17	48	40	59	13	44	53	42	40	33	19	22	43	43	33	26	49	50	33	36	28	27	27	30	26	56	18	19	41	39	50	37	13	23	12	22	6	30	21	20	44	44	23	35	12	29	47	36	30	5	41	2	16	31	50	18	38	30	8	55	15	19	25	34	56	42	8	48	32	29	31	33	39	47	49	36	24	47	21	40	47	18	45	44	42	34	22	27	32	20	50	43	18	27	41	6	42	38	41	35	32	41	43	12	39	17	26	25	26	39	13	37	4	30	22	43	19	31	19	25	43	
81	29	37	55	18	60	6	37	42	11	42	19	17	18	41	59	62	62	36	21	14	62	47	17	57	36	48	0	13	48	37	9	34	16	39	46	46	41	34	17	67	36	5	7	41	46	52	13	22	47	76	58	25	50	40	7	30	50	50	31	42	16	57	72	46	28	53	53	70	47	41	59	36	20	59	35	10	16	47	52	55	49	63	48	50	49	47	57	46	6	64	33	53	54	51	57	48	8	51	19	20	56	30	5	3	22	31	11	41	13	20	33	53	26	18	44	29	56	56	31	11	60	50	49	7	51	27	42	34	30	62	35	59	55	12	65	63	65	54	11	61	40	53	25	26	30	68	31	45	37	23	
93	42	50	67	24	65	19	45	44	20	53	17	15	20	53	64	72	74	48	32	26	75	56	4	67	40	59	13	0	61	46	21	37	5	49	58	58	53	37	26	78	48	18	20	54	59	64	12	28	60	87	71	34	63	53	9	42	62	63	43	54	29	66	83	58	37	64	58	81	60	53	62	43	33	69	48	22	23	60	63	58	60	75	61	62	57	51	62	56	8	75	42	59	67	63	60	57	20	64	32	28	69	42	12	15	27	39	23	53	20	32	45	65	38	21	57	38	69	61	40	22	64	58	62	18	61	29	55	36	43	67	37	62	67	20	76	76	78	60	24	71	44	64	38	38	42	78	36	53	50	35	
41	21	14	17	48	62	42	41	63	46	30	59	59	55	26	60	44	20	27	36	37	22	38	65	42	54	28	48	61	0	39	43	59	63	36	18	28	18	59	42	35	14	44	41	9	3	21	57	46	9	38	11	40	2	8	54	25	9	13	22	27	32	41	41	16	36	33	56	42	7	20	70	44	28	38	13	41	45	3	26	67	31	29	3	23	45	62	57	34	54	32	37	52	7	29	68	36	43	4	31	42	8	22	49	47	49	42	40	10	47	35	21	17	29	53	9	37	9	59	36	43	70	46	1	44	34	57	14	59	19	60	60	69	21	44	37	18	22	54	37	38	58	30	22	28	26	40	49	44	11	30	
51	37	41	32	22	26	34	2	25	45	11	33	34	29	53	24	25	39	50	45	24	38	10	50	20	17	17	37	46	39	0	41	22	44	4	50	58	47	22	20	35	27	32	35	40	36	56	36	18	45	45	42	12	41	33	45	17	32	50	41	54	31	20	38	25	10	19	19	36	32	48	32	6	31	24	33	40	22	40	22	28	16	33	41	57	12	22	21	10	43	32	4	17	46	62	29	12	40	43	22	18	46	40	34	39	19	7	40	29	26	43	19	54	42	27	43	8	41	22	7	43	31	13	39	30	16	24	45	23	37	26	23	31	29	26	32	43	42	18	32	26	20	21	29	17	43	33	13	8	31	40	
79	22	30	52	25	65	7	41	50	4	43	28	26	27	32	64	64	58	27	11	17	59	49	24	59	42	48	9	21	43	41	0	42	25	42	37	37	32	42	22	66	31	10	6	34	40	43	23	28	40	74	53	29	44	34	12	29	46	43	23	33	11	58	71	44	31	54	58	70	43	32	66	40	14	60	30	1	22	41	51	61	50	61	42	41	53	54	61	47	13	63	37	57	48	42	63	49	1	45	19	25	50	22	14	6	29	35	2	36	20	11	31	45	17	26	37	33	51	61	34	2	67	54	43	13	52	35	34	42	23	66	43	65	53	18	65	59	62	58	9	61	47	53	21	25	21	68	37	49	32	14	
73	50	56	54	17	29	35	20	7	45	33	20	22	17	66	29	44	61	62	51	28	61	30	40	39	5	40	34	37	59	22	42	0	33	26	66	71	62	0	21	57	45	31	36	57	56	72	25	15	63	67	64	19	61	51	40	33	54	68	53	67	38	39	59	47	22	41	23	56	53	63	25	16	41	44	50	42	20	59	45	21	38	55	60	72	27	14	28	32	38	54	22	26	66	76	23	33	41	63	31	20	66	52	30	38	13	17	43	48	21	50	37	71	52	16	60	21	63	26	23	44	27	28	58	29	38	8	61	1	50	32	1	25	51	24	53	65	64	26	36	47	7	43	42	31	55	53	10	23	49	49	
93	45	53	68	22	61	22	43	40	25	52	13	11	16	57	61	70	75	52	36	26	76	54	7	65	36	59	16	5	63	44	25	33	0	48	62	62	57	33	25	78	50	19	23	57	61	68	8	26	63	87	73	32	65	55	14	43	64	66	47	58	31	65	82	59	36	63	55	80	61	57	58	41	35	68	51	26	22	62	63	54	59	75	63	66	55	47	59	55	12	74	41	56	70	67	56	56	24	67	33	27	72	46	13	19	25	37	27	55	19	36	46	69	42	18	60	37	71	58	39	26	60	56	64	19	60	25	58	32	46	64	33	58	67	20	75	77	79	57	26	70	40	63	41	38	46	77	34	50	52	39	
47	36	39	28	25	27	35	6	29	46	7	37	38	32	51	25	22	35	49	45	25	34	7	53	18	21	13	39	49	36	4	42	26	48	0	48	56	45	26	23	31	25	34	36	38	33	54	39	21	42	41	38	15	38	31	47	15	29	47	39	53	32	17	34	21	11	15	21	32	29	47	34	10	31	20	31	41	25	37	18	30	12	29	38	55	11	26	23	7	45	28	6	18	42	60	31	8	41	40	23	20	42	39	37	41	23	11	41	26	29	43	17	52	42	30	40	10	38	24	8	44	34	12	35	32	12	28	43	27	35	27	27	33	25	28	28	39	38	19	33	22	24	17	28	17	42	29	17	9	29	40	
59	17	10	35	52	76	40	52	72	39	44	61	60	58	9	74	61	38	12	27	40	40	52	61	59	63	44	46	58	18	50	37	66	62	48	0	10	5	66	46	53	23	43	39	10	18	6	58	51	9	56	28	47	17	18	50	34	27	7	15	9	31	57	59	32	44	50	70	60	25	5	82	55	27	55	17	36	48	15	43	78	47	47	15	6	59	73	71	49	50	50	48	66	17	12	80	51	38	16	35	47	20	16	49	43	54	51	35	23	50	27	31	7	20	56	9	46	26	72	45	37	82	60	19	44	50	62	5	67	16	75	67	82	39	46	55	35	40	68	36	55	68	47	24	34	16	58	57	58	19	23	
69	21	17	45	55	84	41	59	78	38	52	63	62	61	5	82	70	48	10	26	43	50	61	61	68	69	53	46	58	28	58	37	71	62	56	10	0	11	71	50	63	31	44	40	19	28	10	59	56	19	66	38	52	27	26	49	41	37	16	18	4	33	66	69	42	50	59	77	70	34	9	89	61	30	64	24	36	52	25	52	85	55	57	25	6	67	79	79	57	50	60	55	74	27	5	86	59	38	26	39	51	30	18	50	43	58	57	35	32	52	26	38	14	20	59	19	53	36	80	52	36	89	68	29	46	59	66	14	71	21	83	72	89	48	49	65	45	50	75	37	64	74	56	29	41	17	68	62	65	28	23	
60	12	6	35	47	73	35	48	68	34	41	56	55	53	8	71	59	38	9	23	35	40	49	57	56	59	42	41	53	18	47	32	62	57	45	5	11	0	62	41	53	20	38	34	9	18	11	53	47	10	56	29	43	17	15	45	30	27	10	10	9	26	55	59	31	40	48	66	59	24	2	79	51	22	53	13	31	43	15	41	75	44	47	15	10	56	69	68	46	45	50	44	63	19	14	76	48	33	17	30	42	22	11	44	38	49	47	30	21	45	22	27	12	15	51	9	42	27	69	41	32	79	57	19	39	48	57	4	62	11	72	63	78	38	41	54	36	41	64	31	53	64	45	20	30	11	57	53	54	17	18	
73	50	56	54	17	29	35	20	7	45	33	20	22	17	66	29	44	61	62	51	28	61	30	40	39	5	40	34	37	59	22	42	0	33	26	66	71	62	0	21	57	45	31	36	57	56	72	25	15	63	67	64	19	61	51	40	33	54	68	53	67	38	39	59	47	22	41	23	56	53	63	25	16	41	44	50	42	20	59	45	21	38	55	60	72	27	14	28	32	38	54	22	26	66	76	23	33	41	63	31	20	66	52	30	38	13	17	43	48	21	50	37	71	52	16	60	21	63	26	23	44	27	28	58	29	38	8	61	1	50	32	1	25	51	24	53	65	64	26	36	47	7	43	42	31	55	53	10	23	49	49	
68	29	36	43	6	43	14	20	29	25	27	17	17	13	44	42	46	51	40	30	6	51	30	30	41	21	33	17	26	42	20	22	21	25	23	46	50	41	21	0	53	28	12	15	38	39	52	17	6	44	62	50	8	44	34	24	18	40	48	32	46	17	40	57	34	11	38	36	55	38	42	44	19	19	43	31	21	3	42	38	39	34	49	43	51	32	32	40	30	22	49	17	36	49	55	41	31	20	46	11	3	50	31	13	19	8	14	21	32	6	28	22	52	30	11	41	13	48	39	14	24	45	33	42	10	35	16	41	22	29	45	22	43	42	5	50	53	54	37	14	45	26	38	21	14	33	52	15	28	31	27	
16	50	48	18	56	43	61	37	57	70	26	68	69	63	61	41	17	17	61	65	53	15	26	83	20	51	19	67	78	35	35	66	57	78	31	53	63	53	57	53	0	36	61	62	44	35	56	70	52	44	10	27	46	36	38	75	37	26	48	53	62	55	19	6	23	41	16	41	7	29	55	55	41	52	13	42	65	55	38	15	53	19	6	38	59	30	51	39	24	74	3	37	36	38	65	53	23	66	38	48	50	35	53	66	67	54	43	64	33	59	63	35	52	59	61	44	41	29	42	38	68	53	30	34	60	19	60	49	58	49	39	58	54	15	58	5	22	17	37	58	11	52	14	46	41	57	7	48	33	38	58	
47	14	13	20	34	53	29	29	50	35	21	45	45	41	27	51	40	27	25	28	24	28	29	53	37	41	22	36	48	14	27	31	45	50	25	23	31	20	45	28	36	0	30	29	12	11	29	43	32	17	42	22	26	16	6	42	11	14	22	17	28	20	35	42	13	23	28	46	42	11	21	59	32	17	34	6	30	31	14	23	55	25	31	15	29	36	50	48	26	42	33	25	43	21	35	57	28	31	18	17	28	22	17	36	34	35	29	29	5	33	26	8	26	22	39	15	24	21	49	23	32	59	37	14	30	28	43	17	46	13	52	46	59	22	31	37	27	30	44	25	35	46	26	10	14	21	40	35	34	3	22	
75	26	34	49	14	55	3	32	39	13	36	19	17	17	39	54	56	56	34	20	8	57	41	22	52	32	43	5	18	44	32	10	31	19	34	43	44	38	31	12	61	30	0	5	37	41	49	15	17	43	70	53	20	45	35	13	24	44	47	28	40	12	51	66	41	22	47	48	64	42	38	55	31	16	53	31	10	11	43	46	51	43	57	43	47	44	44	52	40	12	58	28	48	50	49	53	42	9	47	14	15	52	27	6	7	18	26	11	35	10	19	27	50	24	16	40	24	51	51	25	13	56	45	44	2	45	24	39	31	27	57	32	55	49	7	60	58	60	49	7	55	37	47	21	20	27	62	26	40	32	20	
75	22	30	48	19	59	1	35	44	10	37	24	22	22	34	57	58	55	29	15	11	56	43	24	54	36	43	7	20	41	35	6	36	23	36	39	40	34	36	15	62	29	5	0	34	38	45	19	21	40	70	51	23	42	33	13	25	43	43	24	35	8	53	67	40	25	49	51	65	40	34	60	34	13	55	28	5	16	40	47	55	44	57	41	43	47	48	55	42	13	58	31	51	47	45	57	44	5	44	14	18	49	23	10	5	23	29	6	34	14	14	27	46	19	21	37	27	49	55	28	8	61	48	42	7	47	29	35	36	23	60	37	59	49	12	60	56	59	52	4	56	41	48	18	21	23	63	31	43	30	16	
51	12	5	26	44	65	35	42	63	37	33	55	54	51	17	63	50	29	17	27	33	31	42	58	48	54	33	41	54	9	40	34	57	57	38	10	19	9	57	38	44	12	37	34	0	9	16	52	43	6	47	21	38	10	7	47	24	18	10	12	18	25	46	50	22	35	39	59	50	15	11	72	44	21	44	7	33	41	7	32	68	36	38	7	17	48	62	60	38	47	41	38	55	13	22	69	40	35	10	27	38	16	13	43	39	46	41	32	12	43	26	20	14	19	49	3	37	19	62	35	34	72	49	10	38	39	54	5	58	11	64	58	71	29	40	45	28	32	57	30	44	58	36	17	25	16	48	47	47	9	21	
42	19	13	17	45	60	39	38	60	43	27	56	56	52	26	58	42	20	26	35	34	22	36	63	41	51	26	46	59	3	36	40	56	61	33	18	28	18	56	39	35	11	41	38	9	0	22	54	43	10	38	13	37	5	5	52	22	9	15	20	27	30	39	41	14	33	31	54	41	6	20	68	41	26	36	10	39	42	4	24	64	29	29	5	24	43	59	55	32	51	32	35	50	10	30	65	33	40	7	28	39	11	21	47	44	46	39	38	7	44	33	18	19	27	50	9	34	11	57	33	41	67	43	3	41	32	54	14	56	17	58	57	67	20	41	36	19	23	51	34	36	55	28	20	25	24	40	46	42	8	28	
61	23	16	38	58	82	46	58	78	44	49	67	66	64	12	79	65	40	17	32	46	42	58	67	63	69	49	52	64	21	56	43	72	68	54	6	10	11	72	52	56	29	49	45	16	22	0	64	57	12	58	30	53	19	23	55	40	31	8	21	12	37	62	62	37	51	54	75	63	29	11	88	61	33	59	23	42	55	18	47	84	51	50	18	3	65	79	77	54	56	54	54	72	19	9	86	56	44	18	41	53	22	22	55	49	60	57	41	28	56	32	37	5	26	62	14	53	28	78	51	42	88	65	22	50	55	68	11	73	22	80	73	88	42	53	59	37	42	73	42	59	74	51	31	41	22	62	63	63	25	29	
85	41	49	60	13	53	18	34	32	25	43	5	3	8	54	52	61	68	49	34	19	68	46	15	56	28	50	13	12	57	36	23	25	8	39	58	59	53	25	17	70	43	15	19	52	54	64	0	18	58	79	66	24	59	49	16	35	56	62	43	55	27	56	73	51	28	54	46	71	54	53	50	32	31	59	45	24	14	57	55	46	50	66	58	62	46	39	51	46	14	66	32	48	64	64	48	47	22	61	26	19	65	42	9	17	16	28	25	48	10	34	38	65	39	9	55	29	64	49	31	25	52	47	57	14	51	17	54	24	42	56	25	50	59	13	67	70	71	48	22	61	32	55	35	31	42	68	25	42	46	35	
68	34	41	44	4	38	20	17	22	31	26	16	16	11	50	37	43	52	46	36	12	52	28	32	38	14	33	22	28	46	18	28	15	26	21	51	56	47	15	6	52	32	17	21	43	43	57	18	0	49	62	52	6	48	38	29	21	42	53	38	52	23	38	55	36	11	36	31	53	41	47	38	14	25	41	35	27	6	46	38	33	33	49	47	57	28	26	35	28	27	49	14	31	53	60	35	29	26	50	16	4	54	37	18	24	3	10	28	36	9	34	25	57	36	9	46	11	51	34	13	30	39	29	46	15	33	11	46	15	35	40	16	37	43	10	49	55	56	32	20	43	19	37	26	18	39	50	9	24	35	33	
50	18	9	26	50	70	41	47	68	42	37	61	60	57	17	67	53	29	19	32	39	31	45	64	51	59	36	47	60	9	45	40	63	63	42	9	19	10	63	44	44	17	43	40	6	10	12	58	49	0	47	19	43	8	11	52	29	18	5	17	18	31	49	50	24	40	42	63	51	16	12	77	50	27	46	13	39	47	6	34	73	39	38	6	14	53	68	65	42	52	42	43	60	9	20	74	43	40	7	33	44	12	18	49	45	51	47	38	16	49	31	25	9	24	55	3	42	17	66	41	40	77	53	10	44	43	60	6	63	16	68	64	76	30	46	46	26	31	61	36	47	63	38	23	31	20	50	53	51	14	26	
5	56	52	22	66	53	70	47	68	78	35	78	79	73	64	51	27	18	65	71	61	16	36	91	30	61	28	76	87	38	45	74	67	87	41	56	66	56	67	62	10	42	70	70	47	38	58	79	62	47	0	28	55	39	42	83	45	30	50	58	65	62	29	11	30	51	26	51	14	33	58	65	51	59	23	47	72	65	41	24	63	29	12	41	61	41	62	49	34	82	13	47	46	39	67	63	34	73	40	56	60	36	58	75	75	64	53	72	38	68	69	43	53	64	71	47	50	30	52	48	75	63	41	37	69	29	70	52	68	55	49	68	64	21	67	15	21	16	47	66	21	63	24	53	49	62	16	59	44	43	65	
31	32	26	12	55	62	52	44	67	57	31	67	67	63	37	59	40	10	38	48	46	12	38	75	40	59	27	58	71	11	42	53	64	73	38	28	38	29	64	50	27	22	53	51	21	13	30	66	52	19	28	0	46	11	19	65	31	10	22	33	37	43	38	33	17	42	31	57	34	11	31	71	48	39	33	24	52	53	14	23	68	29	21	13	33	45	64	57	35	64	26	42	52	11	39	69	35	54	12	40	49	8	34	59	57	55	47	51	17	55	46	27	25	40	60	20	43	2	59	41	54	70	46	10	53	33	63	25	65	31	59	65	70	16	53	31	7	12	54	47	33	62	27	33	35	37	34	54	46	21	41	
61	31	37	38	10	36	22	12	25	33	19	23	23	18	47	34	38	45	43	35	12	45	22	38	33	16	27	25	34	40	12	29	19	32	15	47	52	43	19	8	46	26	20	23	38	37	53	24	6	43	55	46	0	42	32	32	15	36	48	34	49	21	32	49	30	4	30	28	47	35	44	38	11	23	35	31	28	10	40	31	33	26	43	41	53	24	27	32	22	31	42	8	28	47	57	35	23	28	44	13	5	48	34	22	27	9	6	28	30	13	34	19	52	34	15	41	5	45	32	7	31	38	25	40	18	27	17	42	19	31	37	20	37	36	13	43	48	49	29	20	37	21	31	23	12	36	44	10	20	29	32	
42	22	15	18	50	64	43	43	65	47	32	61	60	57	25	62	46	21	26	37	39	23	40	67	44	57	30	50	63	2	41	44	61	65	38	17	27	17	61	44	36	16	45	42	10	5	19	59	48	8	39	11	42	0	10	55	27	11	11	22	26	34	43	42	18	38	35	59	43	9	19	73	46	29	39	14	42	47	2	28	69	33	30	2	22	47	64	59	37	55	34	40	55	5	28	70	38	44	2	33	44	6	23	51	48	51	44	41	12	49	36	23	15	29	55	8	40	9	61	38	44	72	48	2	45	36	59	13	61	20	63	62	72	22	46	39	18	23	56	39	39	61	32	24	30	26	42	51	47	13	31	
47	13	10	20	40	58	33	35	57	38	26	51	50	47	23	56	43	25	23	29	29	26	34	57	41	48	26	40	53	8	33	34	51	55	31	18	26	15	51	34	38	6	35	33	7	5	23	49	38	11	42	19	32	10	0	46	18	12	16	15	24	24	39	44	15	29	32	52	44	9	17	65	38	20	37	5	33	37	8	25	61	29	32	9	24	41	56	53	31	46	35	31	48	15	30	63	33	35	12	23	34	16	16	41	38	41	35	32	5	39	28	14	20	22	45	9	31	17	55	29	35	65	42	8	35	32	49	12	52	12	57	52	65	23	36	39	25	28	50	29	38	52	29	14	20	19	42	42	40	3	23	
88	34	42	62	25	67	13	44	48	11	50	22	20	23	44	66	70	69	39	23	22	70	54	12	65	42	56	7	9	54	45	12	40	14	47	50	49	45	40	24	75	42	13	13	47	52	55	16	29	52	83	65	32	55	46	0	38	56	55	35	45	22	64	79	53	35	61	60	78	54	44	65	43	26	67	41	13	23	53	59	61	57	70	54	53	57	53	64	53	2	71	41	60	60	54	63	55	11	57	27	27	62	34	11	7	29	38	14	47	20	23	40	57	29	23	49	37	63	63	38	13	67	58	55	14	59	32	47	39	35	69	40	65	62	19	73	70	72	61	17	68	46	60	32	33	33	75	38	52	43	26	
50	20	24	25	23	43	24	18	39	33	14	36	35	31	36	41	35	32	33	31	16	33	21	46	31	30	18	30	42	25	17	29	33	43	15	34	41	30	33	18	37	11	24	25	24	22	40	35	21	29	45	31	15	27	18	38	0	21	34	24	37	18	30	42	16	11	24	36	40	20	31	48	20	17	30	17	28	21	25	21	44	20	32	26	40	27	38	38	19	37	33	14	33	32	45	46	21	29	29	10	17	33	23	29	30	24	17	28	15	24	29	4	38	26	29	26	13	30	39	11	31	48	28	25	24	23	32	28	34	20	42	34	48	24	22	35	34	36	34	21	32	34	23	12	4	27	38	24	24	15	25	
34	26	22	8	45	54	43	34	57	49	22	57	57	53	35	51	34	13	35	42	37	14	30	66	33	49	19	50	62	9	32	46	54	64	29	27	37	27	54	40	26	14	44	43	18	9	31	56	42	18	30	10	36	11	12	56	21	0	23	28	36	34	31	32	7	32	24	48	32	3	29	63	38	31	28	17	44	43	12	16	59	22	20	13	33	37	55	49	26	56	23	32	44	14	39	60	27	45	13	30	39	13	28	50	48	45	37	43	9	46	40	18	27	34	50	18	33	9	51	31	46	62	37	8	44	25	53	23	55	25	52	55	62	11	43	27	13	16	45	39	28	52	20	24	25	32	31	44	37	13	35	
53	21	13	30	54	75	44	52	73	45	42	65	64	61	16	72	57	32	19	34	43	34	50	67	56	64	41	50	63	13	50	43	68	66	47	7	16	10	68	48	48	22	47	43	10	15	8	62	53	5	50	22	48	11	16	55	34	23	0	19	17	35	54	54	29	45	46	68	55	21	12	82	55	31	51	17	41	51	10	39	78	44	42	10	11	58	73	70	47	55	46	48	65	11	17	79	48	43	10	37	49	14	20	53	48	56	51	40	21	53	33	30	4	26	59	7	47	20	71	46	42	82	58	14	48	47	64	8	68	20	73	68	81	34	50	50	29	34	66	40	51	68	43	27	36	22	54	58	56	19	28	
62	3	7	36	38	67	25	42	60	25	37	46	45	43	12	65	56	41	9	14	26	42	45	47	53	51	39	31	43	22	41	23	53	47	39	15	18	10	53	32	53	17	28	24	12	20	21	43	38	17	58	33	34	22	15	35	24	28	19	0	14	16	52	59	30	33	45	60	59	25	10	72	43	12	51	11	21	34	19	40	67	41	47	20	19	51	61	62	42	35	50	37	57	26	22	69	44	23	23	21	33	29	1	34	28	40	39	20	20	35	13	22	22	7	42	15	35	31	63	34	22	72	52	23	29	45	48	11	53	4	67	54	71	38	32	54	40	44	59	21	52	56	43	12	23	4	57	44	48	15	8	
68	17	14	44	51	81	37	56	74	34	49	59	58	57	1	79	68	47	6	22	39	49	58	57	65	65	50	42	54	27	54	33	67	58	53	9	4	9	67	46	62	28	40	35	18	27	12	55	52	18	65	37	49	26	24	45	37	36	17	14	0	29	64	68	40	47	56	74	68	33	7	86	58	26	62	21	32	48	24	50	82	53	56	24	8	64	75	76	55	46	59	51	71	27	9	83	56	34	25	35	47	30	15	46	39	54	53	31	30	48	22	35	16	16	55	18	49	35	77	48	32	86	65	28	42	57	62	13	67	17	80	68	85	47	45	63	44	49	72	33	62	70	54	26	37	13	66	59	62	25	19	
67	14	22	40	22	57	9	32	45	15	32	30	29	27	28	55	53	47	23	13	10	48	39	33	49	37	37	16	29	32	31	11	38	31	32	31	33	26	38	17	55	20	12	8	25	30	37	27	23	31	62	43	21	34	24	22	18	34	35	16	29	0	48	60	32	22	42	50	59	31	26	60	32	4	49	19	10	18	31	39	55	38	50	32	35	43	48	53	37	21	51	27	48	38	38	57	39	11	35	9	19	40	15	18	14	25	27	9	25	19	12	19	38	13	26	28	24	41	53	24	13	60	44	33	13	41	33	27	39	15	58	39	59	41	16	54	48	50	50	5	50	42	41	10	15	16	56	31	40	21	10	
34	49	49	26	42	24	52	21	39	62	16	54	55	49	62	22	5	30	61	61	42	29	10	70	1	33	13	57	66	41	20	58	39	65	17	57	66	55	39	40	19	35	51	53	46	39	62	56	38	49	29	38	32	43	39	64	30	31	54	52	64	48	0	19	25	29	7	22	17	33	57	36	24	47	6	42	57	42	43	15	34	10	20	44	64	12	32	20	11	63	17	23	17	46	69	34	9	58	45	39	38	45	52	54	58	40	28	57	34	46	59	30	58	56	47	48	27	39	23	26	60	34	11	40	49	7	43	52	41	48	21	40	35	22	46	14	35	32	18	49	8	34	11	42	33	56	14	32	15	38	55	
16	56	54	24	60	42	66	39	58	75	30	72	72	67	67	40	16	23	67	71	57	21	28	87	20	53	23	72	83	41	38	71	59	82	34	59	69	59	59	57	6	42	66	67	50	41	62	73	55	50	11	33	49	42	44	79	42	32	54	59	68	60	19	0	29	45	19	41	3	35	61	54	43	57	14	48	70	59	44	20	52	22	12	44	65	31	52	38	27	78	9	41	36	44	71	52	26	71	44	52	54	41	59	70	72	58	46	70	39	63	69	40	58	64	65	50	44	35	41	42	73	52	31	40	65	21	62	55	60	55	38	60	53	21	62	6	27	23	36	63	12	54	18	51	46	63	5	51	35	44	64	
35	27	25	8	39	46	40	27	50	48	14	52	52	47	38	44	28	16	38	42	32	16	22	63	26	42	12	46	58	16	25	44	47	59	21	32	42	31	47	34	23	13	41	40	22	14	37	51	36	24	30	17	30	18	15	53	16	7	29	30	40	32	25	29	0	25	17	41	29	8	32	55	31	29	22	19	42	38	18	10	52	14	18	19	38	29	47	41	18	53	20	25	36	22	44	52	20	43	20	26	33	21	30	46	46	39	30	42	10	41	40	13	33	35	45	23	26	16	43	24	45	54	30	15	40	18	46	27	48	26	44	48	54	8	39	24	18	19	38	36	22	45	14	23	20	34	27	37	29	15	35	
57	29	34	33	15	35	24	10	27	35	15	27	27	22	45	33	34	41	42	36	14	41	18	41	29	18	22	28	37	36	10	31	22	36	11	44	50	40	22	11	41	23	22	25	35	33	51	28	11	40	51	42	4	38	29	35	11	32	45	33	47	22	29	45	25	0	26	28	43	31	42	39	10	22	31	28	30	14	37	27	34	22	38	38	51	22	28	31	18	34	38	6	26	43	55	36	20	30	40	13	9	44	32	25	29	13	6	30	26	17	34	15	49	34	20	38	2	41	31	3	33	39	23	36	20	23	21	39	23	29	36	23	38	32	17	39	44	44	27	22	33	23	26	21	10	35	40	12	18	26	31	
32	42	42	18	41	31	48	21	41	58	11	53	53	48	55	29	11	24	54	55	38	22	10	68	9	35	6	53	64	33	19	54	41	63	15	50	59	48	41	38	16	28	47	49	39	31	54	54	36	42	26	31	30	35	32	61	24	24	46	45	56	42	7	19	17	26	0	27	17	25	49	41	25	41	6	35	52	40	36	7	39	4	15	36	56	16	37	26	8	59	13	21	22	38	62	39	7	53	37	34	35	37	45	51	54	38	27	52	26	44	53	24	51	50	45	40	25	31	29	23	55	40	16	32	46	3	44	44	42	41	28	42	41	14	43	12	28	26	23	45	7	37	3	36	28	49	14	32	18	31	49	
56	56	60	45	35	7	50	18	19	61	26	42	44	38	72	6	24	51	69	64	41	50	18	62	21	18	30	53	58	56	19	58	23	55	21	70	77	66	23	36	41	46	48	51	59	54	75	46	31	63	51	57	28	59	52	60	36	48	68	60	74	50	22	41	41	28	27	0	38	49	68	14	17	50	28	53	57	37	58	34	12	27	42	59	76	11	12	4	22	58	39	22	5	63	81	12	21	57	61	41	33	62	59	49	55	31	22	57	47	40	62	38	73	62	37	61	26	57	3	25	60	13	11	56	46	24	30	64	25	56	9	24	13	41	41	36	56	53	4	49	30	16	30	48	37	63	35	22	12	50	59	
19	56	54	24	58	39	65	37	55	74	28	70	70	65	67	37	13	24	67	70	55	22	26	85	17	50	21	70	81	42	36	70	56	80	32	60	70	59	56	55	7	42	64	65	50	41	63	71	53	51	14	34	47	43	44	78	40	32	55	59	68	59	17	3	29	43	17	38	0	35	61	51	41	57	12	48	69	57	45	19	49	21	13	45	65	29	49	35	25	77	9	38	33	45	72	49	24	70	45	51	52	42	59	68	71	55	43	68	39	61	68	39	59	64	62	50	42	36	38	40	72	49	28	41	63	19	60	55	57	55	35	57	50	21	60	5	29	24	33	61	9	51	17	51	44	63	2	49	32	44	63	
37	23	19	11	43	55	40	34	57	46	22	56	55	51	32	52	36	16	32	38	34	17	30	64	35	48	20	47	60	7	32	43	53	61	29	25	34	24	53	38	29	11	42	40	15	6	29	54	41	16	33	11	35	9	9	54	20	3	21	25	33	31	33	35	8	31	25	49	35	0	26	63	38	28	30	14	41	41	10	18	59	23	23	10	31	38	55	50	27	53	26	31	45	13	37	60	28	43	12	28	37	13	25	47	46	44	36	41	6	44	37	16	25	31	49	15	32	10	51	30	43	62	38	7	42	26	52	20	54	21	53	54	62	14	41	30	16	19	46	36	30	52	22	21	23	29	33	43	37	10	32	
62	13	8	37	48	74	35	50	69	34	43	57	55	53	6	72	61	40	7	22	36	42	51	56	58	60	44	41	53	20	48	32	63	57	47	5	9	2	63	42	55	21	38	34	11	20	11	53	47	12	58	31	44	19	17	44	31	29	12	10	7	26	57	61	32	42	49	68	61	26	0	80	52	22	55	15	31	44	17	43	76	46	49	17	9	58	70	70	48	45	52	45	65	21	13	77	50	33	19	31	43	24	11	44	38	50	48	30	23	45	21	29	13	15	52	11	44	29	71	43	31	80	59	21	39	50	58	6	63	12	74	64	79	40	42	56	38	42	66	31	55	65	47	21	32	11	59	54	56	18	18	
70	68	72	60	41	12	58	30	18	69	40	45	47	42	84	14	38	65	81	73	50	64	33	65	35	23	44	59	62	70	32	66	25	58	34	82	89	79	25	44	55	59	55	60	72	68	88	50	38	77	65	71	38	73	65	65	48	63	82	72	86	60	36	54	55	39	41	14	51	63	80	0	28	61	42	65	65	44	72	49	4	42	56	73	89	26	11	16	36	63	53	34	19	77	94	2	36	65	75	51	41	76	71	54	62	37	32	66	61	46	72	51	86	73	41	75	36	71	13	37	68	2	25	70	53	39	33	77	26	68	16	25	1	56	48	50	70	68	18	58	44	18	45	60	48	74	49	29	25	63	70	
57	40	44	38	18	25	33	4	19	44	17	29	30	24	56	23	29	45	53	46	23	44	15	47	24	11	23	36	43	44	6	40	16	41	10	55	61	51	16	19	41	32	31	34	44	41	61	32	14	50	51	48	11	46	38	43	20	38	55	43	58	32	24	43	31	10	25	17	41	38	52	28	0	33	29	38	39	20	45	28	24	22	39	46	61	14	18	21	16	41	38	6	17	51	65	25	17	39	49	23	16	51	43	32	38	15	5	40	34	23	44	24	59	44	22	47	8	47	20	9	42	28	15	44	29	21	19	49	17	40	26	17	27	35	24	37	49	48	18	32	31	14	26	31	20	46	38	7	9	35	42	
64	10	18	37	25	58	13	32	48	18	31	34	33	31	25	56	52	44	20	14	13	45	38	37	48	39	35	20	33	28	31	14	41	35	31	27	30	22	41	19	52	17	16	13	21	26	33	31	25	27	59	39	23	29	20	26	17	31	31	12	26	4	47	57	29	22	41	50	57	28	22	61	33	0	47	15	13	21	27	37	57	37	47	28	32	43	50	53	36	25	49	28	49	34	35	58	38	14	31	10	21	36	11	22	18	28	28	12	21	22	12	17	34	11	29	24	25	37	54	25	15	62	44	29	17	40	36	23	41	11	58	42	61	38	19	51	44	47	50	9	48	44	39	6	14	13	54	33	40	17	8	
29	48	47	21	46	30	54	25	44	64	17	58	58	53	61	28	6	25	60	61	44	23	14	73	7	38	12	59	69	38	24	60	44	68	20	55	64	53	44	43	13	34	53	55	44	36	59	59	41	46	23	33	35	39	37	67	30	28	51	51	62	49	6	14	22	31	6	28	12	30	55	42	29	47	0	40	58	46	40	12	40	10	14	41	61	17	38	26	13	65	11	27	23	42	67	40	12	59	41	40	41	41	51	57	60	43	31	58	32	49	59	30	55	56	50	45	30	34	29	28	61	40	17	37	52	8	48	49	46	47	27	45	41	17	48	8	30	27	24	51	2	39	8	42	34	55	9	37	21	36	55	
52	8	7	25	37	59	29	35	55	33	27	48	47	44	20	57	46	30	19	24	26	31	36	52	43	46	29	35	48	13	33	30	50	51	31	17	24	13	50	31	42	6	31	28	7	10	23	45	35	13	47	24	31	14	5	41	17	17	17	11	21	19	42	48	19	28	35	53	48	14	15	65	38	15	40	0	28	34	11	29	61	31	36	12	23	43	56	54	33	41	39	31	49	18	28	63	34	30	15	20	31	21	11	37	34	38	34	27	9	36	23	14	21	17	42	10	30	21	55	28	30	65	43	13	31	35	47	11	50	7	58	51	65	27	33	43	30	33	51	24	41	51	32	10	18	15	46	40	41	4	18	
77	21	29	50	25	64	7	40	49	5	41	29	27	27	31	63	62	57	26	10	16	58	48	25	58	42	47	10	22	41	40	1	42	26	41	36	36	31	42	21	65	30	10	5	33	39	42	24	27	39	72	52	28	42	33	13	28	44	41	21	32	10	57	70	42	30	52	57	69	41	31	65	39	13	58	28	0	21	39	50	61	48	60	40	40	52	54	61	46	14	61	36	56	47	41	63	48	2	43	18	24	49	20	14	7	29	34	1	35	20	10	29	43	16	26	36	32	50	60	33	3	66	53	42	12	51	35	33	42	22	65	43	65	51	18	64	57	60	57	8	60	47	51	19	24	20	66	36	48	31	13	
70	31	38	46	3	44	14	22	28	25	29	14	14	10	46	43	48	54	42	31	8	54	32	27	43	20	36	16	23	45	22	22	20	22	25	48	52	43	20	3	55	31	11	16	41	42	55	14	6	47	65	53	10	47	37	23	21	43	51	34	48	18	42	59	38	14	40	37	57	41	44	44	20	21	46	34	21	0	45	41	39	36	52	46	54	34	32	41	32	21	52	19	37	52	57	41	34	21	49	14	5	53	33	12	18	7	15	22	35	3	29	25	54	32	8	44	15	51	40	17	24	45	35	45	9	38	14	43	20	32	46	21	43	45	4	53	56	57	38	15	48	25	41	24	17	35	55	15	29	34	29	
44	19	12	20	48	64	40	42	64	44	32	59	58	55	23	62	47	23	24	34	37	25	40	64	45	55	30	47	60	3	40	41	59	62	37	15	25	15	59	42	38	14	43	40	7	4	18	57	46	6	41	14	40	2	8	53	25	12	10	19	24	31	43	44	18	37	36	58	45	10	17	72	45	27	40	11	39	45	0	28	68	33	32	1	20	47	63	59	36	53	35	39	54	7	26	69	38	41	4	31	42	9	20	49	45	49	43	39	11	47	33	21	15	26	53	6	38	12	61	37	41	71	48	4	43	37	57	11	60	17	62	60	71	24	44	40	21	25	56	36	40	59	32	21	28	23	43	49	46	11	28	
29	37	35	11	42	38	46	24	47	55	12	54	55	49	49	36	18	17	48	50	37	16	16	68	16	39	5	52	63	26	22	51	45	63	18	43	52	41	45	38	15	23	46	47	32	24	47	55	38	34	24	23	31	28	25	59	21	16	39	40	50	39	15	20	10	27	7	34	19	18	43	49	28	37	12	29	50	41	28	0	46	7	11	29	49	22	43	34	13	58	11	24	29	31	55	46	13	50	30	32	36	29	40	51	52	40	29	49	20	44	49	20	43	45	47	33	26	23	36	24	52	47	23	25	45	9	47	37	46	36	36	46	48	7	43	14	21	20	31	42	12	42	4	31	26	44	17	36	24	25	44	
68	64	68	57	36	12	54	26	14	65	37	41	43	38	80	13	36	63	77	69	45	61	30	61	33	18	41	55	58	67	28	61	21	54	30	78	85	75	21	39	53	55	51	55	68	64	84	46	33	73	63	68	33	69	61	61	44	59	78	67	82	55	34	52	52	34	39	12	49	59	76	4	24	57	40	61	61	39	68	46	0	39	54	69	85	23	7	14	33	59	51	30	17	73	89	2	32	60	71	47	37	73	67	50	57	32	28	61	57	41	67	47	82	68	37	71	32	68	11	33	64	6	23	66	49	36	29	73	22	64	16	21	4	53	43	48	67	65	16	54	42	14	42	55	44	70	47	24	22	59	66	
34	38	38	18	37	32	44	18	40	54	7	49	50	44	52	30	15	24	50	51	34	23	9	64	12	33	2	49	60	31	16	50	38	59	12	47	55	44	38	34	19	25	43	44	36	29	51	50	33	39	29	29	26	33	29	57	20	22	44	41	53	38	10	22	14	22	4	27	21	23	46	42	22	37	10	31	48	36	33	7	39	0	17	34	53	15	36	27	6	55	15	18	22	36	59	39	6	49	35	30	31	35	41	47	50	35	23	48	23	40	49	20	48	46	42	37	21	30	29	19	51	40	16	30	42	3	41	41	40	37	30	39	41	14	39	16	28	27	24	41	11	35	4	32	24	45	18	29	17	27	45	
18	45	42	12	53	45	57	35	57	65	23	66	66	61	55	42	20	12	55	60	48	9	25	79	21	50	16	63	75	29	33	61	55	75	29	47	57	47	55	49	6	31	57	57	38	29	50	66	49	38	12	21	43	30	32	70	32	20	42	47	56	50	20	12	18	38	15	42	13	23	49	56	39	47	14	36	60	52	32	11	54	17	0	32	53	31	52	40	23	69	4	35	37	32	59	54	22	61	32	43	47	29	47	62	63	52	40	59	27	55	58	30	46	53	58	38	38	23	43	36	63	54	31	28	56	18	58	43	57	43	41	56	55	9	54	9	16	13	38	53	13	52	12	41	37	51	12	47	33	32	53	
44	20	12	20	49	65	41	43	65	45	32	60	59	56	23	63	47	23	24	35	38	25	41	65	45	56	31	48	61	3	41	42	60	63	38	15	25	15	60	43	38	15	43	41	7	5	18	58	47	6	41	13	41	2	9	54	26	13	10	20	24	32	44	44	19	38	36	59	45	10	17	73	46	28	41	12	40	46	1	29	69	34	32	0	20	48	64	60	37	54	36	39	55	6	26	70	38	42	3	32	43	8	21	50	46	50	43	39	12	48	33	22	14	27	54	6	39	11	62	37	42	72	48	4	44	37	58	11	61	18	63	61	72	24	45	40	20	25	56	37	41	60	33	22	29	24	43	50	47	12	29	
64	22	16	41	57	82	44	58	78	42	50	66	65	63	9	80	67	43	14	30	45	45	59	65	65	69	50	50	62	23	57	41	72	66	55	6	6	10	72	51	59	29	47	43	17	24	3	62	57	14	61	33	53	22	24	53	40	33	11	19	8	35	64	65	38	51	56	76	65	31	9	89	61	32	61	23	40	54	20	49	85	53	53	20	0	66	79	77	55	54	56	54	73	22	6	86	57	42	21	40	52	25	20	53	47	60	57	39	29	55	30	37	8	24	61	15	53	31	79	52	40	89	66	24	48	56	68	12	72	21	81	73	88	44	51	61	40	45	74	40	61	74	53	30	41	20	64	63	64	26	27	
46	47	50	33	33	17	46	12	26	57	15	43	44	38	63	14	16	39	60	57	36	38	7	61	11	22	18	49	57	45	12	53	27	55	11	59	67	56	27	32	30	36	44	47	48	43	65	46	28	53	41	45	24	47	41	57	27	37	58	51	64	43	12	31	29	22	16	11	29	38	58	26	14	43	17	43	52	34	47	22	23	15	31	48	66	0	21	12	10	55	28	16	7	51	71	23	9	52	50	34	29	51	50	46	51	29	18	52	36	37	55	29	62	54	37	50	20	45	13	19	55	25	1	45	42	13	32	54	29	47	15	28	25	30	37	26	44	42	8	44	19	22	19	39	29	54	26	21	4	39	52	
67	58	62	53	29	16	47	21	8	57	32	34	36	31	74	16	36	60	70	62	38	59	27	54	32	11	38	47	51	62	22	54	14	47	26	73	79	69	14	32	51	50	44	48	62	59	79	39	26	68	62	64	27	64	56	53	38	55	73	61	75	48	32	52	47	28	37	12	49	55	70	11	18	50	38	56	54	32	63	43	7	36	52	64	79	21	0	16	30	51	49	24	16	69	83	9	30	53	66	40	30	68	60	43	50	25	21	54	52	34	60	42	77	61	30	65	26	64	13	27	56	13	21	61	41	34	22	67	15	58	20	14	11	50	36	47	64	63	16	47	41	7	40	49	38	63	47	17	19	53	59	
54	59	62	45	39	5	54	21	24	65	27	47	48	43	74	2	22	50	72	67	44	49	19	66	19	23	30	57	62	57	21	61	28	59	23	71	79	68	28	40	39	48	52	55	60	55	77	51	35	65	49	57	32	59	53	64	38	49	70	62	76	53	20	38	41	31	26	4	35	50	70	16	21	53	26	54	61	41	59	34	14	27	40	60	77	12	16	0	22	62	37	25	5	63	83	14	21	60	62	44	37	62	62	53	59	35	26	61	48	44	65	40	74	64	41	62	29	57	3	28	63	14	11	57	50	24	35	65	29	58	5	28	15	41	45	34	55	52	3	53	28	21	30	51	39	65	33	26	13	51	62	
40	38	40	23	32	27	41	12	34	51	5	44	45	39	53	25	16	30	51	50	31	29	3	60	12	27	8	46	56	34	10	47	32	55	7	49	57	46	32	30	24	26	40	42	38	32	54	46	28	42	34	35	22	37	31	53	19	26	47	42	55	37	11	27	18	18	8	22	25	27	48	36	16	36	13	33	46	32	36	13	33	6	23	37	55	10	30	22	0	52	21	13	18	41	61	34	2	46	39	28	27	40	42	43	47	30	18	46	26	36	48	19	51	45	37	40	17	34	24	15	49	35	11	34	39	5	35	43	34	38	26	33	35	20	35	21	34	33	19	38	15	29	10	31	22	45	22	24	11	29	44	
87	34	43	61	23	65	12	43	45	12	48	20	18	21	45	64	68	68	40	24	21	69	53	11	63	40	55	6	8	54	43	13	38	12	45	50	50	45	38	22	74	42	12	13	47	51	56	14	27	52	82	64	31	55	46	2	37	56	55	35	46	21	63	78	53	34	59	58	77	53	45	63	41	25	65	41	14	21	53	58	59	55	69	54	54	55	51	62	52	0	70	39	58	60	55	61	54	12	57	26	25	62	34	9	7	27	36	15	47	18	24	39	58	30	21	49	35	62	61	37	14	64	56	55	13	57	30	47	37	36	67	38	63	61	17	72	69	72	59	17	67	44	59	31	32	34	74	36	50	43	27	
19	47	45	15	53	41	58	34	54	67	22	65	65	60	58	39	16	16	58	62	49	14	23	79	18	48	15	64	75	32	32	63	54	74	28	50	60	50	54	49	3	33	58	58	41	32	54	66	49	42	13	26	42	34	35	71	33	23	46	50	59	51	17	9	20	38	13	39	9	26	52	53	38	49	11	39	61	52	35	11	51	15	4	36	56	28	49	37	21	70	0	34	34	36	62	51	20	62	36	44	47	34	50	62	64	51	39	61	30	55	60	31	49	55	58	41	37	27	40	35	64	51	28	32	57	16	56	46	55	46	38	55	52	12	54	5	21	17	35	54	9	50	11	43	37	54	8	45	31	35	55	
53	34	38	32	19	29	30	4	25	41	12	31	31	26	50	28	29	39	47	41	20	39	13	47	24	17	19	33	42	37	4	37	22	41	6	48	55	44	22	17	37	25	28	31	38	35	54	32	14	43	47	42	8	40	31	41	14	32	48	37	51	27	23	41	25	6	21	22	38	31	45	34	6	28	27	31	36	19	39	24	30	18	35	39	54	16	24	25	13	39	34	0	20	44	59	31	15	36	42	18	14	45	37	31	35	17	5	36	27	22	39	17	52	39	24	40	4	41	25	3	39	34	17	37	26	19	22	42	23	34	30	23	33	30	22	34	43	43	22	28	29	20	23	25	14	40	36	12	12	29	37	
51	54	57	40	35	9	50	16	23	61	22	44	45	40	69	7	19	46	67	62	40	45	14	63	16	21	25	53	59	52	17	57	26	56	18	66	74	63	26	36	36	43	48	51	55	50	72	48	31	60	46	52	28	55	48	60	33	44	65	57	71	48	17	36	36	26	22	5	33	45	65	19	17	49	23	49	56	37	54	29	17	22	37	55	73	7	16	5	18	58	34	20	0	59	78	17	17	56	57	39	33	58	57	49	55	31	22	56	43	40	60	35	69	60	38	57	24	52	6	24	59	18	6	52	46	19	32	60	27	53	9	27	18	37	41	31	51	49	1	48	25	19	25	46	34	60	30	22	8	46	57	
42	26	18	21	55	68	48	48	70	51	36	66	65	62	26	66	49	21	29	41	44	23	44	71	48	61	34	54	67	7	46	48	66	70	42	17	27	19	66	49	38	21	50	47	13	10	19	64	53	9	39	11	47	5	15	60	32	14	11	26	27	38	46	44	22	43	38	63	45	13	21	77	51	34	42	18	47	52	7	31	73	36	32	6	22	51	69	63	41	60	36	44	59	0	28	74	42	48	3	38	49	3	27	56	52	56	49	46	17	54	39	28	14	33	60	11	44	9	65	43	48	76	52	7	50	40	64	15	66	24	66	67	76	25	51	41	18	23	60	43	42	65	35	29	35	29	44	56	51	18	35	
70	26	21	47	60	88	46	63	82	43	56	68	67	66	10	86	73	49	15	31	48	51	64	66	71	73	56	51	63	29	62	42	76	67	60	12	5	14	76	55	65	35	49	45	22	30	9	64	60	20	67	39	57	28	30	54	45	39	17	22	9	38	69	71	44	55	62	81	72	37	13	94	65	35	67	28	41	57	26	55	89	59	59	26	6	71	83	83	61	55	62	59	78	28	0	91	62	43	27	44	56	31	23	55	48	63	61	40	35	57	31	42	14	25	64	21	57	37	84	56	41	94	72	30	51	62	71	17	76	25	87	77	93	50	54	67	46	51	79	43	67	78	59	34	45	22	70	67	69	31	28	
68	65	70	57	38	11	56	27	16	67	38	43	45	40	82	12	36	63	78	71	47	62	30	63	33	20	42	57	60	68	29	63	23	56	31	80	86	76	23	41	53	57	53	57	69	65	86	48	35	74	63	69	35	70	63	63	46	60	79	69	83	57	34	52	52	36	39	12	49	60	77	2	25	58	40	63	63	41	69	46	2	39	54	70	86	23	9	14	34	61	51	31	17	74	91	0	33	62	72	48	38	74	68	52	59	34	30	63	58	43	69	49	83	70	39	72	34	69	11	34	65	4	23	67	50	36	31	74	24	65	15	23	2	53	45	48	68	66	16	55	42	16	42	57	46	71	47	26	23	60	67	
39	40	42	24	34	26	43	13	34	53	7	45	46	41	55	24	14	30	53	52	33	29	3	61	10	27	8	48	57	36	12	49	33	56	8	51	59	48	33	31	23	28	42	44	40	33	56	47	29	43	34	35	23	38	33	55	21	27	48	44	56	39	9	26	20	20	7	21	24	28	50	36	17	38	12	34	48	34	38	13	32	6	22	38	57	9	30	21	2	54	20	15	17	42	62	33	0	48	40	30	29	41	43	45	49	31	19	48	27	37	50	21	53	47	38	42	18	35	23	17	51	34	10	35	40	4	36	45	34	40	24	34	35	20	37	20	34	33	18	40	14	29	10	33	24	47	21	25	11	31	46	
79	22	31	52	24	64	6	40	48	5	42	27	25	26	33	62	63	58	28	12	16	59	48	23	58	41	48	8	20	43	40	1	41	24	41	38	38	33	41	20	66	31	9	5	35	40	44	22	26	40	73	54	28	44	35	11	29	45	43	23	34	11	58	71	43	30	53	57	70	43	33	65	39	14	59	30	2	21	41	50	60	49	61	42	42	52	53	60	46	12	62	36	56	48	43	62	48	0	45	18	23	51	22	13	5	28	34	3	36	19	12	30	45	18	25	38	32	52	60	33	3	66	53	43	11	51	34	35	41	24	65	41	64	52	17	65	59	62	57	8	61	46	52	21	25	22	67	36	48	32	15	
43	23	15	20	52	67	44	45	68	48	34	63	62	59	25	64	48	22	26	38	41	24	42	68	46	59	32	51	64	4	43	45	63	67	40	16	26	17	63	46	38	18	47	44	10	7	18	61	50	7	40	12	44	2	12	57	29	13	10	23	25	35	45	44	20	40	37	61	45	12	19	75	49	31	41	15	43	49	4	30	71	35	32	3	21	50	66	62	39	57	36	42	57	3	27	72	40	45	0	35	46	5	24	53	49	53	46	43	14	51	36	25	13	30	57	8	42	10	63	40	45	74	50	5	47	38	61	13	64	21	65	64	74	24	48	40	19	24	58	40	41	63	34	25	32	26	44	53	49	15	32	
61	18	25	35	17	48	13	23	38	23	23	28	27	24	34	46	44	42	30	23	6	43	30	36	40	29	29	19	32	31	22	19	31	33	23	35	39	30	31	11	48	17	14	14	27	28	41	26	16	33	56	40	13	33	23	27	10	30	37	21	35	9	39	52	26	13	34	41	51	28	31	51	23	10	40	20	18	14	31	32	47	30	43	32	40	34	40	44	28	26	44	18	39	38	44	48	30	18	35	0	12	39	20	19	19	19	18	18	22	16	21	13	41	21	22	30	15	38	44	15	21	52	35	31	13	32	27	30	32	18	49	32	51	35	13	46	44	46	40	10	42	34	34	10	6	23	48	23	30	20	18	
66	30	37	42	6	40	17	17	26	28	24	18	18	13	46	39	43	49	42	32	8	49	27	32	38	18	31	20	28	42	18	25	20	27	20	47	51	42	20	3	50	28	15	18	38	39	53	19	4	44	60	49	5	44	34	27	17	39	49	33	47	19	38	54	33	9	35	33	52	37	43	41	16	21	41	31	24	5	42	36	37	31	47	43	52	29	30	37	27	25	47	14	33	49	56	38	29	23	46	12	0	50	32	16	22	7	11	24	32	8	30	21	52	32	11	41	10	47	36	12	27	42	30	42	13	33	15	42	20	30	42	20	41	40	8	48	52	53	34	17	43	23	36	22	14	35	50	12	25	31	29	
39	28	21	19	56	67	50	48	70	53	36	67	67	63	30	65	47	18	32	43	46	20	43	73	46	62	33	56	69	8	46	50	66	72	42	20	30	22	66	50	35	22	52	49	16	11	22	65	54	12	36	8	48	6	16	62	33	13	14	29	30	40	45	41	21	44	37	62	42	13	24	76	51	36	41	21	49	53	9	29	73	35	29	8	25	51	68	62	40	62	34	45	58	3	31	74	41	51	5	39	50	0	29	58	55	57	49	48	18	55	42	29	17	36	61	14	45	6	65	43	51	76	51	8	52	39	65	18	67	27	65	67	76	23	53	38	15	20	59	45	40	65	33	31	36	32	42	56	50	19	37	
63	3	8	36	37	66	24	41	59	24	36	45	44	42	13	65	56	41	10	14	25	43	44	46	53	50	39	30	42	22	40	22	52	46	39	16	18	11	52	31	53	17	27	23	13	21	22	42	37	18	58	34	34	23	16	34	23	28	20	1	15	15	52	59	30	32	45	59	59	25	11	71	43	11	51	11	20	33	20	40	67	41	47	21	20	50	60	62	42	34	50	37	57	27	23	68	43	22	24	20	32	29	0	33	27	39	38	19	20	34	12	22	23	6	41	15	34	32	62	34	21	71	51	23	28	44	47	12	53	4	66	53	70	38	31	54	40	44	58	20	52	55	43	11	22	4	57	44	48	15	8	
80	32	40	54	14	56	9	34	37	16	40	14	12	13	44	55	60	62	40	25	13	62	44	16	55	31	47	5	12	49	34	14	30	13	37	49	50	44	30	13	66	36	6	10	43	47	55	9	18	49	75	59	22	51	41	11	29	50	53	34	46	18	54	70	46	25	51	49	68	47	44	54	32	22	57	37	14	12	49	51	50	47	62	50	53	46	43	53	43	9	62	31	49	56	55	52	45	13	53	19	16	58	33	0	8	18	27	15	41	9	24	32	56	29	13	46	26	57	52	28	16	56	47	50	5	49	22	45	29	33	58	30	54	54	8	64	63	65	50	13	59	36	51	27	25	33	66	27	41	38	26	
81	27	35	54	21	62	5	39	45	7	43	22	20	22	38	61	63	61	33	17	15	62	48	18	58	38	49	3	15	47	39	6	38	19	41	43	43	38	38	19	67	34	7	5	39	44	49	17	24	45	75	57	27	48	38	7	30	48	48	28	39	14	58	72	46	29	54	55	71	46	38	62	38	18	60	34	7	18	45	52	57	50	63	46	47	51	50	59	47	7	64	35	55	52	48	59	49	5	49	19	22	55	27	8	0	25	33	8	39	16	17	32	50	23	21	42	31	55	58	32	8	63	52	47	9	52	30	40	37	28	64	38	61	54	14	66	62	65	56	9	61	43	53	24	26	27	68	33	47	36	20	
70	37	44	47	4	38	21	18	20	32	28	14	15	9	53	37	45	55	49	38	15	55	29	31	40	13	36	22	27	49	19	29	13	25	23	54	58	49	13	8	54	35	18	23	46	46	60	16	3	51	64	55	9	51	41	29	24	45	56	40	54	25	40	58	39	13	38	31	55	44	50	37	15	28	43	38	29	7	49	40	32	35	52	50	60	29	25	35	30	27	51	17	31	56	63	34	31	28	53	19	7	57	39	18	25	0	12	29	39	9	36	28	60	39	7	49	13	54	34	16	31	38	30	49	16	36	8	49	13	38	40	14	36	46	11	51	58	58	32	22	45	18	40	29	21	41	53	9	25	38	36	
58	36	41	37	14	30	28	6	21	39	17	26	27	21	52	28	33	45	48	41	18	44	17	42	28	12	24	31	39	42	7	35	17	37	11	51	57	47	17	14	43	29	26	29	41	39	57	28	10	47	53	47	6	44	35	38	17	37	51	39	53	27	28	46	30	6	27	22	43	36	48	32	5	28	31	34	34	15	43	29	28	23	40	43	57	18	21	26	18	36	39	5	22	49	61	30	19	34	46	18	11	49	38	27	33	12	0	34	32	18	39	21	55	40	19	44	4	46	25	6	37	33	19	41	24	24	17	45	18	36	31	18	32	35	19	39	48	48	23	26	33	17	28	27	16	41	41	7	14	32	37	
77	20	28	50	25	65	7	40	50	5	41	30	28	28	30	63	62	56	25	9	16	57	48	26	58	42	47	11	23	40	40	2	43	27	41	35	35	30	43	21	64	29	11	6	32	38	41	25	28	38	72	51	28	41	32	14	28	43	40	20	31	9	57	70	42	30	52	57	68	41	30	66	40	12	58	27	1	22	39	49	61	48	59	39	39	52	54	61	46	15	61	36	56	46	40	63	48	3	43	18	24	48	19	15	8	29	34	0	34	21	9	29	42	15	27	35	32	49	60	33	3	67	53	41	13	50	36	32	42	21	66	43	65	51	18	63	57	60	57	8	60	47	51	19	24	19	66	37	48	30	12	
43	17	15	16	38	53	34	31	53	40	21	50	49	45	28	51	38	22	28	33	28	23	29	57	35	44	21	41	53	10	29	36	48	55	26	23	32	21	48	32	33	5	35	34	12	7	28	48	36	16	38	17	30	12	5	47	15	9	21	20	30	25	34	39	10	26	26	47	39	6	23	61	34	21	32	9	35	35	11	20	57	23	27	12	29	36	52	48	26	47	30	27	43	17	35	58	27	36	14	22	32	18	20	41	39	39	32	34	0	38	31	11	25	26	43	14	27	16	50	25	37	60	37	10	35	27	47	17	49	16	52	49	60	18	35	34	22	25	45	30	32	48	24	15	18	24	37	38	35	5	26	
74	32	40	49	5	47	13	25	29	23	33	12	11	8	47	46	51	57	42	30	10	57	36	24	46	22	40	13	20	47	26	20	21	19	29	50	52	45	21	6	59	33	10	14	43	44	56	10	9	49	68	55	13	49	39	20	24	46	53	35	48	19	46	63	41	17	44	40	61	44	45	46	23	22	49	36	20	3	47	44	41	40	55	48	55	37	34	44	36	18	55	22	40	54	57	43	37	19	51	16	8	55	34	9	16	9	18	21	38	0	29	28	56	32	6	46	18	54	43	20	23	47	38	47	7	41	14	45	21	33	49	22	45	48	3	56	59	60	41	15	51	27	44	26	20	35	58	18	33	36	29	
74	14	21	47	33	69	16	44	57	12	43	38	37	36	21	68	64	53	16	2	22	54	50	35	60	49	47	20	32	35	43	11	50	36	43	27	26	22	50	28	63	26	19	14	26	33	32	34	34	31	69	46	34	36	28	23	29	40	33	13	22	12	59	69	40	34	53	62	68	37	21	72	44	12	59	23	10	29	33	49	67	49	58	33	30	55	60	65	48	24	60	39	60	39	31	69	50	12	36	21	30	42	12	24	17	36	39	9	31	29	0	29	34	6	35	28	36	44	65	36	10	72	56	36	21	52	43	25	50	15	70	50	71	49	26	63	53	56	61	14	60	54	51	17	26	10	66	43	51	26	5	
48	18	21	22	27	45	27	21	42	35	14	39	39	35	34	43	35	29	31	31	19	29	22	49	31	33	18	33	45	21	19	31	37	46	17	31	38	27	37	22	35	8	27	27	20	18	37	38	25	25	43	27	19	23	14	40	4	18	30	22	35	19	30	40	13	15	24	38	39	16	29	51	24	17	30	14	29	25	21	20	47	20	30	22	37	29	42	40	19	39	31	17	35	28	42	49	21	30	25	13	21	29	22	32	32	28	21	29	11	28	29	0	34	26	32	23	16	26	41	15	32	51	30	21	27	23	36	25	38	18	44	38	51	22	25	34	31	33	37	23	31	38	22	12	7	25	37	27	27	11	25	
56	24	16	34	58	79	47	56	77	47	46	68	67	64	16	77	61	35	20	35	46	37	55	69	60	68	45	53	65	17	54	45	71	69	52	7	14	12	71	52	52	26	50	46	14	19	5	65	57	9	53	25	52	15	20	57	38	27	4	22	16	38	58	58	33	49	51	73	59	25	13	86	59	34	55	21	43	54	15	43	82	48	46	14	8	62	77	74	51	58	49	52	69	14	14	83	53	45	13	41	52	17	23	56	50	60	55	42	25	56	34	34	0	28	62	11	51	23	75	50	44	86	62	18	51	52	68	11	72	23	77	72	85	38	53	54	32	37	70	43	55	72	47	30	39	24	57	62	61	23	30	
69	8	14	42	36	69	20	43	59	18	40	43	41	40	15	67	61	47	10	7	24	49	48	41	57	50	44	26	38	29	42	17	52	42	42	20	20	15	52	30	59	22	24	19	19	27	26	39	36	24	64	40	34	29	22	29	26	34	26	7	16	13	56	64	35	34	50	62	64	31	15	73	44	11	56	17	16	32	26	45	68	46	53	27	24	54	61	64	45	30	55	39	60	33	25	70	47	18	30	21	32	36	6	29	23	39	40	15	26	32	6	26	28	0	39	22	36	38	65	36	16	73	55	30	25	49	46	18	52	9	69	53	72	44	29	59	47	51	61	17	57	55	48	14	25	4	62	44	51	21	3	
77	39	46	53	5	44	19	25	24	29	35	7	7	2	54	43	52	61	49	37	16	61	37	24	47	19	42	18	21	53	27	26	16	18	30	56	59	51	16	11	61	39	16	21	49	50	62	9	9	55	71	60	15	55	45	23	29	50	59	42	55	26	47	65	45	20	45	37	62	49	52	41	22	29	50	42	26	8	53	47	37	42	58	54	61	37	30	41	37	21	58	24	38	60	64	39	38	25	57	22	11	61	41	13	21	7	19	27	43	6	35	32	62	39	0	52	20	59	40	22	29	43	38	53	14	43	8	51	16	40	46	17	41	52	9	58	63	64	39	21	53	23	46	32	25	42	60	15	32	42	36	
50	15	7	26	47	67	38	44	65	40	35	58	57	54	17	65	51	29	18	29	36	31	43	61	49	56	34	44	57	9	43	37	60	60	40	9	19	9	60	41	44	15	40	37	3	9	14	55	46	3	47	20	41	8	9	49	26	18	7	15	18	28	48	50	23	38	40	61	50	15	11	75	47	24	45	10	36	44	6	33	71	37	38	6	15	50	65	62	40	49	41	40	57	11	21	72	42	38	8	30	41	14	15	46	42	49	44	35	14	46	28	23	11	22	52	0	39	18	64	38	37	74	51	10	41	41	57	5	61	13	66	61	74	29	43	46	27	31	59	33	45	61	37	20	28	18	49	50	49	11	23	
56	31	36	34	15	33	26	8	26	37	15	27	28	22	48	31	33	41	44	38	16	41	17	43	28	17	22	29	38	37	8	33	21	37	10	46	53	42	21	13	41	24	24	27	37	34	53	29	11	42	50	43	5	40	31	37	13	33	47	35	49	24	27	44	26	2	25	26	42	32	44	36	8	25	30	30	32	15	38	26	32	21	38	39	53	20	26	29	17	35	37	4	24	44	57	34	18	32	42	15	10	45	34	26	31	13	4	32	27	18	36	16	51	36	20	39	0	42	29	2	35	37	21	37	22	22	20	41	22	31	33	22	36	32	18	38	44	45	25	24	32	21	26	23	12	37	39	11	16	28	34	
33	30	24	12	54	62	50	43	66	55	31	66	65	61	34	60	41	12	36	46	44	14	38	73	40	58	27	56	69	9	41	51	63	71	38	26	36	27	63	48	29	21	51	49	19	11	28	64	51	17	30	2	45	9	17	63	30	9	20	31	35	41	39	35	16	41	31	57	36	10	29	71	47	37	34	21	50	51	12	23	68	30	23	11	31	45	64	57	34	62	27	41	52	9	37	69	35	52	10	38	47	6	32	57	55	54	46	49	16	54	44	26	23	38	59	18	42	0	59	40	52	70	46	8	51	33	62	23	64	29	59	64	70	16	51	32	9	14	54	45	34	61	27	31	33	35	35	53	45	19	39	
57	59	63	47	38	4	53	21	21	65	29	45	47	41	75	3	25	53	72	67	44	51	21	64	22	21	32	56	61	59	22	61	26	58	24	72	80	69	26	39	42	49	51	55	62	57	78	49	34	66	52	59	32	61	55	63	39	51	71	63	77	53	23	41	43	31	29	3	38	51	71	13	20	54	29	55	60	40	61	36	11	29	43	62	79	13	13	3	24	61	40	25	6	65	84	11	23	60	63	44	36	65	62	52	58	34	25	60	50	43	65	41	75	65	40	64	29	59	0	29	63	11	13	58	49	26	33	67	27	59	6	26	12	43	44	37	57	55	5	52	31	18	32	51	40	66	36	25	14	53	63	
54	31	35	32	17	33	27	7	27	38	12	30	30	25	47	31	31	39	44	38	17	39	15	44	26	18	20	31	40	36	7	34	23	39	8	45	52	41	23	14	38	23	25	28	35	33	51	31	13	41	48	41	7	38	29	38	11	31	46	34	48	24	26	42	24	3	23	25	40	30	43	37	9	25	28	28	33	17	37	24	33	19	36	37	52	19	27	28	15	37	35	3	24	43	56	34	17	33	40	15	12	43	34	28	32	16	6	33	25	20	36	15	50	36	22	38	2	40	29	0	36	37	20	35	24	20	22	40	24	31	33	24	36	30	20	36	42	43	25	25	30	22	24	22	11	37	37	13	15	26	34	
80	22	30	53	27	67	9	43	52	2	44	30	28	29	31	66	65	59	26	10	19	60	51	25	61	45	50	11	22	43	43	2	44	26	44	37	36	32	44	24	68	32	13	8	34	41	42	25	30	40	75	54	31	44	35	13	31	46	42	22	32	13	60	73	45	33	55	60	72	43	31	68	42	15	61	30	3	24	41	52	64	51	63	42	40	55	56	63	49	14	64	39	59	48	41	65	51	3	45	21	27	51	21	16	8	31	37	3	37	23	10	32	44	16	29	37	35	52	63	36	0	69	56	44	15	54	37	34	44	23	68	45	68	54	20	67	60	63	60	11	63	50	54	22	27	20	69	39	51	33	13	
68	68	72	58	42	10	59	30	20	70	39	47	49	44	85	12	36	64	81	74	50	63	32	67	33	24	43	60	64	70	31	67	27	60	34	82	89	79	27	45	53	59	56	61	72	67	88	52	39	77	63	70	38	72	65	67	48	62	82	72	86	60	34	52	54	39	40	13	49	62	80	2	28	62	40	65	66	45	71	47	6	40	54	72	89	25	13	14	35	64	51	34	18	76	94	4	34	66	74	52	42	76	71	56	63	38	33	67	60	47	72	51	86	73	43	74	37	70	11	37	69	0	24	69	54	37	35	77	28	68	14	27	2	55	49	48	69	66	16	59	42	20	43	60	49	75	47	30	25	63	71	
46	48	51	34	34	16	47	13	27	58	16	44	45	39	64	14	15	40	61	58	37	38	7	62	11	22	18	50	58	46	13	54	28	56	12	60	68	57	28	33	30	37	45	48	49	43	65	47	29	53	41	46	25	48	42	58	28	37	58	52	65	44	11	31	30	23	16	11	28	38	59	25	15	44	17	43	53	35	48	23	23	16	31	48	66	1	21	11	11	56	28	17	6	52	72	23	10	53	50	35	30	51	51	47	52	30	19	53	37	38	56	30	62	55	38	51	21	46	13	20	56	24	0	45	43	13	33	54	29	48	15	29	25	30	38	25	44	42	8	45	19	22	19	40	30	55	26	22	5	40	53	
41	21	15	16	48	62	42	40	63	46	29	59	59	55	27	59	43	19	28	37	38	21	37	66	42	54	27	49	62	1	39	43	58	64	35	19	29	19	58	42	34	14	44	42	10	3	22	57	46	10	37	10	40	2	8	55	25	8	14	23	28	33	40	40	15	36	32	56	41	7	21	70	44	29	37	13	42	45	4	25	66	30	28	4	24	45	61	57	34	55	32	37	52	7	30	67	35	43	5	31	42	8	23	50	47	49	41	41	10	47	36	21	18	30	53	10	37	8	58	35	44	69	45	0	44	33	57	15	59	20	60	59	69	20	45	36	17	21	53	38	37	58	29	23	28	26	39	48	44	11	31	
75	27	35	49	12	53	5	30	37	16	35	17	16	15	40	52	55	56	36	22	7	56	39	22	50	30	41	7	18	44	30	13	29	19	32	44	46	39	29	10	60	30	2	7	38	41	50	14	15	44	69	53	18	45	35	14	24	44	48	29	42	13	49	65	40	20	46	46	63	42	39	53	29	17	52	31	12	9	43	45	49	42	56	44	48	42	41	50	39	13	57	26	46	50	51	50	40	11	47	13	13	52	28	5	9	16	24	13	35	7	21	27	51	25	14	41	22	51	49	24	15	54	43	44	0	44	22	40	29	28	55	30	53	48	5	58	57	60	47	8	54	34	46	21	19	29	60	24	38	32	22	
35	41	42	21	38	29	46	18	38	56	9	50	50	45	55	26	12	26	54	54	36	25	7	65	8	32	6	51	61	34	16	52	38	60	12	50	59	48	38	35	19	28	45	47	39	32	55	51	33	43	29	33	27	36	32	59	23	25	47	45	57	41	7	21	18	23	3	24	19	26	50	39	21	40	8	35	51	38	37	9	36	3	18	37	56	13	34	24	5	57	16	19	19	40	62	36	4	51	38	32	33	39	44	49	52	36	24	50	27	41	52	23	52	49	43	41	22	33	26	20	54	37	13	33	44	0	41	45	39	41	26	39	38	17	40	15	31	29	21	43	10	33	6	35	26	48	17	29	15	31	48	
76	45	52	54	10	36	28	23	15	38	34	12	14	9	61	36	48	62	56	45	22	61	34	32	43	11	42	27	29	57	24	35	8	25	28	62	66	57	8	16	60	43	24	29	54	54	68	17	11	60	70	63	17	59	49	32	32	53	64	48	62	33	43	62	46	21	44	30	60	52	58	33	19	36	48	47	35	14	57	47	29	41	58	58	68	32	22	35	35	30	56	22	32	64	71	31	36	34	61	27	15	65	47	22	30	8	17	36	47	14	43	36	68	46	8	57	20	62	33	22	37	35	33	57	22	41	0	57	7	46	39	8	33	52	17	56	65	65	33	29	50	15	45	37	29	49	57	11	28	46	43	
56	13	5	31	47	70	36	46	67	37	38	57	56	53	12	68	56	34	13	26	35	36	47	58	53	58	38	42	55	14	45	34	61	58	43	5	14	4	61	41	49	17	39	35	5	14	11	54	46	6	52	25	42	13	12	47	28	23	8	11	13	27	52	55	27	39	44	64	55	20	6	77	49	23	49	11	33	43	11	37	73	41	43	11	12	54	67	65	43	47	46	42	60	15	17	74	45	35	13	30	42	18	12	45	40	49	45	32	17	45	25	25	11	18	51	5	41	23	67	40	34	77	54	15	40	45	57	0	61	12	69	62	76	34	42	50	32	36	62	32	50	62	41	19	29	14	53	51	52	14	20	
74	50	56	55	17	30	35	21	8	45	34	19	21	16	66	30	45	62	62	51	28	62	32	39	40	7	41	34	36	59	23	42	1	32	27	67	71	62	1	22	58	46	31	36	58	56	73	24	15	63	68	65	19	61	52	39	34	55	68	53	67	39	41	60	48	23	42	25	57	54	63	26	17	41	46	50	42	20	60	46	22	40	57	61	72	29	15	29	34	37	55	23	27	66	76	24	34	41	64	32	20	67	53	29	37	13	18	42	49	21	50	38	72	52	16	61	22	64	27	24	44	28	29	59	29	39	7	61	0	51	34	1	26	52	24	54	66	66	28	36	48	8	44	42	32	55	55	11	25	49	49	
59	1	7	32	35	63	24	38	56	26	32	45	44	41	16	61	52	38	13	17	23	39	41	47	49	48	35	30	43	19	37	23	50	46	35	16	21	11	50	29	49	13	27	23	11	17	22	42	35	16	55	31	31	20	12	35	20	25	20	4	17	15	48	55	26	29	41	56	55	21	12	68	40	11	47	7	22	32	17	36	64	37	43	18	21	47	58	58	38	36	46	34	53	24	25	65	40	24	21	18	30	27	4	33	28	38	36	21	16	33	15	18	23	9	40	13	31	29	59	31	23	68	48	20	28	41	46	12	51	0	63	51	67	34	30	50	37	41	55	20	48	52	39	8	19	8	53	41	44	11	10	
54	63	66	47	44	4	59	25	28	70	31	51	53	48	79	3	22	52	76	72	49	50	22	71	20	28	32	62	67	60	26	66	32	64	27	75	83	72	32	45	39	52	57	60	64	58	80	56	40	68	49	59	37	63	57	69	42	52	73	67	80	58	21	38	44	36	28	9	35	53	74	16	26	58	27	58	65	46	62	36	16	30	41	63	81	15	20	5	26	67	38	30	9	66	87	15	24	65	65	49	42	65	66	58	64	40	31	66	52	49	70	44	77	69	46	66	33	59	6	33	68	14	15	60	55	26	39	69	34	63	0	33	15	43	50	34	57	54	8	58	28	25	32	55	44	70	33	31	18	55	67	
74	51	57	55	17	29	35	21	7	46	34	20	22	17	67	29	45	62	63	52	29	61	31	40	40	6	41	35	37	60	23	43	1	33	27	67	72	63	1	22	58	46	32	37	58	57	73	25	16	64	68	65	20	62	52	40	34	55	68	54	68	39	40	60	48	23	42	24	57	54	64	25	17	42	45	51	43	21	60	46	21	39	56	61	73	28	14	28	33	38	55	23	27	67	77	23	34	41	64	32	20	67	53	30	38	14	18	43	49	22	50	38	72	53	17	61	22	64	26	24	45	27	29	59	30	39	8	62	1	51	33	0	25	52	25	54	66	65	27	36	47	7	44	42	32	55	54	11	24	50	50	
69	68	72	59	40	11	58	29	18	69	39	45	47	42	84	13	37	65	80	73	49	63	32	65	34	23	43	59	62	69	31	65	25	58	33	82	89	78	25	43	54	59	55	59	71	67	88	50	37	76	64	70	37	72	65	65	48	62	81	71	85	59	35	53	54	38	41	13	50	62	79	1	27	61	41	65	65	43	71	48	4	41	55	72	88	25	11	15	35	63	52	33	18	76	93	2	35	64	74	51	41	76	70	54	61	36	32	65	60	45	71	51	85	72	41	74	36	70	12	36	68	2	25	69	53	38	33	76	26	67	15	25	0	55	47	49	69	67	17	58	43	18	44	59	48	74	48	28	25	62	69	
26	35	33	4	47	46	49	31	54	56	18	59	59	54	46	43	24	10	46	50	41	9	23	71	23	46	12	55	67	21	29	53	51	67	25	39	48	38	51	42	15	22	49	49	29	20	42	59	43	30	21	16	36	22	23	62	24	11	34	38	47	41	22	21	8	32	14	41	21	14	40	56	35	38	17	27	51	45	24	7	53	14	9	24	44	30	50	41	20	61	12	30	37	25	50	53	20	52	24	35	40	23	38	54	54	46	35	51	18	48	49	22	38	44	52	29	32	16	43	30	54	55	30	20	48	17	52	34	52	34	43	52	55	0	47	16	14	13	38	45	17	49	11	32	29	42	19	42	31	23	44	
72	29	37	47	7	48	10	25	31	21	32	15	14	11	44	47	51	55	39	27	7	55	35	25	46	24	39	12	20	44	26	18	24	20	28	46	49	41	24	5	58	31	7	12	40	41	53	13	10	46	67	53	13	46	36	19	22	43	50	32	45	16	46	62	39	17	43	41	60	41	42	48	24	19	48	33	18	4	44	43	43	39	54	45	51	37	36	45	35	17	54	22	41	51	54	45	37	17	48	13	8	53	31	8	14	11	19	18	35	3	26	25	53	29	9	43	18	51	44	20	20	49	38	45	5	40	17	42	24	30	50	25	47	47	0	55	57	58	42	12	50	29	43	23	18	32	57	19	33	33	26	
20	51	49	20	53	38	60	33	53	69	23	65	66	60	62	36	12	21	62	65	51	19	22	80	15	47	17	65	76	37	32	65	53	75	28	55	65	54	53	50	5	37	60	60	45	36	59	67	49	46	15	31	43	39	39	73	35	27	50	54	63	54	14	6	24	39	12	36	5	30	56	50	37	51	8	43	64	53	40	14	48	16	9	40	61	26	47	34	21	72	5	34	31	41	67	48	20	65	40	46	48	38	54	64	66	51	39	63	34	56	63	34	54	59	58	46	38	32	37	36	67	48	25	36	58	15	56	50	54	50	34	54	49	16	55	0	26	22	32	56	6	48	12	46	39	58	3	45	29	39	58	
24	38	33	11	58	60	57	45	68	62	32	70	70	66	44	57	36	5	45	54	50	7	37	80	37	60	26	63	76	18	43	59	65	77	39	35	45	36	65	53	22	27	58	56	28	19	37	70	55	26	21	7	48	18	25	70	34	13	29	40	44	48	35	27	18	44	28	56	29	16	38	70	49	44	30	30	57	56	21	21	67	28	16	20	40	44	64	55	34	69	21	43	51	18	46	68	34	59	19	44	52	15	40	63	62	58	48	57	22	59	53	31	32	47	63	27	44	9	57	42	60	69	44	17	57	31	65	32	66	37	57	66	69	14	57	26	0	5	52	52	29	63	25	38	38	44	29	55	45	26	48	
19	42	37	11	59	57	59	44	67	66	31	72	72	67	48	55	33	3	50	58	52	4	36	82	34	59	25	65	78	22	42	62	64	79	38	40	50	41	64	54	17	30	60	59	32	23	42	71	56	31	16	12	49	23	28	72	36	16	34	44	49	50	32	23	19	44	26	53	24	19	42	68	48	47	27	33	60	57	25	20	65	27	13	25	45	42	63	52	33	72	17	43	49	23	51	66	33	62	24	46	53	20	44	65	65	58	48	60	25	60	56	33	37	51	64	31	45	14	55	43	63	66	42	21	60	29	65	36	66	41	54	65	67	13	58	22	5	0	50	55	25	62	23	41	40	48	24	55	44	30	51	
52	55	58	42	36	8	51	17	23	62	24	44	46	40	71	6	20	47	68	63	41	46	15	64	17	21	26	54	60	54	18	58	26	57	19	68	75	64	26	37	37	44	49	52	57	51	73	48	32	61	47	54	29	56	50	61	34	45	66	59	72	50	18	36	38	27	23	4	33	46	66	18	18	50	24	51	57	38	56	31	16	24	38	56	74	8	16	3	19	59	35	22	1	60	79	16	18	57	58	40	34	59	58	50	56	32	23	57	45	41	61	37	70	61	39	59	25	54	5	25	60	16	8	53	47	21	33	62	28	55	8	27	17	38	42	32	52	50	0	49	26	19	27	47	36	62	31	23	10	48	59	
71	19	27	44	19	57	4	32	43	13	34	25	24	23	32	55	55	51	27	15	8	52	40	28	50	35	39	11	24	37	32	9	36	26	33	36	37	31	36	14	58	25	7	4	30	34	42	22	20	36	66	47	20	39	29	17	21	39	40	21	33	5	49	63	36	22	45	49	61	36	31	58	32	9	51	24	8	15	36	42	54	41	53	37	40	44	47	53	38	17	54	28	48	43	43	55	40	8	40	10	17	45	20	13	9	22	26	8	30	15	14	23	43	17	21	33	24	45	52	25	11	59	45	38	8	43	29	32	36	20	58	36	58	45	12	56	52	55	49	0	52	40	44	14	17	20	59	29	40	26	14	
26	49	48	21	48	32	56	27	46	65	18	60	60	55	61	30	7	24	60	62	46	22	16	75	9	41	13	61	71	38	26	61	47	70	22	55	64	53	47	45	11	35	55	56	44	36	59	61	43	47	21	33	37	39	38	68	32	28	51	52	62	50	8	12	22	33	7	30	9	30	55	44	31	48	2	41	60	48	40	12	42	11	13	41	61	19	41	28	15	67	9	29	25	42	67	42	14	61	41	42	43	40	52	59	61	45	33	60	32	51	60	31	55	57	53	45	32	34	31	30	63	42	19	37	54	10	50	50	48	48	28	47	43	17	50	6	29	25	26	52	0	42	9	43	35	56	7	39	23	37	56	
68	52	57	52	22	22	40	18	5	51	31	27	29	24	68	21	38	59	65	56	32	58	26	47	34	5	37	40	44	58	20	47	7	40	24	68	74	64	7	26	52	46	37	41	58	55	74	32	19	63	63	62	21	61	52	46	34	52	68	56	70	42	34	54	45	23	37	16	51	52	65	18	14	44	39	51	47	25	59	42	14	35	52	60	74	22	7	21	29	44	50	20	19	65	78	16	29	46	63	34	23	65	55	36	43	18	17	47	48	27	54	38	72	55	23	61	21	61	18	22	50	20	22	58	34	33	15	62	8	52	25	7	18	49	29	48	63	62	19	40	42	0	39	44	33	58	48	11	18	49	53	
30	40	39	15	41	34	47	22	44	57	11	54	54	49	52	32	14	20	51	53	38	19	13	68	12	37	4	53	64	30	21	53	43	63	17	47	56	45	43	38	14	26	47	48	36	28	51	55	37	38	24	27	31	32	29	60	23	20	43	43	54	41	11	18	14	26	3	30	17	22	47	45	26	39	8	32	51	41	32	4	42	4	12	33	53	19	40	30	10	59	11	23	25	35	59	42	10	52	34	34	36	33	43	51	53	40	28	51	24	44	51	22	47	48	46	37	26	27	32	24	54	43	19	29	46	6	45	41	44	39	32	44	44	11	43	12	25	23	27	44	9	39	0	34	27	47	14	34	21	28	47	
58	8	14	31	27	55	19	30	48	25	26	38	37	34	24	53	47	37	21	19	16	38	34	42	43	39	30	25	38	22	29	21	42	41	28	24	29	20	42	21	46	10	21	18	17	20	31	35	26	23	53	33	23	24	14	32	12	24	27	12	26	10	42	51	23	21	36	48	51	21	21	60	31	6	42	10	19	24	21	31	55	32	41	22	30	39	49	51	31	31	43	25	46	29	34	57	33	21	25	10	22	31	11	27	24	29	27	19	15	26	17	12	30	14	32	20	23	31	51	22	22	60	40	23	21	35	37	19	42	8	55	42	59	32	23	46	38	41	47	14	43	44	34	0	11	14	48	33	37	11	13	
55	19	24	29	20	44	20	18	37	30	17	32	31	27	36	42	38	36	32	28	12	37	24	42	34	28	22	26	38	28	17	25	31	38	17	34	41	30	31	14	41	14	20	21	25	25	41	31	18	31	49	35	12	30	20	33	4	25	36	23	37	15	33	46	20	10	28	37	44	23	32	48	20	14	34	18	24	17	28	26	44	24	37	29	41	29	38	39	22	32	37	14	34	35	45	46	24	25	32	6	14	36	22	25	26	21	16	24	18	20	26	7	39	25	25	28	12	33	40	11	27	49	30	28	19	26	29	29	32	19	44	32	48	29	18	39	38	40	36	17	35	33	27	11	0	26	42	22	26	17	23	
67	7	11	40	38	70	24	44	61	23	40	46	45	44	11	68	60	45	7	11	26	46	48	45	57	53	43	30	42	26	43	21	55	46	42	16	17	11	55	33	57	21	27	23	16	24	22	42	39	20	62	37	36	26	19	33	27	32	22	4	13	16	56	63	34	35	49	63	63	29	11	74	46	13	55	15	20	35	23	44	70	45	51	24	20	54	63	65	45	34	54	40	60	29	22	71	47	22	26	23	35	32	4	33	27	41	41	19	24	35	10	25	24	4	42	18	37	35	66	37	20	75	55	26	29	48	49	14	55	8	70	55	74	42	32	58	44	48	62	20	56	58	47	14	26	0	61	46	51	19	7	
21	54	52	23	55	37	62	34	53	72	25	67	67	62	65	35	11	24	65	68	53	22	23	82	14	48	19	68	78	40	33	68	53	77	29	58	68	57	53	52	7	40	62	63	48	40	62	68	50	50	16	34	44	42	42	75	38	31	54	57	66	56	14	5	27	40	14	35	2	33	59	49	38	54	9	46	66	55	43	17	47	18	12	43	64	26	47	33	22	74	8	36	30	44	70	47	21	67	44	48	50	42	57	66	68	53	41	66	37	58	66	37	57	62	60	49	39	35	36	37	69	47	26	39	60	17	57	53	55	53	33	54	48	19	57	3	29	24	31	59	7	48	14	48	42	61	0	46	30	42	61	
64	41	47	44	13	29	29	11	15	40	24	21	23	17	57	28	37	51	53	44	21	51	22	40	32	6	31	31	36	49	13	37	10	34	17	57	62	53	10	15	48	35	26	31	47	46	63	25	9	53	59	54	10	51	42	38	24	44	58	44	59	31	32	51	37	12	32	22	49	43	54	29	7	33	37	40	36	15	49	36	24	29	47	50	63	21	17	26	24	36	45	12	22	56	67	26	25	36	53	23	12	56	44	27	33	9	7	37	38	18	43	27	62	44	15	50	11	53	25	13	39	30	22	48	24	29	11	51	11	41	31	11	28	42	19	45	55	55	23	29	39	11	34	33	22	46	46	0	17	39	41	
49	45	48	34	28	18	42	8	23	53	14	39	40	34	61	16	20	41	58	53	32	40	8	57	15	18	19	45	53	44	8	49	23	50	9	58	65	54	23	28	33	34	40	43	47	42	63	42	24	51	44	46	20	47	40	52	24	37	56	48	62	40	15	35	29	18	18	12	32	37	56	25	9	40	21	41	48	29	46	24	22	17	33	47	64	4	19	13	11	50	31	12	8	51	69	23	11	48	49	30	25	50	48	41	47	25	14	48	35	33	51	27	61	51	32	49	16	45	14	15	51	25	5	44	38	15	28	52	25	44	18	24	25	31	33	29	45	44	10	40	23	18	21	37	26	51	30	17	0	38	49	
48	12	10	21	37	56	30	33	54	36	24	48	47	44	24	54	42	26	23	28	26	28	33	54	39	45	25	37	50	11	31	32	49	52	29	19	28	17	49	31	38	3	32	30	9	8	25	46	35	14	43	21	29	13	3	43	15	13	19	15	25	21	38	44	15	26	31	50	44	10	18	63	35	17	36	4	31	34	11	25	59	27	32	12	26	39	53	51	29	43	35	29	46	18	31	60	31	32	15	20	31	19	15	38	36	38	32	30	5	36	26	11	23	21	42	11	28	19	53	26	33	63	40	11	32	31	46	14	49	11	55	50	62	23	33	39	26	30	48	26	37	49	28	11	17	19	42	39	38	0	21	
69	9	16	42	33	67	17	41	56	16	39	40	38	37	18	65	60	48	13	6	21	49	46	38	56	48	43	23	35	30	40	14	49	39	40	23	23	18	49	27	58	22	20	16	21	28	29	35	33	26	65	41	32	31	23	26	25	35	28	8	19	10	55	64	35	31	49	59	63	32	18	70	42	8	55	18	13	29	28	44	66	45	53	29	27	52	59	62	44	27	55	37	57	35	28	67	46	15	32	18	29	37	8	26	20	36	37	12	26	29	5	25	30	3	36	23	34	39	63	34	13	71	53	31	22	48	43	20	49	10	67	50	69	44	26	58	48	51	59	14	56	53	47	13	23	7	61	41	49	21	0	

