4  100
19	18	19	39	6	79	28	53	95	68	43	3	24	44	25	54	12	73	43	35	16	75	14	20	76	5	9	38	40	81	35	32	33	92	76	50	71	75	24	58	67	1	80	60	40	66	44	34	75	25	84	43	38	55	97	52	98	93	61	3	70	44	84	65	11	85	43	35	91	67	37	95	85	61	29	94	87	19	9	68	4	9	56	76	27	8	26	46	43	92	39	17	76	16	6	84	20	23	61	2	
70	74	34	92	95	41	40	81	58	47	8	14	44	4	45	4	94	31	37	16	89	95	86	72	7	69	9	86	90	40	59	87	25	70	22	53	6	36	52	26	61	49	72	11	11	95	25	29	63	74	6	57	77	99	40	86	31	27	44	48	17	70	56	53	88	79	47	61	93	43	96	65	20	77	69	71	84	67	62	78	76	39	53	42	18	4	24	8	30	69	100	25	66	50	65	92	9	82	98	78	
99	64	94	58	77	35	11	90	8	10	12	7	89	81	34	20	84	12	56	13	2	27	9	48	62	23	87	26	51	10	3	43	29	5	56	95	86	82	48	39	94	17	22	1	74	10	49	20	15	30	43	5	60	85	42	28	100	33	14	2	95	48	31	74	57	71	85	93	19	28	73	66	18	84	30	72	19	86	36	48	18	66	82	16	34	80	11	53	39	26	28	96	35	36	92	66	20	74	75	100	
63	39	18	100	22	10	64	60	27	26	77	90	62	33	61	5	68	3	69	91	4	53	4	14	84	64	37	92	23	27	8	88	21	30	57	47	15	97	42	35	17	97	92	8	84	46	61	62	22	98	9	86	86	69	5	88	68	77	56	6	34	48	59	61	10	72	1	89	68	49	73	92	24	20	42	43	86	24	49	2	73	63	66	61	40	29	87	79	29	73	81	36	89	57	94	49	64	90	7	91	
1083	3773	2956	2893	4860	3498	1492	746	1846	4362	4330	3528	612	2319	703	869	4360	4669	4639	3806	1298	138	4231	4530	4344	3782	3312	502	1675	2954	3459	4494	3953	4388	4458	4208	235	3704	4821	966	3439	3117	1258	1985	2322	2623	3371	1691	861	1323	3058	4802	1580	3481	3995	2863	4795	1615	1196	1528	4112	519	1159	363	620	66	2289	2661	1268	679	1372	1612	4071	3794	245	504	4939	1880	4164	3393	4016	4600	881	4230	1780	1624	1031	4937	2387	2735	134	1300	4600	1275	2216	1838	2756	1587	4960	3663	
0	41	61	41	4	74	54	40	45	24	19	43	38	82	49	57	32	29	70	74	47	74	62	42	44	51	73	35	45	62	48	57	61	13	59	15	72	55	40	66	88	47	50	66	6	48	62	36	76	60	26	46	40	52	66	57	33	83	72	96	29	63	62	29	48	48	33	70	42	65	64	50	39	24	69	50	24	91	67	30	64	80	43	77	70	40	43	85	32	18	80	61	39	90	70	26	78	27	71	52	7	
41	0	55	18	37	59	25	6	48	37	33	6	4	45	13	15	36	12	30	33	12	59	26	32	27	20	58	11	16	61	54	55	20	31	18	32	41	15	16	65	53	37	36	57	35	23	62	5	40	23	15	19	6	41	55	50	14	47	54	63	36	46	49	12	26	43	13	55	17	28	29	12	10	19	60	11	26	59	68	14	51	56	7	56	29	4	6	51	24	23	47	20	20	59	48	23	57	22	34	15	34	
61	55	0	37	60	15	36	60	17	37	42	50	58	55	46	60	29	56	79	66	45	15	46	23	28	39	16	62	40	8	18	5	58	50	63	47	40	53	39	11	54	18	18	6	58	33	10	56	50	46	53	37	60	14	8	5	43	52	18	55	32	16	9	52	30	14	44	13	38	48	45	49	64	47	8	65	41	50	15	46	10	31	49	25	62	59	62	50	35	57	45	65	34	48	24	41	27	40	51	47	60	
41	18	37	0	38	42	13	23	30	26	25	13	21	42	12	26	21	21	45	39	10	42	23	14	8	10	41	26	6	43	37	37	27	27	29	26	31	20	2	47	47	19	18	38	35	8	44	19	35	20	19	5	23	22	37	31	8	42	38	55	23	29	32	18	9	24	9	38	2	25	24	15	27	17	42	29	17	50	50	13	33	42	12	40	35	21	25	44	11	27	39	31	3	49	32	15	41	13	31	15	36	
4	37	60	38	0	72	51	36	45	24	18	39	34	79	45	53	31	25	66	70	43	72	59	40	41	48	72	31	42	62	48	57	57	11	55	13	70	51	37	66	85	45	48	65	2	46	62	32	73	56	22	43	36	51	65	56	30	80	70	93	28	61	61	25	45	47	30	68	39	61	61	47	35	21	68	46	21	88	67	26	63	78	40	75	66	36	39	82	29	14	77	57	36	87	68	23	76	25	68	48	3	
74	59	15	42	72	0	35	65	31	50	54	53	62	46	47	60	41	63	77	61	48	0	43	32	34	40	1	68	43	22	34	21	57	61	63	59	32	52	44	23	42	26	25	9	70	35	24	61	42	44	61	40	65	21	7	17	50	42	6	42	45	13	11	60	33	25	51	4	42	44	41	50	69	56	9	68	51	37	27	54	9	18	52	11	58	63	65	38	44	66	34	64	41	35	14	50	13	49	46	47	71	
54	25	36	13	51	35	0	31	36	37	38	19	29	29	12	25	31	32	43	31	13	35	12	21	14	5	34	35	9	43	42	38	22	41	27	40	18	17	14	47	34	22	18	35	48	6	45	28	22	10	32	7	31	22	33	31	21	29	30	41	33	22	28	29	9	27	22	32	12	14	12	14	35	30	38	32	31	37	51	25	29	31	18	31	27	29	31	31	23	40	26	29	15	36	23	28	32	27	20	12	49	
40	6	60	23	36	65	31	0	52	39	35	12	2	50	19	18	39	11	30	36	18	65	31	37	32	26	64	6	22	66	58	60	24	31	20	32	46	20	21	70	59	42	42	62	34	29	67	5	45	29	15	25	0	46	60	55	18	52	60	68	39	51	55	12	32	48	17	61	23	33	34	18	4	20	65	10	28	64	73	17	57	62	13	62	32	2	3	57	28	22	53	21	25	64	54	26	63	25	39	20	33	
45	48	17	30	45	31	36	52	0	21	27	44	49	62	42	57	14	45	76	67	41	31	48	16	23	37	31	52	35	17	6	12	57	35	60	32	47	50	32	21	63	14	18	23	43	31	17	47	56	46	41	33	52	16	24	14	34	60	32	66	17	26	21	42	27	9	34	28	32	50	47	46	55	35	25	59	27	61	22	36	23	44	43	38	63	50	54	59	24	43	53	62	27	59	34	28	41	28	55	44	45	
24	37	37	26	24	50	37	39	21	0	6	35	37	67	38	50	8	30	68	65	36	50	49	19	24	36	49	37	32	38	24	33	53	14	53	11	54	46	27	42	71	24	27	42	22	31	38	34	60	46	25	31	39	29	42	32	23	66	49	77	5	40	38	27	29	24	23	46	28	51	49	41	41	19	44	48	11	71	43	22	40	58	35	54	61	38	42	67	15	24	62	55	23	70	48	13	56	14	57	41	24	
19	33	42	25	18	54	38	35	27	6	0	33	32	67	36	48	13	25	64	63	34	54	48	23	26	36	54	32	31	44	30	39	51	8	51	5	56	44	25	48	72	28	31	47	16	32	44	30	61	46	20	31	35	33	47	38	21	67	53	79	10	44	43	22	30	29	21	50	27	50	49	39	36	14	50	44	8	73	49	19	45	62	33	57	59	34	38	69	14	18	63	53	23	73	51	11	59	12	57	39	18	
43	6	50	13	39	53	19	12	44	35	33	0	10	41	7	15	33	15	32	31	6	53	21	28	22	14	52	16	10	56	50	50	18	31	18	32	35	12	11	60	48	32	31	51	37	17	57	9	35	18	17	13	12	35	49	44	12	42	48	57	33	40	44	14	20	38	12	50	12	23	23	7	16	19	54	15	25	53	64	14	45	50	1	50	27	10	12	46	21	26	42	20	16	53	42	22	51	21	29	10	37	
38	4	58	21	34	62	29	2	49	37	32	10	0	50	17	18	36	9	32	36	16	62	30	34	30	24	61	6	20	63	55	57	24	29	21	30	45	19	18	68	58	40	39	60	32	27	64	2	44	28	13	23	2	44	58	52	15	52	58	67	36	49	53	10	29	45	14	59	20	32	33	17	6	18	63	12	25	63	71	14	54	60	11	60	33	2	5	56	25	20	52	23	23	63	52	23	61	23	38	19	31	
82	45	55	42	79	46	29	50	62	67	67	41	50	0	33	34	60	56	43	22	36	46	19	49	42	31	45	56	36	63	68	59	27	69	34	68	15	30	42	66	10	48	44	51	76	35	65	50	6	22	58	36	50	46	48	52	48	4	40	20	62	39	46	55	37	53	49	45	40	17	18	33	54	58	53	45	59	18	70	52	45	30	40	36	22	48	48	10	52	66	12	33	44	19	32	57	35	55	11	31	77	
49	13	46	12	45	47	12	19	42	38	36	7	17	33	0	15	33	22	33	27	2	47	14	26	19	7	46	24	6	53	49	47	15	36	18	36	27	8	11	57	41	29	27	46	43	12	54	17	28	11	24	9	19	31	44	41	15	35	42	50	35	34	39	21	16	35	16	44	10	16	16	3	23	24	49	20	28	46	60	19	40	43	6	43	23	17	19	39	23	32	34	19	15	46	35	25	44	24	22	3	43	
57	15	60	26	53	60	25	18	57	50	48	15	18	34	15	0	47	27	18	18	16	60	19	41	34	21	59	24	21	67	64	62	6	46	3	47	35	8	25	72	43	44	42	60	50	27	69	20	30	17	30	24	18	46	58	55	27	37	55	53	48	48	53	27	31	50	27	57	25	20	22	11	21	34	63	11	40	50	75	29	54	52	15	54	14	17	15	42	36	38	40	5	29	51	47	37	55	36	23	13	50	
32	36	29	21	31	41	31	39	14	8	13	33	36	60	33	47	0	31	65	60	32	41	43	11	17	31	41	39	27	31	19	26	49	21	50	18	47	41	22	35	63	15	19	34	29	25	31	34	53	41	27	26	39	20	34	24	21	59	40	69	3	32	29	28	22	15	22	37	23	45	43	37	41	21	36	47	13	63	37	22	32	50	32	45	56	38	42	59	11	29	54	52	18	62	39	14	47	14	51	36	31	
29	12	56	21	25	63	32	11	45	30	25	15	9	56	22	27	31	0	41	45	20	63	36	32	29	27	62	7	22	60	51	54	32	20	30	22	50	27	19	65	64	38	38	58	23	28	61	7	51	34	4	25	11	42	57	50	13	58	59	72	30	50	52	3	30	42	12	59	21	38	39	23	11	10	61	21	19	68	67	9	54	63	16	61	41	11	14	61	21	11	57	32	22	68	53	17	62	17	45	25	22	
70	30	79	45	66	77	43	30	76	68	64	32	32	43	33	18	65	41	0	21	34	77	34	59	53	39	76	35	40	86	82	80	20	61	15	62	49	26	43	90	53	63	60	78	64	46	87	34	41	33	45	42	30	65	76	74	44	47	71	63	66	65	71	42	49	69	44	75	43	34	37	30	31	49	81	20	57	61	94	45	72	67	33	70	21	30	27	53	54	52	52	14	48	62	63	54	70	53	35	31	63	
74	33	66	39	70	61	31	36	67	65	63	31	36	22	27	18	60	45	21	0	29	61	19	51	44	29	60	42	33	73	73	68	12	62	16	63	30	19	38	77	32	53	49	64	68	36	75	38	21	20	48	34	36	53	61	61	42	26	55	42	62	50	57	44	39	58	42	59	37	18	20	24	39	50	66	28	55	40	81	45	57	48	30	52	4	34	33	32	50	56	31	14	42	41	46	52	52	51	15	24	67	
47	12	45	10	43	48	13	18	41	36	34	6	16	36	2	16	32	20	34	29	0	48	16	25	18	8	46	22	5	52	48	46	17	34	19	34	29	10	9	56	43	29	27	46	40	12	53	15	30	13	21	8	18	31	44	40	13	37	42	52	33	34	39	19	15	34	13	44	8	18	18	5	22	22	49	20	26	47	60	17	40	44	5	44	25	16	18	41	21	30	36	21	13	47	36	23	45	22	25	5	41	
74	59	15	42	72	0	35	65	31	50	54	53	62	46	47	60	41	63	77	61	48	0	43	32	34	40	1	68	43	22	34	21	57	61	63	59	32	52	44	23	42	26	25	9	70	35	24	61	42	44	61	40	65	21	7	17	50	42	6	42	45	13	11	60	33	25	51	4	42	44	41	50	69	56	9	68	51	37	27	54	9	18	52	11	58	63	65	38	44	66	34	64	41	35	14	50	13	49	46	47	71	
62	26	46	23	59	43	12	31	48	49	48	21	30	19	14	19	43	36	34	19	16	43	0	33	26	12	42	37	17	54	54	49	13	50	20	49	16	12	22	58	27	34	30	45	56	18	56	31	14	2	38	17	31	34	42	42	29	21	37	36	45	31	38	35	21	39	29	41	21	2	3	13	35	38	48	29	40	32	62	33	38	33	20	36	15	29	30	25	34	46	21	21	25	33	29	38	36	36	8	11	57	
42	32	23	14	40	32	21	37	16	19	23	28	34	49	26	41	11	32	59	51	25	32	33	0	7	21	32	39	19	28	22	22	41	29	44	26	35	34	16	33	52	6	8	27	37	15	29	33	42	31	29	17	37	11	26	18	19	48	30	57	15	21	21	29	12	10	20	28	16	35	33	30	40	24	30	43	18	52	36	22	23	39	27	34	47	36	39	48	12	34	42	46	12	51	28	18	36	17	41	28	39	
44	27	28	8	41	34	14	32	23	24	26	22	30	42	19	34	17	29	53	44	18	34	26	7	0	14	33	34	12	34	29	28	34	30	37	29	30	27	11	38	46	10	9	30	39	8	35	28	36	24	27	10	32	13	28	22	16	42	30	52	20	21	23	26	5	16	17	30	10	28	26	23	36	22	33	37	20	47	41	20	25	36	21	33	40	30	34	43	12	33	37	39	7	46	26	18	35	17	34	21	40	
51	20	39	10	48	40	5	26	37	36	36	14	24	31	7	21	31	27	39	29	8	40	12	21	14	0	39	30	5	46	44	41	19	38	24	37	22	13	10	50	37	24	21	39	45	6	48	23	25	10	28	5	26	25	37	34	17	32	35	45	33	27	32	25	10	30	18	37	8	14	13	10	30	26	42	27	28	41	54	21	33	36	13	36	25	24	26	34	21	36	30	25	13	40	28	25	37	24	21	7	46	
73	58	16	41	72	1	34	64	31	49	54	52	61	45	46	59	41	62	76	60	46	1	42	32	33	39	0	67	41	22	34	21	55	61	61	58	30	51	43	24	41	26	24	9	69	34	24	60	41	42	60	38	64	20	7	17	49	41	5	41	44	12	11	59	32	25	50	3	41	42	39	49	67	55	10	66	50	36	28	53	8	17	51	10	57	62	64	37	43	65	33	62	40	34	13	50	12	48	44	46	71	
35	11	62	26	31	68	35	6	52	37	32	16	6	56	24	24	39	7	35	42	22	68	37	39	34	30	67	0	26	67	58	61	30	27	26	29	52	26	24	72	65	44	44	65	29	33	68	7	51	34	12	29	6	48	63	57	19	58	64	74	38	55	58	10	35	49	18	64	26	39	40	23	4	18	68	15	26	70	74	16	60	66	17	66	39	7	8	63	28	17	59	28	27	70	58	24	67	24	45	26	28	
45	16	40	6	42	43	9	22	35	32	31	10	20	36	6	21	27	22	40	33	5	43	17	19	12	5	41	26	0	46	42	41	21	32	24	32	28	14	5	51	43	23	21	41	39	7	48	19	30	14	22	3	22	25	39	35	12	37	38	51	29	29	34	20	10	29	12	39	4	19	18	10	26	21	44	25	23	46	54	16	35	40	9	40	29	20	22	40	17	30	35	26	9	46	32	20	41	19	26	9	40	
62	61	8	43	62	22	43	66	17	38	44	56	63	63	53	67	31	60	86	73	52	22	54	28	34	46	22	67	46	0	15	5	66	52	70	49	48	60	45	4	62	23	25	13	60	40	2	61	58	54	57	43	66	21	16	12	48	61	26	63	34	24	17	57	36	18	49	20	44	55	53	56	69	51	13	72	43	58	7	51	18	39	55	32	70	64	67	58	39	60	53	72	40	56	32	44	34	43	60	54	62	
48	54	18	37	48	34	42	58	6	24	30	50	55	68	49	64	19	51	82	73	48	34	54	22	29	44	34	58	42	15	0	12	63	39	67	35	53	57	39	18	68	20	24	24	46	37	14	53	62	53	47	40	58	22	26	17	40	66	36	71	21	31	25	48	34	15	41	31	39	56	54	52	61	40	26	65	32	66	19	42	26	48	50	42	69	57	60	64	30	48	59	68	34	64	39	34	44	33	61	51	48	
57	55	5	37	57	21	38	60	12	33	39	50	57	59	47	62	26	54	80	68	46	21	49	22	28	41	21	61	41	5	12	0	60	47	65	44	44	54	39	10	59	17	19	12	55	34	7	55	54	48	51	38	60	15	14	7	42	57	24	60	29	21	14	51	31	12	43	18	38	50	48	50	63	45	13	66	38	55	13	45	15	37	49	30	65	58	62	55	33	54	50	66	34	53	29	39	32	38	55	48	57	
61	20	58	27	57	57	22	24	57	53	51	18	24	27	15	6	49	32	20	12	17	57	13	41	34	19	55	30	21	66	63	60	0	50	7	50	29	7	26	70	37	43	41	58	55	26	67	25	24	13	35	23	24	45	55	54	30	31	51	47	50	44	50	32	30	49	30	54	25	14	16	12	27	37	60	17	43	44	74	32	51	47	18	50	8	22	21	36	38	43	34	7	30	45	42	40	50	39	17	12	55	
13	31	50	27	11	61	41	31	35	14	8	31	29	69	36	46	21	20	61	62	34	61	50	29	30	38	61	27	32	52	39	47	50	0	49	3	59	43	27	56	75	34	37	54	8	35	52	27	63	47	16	33	31	40	54	45	21	70	59	82	18	50	50	19	34	36	20	57	29	52	51	38	31	12	57	41	10	77	57	17	52	67	32	63	58	31	34	72	18	11	67	51	26	77	56	12	65	14	59	39	10	
59	18	63	29	55	63	27	20	60	53	51	18	21	34	18	3	50	30	15	16	19	63	20	44	37	24	61	26	24	70	67	65	7	49	0	50	36	10	28	74	44	47	45	63	53	30	72	22	31	19	33	27	20	49	60	58	30	37	57	54	51	50	56	30	34	53	30	60	28	21	23	14	23	37	66	12	43	51	78	32	57	54	18	56	13	19	17	43	39	41	41	2	33	52	49	40	56	39	24	16	52	
15	32	47	26	13	59	40	32	32	11	5	32	30	68	36	47	18	22	62	63	34	59	49	26	29	37	58	29	32	49	35	44	50	3	50	0	58	43	26	53	74	32	34	52	11	34	49	28	62	47	17	32	32	37	51	42	20	69	57	81	15	48	47	20	33	33	20	55	28	51	51	39	33	13	54	42	9	76	54	18	49	65	32	61	59	32	35	71	16	14	66	52	25	75	54	11	63	13	58	39	13	
72	41	40	31	70	32	18	46	47	54	56	35	45	15	27	35	47	50	49	30	29	32	16	35	30	22	30	52	28	48	53	44	29	59	36	58	0	28	32	51	16	33	29	36	67	24	50	45	10	18	50	26	46	31	33	37	39	13	25	23	50	23	31	48	25	38	40	30	30	15	13	28	50	48	38	45	49	18	55	44	30	18	34	22	28	44	46	13	41	58	7	36	33	18	17	46	22	45	14	25	67	
55	15	53	20	51	52	17	20	50	46	44	12	19	30	8	8	41	27	26	19	10	52	12	34	27	13	51	26	14	60	57	54	7	43	10	43	28	0	19	64	38	37	34	52	49	20	61	20	25	10	29	17	20	38	50	48	23	32	47	48	43	39	45	26	23	43	23	49	18	13	15	5	24	31	55	17	36	44	68	25	46	45	11	46	15	18	18	37	31	38	33	12	23	45	39	33	47	32	18	5	49	
40	16	39	2	37	44	14	21	32	27	25	11	18	42	11	25	22	19	43	38	9	44	22	16	11	10	43	24	5	45	39	39	26	27	28	26	32	19	0	49	48	21	20	41	34	9	46	17	36	20	18	6	21	25	39	34	7	42	40	55	24	31	34	16	11	27	8	40	2	25	24	14	25	16	44	26	18	51	52	11	35	43	10	42	34	19	22	45	12	26	40	30	5	50	34	15	43	13	31	14	35	
66	65	11	47	66	23	47	70	21	42	48	60	68	66	57	72	35	65	90	77	56	23	58	33	38	50	24	72	51	4	18	10	70	56	74	53	51	64	49	0	64	28	29	15	64	44	4	66	61	58	61	48	70	25	18	16	52	63	28	65	38	27	20	61	41	22	53	22	48	59	56	60	73	55	14	76	48	60	4	55	20	41	60	34	74	69	72	60	44	64	56	76	44	58	34	49	36	48	63	58	66	
88	53	54	47	85	42	34	59	63	71	72	48	58	10	41	43	63	64	53	32	43	42	27	52	46	37	41	65	43	62	68	59	37	75	44	74	16	38	48	64	0	50	45	49	82	40	64	58	13	30	65	41	59	46	46	52	55	6	36	10	66	38	45	62	41	54	55	42	46	25	25	41	63	64	50	55	65	8	68	59	44	25	48	31	32	57	57	4	57	73	9	43	49	10	30	62	30	61	20	38	83	
47	37	18	19	45	26	22	42	14	24	28	32	40	48	29	44	15	38	63	53	29	26	34	6	10	24	26	44	23	23	20	17	43	34	47	32	33	37	21	28	50	0	4	21	43	17	24	38	42	32	35	20	42	5	20	12	25	46	25	54	19	16	15	34	13	5	26	22	20	35	33	33	46	30	24	48	24	49	31	28	17	34	32	30	49	41	44	46	18	40	40	49	17	47	24	24	32	23	41	31	44	
50	36	18	18	48	25	18	42	18	27	31	31	39	44	27	42	19	38	60	49	27	25	30	8	9	21	24	44	21	25	24	19	41	37	45	34	29	34	20	29	45	4	0	20	45	14	26	37	38	29	36	18	42	4	19	13	25	42	22	50	22	13	14	35	11	9	26	21	19	32	29	31	45	31	23	46	26	45	33	29	16	31	30	26	46	40	43	42	19	41	36	46	16	43	20	25	28	24	37	29	47	
66	57	6	38	65	9	35	62	23	42	47	51	60	51	46	60	34	58	78	64	46	9	45	27	30	39	9	65	41	13	24	12	58	54	63	52	36	52	41	15	49	21	20	0	63	34	15	58	47	45	56	38	62	16	3	9	45	48	13	50	37	13	7	55	30	18	46	7	39	46	43	49	66	51	3	66	45	45	19	49	6	26	50	19	61	60	63	45	39	61	41	64	37	43	19	45	21	44	49	47	65	
6	35	58	35	2	70	48	34	43	22	16	37	32	76	43	50	29	23	64	68	40	70	56	37	39	45	69	29	39	60	46	55	55	8	53	11	67	49	34	64	82	43	45	63	0	43	60	30	70	54	19	41	34	48	63	53	27	77	68	90	26	59	58	23	42	44	27	66	36	59	58	44	33	18	66	44	19	85	65	23	60	75	37	72	64	34	37	79	26	12	74	55	34	85	65	20	74	22	65	46	2	
48	23	33	8	46	35	6	29	31	31	32	17	27	35	12	27	25	28	46	36	12	35	18	15	8	6	34	33	7	40	37	34	26	35	30	34	24	20	9	44	40	17	14	34	43	0	41	26	29	16	27	4	29	19	31	28	16	35	31	47	27	22	26	25	3	23	17	32	7	20	18	16	33	25	37	32	25	42	48	21	28	34	16	33	32	27	30	37	17	35	31	32	9	41	25	22	34	21	26	14	44	
62	62	10	44	62	24	45	67	17	38	44	57	64	65	54	69	31	61	87	75	53	24	56	29	35	48	24	68	48	2	14	7	67	52	72	49	50	61	46	4	64	24	26	15	60	41	0	62	60	55	57	45	67	22	18	13	49	62	28	65	34	26	19	58	38	19	50	22	45	57	55	58	70	51	14	73	44	60	6	51	20	41	56	34	72	65	69	60	40	60	55	73	41	58	34	45	36	44	61	55	62	
36	5	56	19	32	61	28	5	47	34	30	9	2	50	17	20	34	7	34	38	15	61	31	33	28	23	60	7	19	61	53	55	25	27	22	28	45	20	17	66	58	38	37	58	30	26	62	0	45	28	11	22	5	42	56	51	13	52	57	67	34	48	51	8	28	43	12	57	19	33	33	17	7	15	61	14	23	63	69	12	53	59	10	59	34	4	7	56	23	18	52	24	21	63	51	21	60	20	39	19	30	
76	40	50	35	73	42	22	45	56	60	61	35	44	6	28	30	53	51	41	21	30	42	14	42	36	25	41	51	30	58	62	54	24	63	31	62	10	25	36	61	13	42	38	47	70	29	60	45	0	17	52	30	45	40	43	47	42	7	36	23	56	33	41	49	31	47	43	41	34	12	12	28	49	52	49	41	53	20	65	46	40	27	34	32	20	43	44	12	46	60	10	31	38	21	27	51	31	49	7	25	71	
60	23	46	20	56	44	10	29	46	46	46	18	28	22	11	17	41	34	33	20	13	44	2	31	24	10	42	34	14	54	53	48	13	47	19	47	18	10	20	58	30	32	29	45	54	16	55	28	17	0	35	15	29	33	42	41	26	24	38	39	43	31	38	32	19	38	26	41	18	5	5	11	33	35	48	27	38	35	61	30	38	35	17	37	16	27	28	28	31	43	24	20	23	35	29	35	37	34	11	8	54	
26	15	53	19	22	61	32	15	41	25	20	17	13	58	24	30	27	4	45	48	21	61	38	29	27	28	60	12	22	57	47	51	35	16	33	17	50	29	18	61	65	35	36	56	19	27	57	11	52	35	0	24	15	40	55	47	11	59	57	73	26	48	50	3	28	39	10	57	20	40	40	25	15	6	59	25	14	69	64	7	52	62	18	60	44	15	18	62	17	8	58	35	20	68	52	13	61	13	46	27	19	
46	19	37	5	43	40	7	25	33	31	31	13	23	36	9	24	26	25	42	34	8	40	17	17	10	5	38	29	3	43	40	38	23	33	27	32	26	17	6	48	41	20	18	38	41	4	45	22	30	15	24	0	25	22	35	32	13	36	35	49	28	26	30	22	7	26	14	36	4	19	18	12	29	22	41	28	23	44	51	18	32	38	12	37	30	23	25	38	16	32	33	28	8	44	29	21	38	19	26	11	41	
40	6	60	23	36	65	31	0	52	39	35	12	2	50	19	18	39	11	30	36	18	65	31	37	32	26	64	6	22	66	58	60	24	31	20	32	46	20	21	70	59	42	42	62	34	29	67	5	45	29	15	25	0	46	60	55	18	52	60	68	39	51	55	12	32	48	17	61	23	33	34	18	4	20	65	10	28	64	73	17	57	62	13	62	32	2	3	57	28	22	53	21	25	64	54	26	63	25	39	20	33	
52	41	14	22	51	21	22	46	16	29	33	35	44	46	31	46	20	42	65	53	31	21	34	11	13	25	20	48	25	21	22	15	45	40	49	37	31	38	25	25	46	5	4	16	48	19	22	42	40	33	40	22	46	0	15	9	29	44	19	50	24	11	10	39	15	7	30	17	23	35	32	35	49	35	19	51	29	45	29	33	12	29	34	24	49	44	47	42	23	45	37	50	20	43	19	29	26	28	40	33	50	
66	55	8	37	65	7	33	60	24	42	47	49	58	48	44	58	34	57	76	61	44	7	42	26	28	37	7	63	39	16	26	14	55	54	60	51	33	50	39	18	46	20	19	3	63	31	18	56	43	42	55	35	60	15	0	10	44	45	10	47	37	10	5	54	28	18	45	4	37	43	40	47	64	50	5	64	44	42	22	48	3	23	48	16	58	58	61	42	38	60	37	62	35	40	16	44	18	43	46	44	64	
57	50	5	31	56	17	31	55	14	32	38	44	52	52	41	55	24	50	74	61	40	17	42	18	22	34	17	57	35	12	17	7	54	45	58	42	37	48	34	16	52	12	13	9	53	28	13	51	47	41	47	32	55	9	10	0	37	50	18	54	28	14	7	47	24	9	38	14	32	43	41	44	58	42	12	60	36	49	20	41	9	31	44	25	58	53	56	48	30	52	43	60	29	47	22	36	27	35	48	42	55	
33	14	43	8	30	50	21	18	34	23	21	12	15	48	15	27	21	13	44	42	13	50	29	19	16	17	49	19	12	48	40	42	30	21	30	20	39	23	7	52	55	25	25	45	27	16	49	13	42	26	11	13	18	29	44	37	0	49	46	63	21	37	39	10	17	29	1	46	9	31	30	18	21	9	49	26	13	58	55	4	41	50	12	49	38	16	20	52	10	18	47	32	9	58	41	10	50	9	38	18	28	
83	47	52	42	80	42	29	52	60	66	67	42	52	4	35	37	59	58	47	26	37	42	21	48	42	32	41	58	37	61	66	57	31	70	37	69	13	32	42	63	6	46	42	48	77	35	62	52	7	24	59	36	52	44	45	50	49	0	36	16	62	36	43	56	37	51	50	42	40	19	19	35	56	58	50	48	60	14	67	53	42	26	42	32	26	51	51	6	52	67	8	37	44	15	29	57	31	56	13	32	77	
72	54	18	38	70	6	30	60	32	49	53	48	58	40	42	55	40	59	71	55	42	6	37	30	30	35	5	64	38	26	36	24	51	59	57	57	25	47	40	28	36	25	22	13	68	31	28	57	36	38	57	35	60	19	10	18	46	36	0	37	44	9	11	56	29	25	47	6	38	37	35	45	64	53	14	62	49	32	32	50	9	13	47	6	52	58	61	32	41	63	28	58	37	30	8	48	8	46	39	42	69	
96	63	55	55	93	42	41	68	66	77	79	57	67	20	50	53	69	72	63	42	52	42	36	57	52	45	41	74	51	63	71	60	47	82	54	81	23	48	55	65	10	54	50	50	90	47	65	67	23	39	73	49	68	50	47	54	63	16	37	0	72	40	46	71	48	57	63	43	53	34	34	50	72	72	51	64	72	5	69	67	45	24	56	31	42	66	67	11	64	81	15	53	56	7	32	70	29	68	30	47	91	
29	36	32	23	28	45	33	39	17	5	10	33	36	62	35	48	3	30	66	62	33	45	45	15	20	33	44	38	29	34	21	29	50	18	51	15	50	43	24	38	66	19	22	37	26	27	34	34	56	43	26	28	39	24	37	28	21	62	44	72	0	35	33	27	25	19	22	41	25	47	45	38	41	19	40	47	11	67	39	22	35	53	33	49	58	38	41	63	12	26	57	53	20	66	43	13	51	13	53	38	28	
63	46	16	29	61	13	22	51	26	40	44	40	49	39	34	48	32	50	65	50	34	13	31	21	21	27	12	55	29	24	31	21	44	50	50	48	23	39	31	27	38	16	13	13	59	22	26	48	33	31	48	26	51	11	10	14	37	36	9	40	35	0	7	47	20	18	38	9	29	32	29	37	55	43	16	54	39	35	31	41	7	18	39	13	47	50	52	34	32	54	29	51	28	33	8	38	15	37	35	34	60	
62	49	9	32	61	11	28	55	21	38	43	44	53	46	39	53	29	52	71	57	39	11	38	21	23	32	11	58	34	17	25	14	50	50	56	47	31	45	34	20	45	15	14	7	58	26	19	51	41	38	50	30	55	10	5	7	39	43	11	46	33	7	0	49	23	14	40	7	32	39	36	42	59	45	10	59	39	41	24	43	2	23	43	17	54	53	56	41	33	55	36	57	30	39	15	39	19	38	42	40	60	
29	12	52	18	25	60	29	12	42	27	22	14	10	55	21	27	28	3	42	44	19	60	35	29	26	25	59	10	20	57	48	51	32	19	30	20	48	26	16	61	62	34	35	55	23	25	58	8	49	32	3	22	12	39	54	47	10	56	56	71	27	47	49	0	27	39	9	56	18	37	37	22	13	8	58	22	16	66	64	6	51	60	15	58	41	12	15	60	17	11	55	32	19	66	50	14	60	14	43	24	22	
48	26	30	9	45	33	9	32	27	29	30	20	29	37	16	31	22	30	49	39	15	33	21	12	5	10	32	35	10	36	34	31	30	34	34	33	25	23	11	41	41	13	11	30	42	3	38	28	31	19	28	7	32	15	28	24	17	37	29	48	25	20	23	27	0	19	18	29	9	23	21	19	35	25	34	35	24	43	44	21	25	33	19	31	35	30	32	38	16	35	33	35	8	42	23	22	32	20	29	17	43	
48	43	14	24	47	25	27	48	9	24	29	38	45	53	35	50	15	42	69	58	34	25	39	10	16	30	25	49	29	18	15	12	49	36	53	33	38	43	27	22	54	5	9	18	44	23	19	43	47	38	39	26	48	7	18	9	29	51	25	57	19	18	14	39	19	0	30	21	26	41	39	39	51	33	21	53	27	52	25	32	16	36	37	31	55	46	49	50	21	43	44	55	22	51	26	27	33	26	46	37	46	
33	13	44	9	30	51	22	17	34	23	21	12	14	49	16	27	22	12	44	42	13	51	29	20	17	18	50	18	12	49	41	43	30	20	30	20	40	23	8	53	55	26	26	46	27	17	50	12	43	26	10	14	17	30	45	38	1	50	47	63	22	38	40	9	18	30	0	47	10	31	31	18	20	8	50	25	13	59	56	3	42	51	12	50	38	16	19	53	10	18	48	32	10	58	42	10	51	9	38	19	27	
70	55	13	38	68	4	32	61	28	46	50	50	59	45	44	57	37	59	75	59	44	4	41	28	30	37	3	64	39	20	31	18	54	57	60	55	30	49	40	22	42	22	21	7	66	32	22	57	41	41	57	36	61	17	4	14	46	42	6	43	41	9	7	56	29	21	47	0	38	41	38	47	65	52	8	64	47	38	26	50	5	19	49	12	56	59	62	38	40	62	34	61	37	36	13	46	14	45	44	44	67	
42	17	38	2	39	42	12	23	32	28	27	12	20	40	10	25	23	21	43	37	8	42	21	16	10	8	41	26	4	44	39	38	25	29	28	28	30	18	2	48	46	20	19	39	36	7	45	19	34	18	20	4	23	23	37	32	9	40	38	53	25	29	32	18	9	26	10	38	0	23	22	13	26	18	42	27	19	49	51	13	34	41	11	40	33	21	24	43	13	28	38	29	5	48	32	17	41	15	30	13	37	
65	28	48	25	61	44	14	33	50	51	50	23	32	17	16	20	45	38	34	18	18	44	2	35	28	14	42	39	19	55	56	50	14	52	21	51	15	13	25	59	25	35	32	46	59	20	57	33	12	5	40	19	33	35	43	43	31	19	37	34	47	32	39	37	23	41	31	41	23	0	2	15	37	40	48	30	43	31	63	35	39	33	22	36	14	31	32	23	36	48	20	21	27	31	29	40	36	39	6	13	59	
64	29	45	24	61	41	12	34	47	49	49	23	33	18	16	22	43	39	37	20	18	41	3	33	26	13	39	40	18	53	54	48	16	51	23	51	13	15	24	56	25	33	29	43	58	18	55	33	12	5	40	18	34	32	40	41	30	19	35	34	45	29	36	37	21	39	31	38	22	2	0	16	38	40	46	32	42	30	60	34	37	31	23	33	17	32	33	22	35	48	18	24	26	30	26	39	33	38	8	13	59	
50	12	49	15	47	50	14	18	46	41	39	7	17	33	3	11	37	23	30	24	5	50	13	30	23	10	49	23	10	56	52	50	12	38	14	39	28	5	14	60	41	33	31	49	44	16	58	17	28	11	25	12	18	35	47	44	18	35	45	50	38	37	42	22	19	39	18	47	13	15	16	0	22	26	53	17	31	46	64	21	43	45	7	45	20	16	17	39	26	33	35	16	18	46	37	28	46	27	21	3	44	
39	10	64	27	35	69	35	4	55	41	36	16	6	54	23	21	41	11	31	39	22	69	35	40	36	30	67	4	26	69	61	63	27	31	23	33	50	24	25	73	63	46	45	66	33	33	70	7	49	33	15	29	4	49	64	58	21	56	64	72	41	55	59	13	35	51	20	65	26	37	38	22	0	21	69	11	30	68	76	19	60	66	17	66	36	6	5	61	30	21	57	24	29	68	58	27	67	27	43	25	32	
24	19	47	17	21	56	30	20	35	19	14	19	18	58	24	34	21	10	49	50	22	56	38	24	22	26	55	18	21	51	40	45	37	12	37	13	48	31	16	55	64	30	31	51	18	25	51	15	52	35	6	22	20	35	50	42	9	58	53	72	19	43	45	8	25	33	8	52	18	40	40	26	21	0	54	30	8	67	57	5	47	59	19	56	46	19	23	61	12	10	56	39	16	67	49	6	58	7	47	27	19	
69	60	8	42	68	9	38	65	25	44	50	54	63	53	49	63	36	61	81	66	49	9	48	30	33	42	10	68	44	13	26	13	60	57	66	54	38	55	44	14	50	24	23	3	66	37	14	61	49	48	59	41	65	19	5	12	49	50	14	51	40	16	10	58	34	21	50	8	42	48	46	53	69	54	0	69	48	46	18	52	9	27	53	20	63	63	66	47	42	64	42	67	40	44	21	48	22	47	51	50	67	
50	11	65	29	46	68	32	10	59	48	44	15	12	45	20	11	47	21	20	28	20	68	29	43	37	27	66	15	25	72	65	66	17	41	12	42	45	17	26	76	55	48	46	66	44	32	73	14	41	27	25	28	10	51	64	60	26	48	62	64	47	54	59	22	35	53	25	64	27	30	32	17	11	30	69	0	37	61	79	26	60	62	16	63	25	10	7	53	36	32	50	13	31	62	55	34	63	34	34	20	43	
24	26	41	17	21	51	31	28	27	11	8	25	25	59	28	40	13	19	57	55	26	51	40	18	20	28	50	26	23	43	32	38	43	10	43	9	49	36	18	48	65	24	26	45	19	25	44	23	53	38	14	23	28	29	44	36	13	60	49	72	11	39	39	16	24	27	13	47	19	43	42	31	30	8	48	37	0	67	50	11	41	56	25	53	51	27	31	62	7	16	56	45	15	66	46	3	55	4	49	31	20	
91	59	50	50	88	37	37	64	61	71	73	53	63	18	46	50	63	68	61	40	47	37	32	52	47	41	36	70	46	58	66	55	44	77	51	76	18	44	51	60	8	49	45	45	85	42	60	63	20	35	69	44	64	45	42	49	58	14	32	5	67	35	41	66	43	52	59	38	49	31	30	46	68	67	46	61	67	0	64	62	40	19	52	26	40	62	63	8	59	77	11	51	51	2	26	65	24	63	27	43	86	
67	68	15	50	67	27	51	73	22	43	49	64	71	70	60	75	37	67	94	81	60	27	62	36	41	54	28	74	54	7	19	13	74	57	78	54	55	68	52	4	68	31	33	19	65	48	6	69	65	61	64	51	73	29	22	20	55	67	32	69	39	31	24	64	44	25	56	26	51	63	60	64	76	57	18	79	50	64	0	58	25	45	63	38	78	72	75	64	46	66	60	80	48	62	38	51	40	50	67	62	67	
30	14	46	13	26	54	25	17	36	22	19	14	14	52	19	29	22	9	45	45	17	54	33	22	20	21	53	16	16	51	42	45	32	17	32	18	44	25	11	55	59	28	29	49	23	21	51	12	46	30	7	18	17	33	48	41	4	53	50	67	22	41	43	6	21	32	3	50	13	35	34	21	19	5	52	26	11	62	58	0	45	55	14	53	41	16	19	56	11	14	51	34	13	62	45	8	54	8	41	22	24	
64	51	10	33	63	9	29	57	23	40	45	45	54	45	40	54	32	54	72	57	40	9	38	23	25	33	8	60	35	18	26	15	51	52	57	49	30	46	35	20	44	17	16	6	60	28	20	53	40	38	52	32	57	12	3	9	41	42	9	45	35	7	2	51	25	16	42	5	34	39	37	43	60	47	9	60	41	40	25	45	0	22	44	15	54	55	58	40	35	57	35	58	32	38	14	41	17	40	43	41	62	
80	56	31	42	78	18	31	62	44	58	62	50	60	30	43	52	50	63	67	48	44	18	33	39	36	36	17	66	40	39	48	37	47	67	54	65	18	45	43	41	25	34	31	26	75	34	41	59	27	35	62	38	62	29	23	31	50	26	13	24	53	18	23	60	33	36	51	19	41	33	31	45	66	59	27	62	56	19	45	55	22	0	49	7	46	60	62	21	48	69	18	55	42	17	10	55	5	53	33	42	77	
43	7	49	12	40	52	18	13	43	35	33	1	11	40	6	15	32	16	33	30	5	52	20	27	21	13	51	17	9	55	50	49	18	32	18	32	34	11	10	60	48	32	30	50	37	16	56	10	34	17	18	12	13	34	48	44	12	42	47	56	33	39	43	15	19	37	12	49	11	22	23	7	17	19	53	16	25	52	63	14	44	49	0	49	26	11	13	45	21	26	41	20	15	52	41	22	50	21	29	9	37	
77	56	25	40	75	11	31	62	38	54	57	50	60	36	43	54	45	61	70	52	44	11	36	34	33	36	10	66	40	32	42	30	50	63	56	61	22	46	42	34	31	30	26	19	72	33	34	59	32	37	60	37	62	24	16	25	49	32	6	31	49	13	17	58	31	31	50	12	40	36	33	45	66	56	20	63	53	26	38	53	15	7	49	0	50	60	62	27	45	67	24	57	40	24	8	52	2	50	37	42	73	
70	29	62	35	66	58	27	32	63	61	59	27	33	22	23	14	56	41	21	4	25	58	15	47	40	25	57	39	29	70	69	65	8	58	13	59	28	15	34	74	32	49	46	61	64	32	72	34	20	16	44	30	32	49	58	58	38	26	52	42	58	47	54	41	35	55	38	56	33	14	17	20	36	46	63	25	51	40	78	41	54	46	26	50	0	31	30	32	46	52	30	12	38	41	44	48	50	47	13	20	64	
40	4	59	21	36	63	29	2	50	38	34	10	2	48	17	17	38	11	30	34	16	63	29	36	30	24	62	7	20	64	57	58	22	31	19	32	44	18	19	69	57	41	40	60	34	27	65	4	43	27	15	23	2	44	58	53	16	51	58	66	38	50	53	12	30	46	16	59	21	31	32	16	6	19	63	10	27	62	72	16	55	60	11	60	31	0	3	55	26	22	51	21	24	62	52	25	61	24	37	18	33	
43	6	62	25	39	65	31	3	54	42	38	12	5	48	19	15	42	14	27	33	18	65	30	39	34	26	64	8	22	67	60	62	21	34	17	35	46	18	22	72	57	44	43	63	37	30	69	7	44	28	18	25	3	47	61	56	20	51	61	67	41	52	56	15	32	49	19	62	24	32	33	17	5	23	66	7	31	63	75	19	58	62	13	62	30	3	0	56	30	25	52	19	27	63	54	28	63	28	37	20	36	
85	51	50	44	82	38	31	57	59	67	69	46	56	10	39	42	59	61	53	32	41	38	25	48	43	34	37	63	40	58	64	55	36	72	43	71	13	37	45	60	4	46	42	45	79	37	60	56	12	28	62	38	57	42	42	48	52	6	32	11	63	34	41	60	38	50	53	38	43	23	22	39	61	61	47	53	62	8	64	56	40	21	45	27	32	55	56	0	54	70	5	43	46	9	26	59	26	58	19	36	80	
32	24	35	11	29	44	23	28	24	15	14	21	25	52	23	36	11	21	54	50	21	44	34	12	12	21	43	28	17	39	30	33	38	18	39	16	41	31	12	44	57	18	19	39	26	17	40	23	46	31	17	16	28	23	38	30	10	52	41	64	12	32	33	17	16	21	10	40	13	36	35	26	30	12	42	36	7	59	46	11	35	48	21	45	46	26	30	54	0	22	49	41	8	58	38	6	47	5	43	26	28	
18	23	57	27	14	66	40	22	43	24	18	26	20	66	32	38	29	11	52	56	30	66	46	34	33	36	65	17	30	60	48	54	43	11	41	14	58	38	26	64	73	40	41	61	12	35	60	18	60	43	8	32	22	45	60	52	18	67	63	81	26	54	55	11	35	43	18	62	28	48	48	33	21	10	64	32	16	77	66	14	57	69	26	67	52	22	25	70	22	0	66	43	26	76	59	16	68	17	55	35	11	
80	47	45	39	77	34	26	53	53	62	63	42	52	12	34	40	54	57	52	31	36	34	21	42	37	30	33	59	35	53	59	50	34	67	41	66	7	33	40	56	9	40	36	41	74	31	55	52	10	24	58	33	53	37	37	43	47	8	28	15	57	29	36	55	33	44	48	34	38	20	18	35	57	56	42	50	56	11	60	51	35	18	41	24	30	51	52	5	49	66	0	41	41	11	21	54	23	53	17	32	75	
61	20	65	31	57	64	29	21	62	55	53	20	23	33	19	5	52	32	14	14	21	64	21	46	39	25	62	28	26	72	68	66	7	51	2	52	36	12	30	76	43	49	46	64	55	32	73	24	31	20	35	28	21	50	62	60	32	37	58	53	53	51	57	32	35	55	32	61	29	21	24	16	24	39	67	13	45	51	80	34	58	55	20	57	12	21	19	43	41	43	41	0	34	52	50	42	57	41	24	17	54	
39	20	34	3	36	41	15	25	27	23	23	16	23	44	15	29	18	22	48	42	13	41	25	12	7	13	40	27	9	40	34	34	30	26	33	25	33	23	5	44	49	17	16	37	34	9	41	21	38	23	20	8	25	20	35	29	9	44	37	56	20	28	30	19	8	22	10	37	5	27	26	18	29	16	40	31	15	51	48	13	32	42	15	40	38	24	27	46	8	26	41	34	0	50	32	13	41	12	34	18	35	
90	59	48	49	87	35	36	64	59	70	73	53	63	19	46	51	62	68	62	41	47	35	33	51	46	40	34	70	46	56	64	53	45	77	52	75	18	45	50	58	10	47	43	43	85	41	58	63	21	35	68	44	64	43	40	47	58	15	30	7	66	33	39	66	42	51	58	36	48	31	30	46	68	67	44	62	66	2	62	62	38	17	52	24	41	62	63	9	58	76	11	52	50	0	25	64	22	62	28	44	85	
70	48	24	32	68	14	23	54	34	48	51	42	52	32	35	47	39	53	63	46	36	14	29	28	26	28	13	58	32	32	39	29	42	56	49	54	17	39	34	34	30	24	20	19	65	25	34	51	27	29	52	29	54	19	16	22	41	29	8	32	43	8	15	50	23	26	42	13	32	29	26	37	58	49	21	55	46	26	38	45	14	10	41	8	44	52	54	26	38	59	21	50	32	25	0	44	9	43	31	34	66	
26	23	41	15	23	50	28	26	28	13	11	22	23	57	25	37	14	17	54	52	23	50	38	18	18	25	50	24	20	44	34	39	40	12	40	11	46	33	15	49	62	24	25	45	20	22	45	21	51	35	13	21	26	29	44	36	10	57	48	70	13	38	39	14	22	27	10	46	17	40	39	28	27	6	48	34	3	65	51	8	41	55	22	52	48	25	28	59	6	16	54	42	13	64	44	0	53	1	47	28	21	
78	57	27	41	76	13	32	63	41	56	59	51	61	35	44	55	47	62	70	52	45	13	36	36	35	37	12	67	41	34	44	32	50	65	56	63	22	47	43	36	30	32	28	21	74	34	36	60	31	37	61	38	63	26	18	27	50	31	8	29	51	15	19	60	32	33	51	14	41	36	33	46	67	58	22	63	55	24	40	54	17	5	50	2	50	61	63	26	47	68	23	57	41	22	9	53	0	52	36	43	75	
27	22	40	13	25	49	27	25	28	14	12	21	23	55	24	36	14	17	53	51	22	49	36	17	17	24	48	24	19	43	33	38	39	14	39	13	45	32	13	48	61	23	24	44	22	21	44	20	49	34	13	19	25	28	43	35	9	56	46	68	13	37	38	14	20	26	9	45	15	39	38	27	27	7	47	34	4	63	50	8	40	53	21	50	47	24	28	58	5	17	53	41	12	62	43	1	52	0	45	27	23	
71	34	51	31	68	46	20	39	55	57	57	29	38	11	22	23	51	45	35	15	25	46	8	41	34	21	44	45	26	60	61	55	17	59	24	58	14	18	31	63	20	41	37	49	65	26	61	39	7	11	46	26	39	40	46	48	38	13	39	30	53	35	42	43	29	46	38	44	30	6	8	21	43	47	51	34	49	27	67	41	43	33	29	37	13	37	37	19	43	55	17	24	34	28	31	47	36	45	0	19	66	
52	15	47	15	48	47	12	20	44	41	39	10	19	31	3	13	36	25	31	24	5	47	11	28	21	7	46	26	9	54	51	48	12	39	16	39	25	5	14	58	38	31	29	47	46	14	55	19	25	8	27	11	20	33	44	42	18	32	42	47	38	34	40	24	17	37	19	44	13	13	13	3	25	27	50	20	31	43	62	22	41	42	9	42	20	18	20	36	26	35	32	17	18	44	34	28	43	27	19	0	46	
7	34	60	36	3	71	49	33	45	24	18	37	31	77	43	50	31	22	63	67	41	71	57	39	40	46	71	28	40	62	48	57	55	10	52	13	67	49	35	66	83	44	47	65	2	44	62	30	71	54	19	41	33	50	64	55	28	77	69	91	28	60	60	22	43	46	27	67	37	59	59	44	32	19	67	43	20	86	67	24	62	77	37	73	64	33	36	80	28	11	75	54	35	85	66	21	75	23	66	46	0	

