4  150
20	45	54	73	36	66	31	92	24	80	9	13	24	80	37	69	68	34	56	47	94	71	5	4	74	2	21	59	97	84	13	5	79	100	80	51	35	65	58	97	80	25	80	71	96	71	6	49	44	22	30	46	41	2	14	26	84	72	52	28	57	37	14	32	87	86	89	64	78	87	52	87	16	9	86	60	56	60	98	3	71	48	26	74	8	36	14	77	6	99	28	12	19	59	88	95	19	98	13	40	4	38	25	52	95	74	28	8	41	59	4	82	19	22	34	87	58	17	99	97	48	89	57	15	90	51	60	46	42	63	100	61	95	98	55	82	67	90	19	99	29	57	82	39	51	86	60	93	90	66	
30	29	5	75	61	96	20	91	18	43	14	36	14	61	73	30	87	72	75	56	89	67	41	22	53	34	18	6	25	53	47	83	33	19	66	21	78	67	97	36	19	44	81	97	34	28	98	70	28	18	52	98	84	1	35	100	7	25	63	79	67	81	10	45	100	16	8	17	60	92	52	21	82	11	82	56	53	2	75	36	54	22	21	71	65	42	12	13	96	78	21	29	36	44	4	8	89	71	1	81	78	91	55	57	96	10	46	53	84	78	46	24	6	87	96	57	9	85	13	64	40	59	15	8	3	63	92	6	23	41	4	61	15	34	19	37	11	9	92	54	52	2	95	4	88	19	83	68	8	77	
20	33	24	38	60	97	51	11	78	52	91	82	66	31	71	45	94	29	46	79	31	52	97	75	48	30	74	29	75	42	70	20	56	79	99	88	62	4	78	15	8	34	48	58	29	95	63	2	74	81	83	97	64	71	79	49	69	30	1	30	60	47	18	68	82	37	81	85	17	66	1	55	65	22	13	32	23	83	22	36	91	17	73	38	82	61	69	32	64	12	70	38	13	78	93	28	3	21	52	10	12	48	49	64	78	62	73	72	71	55	95	30	20	41	30	85	67	1	56	82	80	60	52	71	3	57	49	59	62	25	58	44	24	42	70	27	13	78	79	49	86	99	45	22	75	36	34	21	91	98	
45	12	4	39	80	54	86	37	56	77	45	18	14	73	20	69	24	85	76	74	47	36	69	30	50	100	11	59	31	35	18	87	54	89	63	90	53	10	12	98	1	46	77	51	99	86	60	79	91	29	17	29	61	12	16	91	4	9	24	51	32	15	3	31	19	30	26	33	39	69	19	46	86	86	24	48	55	75	94	49	62	4	24	3	69	56	10	54	17	43	50	25	15	55	88	22	92	8	3	66	66	62	37	18	27	72	92	16	94	35	59	84	47	10	26	33	85	51	26	20	14	54	66	77	23	53	11	79	39	49	42	65	33	24	87	78	58	27	29	38	91	64	88	18	70	98	93	34	87	84	
2288	1182	2664	3213	6746	5799	4710	569	7119	3678	3153	2179	2528	6333	144	7004	5909	1362	2113	2397	1764	5607	6519	4772	150	973	5322	5420	2735	7405	1685	3301	5938	7334	2876	4900	6008	5871	797	1633	4412	684	7404	6058	719	4279	7444	902	1158	4347	75	1381	236	4939	6695	2857	856	4311	482	6863	501	7478	52	1855	1488	3861	7063	2304	2651	598	359	140	657	4633	1787	6666	3031	6934	1562	1704	6557	3496	4203	5341	2771	2169	5277	7078	1445	5274	3478	5011	7118	6450	7322	1598	6637	6592	6858	7482	7069	5371	3793	4220	3133	3003	3374	6808	2915	5998	1810	5492	5926	4509	6713	2237	2647	4421	5104	3328	1397	7293	5886	4646	2651	6383	4271	2454	1129	3645	2511	6649	2876	4147	1481	7334	3516	271	597	5794	4305	6443	2589	1127	4739	279	985	6340	3621	2289	
0	67	69	75	47	60	93	79	23	67	56	12	61	50	71	67	31	69	41	17	44	66	66	80	55	62	37	38	38	50	80	51	72	80	85	11	62	43	65	16	48	66	68	2	45	31	51	47	25	26	49	55	82	62	41	52	45	48	61	69	26	47	61	36	59	21	40	63	42	38	20	96	15	13	87	77	70	81	22	66	59	80	31	38	50	44	41	52	40	42	55	62	71	71	56	64	21	76	91	43	78	62	68	55	70	41	14	52	61	45	93	86	9	52	91	53	87	15	61	65	47	48	22	60	51	63	52	66	30	41	67	63	35	60	6	59	23	47	81	52	72	69	71	67	69	63	46	89	70	69	82	
67	0	71	10	54	64	36	12	59	0	19	55	67	36	29	1	46	41	31	60	32	17	12	20	24	39	60	58	54	24	27	16	6	17	34	55	56	29	47	60	46	31	64	64	30	36	26	61	53	42	59	29	41	59	38	15	55	60	25	34	41	25	57	44	12	46	57	30	28	38	57	38	57	57	29	26	30	19	49	1	38	44	50	35	44	43	27	17	26	32	41	19	15	30	35	11	60	19	32	29	46	59	5	22	17	29	52	48	52	21	35	35	58	36	36	47	27	53	39	63	20	33	57	16	27	15	17	10	37	36	8	10	43	24	63	16	53	34	17	44	7	61	30	19	21	3	21	37	22	70	36	
69	71	0	71	23	9	66	76	46	71	52	64	8	36	47	72	43	33	48	52	44	55	81	65	47	32	32	31	31	48	58	67	76	69	57	66	15	49	25	53	28	41	8	68	46	64	46	22	45	70	20	87	46	12	40	67	25	21	88	40	67	50	14	39	76	60	29	42	52	43	49	68	54	57	65	54	97	68	51	72	33	40	40	47	29	33	55	72	66	46	30	51	60	46	35	79	48	62	67	76	36	12	68	82	87	52	60	24	18	62	67	57	67	36	63	24	67	57	32	8	69	40	47	54	45	56	58	62	56	42	64	77	41	47	63	79	47	40	70	28	79	12	46	54	90	71	63	60	52	1	50	
75	10	71	0	57	65	27	5	65	10	23	63	68	39	25	9	52	38	37	67	37	15	21	11	27	39	65	63	59	29	19	26	8	7	26	64	56	35	46	68	49	30	63	73	35	45	30	64	59	52	61	39	35	59	43	24	58	63	34	31	50	30	57	49	22	54	62	29	34	43	64	29	64	65	20	20	38	10	56	11	38	39	55	41	46	47	34	27	36	37	42	20	11	26	37	20	67	11	23	39	42	59	7	32	24	36	61	50	52	30	26	27	67	38	27	49	18	61	39	63	30	37	64	19	31	16	23	11	45	41	9	19	48	24	72	25	60	38	7	46	12	60	26	17	28	13	30	28	19	70	30	
47	54	23	57	0	13	61	62	25	54	35	42	16	18	37	55	19	28	27	30	23	42	63	55	30	22	12	10	9	30	50	47	60	58	51	44	14	28	21	31	8	31	21	46	25	41	28	7	23	46	4	65	43	15	18	47	2	6	67	32	43	30	13	16	56	37	8	30	30	21	27	63	32	35	58	45	77	57	28	55	21	39	17	24	11	11	33	52	43	25	16	37	47	38	21	60	27	51	60	53	36	15	52	61	68	30	37	8	14	41	61	52	45	19	58	9	58	35	22	18	48	21	25	38	27	41	38	46	33	20	48	58	18	33	41	59	25	20	59	12	62	21	38	41	70	53	42	55	41	23	45	
60	64	9	65	13	0	63	70	37	64	44	55	3	28	42	65	33	30	39	43	35	49	74	60	39	26	23	22	22	40	54	59	69	64	54	57	10	41	21	44	19	36	9	59	37	55	38	13	36	60	11	78	43	7	31	59	15	12	79	36	57	42	8	29	68	51	20	36	43	34	40	65	45	48	62	50	89	62	41	64	27	38	30	38	20	24	46	64	57	37	23	45	54	42	28	71	39	57	64	67	34	7	61	73	79	43	50	16	13	53	64	54	58	28	60	16	63	48	26	6	60	32	38	47	37	49	50	55	47	33	57	69	32	40	54	71	38	31	65	20	72	12	42	48	82	64	54	57	47	9	47	
93	36	66	27	61	63	0	28	77	36	36	82	66	46	23	36	64	33	51	81	49	27	48	16	37	38	72	69	66	42	12	49	35	20	9	83	53	50	42	82	53	29	58	91	48	66	41	67	72	73	64	65	20	56	53	48	62	66	61	28	71	46	55	59	48	73	68	31	50	56	78	2	79	81	7	16	65	17	71	37	39	26	66	55	50	54	52	52	58	50	44	31	23	23	41	47	79	18	4	64	30	56	31	59	51	52	78	52	50	51	1	9	85	44	3	51	9	77	38	59	54	46	76	33	41	30	42	30	63	52	29	46	60	32	88	52	73	47	20	49	39	54	23	26	55	39	51	6	23	65	16	
79	12	76	5	62	70	28	0	70	12	28	67	73	44	30	12	56	43	41	72	42	20	20	13	32	44	70	68	64	34	23	29	8	8	29	68	61	39	51	72	54	34	68	77	40	49	35	69	64	55	66	39	39	64	48	27	63	68	34	36	53	35	62	54	23	58	67	34	39	48	69	30	68	70	21	24	37	12	61	13	43	43	60	45	51	52	39	29	39	42	47	25	16	30	42	20	72	15	24	41	46	64	11	33	23	40	65	55	57	34	27	29	70	43	28	54	19	65	44	68	33	42	68	24	36	21	28	16	49	46	14	20	53	29	76	26	65	43	8	51	11	65	30	22	27	16	33	30	24	75	33	
23	59	46	65	25	37	77	70	0	59	43	20	38	32	54	60	13	49	28	6	29	53	63	67	41	42	14	15	15	37	65	46	65	68	69	22	39	30	44	7	27	49	45	22	31	30	37	24	6	31	26	58	64	40	24	47	22	25	62	50	29	35	38	18	56	20	17	46	31	22	3	80	8	11	73	61	72	69	11	59	40	61	11	24	30	24	32	49	37	28	35	48	58	55	37	61	2	63	76	45	58	40	59	56	68	30	16	30	39	39	78	70	22	34	75	32	73	14	41	42	44	31	2	47	36	51	42	55	24	25	57	59	17	45	17	57	6	30	69	32	66	46	55	53	69	57	40	73	55	46	64	
67	0	71	10	54	64	36	12	59	0	19	55	67	36	29	1	46	41	31	60	32	17	12	20	24	39	60	58	54	24	27	16	6	17	34	55	56	29	47	60	46	31	64	64	30	36	26	61	53	42	59	29	41	59	38	15	55	60	25	34	41	25	57	44	12	46	57	30	28	38	57	38	57	57	29	26	30	19	49	1	38	44	50	35	44	43	27	17	26	32	41	19	15	30	35	11	60	19	32	29	46	59	5	22	17	29	52	48	52	21	35	35	58	36	36	47	27	53	39	63	20	33	57	16	27	15	17	10	37	36	8	10	43	24	63	16	53	34	17	44	7	61	30	19	21	3	21	37	22	70	36	
56	19	52	23	35	44	36	28	43	19	0	45	47	16	17	20	29	24	15	46	14	10	29	24	5	21	42	40	36	6	24	18	25	25	30	46	37	13	29	46	27	16	45	54	12	29	7	41	37	37	39	39	31	40	20	18	35	41	38	19	34	9	38	26	25	36	39	13	14	21	42	39	43	45	31	21	46	25	35	20	19	32	32	19	24	24	15	23	23	15	21	5	14	18	16	27	45	20	34	32	32	40	17	32	35	15	41	28	33	17	36	30	48	16	35	28	30	41	20	44	22	14	42	4	8	7	8	12	26	18	14	25	25	7	52	28	38	15	26	24	27	42	18	10	38	19	17	34	13	51	28	
12	55	64	63	42	55	82	67	20	55	45	0	57	40	60	55	23	60	30	15	34	55	54	68	45	53	33	34	33	39	69	39	60	68	74	2	56	32	57	14	41	56	63	9	34	18	40	43	19	15	44	44	72	57	31	40	40	43	50	59	15	36	55	28	47	9	35	53	31	28	17	84	11	9	76	66	59	69	14	54	50	71	25	27	42	36	29	40	28	31	46	50	59	61	46	52	19	65	79	32	69	57	56	44	58	29	5	45	54	33	82	75	3	43	80	46	75	7	52	60	35	38	18	48	41	52	40	54	19	31	55	51	26	50	10	47	17	37	69	44	60	63	61	55	58	51	34	79	58	64	71	
61	67	8	68	16	3	66	73	38	67	47	57	0	31	45	68	35	33	42	44	38	52	77	63	42	29	24	23	23	43	57	62	72	67	57	59	13	43	24	45	21	39	10	60	40	57	41	14	37	62	12	81	46	10	34	62	17	13	82	39	59	45	11	32	71	53	21	39	45	37	41	68	46	49	65	53	92	66	43	68	30	41	32	40	23	26	48	67	59	40	26	48	57	45	31	74	40	60	67	69	37	10	64	76	82	46	52	19	16	56	67	57	59	31	63	19	66	50	29	8	63	35	39	50	40	52	53	58	49	36	60	72	34	44	55	74	39	34	68	23	75	13	45	51	85	67	57	60	50	8	50	
50	36	36	39	18	28	46	44	32	36	16	40	31	0	22	37	19	19	13	36	8	24	45	37	12	12	26	24	20	12	34	31	41	40	37	42	22	13	18	36	10	17	30	48	9	32	10	25	26	39	22	51	32	24	8	31	19	24	51	19	36	14	22	14	39	32	23	14	16	12	32	48	35	37	42	29	60	39	27	36	9	30	20	14	8	8	19	36	30	11	7	19	29	23	5	43	34	33	45	40	28	24	33	45	51	16	36	12	18	26	46	38	44	2	43	12	42	34	11	29	33	3	31	20	8	23	21	28	25	9	30	41	15	15	44	43	28	4	41	8	44	28	23	23	53	35	26	41	24	36	32	
71	29	47	25	37	42	23	30	54	29	17	60	45	22	0	29	41	13	29	58	26	12	41	18	15	16	48	46	42	21	12	35	31	22	15	62	32	28	21	58	30	6	39	69	25	46	19	44	49	54	41	54	14	35	30	34	39	43	52	6	51	25	34	36	38	51	44	8	29	33	54	26	56	58	20	8	59	20	48	30	16	15	43	32	27	30	32	39	40	28	21	12	14	1	17	39	56	15	23	49	17	35	24	48	46	31	56	29	29	34	24	15	64	20	21	28	21	55	16	39	39	22	53	16	19	14	25	19	42	29	20	38	36	10	65	43	50	24	23	25	35	35	1	9	50	30	34	19	6	46	11	
67	1	72	9	55	65	36	12	60	1	20	55	68	37	29	0	47	41	32	61	33	17	12	20	25	40	61	59	55	25	27	17	5	16	34	56	57	30	48	61	47	32	65	65	31	37	27	62	54	43	60	29	41	60	39	15	56	61	25	34	41	26	58	45	12	47	58	31	29	39	58	38	57	58	29	27	30	19	50	1	38	45	51	36	45	44	28	17	27	33	42	20	16	30	36	11	61	19	32	30	47	60	5	22	17	30	53	49	53	22	35	35	59	37	36	48	27	54	40	64	21	34	58	17	28	16	18	10	37	37	9	10	44	25	64	16	54	35	17	45	6	62	30	20	20	4	21	37	23	71	36	
31	46	43	52	19	33	64	56	13	46	29	23	35	19	41	47	0	38	15	17	15	39	50	53	27	30	16	15	12	23	51	33	52	55	56	25	33	17	34	17	18	36	40	29	17	22	23	23	8	26	23	49	52	34	10	34	18	23	52	38	24	21	32	5	44	17	16	33	18	8	13	67	15	18	59	48	62	55	9	46	28	49	4	11	19	13	19	37	27	14	24	34	44	41	25	48	15	49	62	36	47	34	45	45	56	17	18	22	31	26	64	56	26	21	62	23	59	16	30	37	33	18	12	33	22	37	29	41	14	11	43	46	4	31	25	46	9	17	55	21	53	40	41	39	57	44	27	60	41	43	51	
69	41	33	38	28	30	33	43	49	41	24	60	33	19	13	41	38	0	31	54	26	24	53	31	20	7	40	38	35	25	24	43	44	36	24	62	20	31	9	55	22	9	25	67	27	50	23	34	45	57	31	63	15	23	28	42	30	33	62	7	54	29	22	32	49	52	36	11	33	31	50	35	53	56	32	20	70	34	46	41	9	11	38	32	19	25	36	48	46	29	14	21	27	13	13	51	51	28	34	55	9	23	36	57	58	34	55	20	17	40	34	24	63	17	30	18	33	54	8	26	46	21	49	25	22	25	32	31	43	28	32	49	34	17	63	53	46	22	37	17	48	22	13	21	61	42	40	27	19	32	17	
41	31	48	37	27	39	51	41	28	31	15	30	42	13	29	32	15	31	0	30	5	25	37	39	14	25	29	28	24	9	38	20	37	40	44	32	34	2	31	31	20	26	43	39	4	19	10	32	22	26	31	38	42	37	8	21	26	32	40	28	23	6	34	13	30	21	27	22	3	7	27	54	28	30	46	35	50	40	20	31	22	41	19	4	19	15	6	25	17	2	20	20	30	30	18	34	30	35	49	27	40	37	30	34	42	3	26	23	31	14	51	44	34	15	49	24	45	26	24	41	21	10	27	19	10	22	14	26	12	6	28	32	12	19	36	33	23	9	41	21	38	41	30	25	44	29	15	48	28	48	40	
17	60	52	67	30	43	81	72	6	60	46	15	44	36	58	61	17	54	30	0	32	55	63	70	44	47	20	21	21	39	68	46	66	71	73	17	45	32	49	1	32	53	51	16	33	28	39	30	9	28	32	56	68	45	27	47	28	31	61	55	26	37	44	21	56	18	23	50	32	25	3	84	4	6	76	65	70	71	11	60	44	65	15	26	34	29	32	49	37	30	40	51	60	58	41	61	4	66	79	43	63	45	60	54	68	31	12	36	44	39	81	73	17	38	79	37	76	10	46	48	44	35	5	50	39	53	43	57	24	28	58	59	21	48	11	57	7	34	72	37	66	52	58	56	68	57	40	77	58	52	68	
44	32	44	37	23	35	49	42	29	32	14	34	38	8	26	33	15	26	5	32	0	23	39	38	11	20	28	26	22	8	36	24	38	39	41	36	30	5	26	33	16	21	38	42	2	24	7	29	23	31	27	43	38	32	6	24	23	29	44	24	28	7	30	12	33	26	25	18	8	7	29	51	30	32	44	32	54	39	22	32	17	37	18	6	15	11	11	29	22	3	15	18	28	27	13	37	31	34	47	32	35	32	31	38	45	8	30	19	26	18	49	41	38	10	46	19	43	29	19	36	25	5	28	18	7	21	15	26	17	4	28	35	11	16	39	36	24	4	40	16	39	36	27	23	47	31	19	45	25	43	37	
66	17	55	15	42	49	27	20	53	17	10	55	52	24	12	17	39	24	25	55	23	0	29	14	12	23	50	48	44	16	14	24	20	16	21	56	40	23	31	56	34	14	48	64	22	39	16	49	47	46	46	43	25	43	29	23	43	48	40	17	44	19	42	35	26	45	47	13	24	30	52	30	53	55	21	12	47	15	45	18	22	27	42	29	31	32	25	28	31	25	26	5	5	13	21	27	55	10	24	38	29	43	12	36	34	25	51	34	37	25	27	22	58	23	25	33	20	51	23	47	28	22	51	6	16	3	15	7	36	27	8	26	35	9	62	31	48	23	17	30	24	44	13	2	38	18	24	25	6	55	21	
66	12	81	21	63	74	48	20	63	12	29	54	77	45	41	12	50	53	37	63	39	29	0	32	34	50	66	65	61	33	39	17	13	28	46	55	66	35	58	63	55	43	75	64	37	35	35	69	57	40	67	19	54	69	45	16	63	68	13	46	39	32	67	50	7	46	64	42	33	43	61	50	59	59	41	39	18	31	52	11	48	57	55	40	53	51	31	14	26	38	51	31	28	42	46	2	64	31	44	24	59	69	17	13	5	34	53	57	63	24	47	47	57	45	48	57	39	54	50	73	19	42	61	27	36	27	24	22	39	43	21	4	48	35	64	7	57	42	28	53	9	72	42	31	8	10	23	49	35	81	49	
80	20	65	11	55	60	16	13	67	20	24	68	63	37	18	20	53	31	39	70	38	14	32	0	26	34	64	62	58	30	9	34	19	5	15	70	51	37	40	70	47	24	57	78	36	51	30	62	61	59	59	49	25	54	43	32	56	61	45	25	56	33	52	49	32	59	60	25	38	45	67	18	67	69	9	11	49	2	59	21	34	30	56	43	44	45	39	36	43	39	39	19	9	18	34	31	69	4	12	48	33	54	15	42	35	39	65	47	47	37	15	16	72	36	16	46	7	65	34	57	38	36	66	20	31	16	28	15	49	42	13	30	49	22	76	36	62	37	5	43	23	54	18	14	39	23	36	17	14	64	19	
55	24	47	27	30	39	37	32	41	24	5	45	42	12	15	25	27	20	14	44	11	12	34	26	0	16	38	36	32	5	24	22	29	28	29	46	32	13	24	44	22	13	40	53	10	31	4	37	35	38	34	43	29	35	17	22	31	36	42	16	36	9	33	23	29	36	35	10	14	18	40	40	42	43	32	21	51	28	34	25	14	29	30	17	19	20	16	27	26	13	16	7	17	16	11	32	42	22	35	35	29	35	21	37	40	15	41	23	28	20	37	30	48	11	35	23	32	40	15	39	25	10	39	8	4	11	12	16	26	15	18	30	23	5	50	33	36	11	29	19	32	37	16	12	43	24	20	34	14	46	26	
62	39	32	39	22	26	38	44	42	39	21	53	29	12	16	40	30	7	25	47	20	23	50	34	16	0	34	31	28	20	28	39	44	38	29	55	17	25	7	48	15	10	24	60	21	44	18	29	38	51	25	59	22	20	21	38	24	27	59	10	48	23	18	25	46	45	30	9	27	25	43	41	46	49	36	24	67	36	39	40	3	18	31	26	12	17	30	44	41	23	7	20	27	16	7	48	44	30	38	50	16	20	36	53	56	28	48	13	13	35	39	29	56	10	35	12	37	47	1	24	42	15	42	23	16	24	28	30	37	21	31	46	26	15	56	50	39	16	39	10	47	21	16	21	59	40	36	33	20	31	23	
37	60	32	65	12	23	72	70	14	60	42	33	24	26	48	61	16	40	29	20	28	50	66	64	38	34	0	2	6	36	60	49	66	66	63	35	27	31	33	21	18	42	32	36	30	38	35	10	14	42	12	65	56	26	22	50	10	11	68	43	39	35	25	16	60	31	4	40	33	22	17	74	22	25	68	56	78	66	21	60	32	51	12	26	21	18	35	54	43	28	27	45	55	48	31	64	16	60	71	53	48	26	59	62	72	32	29	20	27	43	72	63	36	28	69	22	68	26	33	28	49	28	15	46	34	49	43	54	31	24	56	62	18	41	31	62	16	27	67	23	67	33	48	49	73	58	44	67	50	32	57	
38	58	31	63	10	22	69	68	15	58	40	34	23	24	46	59	15	38	28	21	26	48	65	62	36	31	2	0	4	34	58	48	64	64	60	36	25	30	31	22	16	40	30	37	28	38	33	9	14	41	11	64	53	25	20	49	8	10	67	41	39	33	23	14	58	31	2	38	31	21	18	72	23	26	66	54	77	63	21	58	30	49	11	24	19	16	33	52	42	26	25	43	53	46	28	62	17	58	69	52	46	25	57	60	70	31	29	18	25	41	70	61	36	25	67	19	66	27	31	27	48	26	16	44	32	47	41	52	30	22	54	60	16	39	32	60	16	25	65	21	65	31	46	47	72	57	42	64	48	31	55	
38	54	31	59	9	22	66	64	15	54	36	33	23	20	42	55	12	35	24	21	22	44	61	58	32	28	6	4	0	30	54	44	60	60	57	35	24	26	29	22	12	36	30	37	24	35	29	10	14	39	11	61	50	24	16	45	7	10	64	38	36	29	22	11	54	29	3	34	27	17	18	68	23	26	62	50	73	60	19	54	26	46	8	21	15	12	29	49	39	22	21	39	49	42	25	59	18	54	65	48	43	24	53	57	67	27	28	15	23	38	66	57	36	22	63	17	62	26	28	27	44	22	16	40	28	43	37	48	27	18	50	56	13	35	32	57	16	21	61	17	61	30	42	43	68	53	38	61	44	31	51	
50	24	48	29	30	40	42	34	37	24	6	39	43	12	21	25	23	25	9	39	8	16	33	30	5	20	36	34	30	0	29	19	30	31	35	41	33	7	27	40	22	18	42	48	6	25	2	36	31	33	34	39	34	36	14	19	30	36	39	21	30	4	34	20	27	30	33	15	8	14	36	45	37	39	37	26	48	31	29	25	17	34	26	13	20	18	11	24	21	8	18	11	21	21	13	31	39	26	40	30	34	36	23	33	39	10	36	24	30	15	42	35	43	12	40	24	36	35	19	41	21	8	35	10	3	13	9	18	21	12	20	28	19	10	46	31	32	9	32	20	32	40	21	16	41	23	15	39	19	48	32	
80	27	58	19	50	54	12	23	65	27	24	69	57	34	12	27	51	24	38	68	36	14	39	9	24	28	60	58	54	29	0	38	27	14	7	70	44	37	33	69	42	18	50	78	35	53	29	56	59	61	53	56	16	47	41	37	51	55	52	18	58	33	46	47	39	60	56	19	38	43	65	15	66	68	8	4	57	11	58	28	28	21	54	42	39	42	40	41	46	38	33	18	12	12	29	38	67	8	11	52	24	47	22	49	43	39	65	41	41	39	12	8	73	32	10	40	9	65	28	50	42	33	64	21	29	17	30	19	50	40	19	37	47	20	75	43	61	34	14	37	31	46	12	13	47	30	39	10	10	57	10	
51	16	67	26	47	59	49	29	46	16	18	39	62	31	35	17	33	43	20	46	24	24	17	34	22	39	49	48	44	19	38	0	21	32	45	39	53	18	47	46	40	34	61	48	22	20	21	53	40	26	51	20	49	55	29	1	47	53	20	37	24	16	53	33	10	30	48	32	17	27	44	52	42	42	42	36	29	34	35	15	36	50	38	23	38	35	14	5	10	22	37	23	26	36	33	15	47	31	46	14	51	55	19	14	22	17	37	43	49	7	49	46	42	32	48	43	41	37	38	60	4	27	44	19	23	21	10	19	22	26	20	13	31	25	48	12	40	27	32	39	21	59	36	26	23	13	6	48	30	67	45	
72	6	76	8	60	69	35	8	65	6	25	60	72	41	31	5	52	44	37	66	38	20	13	19	29	44	66	64	60	30	27	21	0	15	34	61	60	35	51	66	52	35	68	70	36	42	31	66	59	48	64	31	42	64	44	20	60	66	26	37	46	31	62	50	15	52	63	34	34	44	63	37	63	63	28	28	30	18	55	6	42	46	56	41	49	49	33	21	32	38	46	24	17	32	40	12	66	19	31	33	49	64	8	25	16	35	58	53	57	27	34	35	63	41	35	52	26	59	43	68	25	39	63	21	32	19	23	13	43	42	12	12	49	28	69	18	59	39	15	49	4	65	32	22	20	8	26	36	25	75	37	
80	17	69	7	58	64	20	8	68	17	25	68	67	40	22	16	55	36	40	71	39	16	28	5	28	38	66	64	60	31	14	32	15	0	20	69	55	38	44	71	50	28	62	78	37	50	32	65	62	58	62	46	30	58	45	30	59	64	41	29	55	34	56	51	29	59	63	28	38	46	68	22	68	69	13	16	45	3	60	18	37	35	58	44	47	48	39	34	41	40	42	21	11	23	37	27	70	7	16	46	38	58	13	39	31	39	65	50	51	36	19	21	72	39	20	49	11	65	37	61	36	38	67	21	32	17	28	14	49	43	12	26	51	25	76	32	63	39	1	46	19	58	23	17	35	20	35	21	17	68	24	
85	34	57	26	51	54	9	29	69	34	30	74	57	37	15	34	56	24	44	73	41	21	46	15	29	29	63	60	57	35	7	45	34	20	0	76	44	42	33	73	44	20	49	83	40	59	34	58	64	67	55	63	12	47	45	43	53	57	59	19	64	38	46	51	46	65	59	23	43	48	69	11	71	73	9	8	64	17	63	35	30	18	58	47	41	45	45	48	52	43	35	24	19	14	32	45	71	15	10	59	21	47	29	56	50	45	70	43	41	46	10	1	78	35	6	42	11	70	29	50	49	37	68	27	33	24	36	26	56	44	26	44	51	24	80	50	65	39	20	39	38	45	14	19	54	37	45	4	16	56	7	
11	55	66	64	44	57	83	68	22	55	46	2	59	42	62	56	25	62	32	17	36	56	55	70	46	55	35	36	35	41	70	39	61	69	76	0	58	33	59	16	43	58	65	9	36	19	42	45	21	15	46	44	74	59	33	41	42	45	50	60	15	37	57	30	48	10	37	55	32	30	18	86	13	10	77	67	59	70	16	55	52	73	27	29	44	38	31	41	29	33	48	52	60	62	48	53	21	66	81	32	71	59	57	44	59	31	7	47	56	34	83	77	2	44	81	48	77	9	54	62	36	40	20	50	42	53	41	55	20	33	57	51	28	51	10	48	19	39	70	46	60	65	62	57	58	52	34	80	60	66	73	
62	56	15	56	14	10	53	61	39	56	37	56	13	22	32	57	33	20	34	45	30	40	66	51	32	17	27	25	24	33	44	53	60	55	44	58	0	35	11	46	15	26	8	61	31	52	31	18	37	58	15	73	33	3	27	53	17	17	73	26	55	36	2	28	61	50	23	26	38	31	42	55	46	49	52	40	82	53	42	56	18	28	31	34	15	20	41	58	52	32	15	36	44	32	20	64	42	47	54	62	24	3	52	67	72	38	51	11	3	48	54	44	59	21	50	10	53	49	17	7	55	25	40	39	30	41	43	47	44	29	48	62	30	32	56	65	39	26	56	13	63	7	32	39	75	56	48	47	37	14	37	
43	29	49	35	28	41	50	39	30	29	13	32	43	13	28	30	17	31	2	32	5	23	35	37	13	25	31	30	26	7	37	18	35	38	42	33	35	0	31	33	21	25	44	41	4	19	8	34	24	26	33	37	41	38	10	19	28	34	39	28	23	4	36	15	28	23	29	22	2	9	29	53	30	31	44	34	48	38	21	29	22	41	21	6	20	17	5	23	16	3	21	19	28	29	18	32	32	33	48	26	40	38	28	32	40	3	28	25	32	12	50	43	35	15	48	25	44	27	24	42	19	10	29	17	9	21	12	24	13	8	26	30	14	18	38	31	25	9	39	21	36	42	29	24	42	27	13	47	26	49	39	
65	47	25	46	21	21	42	51	44	47	29	57	24	18	21	48	34	9	31	49	26	31	58	40	24	7	33	31	29	27	33	47	51	44	33	59	11	31	0	50	17	16	17	63	27	50	25	26	40	57	23	67	23	14	26	46	23	25	67	15	54	31	13	29	54	50	29	17	33	30	46	44	49	52	41	29	75	42	43	48	10	18	34	32	14	20	37	51	48	29	11	27	34	21	13	56	46	37	43	58	15	14	43	61	64	34	52	13	8	43	43	33	60	16	39	12	42	50	8	17	49	21	44	31	24	32	36	37	43	27	39	54	30	23	59	58	42	22	45	12	54	13	21	29	67	48	43	36	27	24	26	
16	60	53	68	31	44	82	72	7	60	46	14	45	36	58	61	17	55	31	1	33	56	63	70	44	48	21	22	22	40	69	46	66	71	73	16	46	33	50	0	33	53	52	15	34	28	40	31	10	27	33	56	69	46	28	47	29	32	61	55	26	37	45	22	56	17	24	50	33	25	4	84	4	5	77	65	70	72	11	60	45	66	16	27	35	30	33	49	37	31	41	51	61	59	42	61	5	66	80	43	64	46	61	54	68	31	11	37	45	39	82	74	16	38	79	38	76	9	47	49	44	36	6	50	40	54	44	57	24	29	59	59	21	49	10	57	8	34	72	38	66	53	59	56	68	58	40	77	58	53	69	
48	46	28	49	8	19	53	54	27	46	27	41	21	10	30	47	18	22	20	32	16	34	55	47	22	15	18	16	12	22	42	40	52	50	44	43	15	21	17	33	0	24	23	47	18	37	20	15	23	43	12	59	37	17	12	40	9	14	60	25	40	23	14	13	49	35	14	22	24	16	29	56	32	35	50	38	70	49	27	47	14	33	17	19	3	5	27	45	38	18	8	29	39	30	13	53	29	43	53	48	31	17	44	54	61	24	36	4	13	34	54	45	44	11	51	5	51	34	15	21	41	13	27	30	19	33	31	38	29	14	40	51	15	25	42	52	25	13	51	5	54	22	30	33	63	46	35	48	33	27	38	
66	31	41	30	31	36	29	34	49	31	16	56	39	17	6	32	36	9	26	53	21	14	43	24	13	10	42	40	36	18	18	34	35	28	20	58	26	25	16	53	24	0	34	64	21	44	16	38	43	51	35	55	16	30	25	34	33	37	53	3	48	22	28	31	40	47	38	3	26	28	49	32	51	54	26	14	61	26	44	32	10	16	37	28	21	24	29	39	39	24	15	12	18	6	11	41	51	20	29	48	16	30	27	48	49	28	52	23	23	33	30	21	60	15	26	22	27	51	10	33	38	17	48	16	15	16	24	21	38	25	23	39	31	9	61	44	45	19	29	19	38	30	6	12	52	33	33	24	10	40	15	
68	64	8	63	21	9	58	68	45	64	45	63	10	30	39	65	40	25	43	51	38	48	75	57	40	24	32	30	30	42	50	61	68	62	49	65	8	44	17	52	23	34	0	67	40	60	40	22	44	66	19	81	38	6	35	61	23	20	82	32	63	45	8	35	70	57	28	34	46	39	48	60	53	56	57	46	91	60	49	65	26	32	38	42	23	28	49	66	60	41	24	44	52	38	29	72	47	54	59	71	28	6	60	76	80	47	58	19	12	56	59	49	66	29	55	19	59	56	25	3	63	34	46	47	38	49	51	54	52	37	56	70	38	40	62	73	46	34	62	22	71	4	38	46	83	64	57	52	44	7	42	
2	64	68	73	46	59	91	77	22	64	54	9	60	48	69	65	29	67	39	16	42	64	64	78	53	60	36	37	37	48	78	48	70	78	83	9	61	41	63	15	47	64	67	0	43	28	49	46	23	24	48	53	80	61	39	50	44	47	59	67	24	45	59	34	57	18	39	61	40	36	19	94	14	11	85	75	68	79	20	64	57	78	30	36	49	43	39	50	38	40	53	60	68	69	54	62	20	74	89	41	76	61	66	53	68	38	12	50	59	42	91	84	7	50	89	52	85	13	59	64	45	46	21	58	49	61	50	63	28	39	65	61	33	58	5	57	21	45	79	51	70	67	69	65	67	61	43	87	67	68	80	
45	30	46	35	25	37	48	40	31	30	12	34	40	9	25	31	17	27	4	33	2	22	37	36	10	21	30	28	24	6	35	22	36	37	40	36	31	4	27	34	18	21	40	43	0	23	6	31	25	30	30	41	38	34	8	22	25	31	42	24	27	5	32	14	31	25	27	18	6	8	30	50	31	33	43	31	51	38	23	30	18	37	20	7	17	13	9	26	20	2	17	17	27	26	14	35	32	32	46	30	36	34	29	36	43	7	30	21	28	16	48	41	38	11	45	21	42	29	20	38	23	6	29	16	6	20	13	24	16	6	26	33	13	15	40	34	25	5	38	18	37	38	26	22	45	28	17	44	24	45	36	
31	36	64	45	41	55	66	49	30	36	29	18	57	32	46	37	22	50	19	28	24	39	35	51	31	44	38	38	35	25	53	20	42	50	59	19	52	19	50	28	37	44	60	28	23	0	27	45	25	7	45	27	60	54	25	21	40	45	32	47	5	21	52	25	28	11	38	41	17	21	27	69	24	24	60	51	42	52	18	35	41	60	26	18	37	31	14	21	9	21	39	35	42	47	37	33	30	48	63	14	59	54	38	26	40	16	18	41	49	14	66	60	21	34	64	41	59	19	43	58	16	29	28	32	28	36	23	36	8	23	38	32	23	36	28	29	24	28	51	39	41	59	47	40	40	33	15	64	43	64	57	
51	26	46	30	28	38	41	35	37	26	7	40	41	10	19	27	23	23	10	39	7	16	35	30	4	18	35	33	29	2	29	21	31	32	34	42	31	8	25	40	20	16	40	49	6	27	0	35	31	35	32	42	32	34	13	21	28	34	42	19	32	6	32	19	29	31	32	13	10	14	36	44	37	39	36	25	50	31	29	26	15	32	26	13	18	17	13	26	23	9	16	11	21	20	11	33	38	26	40	32	32	34	24	36	41	11	36	22	28	17	41	34	44	10	39	22	36	36	17	38	24	7	35	11	1	14	11	19	22	11	21	30	19	9	46	33	32	8	32	18	33	37	20	16	43	25	18	38	18	46	30	
47	61	22	64	7	13	67	69	24	61	41	43	14	25	44	62	23	34	32	30	29	49	69	62	37	29	10	9	10	36	56	53	66	65	58	45	18	34	26	31	15	38	22	46	31	45	35	0	23	49	3	70	50	17	24	53	6	1	73	39	47	37	16	20	63	39	7	37	36	26	27	70	32	35	65	52	82	64	30	61	28	45	19	30	18	18	38	57	48	30	23	44	54	44	28	67	26	58	67	58	41	17	59	66	75	36	38	15	19	46	68	58	45	26	64	16	65	36	28	18	53	27	25	45	33	48	45	53	37	26	55	64	22	40	41	65	25	27	66	19	68	23	44	48	76	60	47	62	48	22	52	
25	53	45	59	23	36	72	64	6	53	37	19	37	26	49	54	8	45	22	9	23	47	57	61	35	38	14	14	14	31	59	40	59	62	64	21	37	24	40	10	23	43	44	23	25	25	31	23	0	27	25	53	59	38	18	41	21	24	57	45	25	29	36	12	50	17	16	41	25	16	5	75	9	12	67	56	67	63	7	53	35	56	6	18	25	20	26	43	32	22	31	42	52	49	32	55	7	57	71	40	54	38	53	50	62	24	14	27	36	33	72	64	22	29	70	28	67	12	37	41	38	26	4	41	30	45	36	49	18	19	50	53	12	39	18	51	2	25	63	28	60	44	49	47	63	51	34	68	49	45	59	
26	42	70	52	46	60	73	55	31	42	37	15	62	39	54	43	26	57	26	28	31	46	40	59	38	51	42	41	39	33	61	26	48	58	67	15	58	26	57	27	43	51	66	24	30	7	35	49	27	0	50	29	68	60	31	27	45	50	35	54	3	29	57	30	34	10	42	48	24	27	28	76	23	22	67	58	44	59	20	42	48	67	30	25	43	37	22	26	16	28	46	43	50	55	44	39	31	55	71	17	66	60	45	29	44	23	16	47	55	22	73	68	17	41	72	47	66	17	50	63	22	36	29	40	35	43	31	44	14	30	45	37	28	43	25	33	26	35	58	45	47	65	55	47	43	39	22	71	51	69	65	
49	59	20	61	4	11	64	66	26	59	39	44	12	22	41	60	23	31	31	32	27	46	67	59	34	25	12	11	11	34	53	51	64	62	55	46	15	33	23	33	12	35	19	48	30	45	32	3	25	50	0	70	46	14	22	52	5	2	72	35	47	35	13	20	61	40	9	34	35	25	29	66	34	37	61	49	81	61	31	59	25	41	19	29	15	16	37	56	48	29	20	41	51	41	25	65	28	55	64	58	38	14	56	65	73	34	39	12	15	45	65	55	47	23	61	13	62	37	25	16	52	25	27	43	31	45	43	51	37	25	53	63	22	37	43	64	27	25	63	16	66	20	41	45	75	58	46	58	45	20	48	
55	29	87	39	65	78	65	39	58	29	39	44	81	51	54	29	49	63	38	56	43	43	19	49	43	59	65	64	61	39	56	20	31	46	63	44	73	37	67	56	59	55	81	53	41	27	42	70	53	29	70	0	68	75	47	21	65	70	7	58	29	36	73	50	17	38	65	52	35	44	55	68	51	51	58	55	15	49	46	28	57	70	53	41	58	54	32	15	22	41	57	43	44	55	53	19	58	48	62	13	71	75	34	7	19	35	44	62	69	25	65	64	46	52	65	62	57	46	59	80	18	47	56	39	43	40	31	37	34	45	37	19	48	46	54	13	52	47	46	59	28	79	55	45	17	26	24	66	49	86	64	
82	41	46	35	43	43	20	39	64	41	31	72	46	32	14	41	52	15	42	68	38	25	54	25	29	22	56	53	50	34	16	49	42	30	12	74	33	41	23	69	37	16	38	80	38	60	32	50	59	68	46	68	0	36	41	48	45	48	65	13	65	38	36	46	52	64	51	19	43	44	65	22	67	70	21	14	72	27	60	42	24	6	53	45	34	39	45	53	54	41	29	26	25	13	27	52	66	23	22	63	10	36	36	61	58	44	68	35	31	48	21	11	76	30	17	34	23	67	22	39	53	34	63	30	32	28	39	32	55	41	32	50	47	24	77	56	61	35	31	32	46	34	13	23	62	43	48	14	19	45	5	
62	59	12	59	15	7	56	64	40	59	40	57	10	24	35	60	34	23	37	45	32	43	69	54	35	20	26	25	24	36	47	55	64	58	47	59	3	38	14	46	17	30	6	61	34	54	34	17	38	60	14	75	36	0	29	55	17	16	76	29	57	39	2	29	64	51	23	30	40	33	42	58	47	50	55	43	85	56	43	59	21	31	32	36	17	22	43	60	54	34	18	39	48	35	23	67	42	50	57	65	27	0	55	70	75	40	52	13	6	50	57	47	60	24	53	13	56	50	20	4	57	28	40	42	33	44	45	50	46	31	51	65	31	35	56	67	40	28	59	16	66	6	35	42	77	59	51	50	40	11	40	
41	38	40	43	18	31	53	48	24	38	20	31	34	8	30	39	10	28	8	27	6	29	45	43	17	21	22	20	16	14	41	29	44	45	45	33	27	10	26	28	12	25	35	39	8	25	13	24	18	31	22	47	41	29	0	29	18	23	49	27	28	13	27	6	38	24	19	22	12	4	24	56	26	28	49	37	58	45	18	38	18	39	13	6	12	7	14	33	25	6	15	24	34	31	14	43	26	39	52	35	37	29	37	42	51	12	27	16	24	22	54	46	35	11	51	16	49	25	20	33	29	7	23	24	12	27	21	32	17	2	34	40	6	21	35	41	19	6	46	14	45	34	31	29	52	36	23	49	30	39	41	
52	15	67	24	47	59	48	27	47	15	18	40	62	31	34	15	34	42	21	47	24	23	16	32	22	38	50	49	45	19	37	1	20	30	43	41	53	19	46	47	40	34	61	50	22	21	21	53	41	27	52	21	48	55	29	0	47	53	20	37	26	17	53	34	9	31	48	31	17	27	45	51	43	43	41	35	29	32	36	14	36	49	39	24	38	36	15	5	11	22	37	22	25	35	33	14	48	30	45	15	50	55	17	14	21	18	38	43	49	8	47	44	43	31	47	43	40	39	38	60	5	27	45	18	22	20	10	18	23	27	18	12	32	25	49	12	41	27	31	39	19	59	35	25	23	11	7	47	29	67	44	
45	55	25	58	2	15	62	63	22	55	35	40	17	19	39	56	18	30	26	28	23	43	63	56	31	24	10	8	7	30	51	47	60	59	53	42	17	28	23	29	9	33	23	44	25	40	28	6	21	45	5	65	45	17	18	47	0	5	67	34	42	30	15	15	56	35	6	31	30	20	25	65	30	33	59	47	76	58	26	55	23	41	15	24	12	11	32	51	43	24	17	38	48	39	22	60	25	52	62	53	38	17	52	60	68	30	35	10	16	40	63	53	43	20	59	11	60	33	23	20	47	21	23	39	27	42	39	47	32	20	49	58	17	34	39	59	23	20	60	13	62	23	39	42	70	54	41	57	42	24	47	
48	60	21	63	6	12	66	68	25	60	41	43	13	24	43	61	23	33	32	31	29	48	68	61	36	27	11	10	10	36	55	53	66	64	57	45	17	34	25	32	14	37	20	47	31	45	34	1	24	50	2	70	48	16	23	53	5	0	73	38	47	36	15	20	62	40	8	36	36	26	28	68	33	36	63	51	82	63	30	61	27	43	19	29	17	17	38	57	48	30	22	43	53	43	27	66	27	57	66	58	40	16	58	66	74	35	39	14	17	46	67	57	46	25	63	15	64	36	27	17	53	27	26	44	33	47	44	52	37	26	54	64	22	39	42	65	26	26	65	18	68	22	43	47	76	59	47	61	47	21	50	
61	25	88	34	67	79	61	34	62	25	38	50	82	51	52	25	52	62	40	61	44	40	13	45	42	59	68	67	64	39	52	20	26	41	59	50	73	39	67	61	60	53	82	59	42	32	42	73	57	35	72	7	65	76	49	20	67	73	0	56	35	37	74	53	13	43	67	51	37	46	59	63	56	56	54	51	9	44	50	24	56	68	56	43	59	56	34	15	25	42	58	41	40	53	53	14	63	44	57	18	69	76	30	6	12	37	50	63	70	26	60	60	52	52	61	63	52	51	58	80	19	48	60	37	43	37	30	33	38	47	33	15	51	44	60	9	56	48	41	60	22	79	53	42	10	22	25	62	46	87	61	
69	34	40	31	32	36	28	36	50	34	19	59	39	19	6	34	38	7	28	55	24	17	46	25	16	10	43	41	38	21	18	37	37	29	19	60	26	28	15	55	25	3	32	67	24	47	19	39	45	54	35	58	13	29	27	37	34	38	56	0	51	25	28	33	42	50	39	6	29	31	51	31	54	56	26	14	64	27	46	35	11	13	39	31	22	26	32	42	42	27	16	15	20	6	13	44	53	21	28	51	13	29	29	51	51	31	54	24	23	36	29	19	62	16	25	22	27	53	10	32	41	20	50	19	18	18	27	24	41	27	25	42	34	12	63	47	47	21	30	20	41	29	6	14	54	35	36	23	12	39	13	
26	41	67	50	43	57	71	53	29	41	34	15	59	36	51	41	24	54	23	26	28	44	39	56	36	48	39	39	36	30	58	24	46	55	64	15	55	23	54	26	40	48	63	24	27	5	32	47	25	3	47	29	65	57	28	26	42	47	35	51	0	26	55	27	32	8	40	45	21	24	26	74	22	21	65	55	44	57	18	40	45	64	28	22	40	34	19	25	14	25	43	40	47	52	41	37	29	53	68	17	63	57	43	29	43	20	15	44	52	19	71	65	17	38	69	44	64	16	47	61	21	33	27	37	32	41	28	41	11	27	43	36	25	40	25	32	24	32	56	42	45	62	52	45	43	37	20	68	48	66	62	
47	25	50	30	30	42	46	35	35	25	9	36	45	14	25	26	21	29	6	37	7	19	32	33	9	23	35	33	29	4	33	16	31	34	38	37	36	4	31	37	23	22	45	45	5	21	6	37	29	29	35	36	38	39	13	17	30	36	37	25	26	0	36	19	26	27	32	19	5	13	34	48	34	36	40	30	46	34	26	25	20	38	25	10	21	19	7	21	17	7	21	14	23	26	17	29	36	29	43	27	38	39	24	31	38	6	32	26	33	12	45	39	39	15	44	26	39	32	22	43	18	10	33	13	7	16	8	19	17	11	21	27	18	14	42	29	29	10	34	22	32	42	26	19	39	23	12	43	22	50	36	
61	57	14	57	13	8	55	62	38	57	38	55	11	22	34	58	32	22	34	44	30	42	67	52	33	18	25	23	22	34	46	53	62	56	46	57	2	36	13	45	14	28	8	59	32	52	32	16	36	57	13	73	36	2	27	53	15	15	74	28	55	36	0	27	62	49	21	28	38	31	40	57	45	48	54	42	83	55	41	57	19	30	30	34	15	20	41	58	52	32	16	38	46	34	21	65	40	49	56	62	26	2	54	68	73	38	50	11	5	48	56	46	58	21	52	10	55	48	18	6	55	26	38	40	31	42	43	48	44	29	50	63	29	33	54	65	38	26	57	14	65	8	34	40	75	57	49	49	39	13	39	
36	44	39	49	16	29	59	54	18	44	26	28	32	14	36	45	5	32	13	21	12	35	50	49	23	25	16	14	11	20	47	33	50	51	51	30	28	15	29	22	13	31	35	34	14	25	19	20	12	30	20	50	46	29	6	34	15	20	53	33	27	19	27	0	43	22	14	28	16	6	18	62	21	23	55	43	62	51	14	44	23	44	6	9	14	8	18	38	28	12	18	30	40	37	19	48	20	45	58	38	42	29	43	46	55	16	23	17	26	26	60	52	31	16	57	18	55	21	24	33	33	13	17	30	18	33	27	38	17	8	40	45	2	27	30	46	14	12	52	16	51	35	37	35	57	42	27	55	37	39	46	
59	12	76	22	56	68	48	23	56	12	25	47	71	39	38	12	44	49	30	56	33	26	7	32	29	46	60	58	54	27	39	10	15	29	46	48	61	28	54	56	49	40	70	57	31	28	29	63	50	34	61	17	52	64	38	9	56	62	13	42	32	26	62	43	0	39	58	38	26	37	54	51	52	52	41	38	21	32	45	11	44	54	48	33	47	45	25	7	19	32	45	27	27	39	41	5	57	31	45	18	56	64	17	10	12	27	46	52	57	17	48	47	50	40	48	51	40	47	45	68	12	36	54	23	31	24	18	20	32	36	20	3	42	31	57	4	50	36	29	48	13	67	39	29	13	9	16	49	32	75	47	
21	46	60	54	37	51	73	58	20	46	36	9	53	32	51	47	17	52	21	18	26	45	46	59	36	45	31	31	29	30	60	30	52	59	65	10	50	23	50	17	35	47	57	18	25	11	31	39	17	10	40	38	64	51	24	31	35	40	43	50	8	27	49	22	39	0	32	44	22	20	17	75	13	13	67	57	52	60	10	45	42	62	20	19	36	30	20	32	20	23	39	41	50	52	38	44	20	55	70	25	61	51	47	37	51	20	7	39	48	24	72	66	12	35	71	40	66	8	44	55	27	30	18	39	32	43	31	45	9	23	46	42	20	41	17	40	15	29	60	38	51	57	52	46	51	43	25	70	49	60	62	
40	57	29	62	8	20	68	67	17	57	39	35	21	23	44	58	16	36	27	23	25	47	64	60	35	30	4	2	3	33	56	48	63	63	59	37	23	29	29	24	14	38	28	39	27	38	32	7	16	42	9	65	51	23	19	48	6	8	67	39	40	32	21	14	58	32	0	36	31	21	20	70	25	28	64	52	77	62	22	58	28	47	12	24	17	15	33	52	43	26	23	42	52	44	27	62	19	56	67	52	44	23	56	61	70	30	31	16	23	41	68	59	38	24	65	17	65	28	29	25	48	25	18	43	31	46	41	51	31	21	53	60	16	38	34	60	18	24	64	19	65	29	44	46	72	56	42	63	47	29	53	
63	30	42	29	30	36	31	34	46	30	13	53	39	14	8	31	33	11	22	50	18	13	42	25	10	9	40	38	34	15	19	32	34	28	23	55	26	22	17	50	22	3	34	61	18	41	13	37	41	48	34	52	19	30	22	31	31	36	51	6	45	19	28	28	38	44	36	0	23	25	46	34	48	51	28	15	59	27	41	31	9	19	35	25	19	22	26	37	36	21	14	10	18	8	9	40	48	21	31	45	19	30	26	46	47	25	49	22	23	30	32	23	56	12	29	21	28	48	9	34	35	14	45	14	12	14	21	20	35	22	22	38	29	6	58	42	42	16	29	18	37	31	8	12	50	31	30	27	11	41	18	
42	28	52	34	30	43	50	39	31	28	14	31	45	16	29	29	18	33	3	32	8	24	33	38	14	27	33	31	27	8	38	17	34	38	43	32	38	2	33	33	24	26	46	40	6	17	10	36	25	24	35	35	43	40	12	17	30	36	37	29	21	5	38	16	26	22	31	23	0	10	30	53	29	31	45	35	46	39	21	28	24	42	22	7	23	19	3	21	14	5	23	19	28	30	20	31	32	34	48	24	42	40	27	30	39	1	27	27	34	10	50	44	34	17	49	27	44	27	26	44	17	12	29	17	11	21	11	24	12	10	26	29	15	19	38	29	25	12	39	24	35	44	30	24	40	26	11	48	27	51	41	
38	38	43	43	21	34	56	48	22	38	21	28	37	12	33	39	8	31	7	25	7	30	43	45	18	25	22	21	17	14	43	27	44	46	48	30	31	9	30	25	16	28	39	36	8	21	14	26	16	27	25	44	44	33	4	27	20	26	46	31	24	13	31	6	37	20	21	25	10	0	21	59	23	25	51	39	56	46	15	38	22	42	12	3	16	10	12	31	22	6	19	25	35	33	18	41	24	41	54	32	41	33	37	40	49	9	23	19	28	20	56	48	31	14	53	20	51	22	24	37	27	10	21	25	14	28	21	32	13	3	34	39	5	23	32	39	17	9	47	18	45	38	33	30	51	36	21	52	33	43	44	
20	57	49	64	27	40	78	69	3	57	42	17	41	32	54	58	13	50	27	3	29	52	61	67	40	43	17	18	18	36	65	44	63	68	69	18	42	29	46	4	29	49	48	19	30	27	36	27	5	28	29	55	65	42	24	45	25	28	59	51	26	34	40	18	54	17	20	46	30	21	0	80	5	8	73	61	69	68	9	57	41	62	12	23	31	25	30	47	35	27	36	47	57	55	38	59	3	63	76	42	59	42	57	53	66	28	12	32	41	37	78	70	18	34	75	34	73	10	42	45	42	32	2	47	36	50	41	54	22	25	55	57	17	45	14	55	4	30	69	33	64	48	55	52	66	55	38	73	54	49	65	
96	38	68	29	63	65	2	30	80	38	39	84	68	48	26	38	67	35	54	84	51	30	50	18	40	41	74	72	68	45	15	52	37	22	11	86	55	53	44	84	56	32	60	94	50	69	44	70	75	76	66	68	22	58	56	51	65	68	63	31	74	48	57	62	51	75	70	34	53	59	80	0	82	84	9	19	67	19	74	39	42	28	69	58	53	56	55	55	60	53	47	33	26	25	43	49	82	21	6	66	32	58	34	61	53	55	81	55	52	54	3	11	88	47	5	53	11	80	41	61	56	48	79	36	44	33	45	33	65	55	32	48	63	35	91	54	76	50	22	51	41	56	25	29	57	42	54	8	26	67	18	
15	57	54	64	32	45	79	68	8	57	43	11	46	35	56	57	15	53	28	4	30	53	59	67	42	46	22	23	23	37	66	42	63	68	71	13	46	30	49	4	32	51	53	14	31	24	37	32	9	23	34	51	67	47	26	43	30	33	56	54	22	34	45	21	52	13	25	48	29	23	5	82	0	3	74	63	66	68	8	56	44	65	15	24	34	29	29	45	33	28	39	48	58	57	40	57	7	63	77	39	63	47	57	50	64	28	7	36	45	35	79	72	13	37	77	37	74	5	45	50	40	33	7	47	37	51	40	54	20	26	55	55	20	46	9	53	7	32	69	37	63	53	57	53	64	54	36	75	56	54	67	
13	57	57	65	35	48	81	70	11	57	45	9	49	37	58	58	18	56	30	6	32	55	59	69	43	49	25	26	26	39	68	42	63	69	73	10	49	31	52	5	35	54	56	11	33	24	39	35	12	22	37	51	70	50	28	43	33	36	56	56	21	36	48	23	52	13	28	51	31	25	8	84	3	0	76	65	65	70	9	57	46	67	18	26	37	31	30	45	33	30	42	50	59	59	43	57	10	65	79	38	65	50	58	50	64	30	6	39	48	36	81	74	10	39	79	40	75	5	48	53	40	36	10	49	39	52	42	55	20	29	57	55	22	48	7	53	10	34	70	39	63	56	59	55	64	55	37	77	58	57	69	
87	29	65	20	58	62	7	21	73	29	31	76	65	42	20	29	59	32	46	76	44	21	41	9	32	36	68	66	62	37	8	42	28	13	9	77	52	44	41	77	50	26	57	85	43	60	36	65	67	67	61	58	21	55	49	41	59	63	54	26	65	40	54	55	41	67	64	28	45	51	73	9	74	76	0	12	58	10	66	30	36	27	62	50	47	50	46	45	51	45	41	25	17	20	37	40	75	11	3	57	31	55	24	51	44	46	72	49	49	45	6	10	79	40	7	48	2	72	36	58	47	41	72	27	36	24	36	23	57	48	22	39	55	27	83	45	68	42	13	46	32	53	20	20	48	32	44	9	18	64	16	
77	26	54	20	45	50	16	24	61	26	21	66	53	29	8	27	48	20	35	65	32	12	39	11	21	24	56	54	50	26	4	36	28	16	8	67	40	34	29	65	38	14	46	75	31	51	25	52	56	58	49	55	14	43	37	35	47	51	51	14	55	30	42	43	38	57	52	15	35	39	61	19	63	65	12	0	57	13	55	27	24	19	50	38	35	38	36	40	43	34	29	15	11	8	25	38	63	9	15	50	22	43	21	48	44	36	62	37	37	37	16	9	69	28	14	36	13	61	24	46	40	29	60	18	25	15	27	18	47	36	18	36	43	16	72	42	57	31	17	33	32	42	8	10	47	29	37	13	7	53	9	
70	30	97	38	77	89	65	37	72	30	46	59	92	60	59	30	62	70	50	70	54	47	18	49	51	67	78	77	73	48	57	29	30	45	64	59	82	48	75	70	70	61	91	68	51	42	50	82	67	44	81	15	72	85	58	29	76	82	9	64	44	46	83	62	21	52	77	59	46	56	69	67	66	65	58	57	0	48	60	29	65	75	66	53	68	65	44	25	34	52	67	48	46	60	62	19	72	49	61	27	76	85	35	16	14	46	59	72	79	36	64	65	61	61	65	72	56	61	67	89	29	57	70	44	52	45	39	40	48	56	39	21	60	52	69	17	66	57	45	69	26	88	60	49	10	28	35	66	53	96	67	
81	19	68	10	57	62	17	12	69	19	25	69	66	39	20	19	55	34	40	71	39	15	31	2	28	36	66	63	60	31	11	34	18	3	17	70	53	38	42	72	49	26	60	79	38	52	31	64	63	59	61	49	27	56	45	32	58	63	44	27	57	34	55	51	32	60	62	27	39	46	68	19	68	70	10	13	48	0	60	20	36	32	58	44	46	47	40	36	43	40	41	20	10	21	36	30	70	6	13	48	35	56	15	42	34	40	66	49	50	37	16	17	73	38	17	48	8	66	36	60	38	38	67	21	32	17	29	15	50	43	14	29	51	24	77	35	63	39	3	45	22	56	21	16	38	23	36	18	16	67	21	
22	49	51	56	28	41	71	61	11	49	35	14	43	27	48	50	9	46	20	11	22	45	52	59	34	39	21	21	19	29	58	35	55	60	63	16	42	21	43	11	27	44	49	20	23	18	29	30	7	20	31	46	60	43	18	36	26	30	50	46	18	26	41	14	45	10	22	41	21	15	9	74	8	9	66	55	60	60	0	49	37	58	11	16	28	22	21	38	26	20	33	40	50	49	33	50	12	55	69	33	56	43	49	44	57	20	9	31	40	28	71	64	17	30	69	32	66	7	38	46	33	26	9	39	29	43	32	46	13	19	47	48	13	38	17	46	5	25	61	31	55	49	49	45	57	46	29	67	48	51	59	
66	1	72	11	55	64	37	13	59	1	20	54	68	36	30	1	46	41	31	60	32	18	11	21	25	40	60	58	54	25	28	15	6	18	35	55	56	29	48	60	47	32	65	64	30	35	26	61	53	42	59	28	42	59	38	14	55	61	24	35	40	25	57	44	11	45	58	31	28	38	57	39	56	57	30	27	29	20	49	0	38	45	50	35	44	43	27	16	26	32	41	20	16	30	36	10	60	20	33	28	47	59	6	21	16	29	52	48	53	21	36	36	57	36	37	48	28	52	39	64	19	33	57	17	27	16	17	10	36	36	9	9	43	24	63	15	53	34	18	44	7	61	30	20	20	2	20	38	23	71	37	
59	38	33	38	21	27	39	43	40	38	19	50	30	9	16	38	28	9	22	44	17	22	48	34	14	3	32	30	26	17	28	36	42	37	30	52	18	22	10	45	14	10	26	57	18	41	15	28	35	48	25	57	24	21	18	36	23	27	56	11	45	20	19	23	44	42	28	9	24	22	41	42	44	46	36	24	65	36	37	38	0	21	29	23	11	15	27	41	38	20	5	18	26	16	4	46	42	30	39	48	19	21	34	51	54	25	45	13	14	32	40	30	53	7	36	12	37	44	2	25	39	12	39	21	13	22	26	28	34	18	30	44	24	13	53	47	37	13	38	9	45	23	16	20	57	38	33	34	20	32	24	
80	44	40	39	39	38	26	43	61	44	32	71	41	30	15	45	49	11	41	65	37	27	57	30	29	18	51	49	46	34	21	50	46	35	18	73	28	41	18	66	33	16	32	78	37	60	32	45	56	67	41	70	6	31	39	49	41	43	68	13	64	38	30	44	54	62	47	19	42	42	62	28	65	67	27	19	75	32	58	45	21	0	50	43	31	36	45	54	55	39	25	27	29	14	24	55	63	28	28	64	4	31	39	63	62	43	66	31	26	49	27	17	74	28	23	29	29	65	19	33	54	32	60	31	31	30	40	34	54	39	35	53	45	25	74	58	58	33	36	29	50	28	14	25	65	46	49	20	21	39	11	
31	50	40	55	17	30	66	60	11	50	32	25	32	20	43	51	4	38	19	15	18	42	55	56	30	31	12	11	8	26	54	38	56	58	58	27	31	21	34	16	17	37	38	30	20	26	26	19	6	30	19	53	53	32	13	39	15	19	56	39	28	25	30	6	48	20	12	35	22	12	12	69	15	18	62	50	66	58	11	50	29	50	0	15	19	13	23	42	31	18	24	37	47	43	26	53	13	52	65	40	47	32	49	50	60	21	20	20	29	31	66	58	28	22	64	22	62	18	30	35	37	20	10	37	25	40	33	44	19	14	46	50	7	34	25	50	8	19	59	21	57	38	43	42	61	48	32	62	43	40	53	
38	35	47	41	24	38	55	45	24	35	19	27	40	14	32	36	11	32	4	26	6	29	40	43	17	26	26	24	21	13	42	23	41	44	47	29	34	6	32	27	19	28	42	36	7	18	13	30	18	25	29	41	45	36	6	24	24	29	43	31	22	10	34	9	33	19	24	25	7	3	23	58	24	26	50	38	53	44	16	35	23	43	15	0	18	13	8	28	19	4	21	24	34	33	19	38	26	39	53	29	42	36	34	36	46	6	23	22	31	17	55	48	31	16	53	23	49	22	25	40	23	11	23	23	13	26	18	30	11	5	32	36	8	22	33	36	19	10	45	20	42	41	33	29	47	33	17	51	31	46	43	
50	44	29	46	11	20	50	51	30	44	24	42	23	8	27	45	19	19	19	34	15	31	53	44	19	12	21	19	15	20	39	38	49	47	41	44	15	20	14	35	3	21	23	49	17	37	18	18	25	43	15	58	34	17	12	38	12	17	59	22	40	21	15	14	47	36	17	19	23	16	31	53	34	37	47	35	68	46	28	44	11	31	19	18	0	6	26	43	37	17	5	26	36	27	10	51	32	40	50	47	28	17	41	53	59	23	37	4	12	33	51	42	46	8	47	4	48	36	12	21	40	11	29	28	17	30	29	36	29	13	38	49	16	22	44	51	27	11	48	2	52	22	27	30	61	43	34	45	30	28	35	
44	43	33	47	11	24	54	52	24	43	24	36	26	8	30	44	13	25	15	29	11	32	51	45	20	17	18	16	12	18	42	35	49	48	45	38	20	17	20	30	5	24	28	43	13	31	17	18	20	37	16	54	39	22	7	36	11	17	56	26	34	19	20	8	45	30	15	22	19	10	25	56	29	31	50	38	65	47	22	43	15	36	13	13	6	0	21	40	32	13	10	27	37	30	13	49	26	41	53	43	34	22	41	49	57	19	31	9	18	29	54	45	40	9	51	10	50	30	17	26	36	10	24	28	16	31	27	36	24	9	38	46	10	23	38	48	21	9	49	8	50	27	30	31	59	42	30	49	32	32	40	
41	27	55	34	33	46	52	39	32	27	15	29	48	19	32	28	19	36	6	32	11	25	31	39	16	30	35	33	29	11	40	14	33	39	45	31	41	5	37	33	27	29	49	39	9	14	13	38	26	22	37	32	45	43	14	15	32	38	34	32	19	7	41	18	25	20	33	26	3	12	30	55	29	30	46	36	44	40	21	27	27	45	23	8	26	21	0	19	11	8	26	21	29	33	23	29	33	35	50	21	45	43	27	27	37	2	26	30	38	8	52	46	33	20	50	30	45	26	29	47	15	15	30	19	14	22	11	24	10	12	26	27	17	21	37	27	26	15	39	27	34	47	33	26	38	25	8	49	29	54	43	
52	17	72	27	52	64	52	29	49	17	23	40	67	36	39	17	37	48	25	49	29	28	14	36	27	44	54	52	49	24	41	5	21	34	48	41	58	23	51	49	45	39	66	50	26	21	26	57	43	26	56	15	53	60	33	5	51	57	15	42	25	21	58	38	7	32	52	37	21	31	47	55	45	45	45	40	25	36	38	16	41	54	42	28	43	40	19	0	12	27	42	27	29	40	38	12	50	34	49	12	55	60	21	9	19	21	39	48	54	11	51	49	43	37	51	48	44	40	43	65	5	32	47	23	28	25	15	22	25	31	22	10	36	30	50	8	43	32	34	44	20	64	40	30	19	13	10	51	34	72	49	
40	26	66	36	43	57	58	39	37	26	23	28	59	30	40	27	27	46	17	37	22	31	26	43	26	41	43	42	39	21	46	10	32	41	52	29	52	16	48	37	38	39	60	38	20	9	23	48	32	16	48	22	54	54	25	11	43	48	25	42	14	17	52	28	19	20	43	36	14	22	35	60	33	33	51	43	34	43	26	26	38	55	31	19	37	32	11	12	0	19	37	28	34	41	34	24	38	39	55	10	55	54	29	18	31	13	27	41	49	6	57	53	31	31	56	41	50	28	40	58	7	26	35	25	24	28	15	28	13	23	29	22	26	30	38	20	31	26	42	38	31	59	41	32	31	23	6	56	36	65	51	
42	32	46	37	25	37	50	42	28	32	15	31	40	11	28	33	14	29	2	30	3	25	38	39	13	23	28	26	22	8	38	22	38	40	43	33	32	3	29	31	18	24	41	40	2	21	9	30	22	28	29	41	41	34	6	22	24	30	42	27	25	7	32	12	32	23	26	21	5	6	27	53	28	30	45	34	52	40	20	32	20	39	18	4	17	13	8	27	19	0	18	20	29	29	16	36	30	35	49	30	38	34	31	36	44	5	27	21	29	16	51	43	35	13	48	21	45	26	22	39	23	8	26	19	9	22	15	26	14	4	28	34	11	18	37	34	23	7	41	18	39	39	29	25	46	30	17	47	27	45	39	
55	41	30	42	16	23	44	47	35	41	21	46	26	7	21	42	24	14	20	40	15	26	51	39	16	7	27	25	21	18	33	37	46	42	35	48	15	21	11	41	8	15	24	53	17	39	16	23	31	46	20	57	29	18	15	37	17	22	58	16	43	21	16	18	45	39	23	14	23	19	36	47	39	42	41	29	67	41	33	41	5	25	24	21	5	10	26	42	37	18	0	22	31	21	5	49	37	35	44	47	23	18	38	52	57	24	42	8	12	33	45	36	50	5	42	7	42	40	6	22	39	10	35	24	14	26	27	32	32	16	34	46	20	17	49	49	32	11	43	4	48	21	21	25	59	41	33	39	25	29	30	
62	19	51	20	37	45	31	25	48	19	5	50	48	19	12	20	34	21	20	51	18	5	31	19	7	20	45	43	39	11	18	23	24	21	24	52	36	19	27	51	29	12	44	60	17	35	11	44	42	43	41	43	26	39	24	22	38	43	41	15	40	14	38	30	27	41	42	10	19	25	47	33	48	50	25	15	48	20	40	20	18	27	37	24	26	27	21	27	28	20	22	0	10	13	16	29	50	15	29	37	28	39	16	36	36	21	47	29	33	22	31	25	54	18	29	29	25	46	19	43	27	17	46	4	11	4	13	10	32	22	12	27	30	4	57	31	43	18	22	25	27	41	13	5	40	20	22	28	8	51	22	
71	15	60	11	47	54	23	16	58	15	14	59	57	29	14	16	44	27	30	60	28	5	28	9	17	27	55	53	49	21	12	26	17	11	19	60	44	28	34	61	39	18	52	68	27	42	21	54	52	50	51	44	25	48	34	25	48	53	40	20	47	23	46	40	27	50	52	18	28	35	57	26	58	59	17	11	46	10	50	16	26	29	47	34	36	37	29	29	34	29	31	10	0	14	26	26	60	5	20	40	31	48	10	37	33	30	56	39	41	28	23	20	62	28	22	38	16	55	27	52	30	27	56	10	21	7	19	7	40	32	7	25	40	14	66	31	53	28	12	35	21	48	14	6	36	18	27	22	7	59	20	
71	30	46	26	38	42	23	30	55	30	18	61	45	23	1	30	41	13	30	58	27	13	42	18	16	16	48	46	42	21	12	36	32	23	14	62	32	29	21	59	30	6	38	69	26	47	20	44	49	55	41	55	13	35	31	35	39	43	53	6	52	26	34	37	39	52	44	8	30	33	55	25	57	59	20	8	60	21	49	30	16	14	43	33	27	30	33	40	41	29	21	13	14	0	17	40	57	15	22	50	16	35	25	49	47	32	57	29	29	35	23	15	64	21	20	28	21	56	16	39	40	23	54	17	20	15	26	20	42	30	21	39	37	11	66	43	50	24	24	25	36	35	0	10	51	31	35	18	7	45	10	
56	35	35	37	21	28	41	42	37	35	16	46	31	5	17	36	25	13	18	41	13	21	46	34	11	7	31	28	25	13	29	33	40	37	32	48	20	18	13	42	13	11	29	54	14	37	11	28	32	44	25	53	27	23	14	33	22	27	53	13	41	17	21	19	41	38	27	9	20	18	38	43	40	43	37	25	62	36	33	36	4	24	26	19	10	13	23	38	34	16	5	16	26	17	0	43	39	30	40	44	23	23	32	47	51	21	42	13	17	29	41	32	50	3	38	12	38	40	6	27	35	8	36	19	10	21	22	26	30	14	28	41	20	12	50	44	34	9	38	9	43	26	17	20	54	35	29	36	20	35	27	
64	11	79	20	60	71	47	20	61	11	27	52	74	43	39	11	48	51	34	61	37	27	2	31	32	48	64	62	59	31	38	15	12	27	45	53	64	32	56	61	53	41	72	62	35	33	33	67	55	39	65	19	52	67	43	14	60	66	14	44	37	29	65	48	5	44	62	40	31	41	59	49	57	57	40	38	19	30	50	10	46	55	53	38	51	49	29	12	24	36	49	29	26	40	43	0	62	30	43	23	57	67	16	13	8	32	51	55	60	22	46	46	55	43	47	55	38	52	48	71	17	39	59	25	34	25	21	20	37	40	19	2	46	33	62	6	55	40	27	51	9	70	40	29	10	8	21	48	33	78	47	
21	60	48	67	27	39	79	72	2	60	45	19	40	34	56	61	15	51	30	4	31	55	64	69	42	44	16	17	18	39	67	47	66	70	71	21	42	32	46	5	29	51	47	20	32	30	38	26	7	31	28	58	66	42	26	48	25	27	63	53	29	36	40	20	57	20	19	48	32	24	3	82	7	10	75	63	72	70	12	60	42	63	13	26	32	26	33	50	38	30	37	50	60	57	39	62	0	65	78	45	60	42	60	56	69	31	15	33	41	40	80	72	21	36	77	34	75	13	43	44	45	33	3	49	38	52	43	56	25	27	58	60	19	47	15	58	7	32	71	34	67	48	57	55	69	58	41	75	56	48	66	
76	19	62	11	51	57	18	15	63	19	20	65	60	33	15	19	49	28	35	66	34	10	31	4	22	30	60	58	54	26	8	31	19	7	15	66	47	33	37	66	43	20	54	74	32	48	26	58	57	55	55	48	23	50	39	30	52	57	44	21	53	29	49	45	31	55	56	21	34	41	63	21	63	65	11	9	49	6	55	20	30	28	52	39	40	41	35	34	39	35	35	15	5	15	30	30	65	0	15	45	31	50	14	41	35	35	61	43	44	33	17	16	68	32	17	42	10	61	30	54	35	32	62	16	26	12	24	12	46	38	11	29	45	18	72	35	58	33	8	39	23	50	15	10	39	22	33	18	10	61	18	
91	32	67	23	60	64	4	24	76	32	34	79	67	45	23	32	62	34	49	79	47	24	44	12	35	38	71	69	65	40	11	46	31	16	10	81	54	48	43	80	53	29	59	89	46	63	40	67	71	71	64	62	22	57	52	45	62	66	57	28	68	43	56	58	45	70	67	31	48	54	76	6	77	79	3	15	61	13	69	33	39	28	65	53	50	53	50	49	55	49	44	29	20	22	40	43	78	15	0	60	32	57	28	55	47	50	76	52	51	49	3	10	83	43	5	51	5	75	38	60	50	44	75	31	40	27	40	27	60	51	26	42	58	31	86	48	72	46	16	48	35	55	22	24	51	36	48	8	21	66	17	
43	29	76	39	53	67	64	41	45	29	32	32	69	40	49	30	36	55	27	43	32	38	24	48	35	50	53	52	48	30	52	14	33	46	59	32	62	26	58	43	48	48	71	41	30	14	32	58	40	17	58	13	63	65	35	15	53	58	18	51	17	27	62	38	18	25	52	45	24	32	42	66	39	38	57	50	27	48	33	28	48	64	40	29	47	43	21	12	10	30	47	37	40	50	44	23	45	45	60	0	64	65	33	12	27	24	32	51	59	15	63	60	34	42	63	51	55	33	50	69	10	37	43	33	34	35	24	33	21	33	34	22	36	39	42	17	39	36	46	48	31	69	50	40	26	25	15	63	44	75	59	
78	46	36	42	36	34	30	46	58	46	32	69	37	28	17	47	47	9	40	63	35	29	59	33	29	16	48	46	43	34	24	51	49	38	21	71	24	40	15	64	31	16	28	76	36	59	32	41	54	66	38	71	10	27	37	50	38	40	69	13	63	38	26	42	56	61	44	19	42	41	59	32	63	65	31	22	76	35	56	47	19	4	47	42	28	34	45	55	55	38	23	28	31	16	23	57	60	31	32	64	0	27	41	64	64	43	65	28	22	49	31	21	73	26	27	26	32	63	17	29	54	31	58	32	31	31	40	36	53	37	37	55	43	25	72	60	56	32	39	26	53	24	16	27	67	48	49	24	23	35	14	
62	59	12	59	15	7	56	64	40	59	40	57	10	24	35	60	34	23	37	45	32	43	69	54	35	20	26	25	24	36	47	55	64	58	47	59	3	38	14	46	17	30	6	61	34	54	34	17	38	60	14	75	36	0	29	55	17	16	76	29	57	39	2	29	64	51	23	30	40	33	42	58	47	50	55	43	85	56	43	59	21	31	32	36	17	22	43	60	54	34	18	39	48	35	23	67	42	50	57	65	27	0	55	70	75	40	52	13	6	50	57	47	60	24	53	13	56	50	20	4	57	28	40	42	33	44	45	50	46	31	51	65	31	35	56	67	40	28	59	16	66	6	35	42	77	59	51	50	40	11	40	
68	5	68	7	52	61	31	11	59	5	17	56	64	33	24	5	45	36	30	60	31	12	17	15	21	36	59	57	53	23	22	19	8	13	29	57	52	28	43	61	44	27	60	66	29	38	24	59	53	45	56	34	36	55	37	17	52	58	30	29	43	24	54	43	17	47	56	26	27	37	57	34	57	58	24	21	35	15	49	6	34	39	49	34	41	41	27	21	29	31	38	16	10	25	32	16	60	14	28	33	41	55	0	27	22	29	54	45	49	23	31	30	59	33	31	44	23	54	35	60	23	31	57	13	25	11	16	5	38	35	4	15	42	20	64	21	53	32	13	41	11	57	25	14	26	8	22	32	18	67	31	
55	22	82	32	61	73	59	33	56	22	32	44	76	45	48	22	45	57	34	54	38	36	13	42	37	53	62	60	57	33	49	14	25	39	56	44	67	32	61	54	54	48	76	53	36	26	36	66	50	29	65	7	61	70	42	14	60	66	6	51	29	31	68	46	10	37	61	46	30	40	53	61	50	50	51	48	16	42	44	21	51	63	50	36	53	49	27	9	18	36	52	36	37	49	47	13	56	41	55	12	64	70	27	0	15	30	44	57	64	19	58	57	46	46	58	57	50	45	52	74	12	41	53	32	37	33	25	30	31	40	30	13	44	39	54	6	50	41	39	53	22	73	49	38	14	19	19	59	42	81	57	
70	17	87	24	68	79	51	23	68	17	35	58	82	51	46	17	56	58	42	68	45	34	5	35	40	56	72	70	67	39	43	22	16	31	50	59	72	40	64	68	61	49	80	68	43	40	41	75	62	44	73	19	58	75	51	21	68	74	12	51	43	38	73	55	12	51	70	47	39	49	66	53	64	64	44	44	14	34	57	16	54	62	60	46	59	57	37	19	31	44	57	36	33	47	51	8	69	35	47	27	64	75	22	15	0	39	58	63	68	29	50	51	61	51	51	63	42	59	55	79	24	48	66	33	42	32	30	27	44	48	26	10	54	41	68	11	62	48	31	59	12	77	47	36	4	16	28	52	40	86	53	
41	29	52	36	30	43	52	40	30	29	15	29	46	16	31	30	17	34	3	31	8	25	34	39	15	28	32	31	27	10	39	17	35	39	45	31	38	3	34	31	24	28	47	38	7	16	11	36	24	23	34	35	44	40	12	18	30	35	37	31	20	6	38	16	27	20	30	25	1	9	28	55	28	30	46	36	46	40	20	29	25	43	21	6	23	19	2	21	13	5	24	21	30	32	21	32	31	35	50	24	43	40	29	30	39	0	26	27	35	10	52	46	33	18	50	27	46	25	27	44	17	13	28	19	12	22	12	25	10	9	27	29	14	20	36	29	24	12	40	24	36	45	32	26	41	27	11	49	29	51	42	
14	52	60	61	37	50	78	65	16	52	41	5	52	36	56	53	18	55	26	12	30	51	53	65	41	48	29	29	28	36	65	37	58	65	70	7	51	28	52	11	36	52	58	12	30	18	36	38	14	16	39	44	68	52	27	38	35	39	50	54	15	32	50	23	46	7	31	49	27	23	12	81	7	6	72	62	59	66	9	52	45	66	20	23	37	31	26	39	27	27	42	47	56	57	42	51	15	61	76	32	65	52	54	44	58	26	0	40	49	31	78	71	8	38	76	41	72	2	47	55	34	34	14	45	37	49	37	51	16	27	53	50	21	46	10	47	12	33	66	40	58	58	57	52	58	49	31	75	55	59	67	
52	48	24	50	8	16	52	55	30	48	28	45	19	12	29	49	22	20	23	36	19	34	57	47	23	13	20	18	15	24	41	43	53	50	43	47	11	25	13	37	4	23	19	50	21	41	22	15	27	47	12	62	35	13	16	43	10	14	63	24	44	26	11	17	52	39	16	22	27	19	32	55	36	39	49	37	72	49	31	48	13	31	20	22	4	9	30	48	41	21	8	29	39	29	13	55	33	43	52	51	28	13	45	57	63	27	40	0	9	37	53	43	48	12	49	1	50	38	13	17	44	15	30	31	21	34	33	39	33	17	41	53	19	25	46	55	29	15	51	4	55	18	29	33	65	47	38	47	33	24	37	
61	52	18	52	14	13	50	57	39	52	33	54	16	18	29	53	31	17	31	44	26	37	63	47	28	13	27	25	23	30	41	49	57	51	41	56	3	32	8	45	13	23	12	59	28	49	28	19	36	55	15	69	31	6	24	49	16	17	70	23	52	33	5	26	57	48	23	23	34	28	41	52	45	48	49	37	79	50	40	53	14	26	29	31	12	18	38	54	49	29	12	33	41	29	17	60	41	44	51	59	22	6	49	64	68	35	49	9	0	44	51	41	57	17	47	8	50	47	13	10	51	22	39	36	26	37	39	43	41	26	45	58	28	28	55	61	38	22	52	10	60	9	29	35	71	52	45	44	34	18	34	
45	21	62	30	41	53	51	34	39	21	17	33	56	26	34	22	26	40	14	39	18	25	24	37	20	35	43	41	38	15	39	7	27	36	46	34	48	12	43	39	34	33	56	42	16	14	17	46	33	22	45	25	48	50	22	8	40	46	26	36	19	12	48	26	17	24	41	30	10	20	37	54	35	36	45	37	36	37	28	21	32	49	31	17	33	29	8	11	6	16	33	22	28	35	29	22	40	33	49	15	49	50	23	19	29	10	31	37	44	0	51	47	36	27	50	37	44	31	34	55	7	22	37	18	18	21	9	22	15	20	23	20	25	24	41	19	33	22	36	34	27	54	35	26	30	18	1	50	30	61	45	
93	35	67	26	61	64	1	27	78	35	36	82	67	46	24	35	64	34	51	81	49	27	47	15	37	39	72	70	66	42	12	49	34	19	10	83	54	50	43	82	54	30	59	91	48	66	41	68	72	73	65	65	21	57	54	47	63	67	60	29	71	45	56	60	48	72	68	32	50	56	78	3	79	81	6	16	64	16	71	36	40	27	66	55	51	54	52	51	57	51	45	31	23	23	41	46	80	17	3	63	31	57	31	58	50	52	78	53	51	51	0	10	85	44	4	51	8	77	39	60	53	46	77	33	42	30	42	29	63	53	29	45	60	32	88	51	73	47	19	49	38	55	23	26	54	39	51	7	23	66	17	
86	35	57	27	52	54	9	29	70	35	30	75	57	38	15	35	56	24	44	73	41	22	47	16	30	29	63	61	57	35	8	46	35	21	1	77	44	43	33	74	45	21	49	84	41	60	34	58	64	68	55	64	11	47	46	44	53	57	60	19	65	39	46	52	47	66	59	23	44	48	70	11	72	74	10	9	65	17	64	36	30	17	58	48	42	45	46	49	53	43	36	25	20	15	32	46	72	16	10	60	21	47	30	57	51	46	71	43	41	47	10	0	79	36	6	42	12	70	30	50	50	38	69	28	34	25	37	27	56	45	27	45	52	25	81	51	65	39	21	40	39	45	15	20	55	38	46	3	17	56	7	
9	58	67	67	45	58	85	70	22	58	48	3	59	44	64	59	26	63	34	17	38	58	57	72	48	56	36	36	36	43	73	42	63	72	78	2	59	35	60	16	44	60	66	7	38	21	44	45	22	17	47	46	76	60	35	43	43	46	52	62	17	39	58	31	50	12	38	56	34	31	18	88	13	10	79	69	61	73	17	57	53	74	28	31	46	40	33	43	31	35	50	54	62	64	50	55	21	68	83	34	73	60	59	46	61	33	8	48	57	36	85	79	0	46	83	49	79	10	55	63	38	42	20	52	44	55	44	57	22	35	59	54	30	53	8	50	20	41	72	48	63	66	64	59	60	55	37	82	62	67	75	
52	36	36	38	19	28	44	43	34	36	16	43	31	2	20	37	21	17	15	38	10	23	45	36	11	10	28	25	22	12	32	32	41	39	35	44	21	15	16	38	11	15	29	50	11	34	10	26	29	41	23	52	30	24	11	31	20	25	52	16	38	15	21	16	40	35	24	12	17	14	34	47	37	39	40	28	61	38	30	36	7	28	22	16	8	9	20	37	31	13	5	18	28	21	3	43	36	32	43	42	26	24	33	46	51	18	38	12	17	27	44	36	46	0	41	11	40	37	9	28	34	5	33	19	9	22	21	27	27	11	29	41	17	14	46	43	30	6	40	8	43	27	21	22	54	35	27	39	22	35	30	
91	36	63	27	58	60	3	28	75	36	35	80	63	43	21	36	62	30	49	79	46	25	48	16	35	35	69	67	63	40	10	48	35	20	6	81	50	48	39	79	51	26	55	89	45	64	39	64	70	72	61	65	17	53	51	47	59	63	61	25	69	44	52	57	48	71	65	29	49	53	75	5	77	79	7	14	65	17	69	37	36	23	64	53	47	51	50	51	56	48	42	29	22	20	38	47	77	17	5	63	27	53	31	58	51	50	76	49	47	50	4	6	83	41	0	48	9	75	36	56	53	43	74	31	39	28	41	29	61	50	28	46	57	30	86	52	71	45	20	46	39	51	20	24	55	39	50	3	21	62	13	
53	47	24	49	9	16	51	54	32	47	28	46	19	12	28	48	23	18	24	37	19	33	57	46	23	12	22	19	17	24	40	43	52	49	42	48	10	25	12	38	5	22	19	52	21	41	22	16	28	47	13	62	34	13	16	43	11	15	63	22	44	26	10	18	51	40	17	21	27	20	34	53	37	40	48	36	72	48	32	48	12	29	22	23	4	10	30	48	41	21	7	29	38	28	12	55	34	42	51	51	26	13	44	57	63	27	41	1	8	37	51	42	49	11	48	0	49	39	12	17	44	15	32	31	20	33	33	39	33	18	41	53	20	24	47	55	30	15	50	3	55	17	28	32	65	47	38	45	32	24	35	
87	27	67	18	58	63	9	19	73	27	30	75	66	42	21	27	59	33	45	76	43	20	39	7	32	37	68	66	62	36	9	41	26	11	11	77	53	44	42	76	51	27	59	85	42	59	36	65	67	66	62	57	23	56	49	40	60	64	52	27	64	39	55	55	40	66	65	28	44	51	73	11	74	75	2	13	56	8	66	28	37	29	62	49	48	50	45	44	50	45	42	25	16	21	38	38	75	10	5	55	32	56	23	50	42	46	72	50	50	44	8	12	79	40	9	49	0	71	37	59	46	41	72	26	36	23	35	22	56	47	21	37	55	27	82	43	68	42	11	46	30	55	21	20	46	31	43	11	18	66	17	
15	53	57	61	35	48	77	65	14	53	41	7	50	34	55	54	16	54	26	10	29	51	54	65	40	47	26	27	26	35	65	37	59	65	70	9	49	27	50	9	34	51	56	13	29	19	36	36	12	17	37	46	67	50	25	39	33	36	51	53	16	32	48	21	47	8	28	48	27	22	10	80	5	5	72	61	61	66	7	52	44	65	18	22	36	30	26	40	28	26	40	46	55	56	40	52	13	61	75	33	63	50	54	45	59	25	2	38	47	31	77	70	10	37	75	39	71	0	46	53	35	33	12	45	36	48	37	51	16	26	52	50	20	45	10	48	10	31	66	38	58	56	56	51	59	50	32	74	54	57	66	
61	39	32	39	22	26	38	44	41	39	20	52	29	11	16	40	30	8	24	46	19	23	50	34	15	1	33	31	28	19	28	38	43	37	29	54	17	24	8	47	15	10	25	59	20	43	17	28	37	50	25	59	22	20	20	38	23	27	58	10	47	22	18	24	45	44	29	9	26	24	42	41	45	48	36	24	67	36	38	39	2	19	30	25	12	17	29	43	40	22	6	19	27	16	6	48	43	30	38	50	17	20	35	52	55	27	47	13	13	34	39	30	55	9	36	12	37	46	0	24	41	14	41	22	15	23	27	29	36	20	31	46	25	15	55	49	38	15	38	10	46	22	16	21	58	39	35	33	20	31	23	
65	63	8	63	18	6	59	68	42	63	44	60	8	29	39	64	37	26	41	48	36	47	73	57	39	24	28	27	27	41	50	60	68	61	50	62	7	42	17	49	21	33	3	64	38	58	38	18	41	63	16	80	39	4	33	60	20	17	80	32	61	43	6	33	68	55	25	34	44	37	45	61	50	53	58	46	89	60	46	64	25	33	35	40	21	26	47	65	58	39	22	43	52	39	27	71	44	54	60	69	29	4	60	74	79	44	55	17	10	55	60	50	63	28	56	17	59	53	24	0	62	32	43	46	37	48	50	54	50	35	55	69	35	39	59	72	43	32	62	20	71	5	39	46	82	63	55	53	44	7	43	
47	20	69	30	48	60	54	33	44	20	22	35	63	33	39	21	33	46	21	44	25	28	19	38	25	42	49	48	44	21	42	4	25	36	49	36	55	19	49	44	41	38	63	45	23	16	24	53	38	22	52	18	53	57	29	5	47	53	19	41	21	18	55	33	12	27	48	35	17	27	42	56	40	40	47	40	29	38	33	19	39	54	37	23	40	36	15	5	7	23	39	27	30	40	35	17	45	35	50	10	54	57	23	12	24	17	34	44	51	7	53	50	38	34	53	44	46	35	41	62	0	29	42	23	25	25	14	23	20	27	24	15	31	29	45	13	38	29	37	41	24	61	40	30	24	17	6	53	34	68	49	
48	33	40	37	21	32	46	42	31	33	14	38	35	3	22	34	18	21	10	35	5	22	42	36	10	15	28	26	22	8	33	27	39	38	37	40	25	10	21	36	13	17	34	46	6	29	7	27	26	36	25	47	34	28	7	27	21	27	48	20	33	10	26	13	36	30	25	14	12	10	32	48	33	36	41	29	57	38	26	33	12	32	20	11	11	10	15	32	26	8	10	17	27	23	8	39	33	32	44	37	31	28	31	41	48	13	34	15	22	22	46	38	42	5	43	15	41	33	14	32	29	0	30	18	6	21	18	26	22	7	28	37	14	13	43	39	27	1	39	12	41	32	23	21	50	32	23	41	23	39	33	
22	57	47	64	25	38	76	68	2	57	42	18	39	31	53	58	12	49	27	5	28	51	61	66	39	42	15	16	16	35	64	44	63	67	68	20	40	29	44	6	27	48	46	21	29	28	35	25	4	29	27	56	63	40	23	45	23	26	60	50	27	33	38	17	54	18	18	45	29	21	2	79	7	10	72	60	70	67	9	57	39	60	10	23	29	24	30	47	35	26	35	46	56	54	36	59	3	62	75	43	58	40	57	53	66	28	14	30	39	37	77	69	20	33	74	32	72	12	41	43	42	30	0	46	35	49	40	53	22	24	55	57	16	44	16	55	4	29	68	31	64	46	54	51	66	55	38	72	53	47	63	
60	16	54	19	38	47	33	24	47	16	4	48	50	20	16	17	33	25	19	50	18	6	27	20	8	23	46	44	40	10	21	19	21	21	27	50	39	17	31	50	30	16	47	58	16	32	11	45	41	40	43	39	30	42	24	18	39	44	37	19	37	13	40	30	23	39	43	14	17	25	47	36	47	49	27	18	44	21	39	17	21	31	37	23	28	28	19	23	25	19	24	4	10	17	19	25	49	16	31	33	32	42	13	32	33	19	45	31	36	18	33	28	52	19	31	31	26	45	22	46	23	18	46	0	12	3	9	8	29	22	10	23	30	7	55	27	42	19	22	27	24	44	17	7	36	16	18	31	11	54	26	
51	27	45	31	27	37	41	36	36	27	8	41	40	8	19	28	22	22	10	39	7	16	36	31	4	16	34	32	28	3	29	23	32	32	33	42	30	9	24	40	19	15	38	49	6	28	1	33	30	35	31	43	32	33	12	22	27	33	43	18	32	7	31	18	31	32	31	12	11	14	36	44	37	39	36	25	52	32	29	27	13	31	25	13	17	16	14	28	24	9	14	11	21	20	10	34	38	26	40	34	31	33	25	37	42	12	37	21	26	18	42	34	44	9	39	20	36	36	15	37	25	6	35	12	0	15	12	20	22	11	22	32	18	9	46	34	31	7	33	17	35	36	20	16	44	26	19	38	18	44	30	
63	15	56	16	41	49	30	21	51	15	7	52	52	23	14	16	37	25	22	53	21	3	27	16	11	24	49	47	43	13	17	21	19	17	24	53	41	21	32	54	33	16	49	61	20	36	14	48	45	43	45	40	28	44	27	20	42	47	37	18	41	16	42	33	24	43	46	14	21	28	50	33	51	52	24	15	45	17	43	16	22	30	40	26	30	31	22	25	28	22	26	4	7	15	21	25	52	12	27	35	31	44	11	33	32	22	49	34	37	21	30	25	55	22	28	33	23	48	23	48	25	21	49	3	15	0	12	5	33	25	7	23	33	8	59	28	46	22	18	30	22	45	15	5	36	16	21	28	9	55	24	
52	17	58	23	38	50	42	28	42	17	8	40	53	21	25	18	29	32	14	43	15	15	24	28	12	28	43	41	37	9	30	10	23	28	36	41	43	12	36	44	31	24	51	50	13	23	11	45	36	31	43	31	39	45	21	10	39	44	30	27	28	8	43	27	18	31	41	21	11	21	41	45	40	42	36	27	39	29	32	17	26	40	33	18	29	27	11	15	15	15	27	13	19	26	22	21	43	24	40	24	40	45	16	25	30	12	37	33	39	9	42	37	44	21	41	33	35	37	27	50	14	18	40	9	12	12	0	13	21	19	15	19	26	15	48	21	36	18	28	29	24	49	26	17	32	15	9	40	20	57	35	
66	10	62	11	46	55	30	16	55	10	12	54	58	28	19	10	41	31	26	57	26	7	22	15	16	30	54	52	48	18	19	19	13	14	26	55	47	24	37	57	38	21	54	63	24	36	19	53	49	44	51	37	32	50	32	18	47	52	33	24	41	19	48	38	20	45	51	20	24	32	54	33	54	55	23	18	40	15	46	10	28	34	44	30	36	36	24	22	28	26	32	10	7	20	26	20	56	12	27	33	36	50	5	30	27	25	51	39	43	22	29	27	57	27	29	39	22	51	29	54	23	26	53	8	20	5	13	0	35	30	2	18	37	14	61	24	49	27	15	35	17	51	20	9	30	11	21	29	13	61	27	
30	37	56	45	33	47	63	49	24	37	26	19	49	25	42	37	14	43	12	24	17	36	39	49	26	37	31	30	27	21	50	22	43	49	56	20	44	13	43	24	29	38	52	28	16	8	22	37	18	14	37	34	55	46	17	23	32	37	38	41	11	17	44	17	32	9	31	35	12	13	22	65	20	20	57	47	48	50	13	36	34	54	19	11	29	24	10	25	13	14	32	32	40	42	30	37	25	46	60	21	53	46	38	31	44	10	16	33	41	15	63	56	22	27	61	33	56	16	36	50	20	22	22	29	22	33	21	35	0	16	36	35	15	31	26	33	18	21	50	31	42	51	42	36	44	34	16	60	40	56	53	
41	36	42	41	20	33	52	46	25	36	18	31	36	9	29	37	11	28	6	28	4	27	43	42	15	21	24	22	18	12	40	26	42	43	44	33	29	8	27	29	14	25	37	39	6	23	11	26	19	30	25	45	41	31	2	27	20	26	47	27	27	11	29	8	36	23	21	22	10	3	25	55	26	29	48	36	56	43	19	36	18	39	14	5	13	9	12	31	23	4	16	22	32	30	14	40	27	38	51	33	37	31	35	40	48	9	27	17	26	20	53	45	35	11	50	18	47	26	20	35	27	7	24	22	11	25	19	30	16	0	32	38	7	20	36	39	20	5	44	15	43	36	30	27	50	34	21	48	29	41	40	
67	8	64	9	48	57	29	14	57	8	14	55	60	30	20	9	43	32	28	58	28	8	21	13	18	31	56	54	50	20	19	20	12	12	26	57	48	26	39	59	40	23	56	65	26	38	21	55	50	45	53	37	32	51	34	18	49	54	33	25	43	21	50	40	20	46	53	22	26	34	55	32	55	57	22	18	39	14	47	9	30	35	46	32	38	38	26	22	29	28	34	12	7	21	28	19	58	11	26	34	37	51	4	30	26	27	53	41	45	23	29	27	59	29	28	41	21	52	31	55	24	28	55	10	22	7	15	2	36	32	0	18	39	16	63	24	51	29	13	37	15	53	21	10	29	11	22	29	13	63	27	
63	10	77	19	58	69	46	20	59	10	25	51	72	41	38	10	46	49	32	59	35	26	4	30	30	46	62	60	56	28	37	13	12	26	44	51	62	30	54	59	51	39	70	61	33	32	30	64	53	37	63	19	50	65	40	12	58	64	15	42	36	27	63	45	3	42	60	38	29	39	57	48	55	55	39	36	21	29	48	9	44	53	50	36	49	46	27	10	22	34	46	27	25	39	41	2	60	29	42	22	55	65	15	13	10	29	50	53	58	20	45	45	54	41	46	53	37	50	46	69	15	37	57	23	32	23	19	18	35	38	18	0	44	31	60	6	53	38	26	49	9	67	39	28	12	7	19	47	31	76	46	
35	43	41	48	18	32	60	53	17	43	25	26	34	15	36	44	4	34	12	21	11	35	48	49	23	26	18	16	13	19	47	31	49	51	51	28	30	14	30	21	15	31	38	33	13	23	19	22	12	28	22	48	47	31	6	32	17	22	51	34	25	18	29	2	42	20	16	29	15	5	17	63	20	22	55	43	60	51	13	43	24	45	7	8	16	10	17	36	26	11	20	30	40	37	20	46	19	45	58	36	43	31	42	44	54	14	21	19	28	25	60	52	30	17	57	20	55	20	25	35	31	14	16	30	18	33	26	37	15	7	39	44	0	27	29	44	13	12	52	18	50	37	37	35	55	41	26	56	37	41	47	
60	24	47	24	33	40	32	29	45	24	7	50	44	15	10	25	31	17	19	48	16	9	35	22	5	15	41	39	35	10	20	25	28	25	24	51	32	18	23	49	25	9	40	58	15	36	9	40	39	43	37	46	24	35	21	25	34	39	44	12	40	14	33	27	31	41	38	6	19	23	45	35	46	48	27	16	52	24	38	24	13	25	34	22	22	23	21	30	30	18	17	4	14	11	12	33	47	18	31	39	25	35	20	39	41	20	46	25	28	24	32	25	53	14	30	24	27	45	15	39	29	13	44	7	9	8	15	14	31	20	16	31	27	0	55	35	41	15	26	21	31	37	11	8	44	24	24	29	9	46	21	
6	63	63	72	41	54	88	76	17	63	52	10	55	44	65	64	25	63	36	11	39	62	64	76	50	56	31	32	32	46	75	48	69	76	80	10	56	38	59	10	42	61	62	5	40	28	46	41	18	25	43	54	77	56	35	49	39	42	60	63	25	42	54	30	57	17	34	58	38	32	14	91	9	7	83	72	69	77	17	63	53	74	25	33	44	38	37	50	38	37	49	57	66	66	50	62	15	72	86	42	72	56	64	54	68	36	10	46	55	41	88	81	8	46	86	47	82	10	55	59	45	43	16	55	46	59	48	61	26	36	63	60	29	55	0	57	17	42	77	47	69	62	66	62	68	60	42	84	65	63	76	
59	16	79	25	59	71	52	26	57	16	28	47	74	43	43	16	46	53	33	57	36	31	7	36	33	50	62	60	57	31	43	12	18	32	50	48	65	31	58	57	52	44	73	57	34	29	33	65	51	33	64	13	56	67	41	12	59	65	9	47	32	29	65	46	4	40	60	42	29	39	55	54	53	53	45	42	17	35	46	15	47	58	50	36	51	48	27	8	20	34	49	31	31	43	44	6	58	35	48	17	60	67	21	6	11	29	47	55	61	19	51	51	50	43	52	55	43	48	49	72	13	39	55	27	34	28	21	24	33	39	24	6	44	35	57	0	51	39	33	51	15	70	43	33	11	13	18	53	37	79	51	
23	53	47	60	25	38	73	65	6	53	38	17	39	28	50	54	9	46	23	7	24	48	57	62	36	39	16	16	16	32	61	40	59	63	65	19	39	25	42	8	25	45	46	21	25	24	32	25	2	26	27	52	61	40	19	41	23	26	56	47	24	29	38	14	50	15	18	42	25	17	4	76	7	10	68	57	66	63	5	53	37	58	8	19	27	21	26	43	31	23	32	43	53	50	34	55	7	58	72	39	56	40	53	50	62	24	12	29	38	33	73	65	20	30	71	30	68	10	38	43	38	27	4	42	31	46	36	49	18	20	51	53	13	41	17	51	0	26	64	29	60	46	50	48	62	51	34	69	50	47	60	
47	34	40	38	20	31	47	43	30	34	15	37	34	4	24	35	17	22	9	34	4	23	42	37	11	16	27	25	21	9	34	27	39	39	39	39	26	9	22	34	13	19	34	45	5	28	8	27	25	35	25	47	35	28	6	27	20	26	48	21	32	10	26	12	36	29	24	16	12	9	30	50	32	34	42	31	57	39	25	34	13	33	19	10	11	9	15	32	26	7	11	18	28	24	9	40	32	33	46	36	32	28	32	41	48	12	33	15	22	22	47	39	41	6	45	15	42	31	15	32	29	1	29	19	7	22	18	27	21	5	29	38	12	15	42	39	26	0	40	12	41	32	24	23	50	33	22	43	24	39	34	
81	17	70	7	59	65	20	8	69	17	26	69	68	41	23	17	55	37	41	72	40	17	28	5	29	39	67	65	61	32	14	32	15	1	20	70	56	39	45	72	51	29	62	79	38	51	32	66	63	58	63	46	31	59	46	31	60	65	41	30	56	34	57	52	29	60	64	29	39	47	69	22	69	70	13	17	45	3	61	18	38	36	59	45	48	49	39	34	42	41	43	22	12	24	38	27	71	8	16	46	39	59	13	39	31	40	66	51	52	36	19	21	72	40	20	50	11	66	38	62	37	39	68	22	33	18	28	15	50	44	13	26	52	26	77	33	64	40	0	47	19	59	24	18	35	21	36	22	18	69	25	
52	44	28	46	12	20	49	51	32	44	24	44	23	8	25	45	21	17	21	37	16	30	53	43	19	10	23	21	17	20	37	39	49	46	39	46	13	21	12	38	5	19	22	51	18	39	18	19	28	45	16	59	32	16	14	39	13	18	60	20	42	22	14	16	48	38	19	18	24	18	33	51	37	39	46	33	69	45	31	44	9	29	21	20	2	8	27	44	38	18	4	25	35	25	9	51	34	39	48	48	26	16	41	53	59	24	40	4	10	34	49	40	48	8	46	3	46	38	10	20	41	12	31	27	17	30	29	35	31	15	37	49	18	21	47	51	29	12	47	0	51	20	25	29	62	43	35	43	29	27	34	
72	7	79	12	62	72	39	11	66	7	27	60	75	44	35	6	53	48	38	66	39	24	9	23	32	47	67	65	61	32	31	21	4	19	38	60	63	36	54	66	54	38	71	70	37	41	33	68	60	47	66	28	46	66	45	19	62	68	22	41	45	32	65	51	13	51	65	37	35	45	64	41	63	63	32	32	26	22	55	7	45	50	57	42	52	50	34	20	31	39	48	27	21	36	43	9	67	23	35	31	53	66	11	22	12	36	58	55	60	27	38	39	63	43	39	55	30	58	46	71	24	41	64	24	35	22	24	17	42	43	15	9	50	31	69	15	60	41	19	51	0	68	36	26	16	9	26	40	29	78	41	
69	61	12	60	21	12	54	65	46	61	42	63	13	28	35	62	40	22	41	52	36	44	72	54	37	21	33	31	30	40	46	59	65	58	45	65	7	42	13	53	22	30	4	67	38	59	37	23	44	65	20	79	34	6	34	59	23	22	79	29	62	42	8	35	67	57	29	31	44	38	48	56	53	56	53	42	88	56	49	61	23	28	38	41	22	27	47	64	59	39	21	41	48	35	26	70	48	50	55	69	24	6	57	73	77	45	58	18	9	54	55	45	66	27	51	17	55	56	22	5	61	32	46	44	36	45	49	51	51	36	53	67	37	37	62	70	46	32	59	20	68	0	35	43	80	61	55	48	41	11	38	
71	30	46	26	38	42	23	30	55	30	18	61	45	23	1	30	41	13	30	58	27	13	42	18	16	16	48	46	42	21	12	36	32	23	14	62	32	29	21	59	30	6	38	69	26	47	20	44	49	55	41	55	13	35	31	35	39	43	53	6	52	26	34	37	39	52	44	8	30	33	55	25	57	59	20	8	60	21	49	30	16	14	43	33	27	30	33	40	41	29	21	13	14	0	17	40	57	15	22	50	16	35	25	49	47	32	57	29	29	35	23	15	64	21	20	28	21	56	16	39	40	23	54	17	20	15	26	20	42	30	21	39	37	11	66	43	50	24	24	25	36	35	0	10	51	31	35	18	7	45	10	
67	19	54	17	41	48	26	22	53	19	10	55	51	23	9	20	39	21	25	56	23	2	31	14	12	21	49	47	43	16	13	26	22	17	19	57	39	24	29	56	33	12	46	65	22	40	16	48	47	47	45	45	23	42	29	25	42	47	42	14	45	19	40	35	29	46	46	12	24	30	52	29	53	55	20	10	49	16	45	20	20	25	42	29	30	31	26	30	32	25	25	5	6	10	20	29	55	10	24	40	27	42	14	38	36	26	52	33	35	26	26	20	59	22	24	32	20	51	21	46	30	21	51	7	16	5	17	9	36	27	10	28	35	8	62	33	48	23	18	29	26	43	10	0	40	21	26	23	4	53	19	
69	21	90	28	70	82	55	27	69	21	38	58	85	53	50	20	57	61	44	68	47	38	8	39	43	59	73	72	68	41	47	23	20	35	54	58	75	42	67	68	63	52	83	67	45	40	43	76	63	43	75	17	62	77	52	23	70	76	10	54	43	39	75	57	13	51	72	50	40	51	66	57	64	64	48	47	10	38	57	20	57	65	61	47	61	59	38	19	31	46	59	40	36	51	54	10	69	39	51	26	67	77	26	14	4	41	58	65	71	30	54	55	60	54	55	65	46	59	58	82	24	50	66	36	44	36	32	30	44	50	29	12	55	44	68	11	62	50	35	62	16	80	51	40	0	19	29	56	43	89	57	
63	3	71	13	53	64	39	16	57	3	19	51	67	35	30	4	44	42	29	57	31	18	10	23	24	40	58	57	53	23	30	13	8	20	37	52	56	27	48	58	46	33	64	61	28	33	25	60	51	39	58	26	43	59	36	11	54	59	22	35	37	23	57	42	9	43	56	31	26	36	55	42	54	55	32	29	28	23	46	2	38	46	48	33	43	42	25	13	23	30	41	20	18	31	35	8	58	22	36	25	48	59	8	19	16	27	49	47	52	18	39	38	55	35	39	47	31	50	39	63	17	32	55	16	26	16	15	11	34	34	11	7	41	24	60	13	51	33	21	43	9	61	31	21	19	0	18	40	24	70	38	
46	21	63	30	42	54	51	33	40	21	17	34	57	26	34	21	27	40	15	40	19	24	23	36	20	36	44	42	38	15	39	6	26	35	45	34	48	13	43	40	35	33	57	43	17	15	18	47	34	22	46	24	48	51	23	7	41	47	25	36	20	12	49	27	16	25	42	30	11	21	38	54	36	37	44	37	35	36	29	20	33	49	32	17	34	30	8	10	6	17	33	22	27	35	29	21	41	33	48	15	49	51	22	19	28	11	31	38	45	1	51	46	37	27	50	38	43	32	35	55	6	23	38	18	19	21	9	21	16	21	22	19	26	24	42	18	34	22	36	35	26	55	35	26	29	18	0	49	30	62	44	
89	37	60	28	55	57	6	30	73	37	34	79	60	41	19	37	60	27	48	77	45	25	49	17	34	33	67	64	61	39	10	48	36	21	4	80	47	47	36	77	48	24	52	87	44	64	38	62	68	71	58	66	14	50	49	47	57	61	62	23	68	43	49	55	49	70	63	27	48	52	73	8	75	77	9	13	66	18	67	38	34	20	62	51	45	49	49	51	56	47	39	28	22	18	36	48	75	18	8	63	24	50	32	59	52	49	75	47	44	50	7	3	82	39	3	45	11	74	33	53	53	41	72	31	38	28	40	29	60	48	29	47	56	29	84	53	69	43	22	43	40	48	18	23	56	40	49	0	20	59	10	
70	22	52	19	41	47	23	24	55	22	13	58	50	24	6	23	41	19	28	58	25	6	35	14	14	20	50	48	44	19	10	30	25	17	16	60	37	26	27	58	33	10	44	67	24	43	18	48	49	51	45	49	19	40	30	29	42	47	46	12	48	22	39	37	32	49	47	11	27	33	54	26	56	58	18	7	53	16	48	23	20	21	43	31	30	32	29	34	36	27	25	8	7	7	20	33	56	10	21	44	23	40	18	42	40	29	55	33	34	30	23	17	62	22	21	32	18	54	20	44	34	23	53	11	18	9	20	13	40	29	13	31	37	9	65	37	50	24	18	29	29	41	7	4	43	24	30	20	0	51	15	
69	70	1	70	23	9	65	75	46	70	51	64	8	36	46	71	43	32	48	52	43	55	81	64	46	31	32	31	31	48	57	67	75	68	56	66	14	49	24	53	27	40	7	68	45	64	46	22	45	69	20	86	45	11	39	67	24	21	87	39	66	50	13	39	75	60	29	41	51	43	49	67	54	57	64	53	96	67	51	71	32	39	40	46	28	32	54	72	65	45	29	51	59	45	35	78	48	61	66	75	35	11	67	81	86	51	59	24	18	61	66	56	67	35	62	24	66	57	31	7	68	39	47	54	44	55	57	61	56	41	63	76	41	46	63	79	47	39	69	27	78	11	45	53	89	70	62	59	51	0	49	
82	36	50	30	45	47	16	33	64	36	28	71	50	32	11	36	51	17	40	68	37	21	49	19	26	23	57	55	51	32	10	45	37	24	7	73	37	39	26	69	38	15	42	80	36	57	30	52	59	65	48	64	5	40	41	44	47	50	61	13	62	36	39	46	47	62	53	18	41	44	65	18	67	69	16	9	67	21	59	37	24	11	53	43	35	40	43	49	51	39	30	22	20	10	27	47	66	18	17	59	14	40	31	57	53	42	67	37	34	45	17	7	75	30	13	35	17	66	23	43	49	33	63	26	30	24	35	27	53	40	27	46	47	21	76	51	60	34	25	34	41	38	10	19	57	38	44	10	15	49	0	

