4  150
20	43	17	93	30	2	59	65	75	24	8	14	26	32	40	28	13	3	73	63	99	13	42	69	8	3	16	9	88	71	41	99	6	36	42	39	54	90	100	79	72	80	8	85	69	25	33	35	34	29	94	29	27	78	75	37	51	96	82	59	68	36	71	39	91	84	49	91	3	68	74	84	19	17	70	55	68	94	57	71	98	34	38	41	78	6	34	79	6	45	95	13	98	57	1	64	61	52	71	74	27	11	81	7	60	29	40	7	94	56	88	35	33	66	91	69	64	80	96	93	7	77	3	52	63	10	34	95	81	70	44	5	5	9	74	16	17	73	68	18	44	42	54	66	43	36	39	73	29	98	
90	17	64	83	58	46	73	85	23	92	94	31	8	88	42	69	59	18	91	74	7	55	44	100	36	47	10	24	74	4	41	75	98	29	68	20	14	58	70	86	76	55	23	98	7	23	73	14	93	63	60	21	12	74	48	94	70	98	94	71	90	7	100	41	55	48	85	10	28	40	20	37	56	28	66	97	84	95	61	81	89	40	80	69	44	23	37	3	42	82	34	87	86	12	33	41	50	34	61	41	62	35	20	72	75	93	2	19	91	82	95	23	11	79	87	40	64	41	22	22	94	2	47	48	60	43	93	36	24	88	21	67	78	76	94	46	1	72	85	23	78	55	95	9	79	51	93	21	37	56	
42	62	19	100	28	94	18	16	63	3	71	50	65	8	44	89	94	26	55	29	50	31	1	72	7	24	62	67	89	62	33	88	61	47	65	61	49	30	65	33	54	34	41	2	74	48	31	86	100	96	11	69	9	32	18	83	7	67	86	80	44	82	22	47	75	20	30	9	63	29	11	91	6	38	32	67	6	38	10	75	22	56	94	36	53	81	91	28	97	56	28	81	6	65	80	34	7	39	70	11	97	28	70	76	86	39	1	7	97	95	59	52	95	20	85	16	48	99	85	40	8	22	18	4	99	59	83	40	6	75	89	70	59	29	58	64	87	74	52	26	62	99	57	2	84	19	16	36	43	70	
66	40	100	10	41	24	27	79	14	47	53	17	48	35	35	1	94	23	35	100	48	68	93	99	86	4	83	100	74	62	60	46	5	40	60	85	32	53	72	6	57	29	53	70	59	92	89	80	100	9	81	87	1	18	61	8	32	25	12	24	98	1	4	45	78	44	4	25	82	49	94	85	98	48	42	54	88	69	62	63	2	73	3	21	78	1	14	4	84	24	21	69	81	2	55	48	60	46	76	22	34	5	29	28	27	58	84	3	53	35	74	17	28	52	10	4	99	83	79	32	34	50	87	29	66	53	71	5	32	29	46	88	85	59	95	13	39	4	69	69	28	98	22	74	11	77	38	53	36	72	
4645	166	5675	3239	1084	840	4070	6237	6696	2134	5824	5153	1218	3565	6222	6550	6321	6027	2291	1586	1235	1357	2694	582	6263	2126	6334	5016	3787	147	1103	1024	3413	6663	718	2564	2829	3077	7187	4772	1986	7367	6220	2363	1001	3076	2370	643	5291	3076	7497	2620	5576	2451	4212	4098	970	3297	6555	2585	2996	7326	1121	7207	6783	2627	2636	3283	1396	4386	7224	338	5560	4531	2840	5443	6998	1889	6392	5942	289	5068	3880	4641	1438	821	1518	5241	3098	3638	4562	5996	1984	513	5116	3684	2788	3471	4306	6272	3474	1465	1046	4200	383	1877	2592	2985	3138	5376	4034	7459	887	60	6787	724	4010	4924	910	1890	5977	2673	3653	7217	4355	565	4542	3059	183	7145	6292	4255	2944	7079	4380	846	5051	5100	5165	5237	5248	5169	7355	684	120	3346	1996	5599	770	2026	
0	49	57	34	45	86	46	65	71	20	62	77	15	40	79	47	65	76	63	91	72	28	64	36	27	23	61	42	67	55	38	39	74	72	71	20	56	63	44	82	62	56	19	73	44	68	80	38	57	31	59	54	18	52	54	68	31	23	38	35	22	57	54	66	49	80	36	70	7	80	76	22	84	15	50	42	79	63	71	13	48	50	54	39	57	53	52	82	52	36	56	84	84	50	53	45	83	37	72	65	55	34	90	64	73	75	60	33	15	86	77	30	67	90	56	82	46	61	72	12	52	57	35	35	26	24	72	62	49	47	32	46	53	59	7	52	67	3	70	68	38	73	44	85	58	15	67	58	47	84	36	
49	0	49	43	5	46	2	67	23	28	16	42	34	40	58	31	31	32	70	57	63	20	16	41	37	25	13	8	36	13	18	17	61	33	56	35	28	36	5	44	15	20	34	55	42	19	56	32	36	20	67	8	31	30	52	44	18	28	14	21	38	45	62	42	13	37	12	61	41	43	58	27	44	35	28	10	45	65	49	43	19	11	52	46	57	61	5	49	5	51	13	43	52	26	56	18	56	50	26	25	6	21	58	16	40	39	68	28	35	49	33	50	67	54	55	58	18	64	56	36	17	47	19	19	22	29	58	18	14	10	19	12	9	17	43	23	26	45	54	23	23	48	31	58	10	47	19	27	38	51	36	
57	49	0	22	51	47	50	18	53	47	44	35	46	16	23	17	30	46	24	43	16	48	59	21	30	48	58	42	27	40	33	34	16	37	14	38	23	20	50	42	46	33	39	16	12	60	26	22	16	39	22	57	45	19	6	18	42	40	55	32	34	5	20	18	35	47	48	14	53	40	19	51	45	45	21	39	34	17	18	44	30	39	7	19	9	19	54	35	54	25	41	47	36	22	12	30	31	23	49	37	51	33	39	59	31	35	23	28	44	43	47	31	18	44	8	28	31	17	15	50	33	2	34	34	48	38	14	42	35	57	38	37	58	39	49	27	40	54	14	46	28	22	18	33	47	43	52	27	12	36	21	
34	43	22	0	42	61	42	32	56	28	46	50	26	7	45	19	40	55	31	62	37	32	57	2	9	30	55	34	40	40	24	25	39	48	37	17	30	34	41	56	48	36	19	39	10	59	47	11	27	25	28	51	25	24	19	36	29	21	42	21	13	24	22	35	33	57	36	36	31	54	42	32	58	25	24	32	50	30	38	21	28	36	19	5	23	21	48	53	48	8	41	60	54	25	20	26	51	7	55	44	47	21	59	57	45	48	29	14	24	59	56	10	34	62	22	49	27	28	37	30	33	23	23	23	31	19	37	45	32	48	25	32	51	41	27	30	47	32	36	51	19	42	17	53	46	20	54	34	15	54	7	
45	5	51	42	0	51	2	68	27	25	21	47	31	41	62	33	35	37	71	62	66	17	19	41	36	22	16	8	40	17	19	17	64	38	59	33	32	40	1	48	20	24	31	59	43	22	60	33	39	18	68	9	28	33	53	48	15	25	9	21	36	47	63	46	17	42	9	63	38	48	61	23	49	32	30	11	50	67	53	40	21	15	54	46	58	62	7	54	7	51	18	48	57	29	57	20	60	50	31	29	10	21	62	19	44	43	69	28	32	53	38	49	69	58	57	62	20	66	59	33	21	49	19	19	19	27	61	23	18	6	17	14	8	22	40	26	30	42	57	28	24	52	32	62	15	44	24	31	39	56	36	
86	46	47	61	51	0	48	62	28	67	29	12	71	54	34	41	21	14	69	16	49	62	41	58	62	65	43	47	20	33	48	46	45	14	41	66	30	27	50	5	31	30	66	37	52	40	29	51	33	55	69	49	68	36	53	29	56	62	60	50	66	42	67	29	38	9	55	48	79	7	37	68	2	71	37	46	13	61	31	75	38	37	54	60	56	66	47	14	47	67	33	3	16	37	59	41	24	65	21	22	41	52	18	41	16	12	69	53	70	6	14	71	60	10	55	29	40	62	40	75	34	45	51	51	63	62	42	27	37	55	54	41	51	29	78	33	20	82	38	23	48	25	44	24	35	77	30	27	46	15	54	
46	2	50	42	2	48	0	67	25	26	19	45	32	40	60	32	33	35	70	60	64	18	18	41	36	23	15	7	38	15	18	16	62	36	58	33	30	38	2	46	18	22	32	57	42	21	58	32	37	18	67	8	29	31	52	46	16	26	12	20	36	46	62	44	15	40	10	62	39	45	60	25	46	33	29	10	48	66	51	41	20	13	53	46	57	61	6	52	6	50	15	46	55	27	56	19	58	49	29	27	8	21	60	18	42	41	68	28	33	51	35	49	68	56	56	60	18	65	57	34	19	48	18	18	20	27	59	21	16	8	18	13	9	19	41	24	28	43	55	26	23	50	31	60	13	45	22	29	38	54	36	
65	67	18	32	68	62	67	0	71	60	63	50	58	29	31	35	47	63	8	55	14	63	77	31	41	61	77	60	44	58	50	51	19	54	22	49	42	38	67	57	65	51	51	26	26	79	36	36	34	54	10	75	57	37	15	33	58	53	71	48	45	23	12	34	53	63	64	15	63	55	27	64	60	57	39	57	48	2	31	53	48	57	14	27	10	13	72	49	72	29	59	63	49	41	12	48	42	28	67	55	69	49	51	77	47	51	9	42	56	57	64	35	2	58	11	37	49	4	23	62	51	20	50	50	62	51	21	60	53	74	54	55	76	57	59	45	58	63	24	64	45	36	36	43	65	50	70	45	28	49	34	
71	23	53	56	27	28	25	71	0	50	10	30	55	51	53	39	24	14	77	43	63	43	13	54	54	47	16	28	29	17	35	33	60	21	55	54	30	33	28	28	9	21	53	52	51	12	48	45	37	40	75	23	52	35	58	41	39	48	37	38	56	48	71	39	24	19	35	61	63	28	54	50	27	56	34	28	33	70	45	63	28	21	59	58	62	70	21	37	21	65	16	25	40	32	63	30	46	63	7	16	17	39	44	13	30	26	76	44	56	33	14	66	71	38	61	50	29	70	54	58	23	51	37	37	45	48	56	11	24	30	39	26	25	15	64	27	14	67	52	7	38	41	40	47	13	66	3	26	46	39	49	
20	28	47	28	25	67	26	60	50	0	41	59	6	31	65	32	46	56	60	74	63	8	44	28	19	3	41	21	50	34	19	20	63	53	59	12	39	46	24	63	41	36	10	60	35	47	65	25	42	11	56	34	3	36	46	52	11	7	18	17	16	45	51	51	29	60	16	61	13	62	63	4	65	7	33	21	61	58	57	16	29	30	46	33	50	49	32	65	32	34	35	65	67	33	48	26	67	34	52	45	34	16	73	44	55	56	57	19	7	68	56	30	61	72	49	67	26	56	60	8	32	46	16	16	6	9	60	42	29	27	12	25	33	38	15	34	47	17	58	48	21	58	30	70	37	21	46	40	35	67	26	
62	16	44	46	21	29	19	63	10	41	0	28	46	41	47	29	18	15	68	42	56	35	15	44	44	39	16	20	23	7	25	23	53	18	48	44	21	26	21	27	2	11	44	46	42	16	43	35	29	31	66	20	43	26	49	34	30	38	31	28	46	39	62	32	14	21	27	54	55	27	48	41	27	47	24	19	31	62	39	53	18	11	49	48	53	60	17	35	17	55	6	26	38	23	54	20	42	53	10	10	12	29	43	15	26	24	66	34	46	32	16	56	63	38	52	45	19	61	47	50	13	42	27	27	36	39	49	3	14	26	29	16	22	5	55	17	10	58	45	7	28	36	30	44	6	56	7	17	36	37	39	
77	42	35	50	47	12	45	50	30	59	28	0	62	43	24	31	13	17	57	15	38	56	42	47	52	58	44	42	10	29	40	39	34	10	29	57	21	16	46	7	30	24	58	25	40	42	19	41	22	48	57	48	60	26	41	17	49	54	56	42	56	30	55	17	32	14	50	36	71	5	26	61	10	62	27	40	3	50	19	66	30	32	42	49	44	54	45	7	45	56	29	12	10	27	47	33	15	54	23	18	40	43	15	42	4	4	57	44	62	8	18	60	49	12	43	20	33	50	28	67	28	33	43	43	57	53	30	25	31	52	47	35	50	25	70	25	18	74	26	23	39	14	34	17	34	67	31	19	35	9	44	
15	34	46	26	31	71	32	58	55	6	46	62	0	30	66	34	50	60	57	77	62	14	50	27	17	9	47	26	53	39	22	24	63	56	60	9	41	48	30	67	46	40	7	61	34	53	67	25	43	15	53	40	3	38	45	54	16	8	25	20	13	45	48	52	33	64	22	60	8	65	64	9	68	1	35	26	64	56	58	10	32	35	45	31	49	47	38	68	38	31	40	69	70	35	46	29	69	31	57	49	40	19	75	50	58	60	54	20	2	71	61	26	60	75	48	69	30	54	60	4	36	46	20	20	12	9	60	46	34	33	17	30	39	43	9	37	52	12	58	53	23	60	31	72	42	15	52	43	35	69	25	
40	40	16	7	41	54	40	29	51	31	41	43	30	0	38	13	33	49	31	54	32	33	53	5	13	32	52	32	33	35	21	23	33	41	30	21	24	26	39	49	43	30	23	32	4	55	40	7	20	25	27	48	29	18	15	29	29	24	42	20	18	17	22	28	29	51	35	30	36	47	35	35	51	29	18	29	43	27	31	27	23	32	15	7	19	21	45	46	45	14	36	53	47	19	17	22	44	12	49	38	44	20	52	53	38	41	28	13	28	52	50	17	30	55	18	42	23	26	31	34	28	16	22	22	33	22	31	40	28	46	25	28	49	36	33	24	41	37	30	45	16	34	11	46	42	27	49	28	8	47	5	
79	58	23	45	62	34	60	31	53	65	47	24	66	38	0	33	29	41	39	24	17	64	63	43	51	65	63	55	24	46	48	48	12	32	9	59	30	22	61	30	49	38	60	6	35	63	5	41	24	56	40	65	64	30	28	14	58	59	69	49	56	21	39	16	45	38	62	16	74	28	4	69	33	66	33	52	21	31	9	66	41	47	29	42	29	39	62	20	62	48	46	36	18	34	33	43	11	46	46	37	57	50	20	63	22	26	40	46	65	28	41	54	29	27	28	6	43	32	8	71	41	22	50	50	65	57	10	44	44	68	54	48	67	43	71	36	38	76	9	45	45	11	35	12	52	66	53	31	31	19	42	
47	31	17	19	33	41	32	35	39	32	29	31	34	13	33	0	20	36	39	44	32	32	42	17	21	32	41	25	21	23	16	16	32	28	28	27	11	15	32	37	31	18	28	28	12	44	33	10	10	23	37	40	31	5	20	20	26	26	37	16	25	14	32	18	18	38	30	30	41	35	31	35	39	33	5	21	32	34	24	35	12	21	21	20	25	31	36	35	36	27	24	40	37	6	25	13	36	25	36	25	33	17	42	42	26	29	37	13	32	40	37	29	36	43	24	35	13	33	28	38	16	16	18	18	32	24	29	27	17	39	22	19	41	23	39	11	28	44	26	32	12	26	2	38	30	36	37	15	7	36	13	
65	31	30	40	35	21	33	47	24	46	18	13	50	33	29	20	0	16	54	28	38	43	34	37	41	45	34	29	5	18	27	26	35	8	30	45	9	9	34	17	20	11	45	28	32	34	25	30	14	35	52	37	47	15	35	16	36	41	43	29	44	24	49	14	19	18	37	36	58	15	30	48	19	50	16	27	15	46	21	54	17	20	36	40	39	48	34	19	34	47	18	20	22	15	41	20	25	45	19	8	29	31	27	34	9	9	53	31	49	21	17	50	47	25	38	27	20	47	29	54	15	27	30	30	44	41	31	15	18	41	34	22	39	14	57	12	10	61	27	16	27	18	23	27	23	55	24	6	26	21	33	
76	32	46	55	37	14	35	63	14	56	15	17	60	49	41	36	16	0	70	29	53	50	27	53	54	54	29	35	19	21	38	36	49	9	45	57	25	25	37	14	17	20	57	41	48	26	36	44	30	44	69	35	57	31	51	31	45	52	47	40	57	41	65	30	26	5	43	51	69	14	43	56	13	60	31	34	20	63	34	66	28	25	52	56	55	64	33	23	33	63	20	11	26	30	57	31	33	61	7	11	27	42	30	27	18	14	69	44	60	19	1	65	63	24	54	37	30	63	44	64	24	44	40	40	51	52	46	14	26	41	43	30	37	17	68	25	8	72	42	8	39	30	38	34	21	68	16	21	42	25	48	
63	70	24	31	71	69	70	8	77	60	68	57	57	31	39	39	54	70	0	63	22	64	82	31	41	62	81	63	51	63	52	54	27	61	30	48	47	44	70	64	70	56	50	34	28	84	44	38	40	56	4	79	57	42	19	40	60	53	73	51	44	29	9	41	58	70	66	23	61	62	35	64	68	56	44	60	56	8	39	51	52	61	18	26	14	10	75	57	75	27	64	70	57	45	14	52	50	26	73	61	73	51	59	82	54	58	3	44	55	65	71	33	10	66	16	45	53	7	31	61	56	26	53	53	63	51	29	66	57	77	56	58	80	62	57	50	64	61	32	70	47	44	39	51	70	48	76	51	32	57	35	
91	57	43	62	62	16	60	55	43	74	42	15	77	54	24	44	28	29	63	0	41	71	56	59	65	73	58	57	24	44	55	54	36	24	33	71	35	29	61	15	44	39	72	29	51	55	19	54	34	63	63	62	74	39	49	25	65	69	71	57	70	39	62	26	47	24	65	40	85	15	28	76	16	77	41	55	13	55	25	79	45	48	50	60	51	61	60	9	60	67	44	18	7	41	54	48	13	65	36	32	54	58	4	56	18	18	63	58	76	10	29	72	53	5	50	18	48	56	32	81	43	41	58	58	72	68	34	39	46	67	62	50	64	40	84	40	32	88	31	37	54	20	47	12	48	80	45	34	46	7	57	
72	63	16	37	66	49	64	14	63	63	56	38	62	32	17	32	38	53	22	41	0	64	71	36	45	64	71	57	34	53	49	49	5	44	8	53	35	29	64	45	58	45	55	12	28	72	22	38	27	55	24	71	61	32	18	22	58	56	70	48	50	18	25	24	49	52	63	2	68	43	13	67	48	61	35	54	36	15	19	59	44	52	18	33	15	24	67	36	67	38	53	51	35	36	20	45	28	36	58	47	64	49	37	71	35	40	23	44	60	44	54	44	12	44	16	23	45	17	9	66	46	17	50	50	64	54	7	53	48	72	54	51	72	50	65	40	49	69	11	55	44	24	34	29	59	57	63	38	28	35	37	
28	20	48	32	17	62	18	63	43	8	35	56	14	33	64	32	43	50	64	71	64	0	36	32	24	5	33	15	46	29	16	17	64	48	60	18	36	44	16	59	34	32	16	60	37	39	64	26	40	9	60	26	11	34	48	51	6	11	11	16	22	46	55	49	24	55	8	62	21	58	63	6	60	15	31	16	58	61	56	24	25	24	48	37	53	54	24	62	24	39	29	60	64	31	51	22	65	39	46	40	27	15	70	36	52	52	61	20	15	63	51	36	64	68	51	66	23	59	60	16	28	47	14	14	2	13	61	36	25	19	10	20	25	33	23	30	42	25	58	42	20	56	30	68	30	28	39	37	36	63	28	
64	16	59	57	19	41	18	77	13	44	15	42	50	53	63	42	34	27	82	56	71	36	0	55	52	41	3	24	39	19	33	31	68	32	63	51	36	42	20	41	13	26	50	61	54	3	59	46	44	36	80	11	47	40	63	50	34	44	28	36	53	54	75	48	24	32	28	69	57	41	63	42	40	51	38	25	45	76	55	59	30	21	63	60	68	74	12	49	12	65	18	38	52	36	68	30	57	64	20	25	10	37	57	0	41	38	80	43	51	46	27	65	77	51	66	61	30	75	63	52	26	57	34	34	38	45	65	18	25	19	35	25	13	20	59	31	24	61	61	19	37	52	43	59	12	63	11	33	50	51	50	
36	41	21	2	41	58	41	31	54	28	44	47	27	5	43	17	37	53	31	59	36	32	55	0	10	30	54	33	38	38	23	24	37	45	35	18	28	31	40	54	46	34	20	37	8	58	45	9	25	25	28	50	26	22	18	34	28	22	42	20	14	22	22	33	31	55	35	34	32	52	40	33	56	26	22	31	48	29	36	23	26	35	18	5	22	21	46	51	46	10	39	57	52	23	19	25	49	8	53	42	46	20	57	55	43	46	29	13	25	56	54	12	33	59	21	47	26	27	35	31	31	21	22	22	31	19	35	43	31	47	24	30	50	39	29	28	45	33	34	49	18	39	15	51	44	22	52	32	13	52	5	
27	37	30	9	36	62	36	41	54	19	44	52	17	13	51	21	41	54	41	65	45	24	52	10	0	21	50	28	42	37	19	21	47	48	44	8	31	37	34	58	45	34	10	46	17	55	53	11	31	18	37	45	16	26	28	41	21	13	34	16	4	30	31	39	30	58	28	44	22	56	49	23	60	16	25	26	53	39	44	14	26	33	28	14	32	30	42	56	42	15	38	61	58	25	29	24	56	15	53	43	42	15	63	52	48	50	38	10	15	61	55	13	43	65	31	55	25	37	44	21	31	30	17	17	23	10	44	43	30	41	18	28	45	39	19	29	46	24	43	49	16	46	18	58	42	15	51	34	20	58	9	
23	25	48	30	22	65	23	61	47	3	39	58	9	32	65	32	45	54	62	73	64	5	41	30	21	0	38	19	49	33	18	19	64	51	60	14	38	46	21	62	39	35	12	61	36	44	65	26	42	10	58	31	6	36	47	52	9	8	15	17	19	46	53	50	27	58	13	62	16	61	64	3	63	10	33	20	60	59	57	19	28	28	47	35	51	52	29	64	29	36	33	63	67	32	49	25	67	36	50	43	32	15	72	41	54	55	59	20	10	66	55	33	63	71	50	67	25	58	60	11	31	47	15	15	3	10	61	40	28	24	11	24	30	37	18	33	46	20	58	46	20	57	30	69	34	24	44	39	36	66	27	
61	13	58	55	16	43	15	77	16	41	16	44	47	52	63	41	34	29	81	58	71	33	3	54	50	38	0	21	39	18	31	29	68	34	64	48	36	42	17	43	14	26	47	62	53	6	60	44	43	33	78	8	44	39	62	50	31	41	24	34	51	54	74	48	23	34	25	69	54	43	64	39	42	48	37	23	47	75	55	56	29	19	62	58	67	72	9	51	9	63	18	40	54	36	67	29	59	62	22	26	8	34	59	3	42	40	79	41	48	48	29	63	77	53	65	62	28	74	63	49	25	56	32	32	35	42	65	19	24	16	32	23	10	21	56	31	26	58	61	21	35	52	42	60	11	60	13	33	48	53	48	
42	8	42	34	8	47	7	60	28	21	20	42	26	32	55	25	29	35	63	57	57	15	24	33	28	19	21	0	34	14	10	9	56	34	51	27	25	33	7	44	20	18	26	51	34	27	53	24	31	12	60	16	23	25	44	41	10	20	14	13	29	39	55	39	10	40	8	55	35	43	54	21	45	27	22	3	44	58	46	35	14	10	45	38	49	53	13	49	13	43	14	45	51	21	49	12	53	41	31	25	14	13	57	24	39	38	60	20	27	49	36	42	60	54	48	55	12	57	51	30	14	41	11	11	16	21	53	21	11	14	11	7	17	18	35	19	27	38	49	27	15	45	24	56	15	39	25	24	31	50	28	
67	36	27	40	40	20	38	44	29	50	23	10	53	33	24	21	5	19	51	24	34	46	39	38	42	49	39	34	0	23	31	30	31	9	26	47	11	7	39	15	25	16	48	23	31	39	20	31	13	39	50	42	50	16	33	12	40	44	48	32	46	22	47	10	23	19	42	32	61	13	25	52	18	53	17	31	11	44	16	56	21	25	34	40	37	46	39	15	39	47	23	20	17	17	39	24	20	45	23	13	34	34	23	39	5	8	50	34	52	18	20	50	43	22	35	22	23	44	25	57	19	25	33	33	47	43	27	20	22	46	37	27	44	19	60	16	15	64	23	21	29	13	24	22	28	57	29	9	25	17	34	
55	13	40	40	17	33	15	58	17	34	7	29	39	35	46	23	18	21	63	44	53	29	19	38	37	33	18	14	23	0	18	16	50	20	45	37	17	24	17	31	8	7	37	44	36	20	43	28	25	24	61	19	36	21	44	32	23	31	26	21	39	35	56	30	7	26	22	50	48	30	46	35	31	40	19	13	32	57	37	46	11	4	44	42	48	55	16	36	16	48	1	31	39	17	49	13	43	46	17	12	11	22	44	19	27	25	61	27	39	36	22	49	58	41	47	45	12	56	45	43	7	38	20	20	30	32	46	7	7	23	22	9	21	4	48	12	13	51	42	13	21	35	24	45	7	49	14	14	31	38	32	
38	18	33	24	19	48	18	50	35	19	25	40	22	21	48	16	27	38	52	55	49	16	33	23	19	18	31	10	31	18	0	2	48	34	44	19	20	27	17	44	26	18	19	44	24	36	47	14	24	8	49	27	19	18	34	34	10	14	21	3	21	30	44	32	11	42	14	46	31	43	47	21	46	23	15	8	42	48	39	28	9	14	35	27	39	43	23	46	23	32	19	46	48	14	38	7	49	31	35	26	23	4	54	33	36	37	50	9	22	48	38	32	50	53	38	49	7	47	44	26	13	32	2	2	17	14	45	25	11	25	6	9	27	21	30	15	29	34	42	31	5	39	14	51	23	31	32	21	21	48	17	
39	17	34	25	17	46	16	51	33	20	23	39	24	23	48	16	26	36	54	54	49	17	31	24	21	19	29	9	30	16	2	0	48	32	44	21	19	27	16	43	24	16	21	44	25	34	47	15	24	9	50	25	21	18	35	34	10	16	21	5	23	30	45	32	9	40	14	47	33	41	47	22	44	24	15	6	41	49	39	30	8	12	36	29	40	44	22	45	22	34	17	44	47	14	40	5	48	33	33	25	21	6	53	31	35	36	51	11	24	47	37	34	51	52	39	49	6	48	44	28	12	32	4	4	17	16	45	23	9	23	7	7	26	19	32	13	27	36	42	29	6	39	15	50	21	33	30	20	22	47	19	
74	61	16	39	64	45	62	19	60	63	53	34	63	33	12	32	35	49	27	36	5	64	68	37	47	64	68	56	31	50	48	48	0	40	5	54	33	26	63	40	55	42	56	8	29	69	17	38	25	55	28	69	61	31	20	19	58	56	69	48	51	18	29	20	47	48	62	4	69	38	8	67	43	62	33	53	31	19	15	61	42	50	20	35	19	28	65	31	65	40	51	46	30	35	23	44	23	38	54	44	62	49	32	68	31	36	28	44	61	39	50	46	17	39	19	18	44	21	5	67	44	17	50	50	64	54	3	50	46	70	54	50	70	48	66	38	46	71	7	52	44	19	34	24	57	59	59	35	28	30	38	
72	33	37	48	38	14	36	54	21	53	18	10	56	41	32	28	8	9	61	24	44	48	32	45	48	51	34	34	9	20	34	32	40	0	35	52	17	16	37	10	20	16	52	32	40	32	27	37	22	41	60	38	53	23	42	21	42	48	47	36	52	32	57	20	24	10	42	42	65	9	33	54	12	57	24	32	13	53	25	61	24	24	43	48	46	55	35	17	35	55	20	12	20	23	49	27	25	53	14	8	30	37	25	32	9	6	60	39	56	15	10	58	53	20	45	29	26	54	34	60	20	35	36	36	49	48	37	15	23	43	40	27	40	16	64	19	8	68	32	13	34	21	31	26	24	63	21	13	34	19	41	
71	56	14	37	59	41	58	22	55	59	48	29	60	30	9	28	30	45	30	33	8	60	63	35	44	60	64	51	26	45	44	44	5	35	0	51	28	21	58	36	50	38	53	4	26	64	14	34	20	51	30	64	58	26	19	14	54	52	65	44	48	14	30	15	43	43	58	7	67	34	5	63	39	59	29	48	27	22	10	58	38	45	19	33	19	29	61	27	61	39	46	42	27	30	23	39	20	37	49	39	57	45	29	63	26	31	30	40	58	35	45	45	20	36	18	15	39	23	1	64	39	14	46	46	60	51	1	45	42	66	50	45	66	43	64	33	41	68	2	47	40	15	30	21	52	57	54	30	24	27	35	
20	35	38	17	33	66	33	49	54	12	44	57	9	21	59	27	45	57	48	71	53	18	51	18	8	14	48	27	47	37	19	21	54	52	51	0	36	42	32	62	45	37	2	53	25	54	59	17	37	15	44	42	8	31	36	47	17	7	29	16	4	37	39	45	31	61	24	51	15	60	56	16	64	8	29	26	58	47	51	8	28	33	36	22	40	38	39	62	39	22	38	65	64	29	37	26	63	22	55	46	41	15	69	51	53	55	45	13	7	66	58	18	51	70	39	61	26	45	52	13	33	37	17	17	17	6	52	44	31	37	16	28	42	40	12	32	48	17	50	50	18	53	24	65	42	12	51	38	27	63	16	
56	28	23	30	32	30	30	42	30	39	21	21	41	24	30	11	9	25	47	35	35	36	36	28	31	38	36	25	11	17	20	19	33	17	28	36	0	8	31	26	23	10	36	26	23	37	28	20	7	28	45	36	39	6	28	16	30	33	39	21	35	18	41	14	15	27	32	33	50	24	29	41	28	41	6	22	22	40	21	45	11	17	29	31	32	40	32	26	32	38	18	29	28	6	34	13	29	36	26	14	29	23	34	36	16	18	46	22	41	30	26	41	41	33	31	30	13	40	27	46	11	21	22	22	37	32	29	18	14	38	26	18	37	15	48	6	17	53	25	22	18	20	13	31	24	46	28	4	17	28	24	
63	36	20	34	40	27	38	38	33	46	26	16	48	26	22	15	9	25	44	29	29	44	42	31	37	46	42	33	7	24	27	27	26	16	21	42	8	0	39	22	28	16	43	19	24	43	20	25	6	35	43	43	46	10	26	8	37	40	47	29	41	15	40	6	23	26	40	27	57	20	22	49	25	48	13	30	16	37	13	50	19	25	27	33	30	39	40	19	40	40	24	27	21	13	32	21	21	38	28	17	36	30	27	42	11	15	43	29	47	25	26	44	37	28	29	22	21	37	21	53	19	18	30	30	44	39	23	23	22	46	34	26	45	21	55	14	20	59	18	26	25	12	18	23	30	52	33	9	18	21	28	
44	5	50	41	1	50	2	67	28	24	21	46	30	39	61	32	34	37	70	61	64	16	20	40	34	21	17	7	39	17	17	16	63	37	58	32	31	39	0	48	20	23	30	57	42	23	59	31	37	17	67	10	27	32	52	47	14	24	10	19	35	46	62	45	16	42	8	62	37	47	60	22	48	31	29	10	49	65	52	39	20	14	52	45	57	60	8	53	8	49	17	48	56	28	56	19	59	48	31	29	11	20	61	20	43	43	68	27	31	53	37	48	68	58	55	61	18	64	58	32	20	48	17	17	18	25	59	23	17	7	16	13	10	21	39	25	30	41	56	28	22	51	31	61	15	43	24	30	38	55	35	
82	44	42	56	48	5	46	57	28	63	27	7	67	49	30	37	17	14	64	15	45	59	41	54	58	62	43	44	15	31	44	43	40	10	36	62	26	22	48	0	29	27	62	32	47	40	25	46	28	52	64	48	64	31	48	24	53	58	58	46	61	37	62	24	35	9	53	43	75	2	33	65	3	67	33	43	8	57	26	71	34	34	49	55	51	61	45	10	45	63	30	5	13	32	54	37	20	60	21	19	40	48	16	41	11	7	64	49	66	5	14	66	56	10	50	25	36	57	35	71	31	40	47	47	60	58	37	25	34	53	50	38	50	26	74	29	18	78	33	22	44	21	39	21	34	73	30	23	41	12	50	
62	15	46	48	20	31	18	65	9	41	2	30	46	43	49	31	20	17	70	44	58	34	13	46	45	39	14	20	25	8	26	24	55	20	50	45	23	28	20	29	0	13	44	48	43	14	46	36	31	31	68	18	43	28	51	36	30	39	30	29	47	41	64	34	15	22	27	56	55	29	50	41	29	47	26	19	33	64	41	54	19	12	51	50	55	62	16	37	16	56	7	28	40	25	56	21	44	54	11	12	10	30	45	13	28	26	68	35	47	34	17	57	65	39	54	47	20	63	49	50	14	44	28	28	36	39	51	5	15	24	30	17	20	7	55	19	12	58	47	8	29	38	32	46	5	57	6	19	38	39	41	
56	20	33	36	24	30	22	51	21	36	11	24	40	30	38	18	11	20	56	39	45	32	26	34	34	35	26	18	16	7	18	16	42	16	38	37	10	16	23	27	13	0	37	36	30	27	36	25	17	25	54	26	37	14	37	25	26	32	32	20	37	28	50	23	8	24	26	43	49	25	38	38	28	41	13	16	26	50	30	46	8	9	38	37	42	49	23	30	23	44	8	28	33	11	43	11	36	42	19	8	19	21	38	26	20	20	55	24	40	31	21	46	51	36	40	38	10	50	37	44	4	31	20	20	33	32	39	9	7	30	24	11	28	5	48	6	11	52	35	15	18	28	19	38	14	48	19	7	25	32	29	
19	34	39	19	31	66	32	51	53	10	44	58	7	23	60	28	45	57	50	72	55	16	50	20	10	12	47	26	48	37	19	21	56	52	53	2	36	43	30	62	44	37	0	54	27	53	60	18	38	14	47	41	6	32	38	48	16	6	27	16	6	39	41	46	30	61	23	53	13	61	57	14	64	6	30	25	59	49	52	9	28	32	38	24	42	40	38	62	38	24	38	65	65	30	39	25	64	24	54	46	40	15	70	50	53	55	48	14	5	66	58	20	53	70	41	63	26	47	53	11	33	39	16	16	15	5	54	44	31	35	15	27	40	40	12	33	48	16	52	50	18	54	25	66	41	13	50	39	28	64	18	
73	55	16	39	59	37	57	26	52	60	46	25	61	32	6	28	28	41	34	29	12	60	61	37	46	61	62	51	23	44	44	44	8	32	4	53	26	19	57	32	48	36	54	0	28	62	10	36	20	51	34	63	59	26	22	11	54	53	65	44	50	15	33	13	41	40	58	11	68	30	3	64	35	60	29	48	23	26	7	60	37	44	23	36	22	33	59	23	59	42	44	38	23	30	26	39	16	40	46	36	55	45	25	61	23	28	34	41	59	32	42	48	24	32	22	11	39	27	3	65	38	16	46	46	60	52	5	43	41	65	50	44	64	41	65	32	38	70	2	44	40	11	30	17	50	59	52	29	26	23	36	
44	42	12	10	43	52	42	26	51	35	42	40	34	4	35	12	32	48	28	51	28	37	54	8	17	36	53	34	31	36	24	25	29	40	26	25	23	24	42	47	43	30	27	28	0	56	36	10	18	28	25	50	33	17	11	26	32	28	45	22	22	13	20	25	30	50	38	26	40	45	31	39	50	33	17	31	40	24	28	31	24	33	11	8	15	19	47	43	47	15	37	51	44	18	14	24	41	13	49	37	45	23	49	54	36	39	26	16	32	49	49	20	27	52	14	38	25	22	27	38	29	12	25	25	36	26	27	40	29	49	28	30	51	36	37	24	40	41	26	45	19	31	11	43	43	31	49	27	6	44	9	
68	19	60	59	22	40	21	79	12	47	16	42	53	55	63	44	34	26	84	55	72	39	3	58	55	44	6	27	39	20	36	34	69	32	64	54	37	43	23	40	14	27	53	62	56	0	59	48	45	39	81	14	50	41	64	50	37	47	31	39	56	55	77	49	26	31	31	70	60	40	64	46	39	54	40	28	45	77	55	62	32	23	65	62	69	76	15	49	15	68	20	37	51	38	70	33	57	66	19	25	13	39	56	3	41	38	82	45	54	45	26	68	79	50	68	61	32	77	64	55	28	58	37	37	41	48	66	19	27	22	38	27	16	21	62	33	24	64	61	18	40	52	45	59	13	66	10	34	51	50	52	
80	56	26	47	60	29	58	36	48	65	43	19	67	40	5	33	25	36	44	19	22	64	59	45	53	65	60	53	20	43	47	47	17	27	14	59	28	20	59	25	46	36	60	10	36	59	0	42	23	55	44	62	64	29	31	12	57	59	67	48	57	23	43	14	43	33	60	21	74	23	9	68	28	66	32	50	16	36	8	67	39	45	32	44	32	43	59	14	59	51	43	30	13	32	36	41	6	49	42	33	54	49	15	59	18	22	44	46	65	23	37	56	34	22	32	2	41	37	13	71	39	25	50	50	64	57	15	40	42	66	54	46	64	39	72	34	34	76	12	41	44	8	35	7	49	67	49	29	32	13	43	
38	32	22	11	33	51	32	36	45	25	35	41	25	7	41	10	30	44	38	54	38	26	46	9	11	26	44	24	31	28	14	15	38	37	34	17	20	25	31	46	36	25	18	36	10	48	42	0	19	18	35	41	23	15	21	30	21	18	34	12	15	20	30	28	22	47	27	36	32	45	39	29	49	24	13	22	42	34	33	25	17	25	22	13	26	29	37	45	37	19	29	50	47	14	25	15	45	18	44	33	36	12	52	46	36	39	36	6	23	50	45	21	37	53	25	44	16	33	35	29	22	21	14	14	26	16	35	34	21	39	17	21	41	30	30	19	36	34	33	40	9	35	7	47	35	26	42	24	10	46	4	
57	36	16	27	39	33	37	34	37	42	29	22	43	20	24	10	14	30	40	34	27	40	44	25	31	42	43	31	13	25	24	24	25	22	20	37	7	6	37	28	31	17	38	20	18	45	23	19	0	32	38	43	41	6	21	10	34	35	45	25	35	10	35	8	22	32	38	25	51	26	23	45	31	43	9	28	22	33	15	45	17	25	22	26	25	33	40	25	40	34	25	33	27	10	27	19	26	32	33	21	36	26	32	44	18	21	39	23	42	31	31	38	34	34	24	25	19	33	20	48	18	13	26	26	41	34	22	26	21	45	30	24	45	23	49	13	24	54	18	30	21	16	12	28	32	46	36	11	12	27	22	
31	20	39	25	18	55	18	54	40	11	31	48	15	25	56	23	35	44	56	63	55	9	36	25	18	10	33	12	39	24	8	9	55	41	51	15	28	35	17	52	31	25	14	51	28	39	55	18	32	0	53	27	12	25	39	42	3	8	17	7	18	37	47	40	18	49	10	53	24	50	54	13	53	16	23	11	50	52	47	23	17	19	40	30	44	46	24	54	24	33	25	53	56	22	42	15	57	32	41	34	26	6	62	36	44	45	53	12	15	56	45	31	55	61	43	57	15	51	51	19	21	38	5	5	9	9	52	31	18	23	1	14	27	27	24	23	36	27	49	37	11	47	21	59	27	27	36	29	27	56	20	
59	67	22	28	68	69	67	10	75	56	66	57	53	27	40	37	52	69	4	63	24	60	80	28	37	58	78	60	50	61	49	50	28	60	30	44	45	43	67	64	68	54	47	34	25	81	44	35	38	53	0	76	53	40	17	40	56	50	70	47	40	28	5	40	55	69	63	24	57	62	36	61	67	52	41	57	56	8	39	47	49	59	16	23	13	6	72	57	72	23	61	69	57	43	11	49	50	22	71	60	70	48	59	80	53	57	1	41	51	65	70	29	12	66	14	46	50	7	31	57	53	25	50	50	59	47	29	64	54	74	52	55	77	60	53	48	62	57	32	68	44	44	36	51	68	44	73	49	30	57	32	
54	8	57	51	9	49	8	75	23	34	20	48	40	48	65	40	37	35	79	62	71	26	11	50	45	31	8	16	42	19	27	25	69	38	64	42	36	43	10	48	18	26	41	63	50	14	62	41	43	27	76	0	37	38	60	51	24	34	16	29	45	53	71	50	21	40	18	69	47	47	65	32	47	41	36	19	51	74	57	49	27	18	61	55	65	70	3	55	3	59	19	46	58	34	65	27	62	58	28	30	8	30	63	11	46	44	77	36	41	53	35	58	76	58	64	64	26	73	64	42	25	55	27	27	28	36	65	23	22	8	26	20	2	23	49	30	30	51	62	26	32	54	39	64	14	53	19	34	46	57	45	
18	31	45	25	28	68	29	57	52	3	43	60	3	29	64	31	47	57	57	74	61	11	47	26	16	6	44	23	50	36	19	21	61	53	58	8	39	46	27	64	43	37	6	59	33	50	64	23	41	12	53	37	0	35	44	52	13	5	22	17	13	44	48	50	30	61	19	59	11	62	62	7	65	4	33	23	61	55	56	12	29	32	44	30	48	47	35	65	35	31	37	66	68	33	45	26	67	31	54	46	37	16	73	47	56	57	54	18	4	68	58	27	59	72	47	67	27	53	58	7	33	44	17	17	9	7	59	43	31	30	13	27	36	40	12	34	49	15	57	50	20	57	29	69	39	17	49	41	33	67	24	
52	30	19	24	33	36	31	37	35	36	26	26	38	18	30	5	15	31	42	39	32	34	40	22	26	36	39	25	16	21	18	18	31	23	26	31	6	10	32	31	28	14	32	26	17	41	29	15	6	25	40	38	35	0	23	16	28	30	39	18	30	14	36	14	17	33	32	30	46	29	29	39	34	38	3	22	27	36	21	40	11	20	23	25	27	34	35	30	35	32	21	35	32	4	28	13	31	30	32	20	32	20	37	40	21	24	40	18	37	34	32	35	37	38	26	31	13	35	26	42	14	17	20	20	35	28	27	23	16	39	24	18	40	20	44	8	23	48	24	28	15	21	8	34	28	41	33	10	11	31	18	
54	52	6	19	53	53	52	15	58	46	49	41	45	15	28	20	35	51	19	49	18	48	63	18	28	47	62	44	33	44	34	35	20	42	19	36	28	26	52	48	51	37	38	22	11	64	31	21	21	39	17	60	44	23	0	24	43	39	56	33	32	11	14	24	38	52	49	16	50	46	24	50	51	44	24	41	40	13	24	41	33	42	1	15	5	13	56	41	56	20	44	53	42	26	6	33	37	18	54	42	54	34	45	63	37	41	17	27	43	49	52	26	16	50	3	33	34	12	19	49	36	8	35	35	48	37	19	46	38	59	39	39	61	43	47	31	45	51	19	50	29	28	20	38	51	39	56	32	13	42	20	
68	44	18	36	48	29	46	33	41	52	34	17	54	29	14	20	16	31	40	25	22	51	50	34	41	52	50	41	12	32	34	34	19	21	14	47	16	8	47	24	36	25	48	11	26	50	12	30	10	42	40	51	52	16	24	0	45	46	55	35	45	13	38	2	31	30	48	20	62	22	13	55	27	54	19	38	16	32	5	55	27	33	25	34	27	37	48	17	48	41	32	29	18	20	30	29	15	39	35	25	44	37	23	50	13	18	40	34	53	25	31	46	32	26	26	14	29	33	13	59	27	16	37	37	51	45	15	31	30	54	41	34	53	29	60	22	26	64	11	33	31	5	23	17	39	55	40	17	21	18	31	
31	18	42	29	15	56	16	58	39	11	30	49	16	29	58	26	36	45	60	65	58	6	34	28	21	9	31	10	40	23	10	10	58	42	54	17	30	37	14	53	30	26	16	54	32	37	57	21	34	3	56	24	13	28	43	45	0	10	13	10	21	40	51	43	18	49	7	56	24	52	57	12	54	17	25	10	51	56	49	25	19	19	43	33	48	49	22	55	22	36	24	54	58	24	46	16	59	36	41	34	24	9	63	34	46	46	57	15	17	57	45	34	59	62	46	59	17	55	54	19	22	41	8	8	7	11	55	31	19	19	4	14	24	27	25	24	36	28	52	37	14	50	24	61	26	29	35	30	30	57	24	
23	28	40	21	25	62	26	53	48	7	38	54	8	24	59	26	41	52	53	69	56	11	44	22	13	8	41	20	44	31	14	16	56	48	52	7	33	40	24	58	39	32	6	53	28	47	59	18	35	8	50	34	5	30	39	46	10	0	22	12	11	38	44	44	25	56	17	54	17	57	57	11	60	8	27	19	56	51	50	15	24	27	39	26	43	43	32	59	32	28	32	60	62	27	41	21	61	28	49	41	34	10	67	44	50	51	51	12	8	62	53	25	54	67	42	61	22	49	53	12	28	39	11	11	10	2	53	39	25	29	9	22	34	35	16	29	43	20	51	45	15	51	23	64	35	19	44	35	28	61	19	
38	14	55	42	9	60	12	71	37	18	31	56	25	42	69	37	43	47	73	71	70	11	28	42	34	15	24	14	48	26	21	21	69	47	65	29	39	47	10	58	30	32	27	65	45	31	67	34	45	17	70	16	22	39	56	55	13	22	0	22	33	52	64	53	24	52	7	68	31	57	68	16	58	26	36	17	58	69	60	35	28	23	56	47	61	63	16	62	16	50	27	57	65	35	59	26	68	49	41	38	20	22	71	28	53	52	71	29	26	63	47	47	72	68	60	69	26	68	65	26	28	53	20	20	13	24	66	33	25	9	17	21	15	31	33	33	40	35	63	38	26	59	36	70	25	39	34	38	43	64	37	
35	21	32	21	21	50	20	48	38	17	28	42	20	20	49	16	29	40	51	57	48	16	36	20	16	17	34	13	32	21	3	5	48	36	44	16	21	29	19	46	29	20	16	44	22	39	48	12	25	7	47	29	17	18	33	35	10	12	22	0	18	30	42	33	14	44	15	46	29	45	47	20	48	20	16	10	44	46	40	25	12	17	34	25	38	41	26	48	26	30	22	48	50	15	37	9	50	28	38	29	26	1	55	36	38	39	48	7	20	50	41	29	49	55	37	50	10	45	44	24	16	31	2	2	16	11	45	27	14	26	6	12	30	24	28	16	32	32	42	34	4	40	14	52	26	28	35	23	20	49	15	
22	38	34	13	36	66	36	45	56	16	46	56	13	18	56	25	44	57	44	70	50	22	53	14	4	19	51	29	46	39	21	23	51	52	48	4	35	41	35	61	47	37	6	50	22	56	57	15	35	18	40	45	13	30	32	45	21	11	33	18	0	34	35	43	32	61	28	48	18	60	53	21	64	12	28	28	57	43	48	10	29	35	32	18	36	33	42	60	42	17	40	64	62	29	33	26	61	18	56	46	43	17	67	53	52	54	41	13	11	65	58	14	47	69	35	59	27	41	49	17	33	34	19	19	21	9	49	45	32	40	18	30	45	41	15	32	49	19	47	51	18	51	22	63	44	11	53	38	24	62	13	
57	45	5	24	47	42	46	23	48	45	39	30	45	17	21	14	24	41	29	39	18	46	54	22	30	46	54	39	22	35	30	30	18	32	14	37	18	15	46	37	41	28	39	15	13	55	23	20	10	37	28	53	44	14	11	13	40	38	52	30	34	0	25	13	31	41	44	16	52	35	18	49	40	45	17	36	29	22	15	44	25	34	12	21	14	24	49	31	49	28	36	42	32	18	17	26	28	26	43	32	46	31	36	54	26	30	28	26	44	38	42	33	23	40	13	25	27	22	14	50	28	3	32	32	46	36	15	37	30	53	36	33	54	33	50	22	34	54	13	40	26	18	16	30	42	44	47	22	10	31	21	
54	62	20	22	63	67	62	12	71	51	62	55	48	22	39	32	49	65	9	62	25	55	75	22	31	53	74	55	47	56	44	45	29	57	30	39	41	40	62	62	64	50	41	33	20	77	43	30	35	47	5	71	48	36	14	38	51	44	64	42	35	25	0	38	50	66	58	24	52	60	35	55	65	47	37	52	54	10	37	42	45	54	13	17	11	1	67	55	67	18	57	67	55	38	8	44	49	17	68	56	66	42	58	75	51	55	6	35	46	63	66	24	15	64	12	45	45	8	31	51	49	22	44	44	54	42	29	59	50	69	47	51	72	56	48	44	59	52	31	64	39	42	32	51	63	39	69	45	25	55	27	
66	42	18	35	46	29	44	34	39	51	32	17	52	28	16	18	14	30	41	26	24	49	48	33	39	50	48	39	10	30	32	32	20	20	15	45	14	6	45	24	34	23	46	13	25	49	14	28	8	40	40	50	50	14	24	2	43	44	53	33	43	13	38	0	29	29	46	22	60	22	15	54	27	52	17	36	16	33	7	53	25	31	25	33	27	37	46	18	46	40	31	29	19	18	30	27	17	38	34	23	42	35	24	48	13	17	40	32	51	25	30	45	33	27	26	16	27	33	15	57	25	16	35	35	50	43	17	29	28	52	39	32	51	27	58	20	25	63	12	31	30	7	21	19	37	54	39	15	20	19	30	
49	13	35	33	17	38	15	53	24	29	14	32	33	29	45	18	19	26	58	47	49	24	24	31	30	27	23	10	23	7	11	9	47	24	43	31	15	23	16	35	15	8	30	41	30	26	43	22	22	18	55	21	30	17	38	31	18	25	24	14	32	31	50	29	0	31	18	47	42	33	44	30	36	34	14	8	34	52	36	39	5	3	39	35	43	49	18	38	18	41	8	36	41	13	43	6	43	40	24	16	15	15	46	24	28	28	56	20	33	39	27	42	54	44	42	45	5	51	42	37	4	33	13	13	25	25	44	13	1	23	16	3	23	9	42	9	18	45	40	19	14	35	18	45	13	42	21	14	25	40	26	
80	37	47	57	42	9	40	63	19	60	21	14	64	51	38	38	18	5	70	24	52	55	32	55	58	58	34	40	19	26	42	40	48	10	43	61	27	26	42	9	22	24	61	40	50	31	33	47	32	49	69	40	61	33	52	30	49	56	52	44	61	41	66	29	31	0	48	51	73	10	41	61	8	65	33	38	17	63	33	70	32	30	53	58	56	65	38	20	38	65	25	6	22	32	58	35	30	63	12	15	33	46	26	32	17	12	70	48	64	14	5	68	62	19	55	34	34	63	43	68	28	44	44	44	56	56	45	19	30	46	48	34	42	21	73	28	12	76	41	14	42	28	40	31	27	72	21	23	44	21	51	
36	12	48	36	9	55	10	64	35	16	27	50	22	35	62	30	37	43	66	65	63	8	28	35	28	13	25	8	42	22	14	14	62	42	58	24	32	40	8	53	27	26	23	58	38	31	60	27	38	10	63	18	19	32	49	48	7	17	7	15	28	44	58	46	18	48	0	61	29	51	61	14	53	23	29	10	52	62	53	31	21	18	49	40	54	56	16	57	16	43	22	53	59	28	52	19	61	43	38	33	18	15	65	28	47	46	64	22	23	57	43	41	65	62	52	62	19	61	58	24	22	46	13	13	10	18	59	29	19	12	10	14	17	26	31	26	35	33	56	34	19	52	29	63	22	35	31	32	36	58	30	
70	61	14	36	63	48	62	15	61	61	54	36	60	30	16	30	36	51	23	40	2	62	69	34	44	62	69	55	32	50	46	47	4	42	7	51	33	27	62	43	56	43	53	11	26	70	21	36	25	53	24	69	59	30	16	20	56	54	68	46	48	16	24	22	47	51	61	0	66	41	12	65	46	59	33	52	34	15	17	57	42	50	17	31	14	24	65	34	65	36	51	49	34	34	19	43	27	34	56	45	62	47	36	69	34	38	24	42	58	43	52	43	13	43	15	22	43	17	8	64	44	15	48	48	62	52	6	51	46	70	52	49	70	48	63	38	47	68	9	53	42	22	32	28	57	56	60	36	26	34	35	
7	41	53	31	38	79	39	63	63	13	55	71	8	36	74	41	58	69	61	85	68	21	57	32	22	16	54	35	61	48	31	33	69	65	67	15	50	57	37	75	55	49	13	68	40	60	74	32	51	24	57	47	11	46	50	62	24	17	31	29	18	52	52	60	42	73	29	66	0	74	71	15	77	8	44	35	72	61	66	10	41	43	50	36	54	51	45	76	45	34	49	77	78	43	51	38	77	35	65	58	48	27	84	57	67	68	58	28	9	79	69	28	65	84	53	77	39	59	67	5	45	52	28	28	19	17	67	55	42	40	25	38	46	51	4	46	60	4	65	61	31	67	39	80	50	14	60	52	42	78	31	
80	43	40	54	48	7	45	55	28	62	27	5	65	47	28	35	15	14	62	15	43	58	41	52	56	61	43	43	13	30	43	41	38	9	34	60	24	20	47	2	29	25	61	30	45	40	23	45	26	50	62	47	62	29	46	22	52	57	57	45	60	35	60	22	33	10	51	41	74	0	31	64	5	65	31	41	7	55	24	69	33	34	47	53	49	59	45	9	45	61	30	7	12	31	52	36	19	58	21	18	39	46	16	41	9	5	62	47	65	5	14	64	54	10	48	24	35	55	33	70	30	38	45	45	59	56	35	24	33	53	49	37	49	26	73	28	17	77	31	22	42	19	38	20	33	71	30	22	39	11	48	
76	58	19	42	61	37	60	27	54	63	48	26	64	35	4	31	30	43	35	28	13	63	63	40	49	64	64	54	25	46	47	47	8	33	5	56	29	22	60	33	50	38	57	3	31	64	9	39	23	54	36	65	62	29	24	13	57	57	68	47	53	18	35	15	44	41	61	12	71	31	0	67	36	63	32	51	24	27	8	63	40	47	25	39	25	35	62	23	62	45	46	38	22	33	29	42	15	43	48	38	58	48	24	63	24	29	35	44	62	31	43	50	25	31	24	10	42	28	5	68	41	19	49	49	63	55	6	45	43	68	53	47	67	43	68	35	40	73	5	46	43	12	33	16	52	62	54	31	29	22	39	
22	27	51	32	23	68	25	64	50	4	41	61	9	35	69	35	48	56	64	76	67	6	42	33	23	3	39	21	52	35	21	22	67	54	63	16	41	49	22	65	41	38	14	64	39	46	68	29	45	13	61	32	7	39	50	55	12	11	16	20	21	49	55	54	30	61	14	65	15	64	67	0	66	10	36	22	63	62	60	19	31	31	50	37	54	54	30	67	30	38	36	66	70	35	52	28	70	38	52	46	33	18	75	42	57	58	62	23	11	69	57	35	66	74	53	70	28	60	63	10	34	50	18	18	5	13	64	42	31	25	14	26	31	39	17	36	48	19	61	48	24	61	33	73	37	24	46	42	39	69	30	
84	44	45	58	49	2	46	60	27	65	27	10	68	51	33	39	19	13	68	16	48	60	40	56	60	63	42	45	18	31	46	44	43	12	39	64	28	25	48	3	29	28	64	35	50	39	28	49	31	53	67	47	65	34	51	27	54	60	58	48	64	40	65	27	36	8	53	46	77	5	36	66	0	69	35	44	12	60	29	73	36	35	52	58	54	64	45	13	45	65	31	2	15	34	57	39	23	63	20	20	40	49	18	40	14	10	67	51	68	6	13	69	59	11	53	28	38	60	38	73	32	43	48	48	61	60	40	25	35	53	52	39	50	27	76	31	18	80	37	21	46	24	42	24	34	75	29	25	44	14	52	
15	35	45	25	32	71	33	57	56	7	47	62	1	29	66	33	50	60	56	77	61	15	51	26	16	10	48	27	53	40	23	24	62	57	59	8	41	48	31	67	47	41	6	60	33	54	66	24	43	16	52	41	4	38	44	54	17	8	26	20	12	45	47	52	34	65	23	59	8	65	63	10	69	0	35	27	64	55	58	8	32	35	44	30	48	46	39	68	39	29	41	69	70	35	45	30	69	30	57	49	41	19	75	51	58	60	53	19	1	71	61	25	59	75	47	68	30	53	59	5	36	45	20	20	13	9	60	47	34	34	17	30	40	43	8	37	52	11	58	53	23	59	30	71	43	13	52	43	34	69	24	
50	28	21	24	30	37	29	39	34	33	24	27	35	18	33	5	16	31	44	41	35	31	38	22	25	33	37	22	17	19	15	15	33	24	29	29	6	13	29	33	26	13	30	29	17	40	32	13	9	23	41	36	33	3	24	19	25	27	36	16	28	17	37	17	14	33	29	33	44	31	32	36	35	35	0	19	29	38	24	38	8	17	25	25	29	36	32	32	32	32	20	36	34	1	30	10	34	30	31	20	29	17	40	38	23	25	42	16	34	36	32	34	39	40	28	34	10	37	29	40	12	19	17	17	32	26	30	22	13	37	21	16	37	18	42	6	23	46	27	27	12	24	7	36	26	39	32	10	12	34	17	
42	10	39	32	11	46	10	57	28	21	19	40	26	29	52	21	27	34	60	55	54	16	25	31	26	20	23	3	31	13	8	6	53	32	48	26	22	30	10	43	19	16	25	48	31	28	50	22	28	11	57	19	23	22	41	38	10	19	17	10	28	36	52	36	8	38	10	52	35	41	51	22	44	27	19	0	42	55	43	34	11	8	42	35	46	50	15	46	15	40	13	43	49	18	46	9	51	39	30	24	15	11	54	25	36	36	58	17	27	47	35	40	57	52	45	52	9	54	48	30	12	38	9	9	17	20	50	20	8	17	10	4	19	17	35	16	26	39	46	26	12	42	21	53	16	38	25	21	28	48	25	
79	45	34	50	50	13	48	48	33	61	31	3	64	43	21	32	15	20	56	13	36	58	45	48	53	60	47	44	11	32	42	41	31	13	27	58	22	16	49	8	33	26	59	23	40	45	16	42	22	50	56	51	61	27	40	16	51	56	58	44	57	29	54	16	34	17	52	34	72	7	24	63	12	64	29	42	0	48	17	67	32	35	41	49	43	53	48	4	48	56	32	14	7	29	46	35	12	54	26	21	43	45	12	45	5	7	56	45	63	9	21	60	47	11	42	17	34	49	26	68	30	32	45	45	59	55	28	28	33	55	49	38	53	28	71	27	21	75	25	26	41	12	35	13	37	68	34	21	35	6	44	
63	65	17	30	67	61	66	2	70	58	62	50	56	27	31	34	46	63	8	55	15	61	76	29	39	59	75	58	44	57	48	49	19	53	22	47	40	37	65	57	64	50	49	26	24	77	36	34	33	52	8	74	55	36	13	32	56	51	69	46	43	22	10	33	52	63	62	15	61	55	27	62	60	55	38	55	48	0	31	51	46	55	13	25	8	11	70	49	70	27	58	62	49	39	10	47	42	26	66	54	67	47	51	76	46	50	8	40	54	57	64	33	4	58	10	37	47	2	23	60	50	19	49	49	60	49	21	59	51	73	52	53	75	56	57	44	57	61	24	63	43	36	34	43	64	48	69	44	27	49	32	
71	49	18	38	53	31	51	31	45	57	39	19	58	31	9	24	21	34	39	25	19	56	55	36	44	57	55	46	16	37	39	39	15	25	10	51	21	13	52	26	41	30	52	7	28	55	8	33	15	47	39	57	56	21	24	5	49	50	60	40	48	15	37	7	36	33	53	17	66	24	8	60	29	58	24	43	17	31	0	58	32	38	25	36	26	36	53	18	53	43	37	31	18	25	29	34	13	41	39	29	49	41	21	55	16	21	39	38	57	26	35	48	29	27	25	10	34	32	9	63	32	17	41	41	56	49	11	36	35	59	46	39	58	34	63	27	31	68	7	37	36	5	27	15	44	58	45	22	24	18	35	
13	43	44	21	40	75	41	53	63	16	53	66	10	27	66	35	54	66	51	79	59	24	59	23	14	19	56	35	56	46	28	30	61	61	58	8	45	50	39	71	54	46	9	60	31	62	67	25	45	23	47	49	12	40	41	55	25	15	35	25	10	44	42	53	39	70	31	57	10	69	63	19	73	8	38	34	67	51	58	0	37	42	41	26	44	41	47	70	47	24	47	73	72	38	41	34	71	25	63	55	49	24	77	59	61	63	48	22	8	75	67	18	55	78	43	69	35	49	59	11	42	44	25	25	22	14	59	53	40	43	24	37	48	49	6	41	57	10	57	59	27	61	32	73	50	5	59	47	34	72	23	
48	19	30	28	21	38	20	48	28	29	18	30	32	23	41	12	17	28	52	45	44	25	30	26	26	28	29	14	21	11	9	8	42	24	38	28	11	19	20	34	19	8	28	37	24	32	39	17	17	17	49	27	29	11	33	27	19	24	28	12	29	25	45	25	5	32	21	42	41	33	40	31	36	32	8	11	32	46	32	37	0	9	33	30	38	43	23	36	23	36	12	36	39	7	38	2	40	35	27	17	21	13	44	30	26	27	50	16	32	38	29	38	48	43	36	41	2	45	37	36	5	28	12	12	26	23	39	17	5	28	16	7	28	13	40	5	20	44	35	23	10	31	13	42	18	40	25	11	19	38	21	
50	11	39	36	15	37	13	57	21	30	11	32	35	32	47	21	20	25	61	48	52	24	21	35	33	28	19	10	25	4	14	12	50	24	45	33	17	25	14	34	12	9	32	44	33	23	45	25	25	19	59	18	32	20	42	33	19	27	23	17	35	34	54	31	3	30	18	50	43	34	47	31	35	35	17	8	35	55	38	42	9	0	43	39	47	53	15	39	15	45	5	35	42	16	47	9	45	43	21	15	12	18	47	21	29	29	59	23	35	39	26	45	57	44	45	47	8	55	45	38	6	37	16	16	26	27	47	11	4	21	18	5	20	8	44	12	17	47	43	17	17	37	22	47	9	45	18	16	29	41	29	
54	52	7	19	54	54	53	14	59	46	49	42	45	15	29	21	36	52	18	50	18	48	63	18	28	47	62	45	34	44	35	36	20	43	19	36	29	27	52	49	51	38	38	23	11	65	32	22	22	40	16	61	44	23	1	25	43	39	56	34	32	12	13	25	39	53	49	17	50	47	25	50	52	44	25	42	41	13	25	41	33	43	0	14	4	12	57	42	57	20	45	54	43	27	5	34	38	18	55	43	55	34	46	63	38	42	17	28	43	50	53	26	15	51	3	34	34	12	20	49	37	9	36	36	48	37	19	47	38	60	39	40	62	44	47	32	46	51	20	51	30	29	21	39	51	39	57	33	14	43	20	
39	46	19	5	46	60	46	27	58	33	48	49	31	7	42	20	40	56	26	60	33	37	60	5	14	35	58	38	40	42	27	29	35	48	33	22	31	33	45	55	50	37	24	36	8	62	44	13	26	30	23	55	30	25	15	34	33	26	47	25	18	21	17	33	35	58	40	31	36	53	39	37	58	30	25	35	49	25	36	26	30	39	14	0	18	16	51	51	51	7	43	60	53	26	15	29	49	5	56	45	50	25	57	60	44	48	24	18	29	58	57	12	29	60	17	46	30	23	34	35	35	19	27	27	36	24	33	47	35	52	29	35	55	43	32	31	48	36	33	52	23	39	18	51	48	24	56	35	14	52	10	
57	57	9	23	58	56	57	10	62	50	53	44	49	19	29	25	39	55	14	51	15	53	68	22	32	51	67	49	37	48	39	40	19	46	19	40	32	30	57	51	55	42	42	22	15	69	32	26	25	44	13	65	48	27	5	27	48	43	61	38	36	14	11	27	43	56	54	14	54	49	25	54	54	48	29	46	43	8	26	44	38	47	4	18	0	10	61	44	61	22	49	56	44	31	4	38	38	20	58	46	59	39	47	68	40	44	13	32	47	52	56	28	11	53	1	34	39	7	20	53	41	11	40	40	52	41	18	51	43	64	44	44	66	48	50	36	49	54	20	55	34	31	25	40	55	42	61	36	18	44	24	
53	61	19	21	62	66	61	13	70	49	60	54	47	21	39	31	48	64	10	61	24	54	74	21	30	52	72	53	46	55	43	44	28	55	29	38	40	39	60	61	62	49	40	33	19	76	43	29	33	46	6	70	47	34	13	37	49	43	63	41	33	24	1	37	49	65	56	24	51	59	35	54	64	46	36	50	53	11	36	41	43	53	12	16	10	0	66	54	66	17	56	66	54	37	7	43	49	16	66	55	64	41	57	74	50	54	7	34	45	62	65	23	15	63	11	44	44	8	30	50	48	21	43	43	53	41	29	58	48	68	46	49	70	55	47	42	57	51	30	63	38	41	30	50	62	38	68	44	24	54	25	
52	5	54	48	7	47	6	72	21	32	17	45	38	45	62	36	34	33	75	60	67	24	12	46	42	29	9	13	39	16	23	22	65	35	61	39	32	40	8	45	16	23	38	59	47	15	59	37	40	24	72	3	35	35	56	48	22	32	16	26	42	49	67	46	18	38	16	65	45	45	62	30	45	39	32	15	48	70	53	47	23	15	57	51	61	66	0	52	0	56	16	44	55	31	61	23	59	55	26	27	5	26	60	12	43	41	73	33	39	50	33	55	72	55	60	61	22	69	60	40	21	52	24	24	26	33	62	20	19	8	24	17	5	20	47	27	27	49	58	24	28	51	36	61	11	51	18	30	43	54	41	
82	49	35	53	54	14	52	49	37	65	35	7	68	46	20	35	19	23	57	9	36	62	49	51	56	64	51	49	15	36	46	45	31	17	27	62	26	19	53	10	37	30	62	23	43	49	14	45	25	54	57	55	65	30	41	17	55	59	62	48	60	31	55	18	38	20	57	34	76	9	23	67	13	68	32	46	4	49	18	70	36	39	42	51	44	54	52	0	52	59	36	16	3	32	47	39	9	56	30	25	47	49	8	49	9	11	57	48	67	8	24	63	47	9	43	15	38	50	26	72	34	33	49	49	63	58	28	32	37	59	53	42	57	32	74	31	25	79	25	30	44	13	38	10	41	71	38	25	38	2	48	
52	5	54	48	7	47	6	72	21	32	17	45	38	45	62	36	34	33	75	60	67	24	12	46	42	29	9	13	39	16	23	22	65	35	61	39	32	40	8	45	16	23	38	59	47	15	59	37	40	24	72	3	35	35	56	48	22	32	16	26	42	49	67	46	18	38	16	65	45	45	62	30	45	39	32	15	48	70	53	47	23	15	57	51	61	66	0	52	0	56	16	44	55	31	61	23	59	55	26	27	5	26	60	12	43	41	73	33	39	50	33	55	72	55	60	61	22	69	60	40	21	52	24	24	26	33	62	20	19	8	24	17	5	20	47	27	27	49	58	24	28	51	36	61	11	51	18	30	43	54	41	
36	51	25	8	51	67	50	29	65	34	55	56	31	14	48	27	47	63	27	67	38	39	65	10	15	36	63	43	47	48	32	34	40	55	39	22	38	40	49	63	56	44	24	42	15	68	51	19	34	33	23	59	31	32	20	41	36	28	50	30	17	28	18	40	41	65	43	36	34	61	45	38	65	29	32	40	56	27	43	24	36	45	20	7	22	17	56	59	56	0	49	67	60	33	18	35	56	2	63	52	55	29	64	65	52	55	24	22	28	65	64	6	31	68	21	53	36	25	40	34	41	26	31	31	38	26	39	53	41	56	33	40	59	49	30	38	55	34	39	59	28	47	25	58	54	21	62	42	21	59	15	
56	13	41	41	18	33	15	59	16	35	6	29	40	36	46	24	18	20	64	44	53	29	18	39	38	33	18	14	23	1	19	17	51	20	46	38	18	24	17	30	7	8	38	44	37	20	43	29	25	25	61	19	37	21	44	32	24	32	27	22	40	36	57	31	8	25	22	51	49	30	46	36	31	41	20	13	32	58	37	47	12	5	45	43	49	56	16	36	16	49	0	30	39	18	50	14	43	47	16	11	11	23	44	18	27	25	62	28	40	35	21	50	59	40	48	45	13	57	45	44	8	38	21	21	31	33	47	6	8	23	23	10	21	4	49	13	13	52	43	12	22	35	25	45	6	50	13	15	31	38	33	
84	43	47	60	48	3	46	63	25	65	26	12	69	53	36	40	20	11	70	18	51	60	38	57	61	63	40	45	20	31	46	44	46	12	42	65	29	27	48	5	28	28	65	38	51	37	30	50	33	53	69	46	66	35	53	29	54	60	57	48	64	42	67	29	36	6	53	49	77	7	38	66	2	69	36	43	14	62	31	73	36	35	54	60	56	66	44	16	44	67	30	0	18	35	59	39	26	65	18	19	39	50	21	38	16	12	69	51	68	8	11	70	61	13	55	31	38	63	41	73	32	45	49	49	61	60	43	24	35	52	52	39	48	27	77	32	17	81	39	20	46	26	43	26	33	76	27	26	45	17	53	
84	52	36	54	57	16	55	49	40	67	38	10	70	47	18	37	22	26	57	7	35	64	52	52	58	67	54	51	17	39	48	47	30	20	27	64	28	21	56	13	40	33	65	23	44	51	13	47	27	56	57	58	68	32	42	18	58	62	65	50	62	32	55	19	41	22	59	34	78	12	22	70	15	70	34	49	7	49	18	72	39	42	43	53	44	54	55	3	55	60	39	18	0	35	48	42	8	58	33	28	50	51	5	52	12	14	57	50	69	10	26	65	47	9	43	13	41	50	26	75	37	34	51	51	65	61	28	35	40	62	55	44	60	35	77	34	28	81	25	33	47	13	40	8	44	73	41	27	39	1	49	
50	26	22	25	29	37	27	41	32	33	23	27	35	19	34	6	15	30	45	41	36	31	36	23	25	32	36	21	17	17	14	14	35	23	30	29	6	13	28	32	25	11	30	30	18	38	32	14	10	22	43	34	33	4	26	20	24	27	35	15	29	18	38	18	13	32	28	34	43	31	33	35	34	35	1	18	29	39	25	38	7	16	27	26	31	37	31	32	31	33	18	35	35	0	31	9	34	31	30	19	28	17	40	36	23	25	43	16	34	36	31	35	41	40	29	35	9	38	30	40	10	20	17	17	31	26	31	21	12	35	21	14	36	17	42	5	22	46	28	26	12	25	8	37	24	40	30	9	13	34	18	
53	56	12	20	57	59	56	12	63	48	54	47	46	17	33	25	41	57	14	54	20	51	68	19	29	49	67	49	39	49	38	40	23	49	23	37	34	32	56	54	56	43	39	26	14	70	36	25	27	42	11	65	45	28	6	30	46	41	59	37	33	17	8	30	43	58	52	19	51	52	29	52	57	45	30	46	46	10	29	41	38	47	5	15	4	7	61	47	61	18	50	59	48	31	0	38	42	16	60	48	59	37	51	68	43	47	12	30	44	55	58	24	14	56	4	38	38	8	24	50	42	14	39	39	50	39	23	52	43	63	42	44	65	48	47	36	51	51	24	56	33	34	25	44	56	39	62	38	18	47	22	
45	18	30	26	20	41	19	48	30	26	20	33	29	22	43	13	20	31	52	48	45	22	30	25	24	25	29	12	24	13	7	5	44	27	39	26	13	21	19	37	21	11	25	39	24	33	41	15	19	15	49	27	26	13	33	29	16	21	26	9	26	26	44	27	6	35	19	43	38	36	42	28	39	30	10	9	35	47	34	34	2	9	34	29	38	43	23	39	23	35	14	39	42	9	38	0	43	33	29	20	21	10	47	30	29	30	50	14	29	41	32	36	49	46	37	43	1	46	39	33	7	29	9	9	23	21	40	19	6	26	13	6	28	15	37	8	22	41	37	25	8	33	12	45	19	37	27	14	19	41	19	
83	56	31	51	60	24	58	42	46	67	42	15	69	44	11	36	25	33	50	13	28	65	57	49	56	67	59	53	20	43	49	48	23	25	20	63	29	21	59	20	44	36	64	16	41	57	6	45	26	57	50	62	67	31	37	15	59	61	68	50	61	28	49	17	43	30	61	27	77	19	15	70	23	69	34	51	12	42	13	71	40	45	38	49	38	49	59	9	59	56	43	26	8	34	42	43	0	54	39	32	54	51	9	57	16	19	50	49	68	18	33	61	40	16	37	5	42	43	19	74	39	30	52	52	66	60	21	39	42	66	56	46	64	39	75	35	32	80	18	38	46	10	38	2	48	71	47	29	36	8	47	
37	50	23	7	50	65	49	28	63	34	53	54	31	12	46	25	45	61	26	65	36	39	64	8	15	36	62	41	45	46	31	33	38	53	37	22	36	38	48	60	54	42	24	40	13	66	49	18	32	32	22	58	31	30	18	39	36	28	49	28	18	26	17	38	40	63	43	34	35	58	43	38	63	30	30	39	54	26	41	25	35	43	18	5	20	16	55	56	55	2	47	65	58	31	16	33	54	0	61	50	54	28	62	64	50	53	23	21	29	63	62	8	30	65	20	51	34	24	38	34	40	24	30	30	38	26	37	51	39	55	32	39	58	47	31	36	53	35	37	57	26	44	23	56	53	22	60	40	19	57	13	
72	26	49	55	31	21	29	67	7	52	10	23	57	49	46	36	19	7	73	36	58	46	20	53	53	50	22	31	23	17	35	33	54	14	49	55	26	28	31	21	11	19	54	46	49	19	42	44	33	41	71	28	54	32	54	35	41	49	41	38	56	43	68	34	24	12	38	56	65	21	48	52	20	57	31	30	26	66	39	63	27	21	55	56	58	66	26	30	26	63	16	18	33	30	60	29	39	61	0	11	21	39	37	20	23	20	72	43	57	26	7	65	66	31	57	43	28	66	48	60	22	46	37	37	47	49	50	10	23	35	40	26	30	14	65	25	8	69	46	4	37	35	38	40	16	66	9	22	43	32	48	
65	25	37	44	29	22	27	55	16	45	10	18	49	38	37	25	8	11	61	32	47	40	25	42	43	43	26	25	13	12	26	25	44	8	39	46	14	17	29	19	12	8	46	36	37	25	33	33	21	34	60	30	46	20	42	25	34	41	38	29	46	32	56	23	16	15	33	45	58	18	38	46	20	49	20	24	21	54	29	55	17	15	43	45	46	55	27	25	27	52	11	19	28	19	48	20	32	50	11	0	22	30	33	25	16	14	60	33	49	24	12	54	55	29	45	35	19	54	38	53	13	35	29	29	41	41	40	7	15	34	32	19	32	7	57	14	3	61	36	8	27	26	27	34	16	57	15	10	31	27	37	
55	6	51	47	10	41	8	69	17	34	12	40	40	44	57	33	29	27	73	54	64	27	10	46	42	32	8	14	34	11	23	21	62	30	57	41	29	36	11	40	10	19	40	55	45	13	54	36	36	26	70	8	37	32	54	44	24	34	20	26	43	46	66	42	15	33	18	62	48	39	58	33	40	41	29	15	43	67	49	49	21	12	55	50	59	64	5	47	5	55	11	39	50	28	59	21	54	54	21	22	0	26	55	10	38	36	71	33	41	45	28	55	69	50	58	56	20	67	56	43	18	49	24	24	29	35	58	15	16	13	25	15	10	15	49	23	22	52	54	18	27	47	34	56	6	53	13	26	41	49	40	
34	21	33	21	21	52	21	49	39	16	29	43	19	20	50	17	31	42	51	58	49	15	37	20	15	15	34	13	34	22	4	6	49	37	45	15	23	30	20	48	30	21	15	45	23	39	49	12	26	6	48	30	16	20	34	37	9	10	22	1	17	31	42	35	15	46	15	47	27	46	48	18	49	19	17	11	45	47	41	24	13	18	34	25	39	41	26	49	26	29	23	50	51	17	37	10	51	28	39	30	26	0	57	37	39	41	48	7	18	52	42	28	50	56	37	51	11	46	45	23	17	32	2	2	15	10	46	29	15	26	5	13	30	25	26	18	33	30	43	35	5	42	15	54	27	27	36	24	21	51	15	
90	58	39	59	62	18	60	51	44	73	43	15	75	52	20	42	27	30	59	4	37	70	57	57	63	72	59	57	23	44	54	53	32	25	29	69	34	27	61	16	45	38	70	25	49	56	15	52	32	62	59	63	73	37	45	23	63	67	71	55	67	36	58	24	46	26	65	36	84	16	24	75	18	75	40	54	12	51	21	77	44	47	46	57	47	57	60	8	60	64	44	21	5	40	51	47	9	62	37	33	55	57	0	57	18	19	59	56	74	12	31	69	49	9	46	14	46	52	28	80	42	38	56	56	71	66	30	40	45	68	60	50	65	40	82	39	33	86	27	38	52	17	45	8	49	78	46	33	44	6	54	
64	16	59	57	19	41	18	77	13	44	15	42	50	53	63	42	34	27	82	56	71	36	0	55	52	41	3	24	39	19	33	31	68	32	63	51	36	42	20	41	13	26	50	61	54	3	59	46	44	36	80	11	47	40	63	50	34	44	28	36	53	54	75	48	24	32	28	69	57	41	63	42	40	51	38	25	45	76	55	59	30	21	63	60	68	74	12	49	12	65	18	38	52	36	68	30	57	64	20	25	10	37	57	0	41	38	80	43	51	46	27	65	77	51	66	61	30	75	63	52	26	57	34	34	38	45	65	18	25	19	35	25	13	20	59	31	24	61	61	19	37	52	43	59	12	63	11	33	50	51	50	
73	40	31	45	44	16	42	47	30	55	26	4	58	38	22	26	9	18	54	18	35	52	41	43	48	54	42	39	5	27	36	35	31	9	26	53	16	11	43	11	28	20	53	23	36	41	18	36	18	44	53	46	56	21	37	13	46	50	53	38	52	26	51	13	28	17	47	34	67	9	24	57	14	58	23	36	5	46	16	61	26	29	38	44	40	50	43	9	43	52	27	16	12	23	43	29	16	50	23	16	38	39	18	41	0	4	53	39	58	13	19	56	45	17	39	19	29	47	26	63	24	29	39	39	53	49	28	23	27	50	43	32	48	23	65	21	16	70	24	22	35	12	29	18	32	63	31	15	30	11	39	
75	39	35	48	43	12	41	51	26	56	24	4	60	41	26	29	9	14	58	18	40	52	38	46	50	55	40	38	8	25	37	36	36	6	31	55	18	15	43	7	26	20	55	28	39	38	22	39	21	45	57	44	57	24	41	18	46	51	52	39	54	30	55	17	28	12	46	38	68	5	29	58	10	60	25	36	7	50	21	63	27	29	42	48	44	54	41	11	41	55	25	12	14	25	47	30	19	53	20	14	36	41	19	38	4	0	58	41	59	11	14	59	50	15	43	23	29	51	30	64	24	33	40	40	53	50	32	21	27	49	44	32	46	21	67	22	14	71	28	19	36	16	32	20	30	65	27	16	33	13	42	
60	68	23	29	69	69	68	9	76	57	66	57	54	28	40	37	53	69	3	63	23	61	80	29	38	59	79	60	50	61	50	51	28	60	30	45	46	43	68	64	68	55	48	34	26	82	44	36	39	53	1	77	54	40	17	40	57	51	71	48	41	28	6	40	56	70	64	24	58	62	35	62	67	53	42	58	56	8	39	48	50	59	17	24	13	7	73	57	73	24	62	69	57	43	12	50	50	23	72	60	71	48	59	80	53	58	0	41	52	65	70	30	12	66	14	45	50	7	31	58	54	25	50	50	60	48	29	64	55	75	53	56	77	61	54	49	63	58	32	68	45	44	37	51	68	45	74	50	30	57	33	
33	28	28	14	28	53	28	42	44	19	34	44	20	13	46	13	31	44	44	58	44	20	43	13	10	20	41	20	34	27	9	11	44	39	40	13	22	29	27	49	35	24	14	41	16	45	46	6	23	12	41	36	18	18	27	34	15	12	29	7	13	26	35	32	20	48	22	42	28	47	44	23	51	19	16	17	45	40	38	22	16	23	28	18	32	34	33	48	33	22	28	51	50	16	30	14	49	21	43	33	33	7	56	43	39	41	41	0	18	52	45	22	43	56	31	49	15	39	40	24	21	27	9	9	20	10	41	33	20	33	11	18	37	29	26	19	36	30	39	39	6	39	11	52	32	24	41	25	16	50	8	
15	35	44	24	32	70	33	56	56	7	46	62	2	28	65	32	49	60	55	76	60	15	51	25	15	10	48	27	52	39	22	24	61	56	58	7	41	47	31	66	47	40	5	59	32	54	65	23	42	15	51	41	4	37	43	53	17	8	26	20	11	44	46	51	33	64	23	58	9	65	62	11	68	1	34	27	63	54	57	8	32	35	43	29	47	45	39	67	39	28	40	68	69	34	44	29	68	29	57	49	41	18	74	51	58	59	52	18	0	70	61	24	58	74	46	68	30	52	58	6	36	44	19	19	13	8	59	47	34	34	17	30	40	43	8	36	51	12	57	53	22	58	30	71	43	13	52	43	33	68	23	
86	49	43	59	53	6	51	57	33	68	32	8	71	52	28	40	21	19	65	10	44	63	46	56	61	66	48	49	18	36	48	47	39	15	35	66	30	25	53	5	34	31	66	32	49	45	23	50	31	56	65	53	68	34	49	25	57	62	63	50	65	38	63	25	39	14	57	43	79	5	31	69	6	71	36	47	9	57	26	75	38	39	50	58	52	62	50	8	50	65	35	8	10	36	55	41	18	63	26	24	45	52	12	46	13	11	65	52	70	0	19	69	55	5	51	23	41	58	34	75	35	41	51	51	65	62	37	30	38	58	55	43	55	31	78	33	23	82	33	27	48	21	43	18	39	76	35	27	44	9	53	
77	33	47	56	38	14	35	64	14	56	16	18	61	50	41	37	17	1	71	29	54	51	27	54	55	55	29	36	20	22	38	37	50	10	45	58	26	26	37	14	17	21	58	42	49	26	37	45	31	45	70	35	58	32	52	31	45	53	47	41	58	42	66	30	27	5	43	52	69	14	43	57	13	61	32	35	21	64	35	67	29	26	53	57	56	65	33	24	33	64	21	11	26	31	58	32	33	62	7	12	28	42	31	27	19	14	70	45	61	19	0	66	63	24	55	38	31	64	45	65	25	45	41	41	52	53	47	14	27	42	44	31	37	18	69	26	9	73	43	9	40	31	39	34	22	69	16	22	43	26	49	
30	50	31	10	49	71	49	35	66	30	56	60	26	17	54	29	50	65	33	72	44	36	65	12	13	33	63	42	50	49	32	34	46	58	45	18	41	44	48	66	57	46	20	48	20	68	56	21	38	31	29	58	27	35	26	46	34	25	47	29	14	33	24	45	42	68	41	43	28	64	50	35	69	25	34	40	60	33	48	18	38	45	26	12	28	23	55	63	55	6	50	70	65	35	24	36	61	8	65	54	55	28	69	65	56	59	30	22	24	69	66	0	38	72	28	58	37	31	46	29	43	31	31	31	35	23	45	55	42	54	31	41	58	51	24	40	57	28	45	61	28	51	27	63	55	15	63	44	25	64	17	
67	67	18	34	69	60	68	2	71	61	63	49	60	30	29	36	47	63	10	53	12	64	77	33	43	63	77	60	43	58	50	51	17	53	20	51	41	37	68	56	65	51	53	24	27	79	34	37	34	55	12	76	59	37	16	32	59	54	72	49	47	23	15	33	54	62	65	13	65	54	25	66	59	59	39	57	47	4	29	55	48	57	15	29	11	15	72	47	72	31	59	61	47	41	14	49	40	30	66	55	69	50	49	77	45	50	12	43	58	55	63	38	0	56	12	35	49	6	21	64	51	20	52	52	64	52	19	60	53	75	55	55	77	57	61	46	57	65	22	63	46	34	36	41	65	52	70	45	29	47	35	
90	54	44	62	58	10	56	58	38	72	38	12	75	55	27	43	25	24	66	5	44	68	51	59	65	71	53	54	22	41	53	52	39	20	36	70	33	28	58	10	39	36	70	32	52	50	22	53	34	61	66	58	72	38	50	26	62	67	68	55	69	40	64	27	44	19	62	43	84	10	31	74	11	75	40	52	11	58	27	78	43	44	51	60	53	63	55	9	55	68	40	13	9	40	56	46	16	65	31	29	50	56	9	51	17	15	66	56	74	5	24	72	56	0	52	22	45	59	35	79	40	43	56	56	69	66	37	35	43	63	59	48	60	36	82	38	28	87	34	32	52	22	46	16	44	80	40	31	46	9	56	
56	55	8	22	57	55	56	11	61	49	52	43	48	18	28	24	38	54	16	50	16	51	66	21	31	50	65	48	35	47	38	39	19	45	18	39	31	29	55	50	54	40	41	22	14	68	32	25	24	43	14	64	47	26	3	26	46	42	60	37	35	13	12	26	42	55	52	15	53	48	24	53	53	47	28	45	42	10	25	43	36	45	3	17	1	11	60	43	60	21	48	55	43	29	4	37	37	20	57	45	58	37	46	66	39	43	14	31	46	51	55	28	12	52	0	34	37	9	19	52	40	10	39	39	51	40	18	49	41	63	42	43	65	46	49	34	48	54	19	54	33	30	24	39	54	42	59	35	17	43	23	
82	58	28	49	62	29	60	37	50	67	45	20	69	42	6	35	27	37	45	18	23	66	61	47	55	67	62	55	22	45	49	49	18	29	15	61	30	22	61	25	47	38	63	11	38	61	2	44	25	57	46	64	67	31	33	14	59	61	69	50	59	25	45	16	45	34	62	22	77	24	10	70	28	68	34	52	17	37	10	69	41	47	34	46	34	44	61	15	61	53	45	31	13	35	38	43	5	51	43	35	56	51	14	61	19	23	45	49	68	23	38	58	35	22	34	0	43	38	14	73	41	27	52	52	66	59	16	42	44	68	56	48	66	41	74	36	36	79	14	42	46	10	38	6	50	69	50	31	35	13	45	
46	18	31	27	20	40	18	49	29	26	19	33	30	23	43	13	20	30	53	48	45	23	30	26	25	25	28	12	23	12	7	6	44	26	39	26	13	21	18	36	20	10	26	39	25	32	41	16	19	15	50	26	27	13	34	29	17	22	26	10	27	27	45	27	5	34	19	43	39	35	42	28	38	30	10	9	34	47	34	35	2	8	34	30	39	44	22	38	22	36	13	38	41	9	38	1	42	34	28	19	20	11	46	30	29	29	50	15	30	41	31	37	49	45	37	43	0	46	39	34	6	29	10	10	24	21	41	18	5	26	14	5	27	14	38	7	21	42	37	24	9	33	13	44	18	38	26	13	20	40	20	
61	64	17	28	66	62	65	4	70	56	61	50	54	26	32	33	47	63	7	56	17	59	75	27	37	58	74	57	44	56	47	48	21	54	23	45	40	37	64	57	63	50	47	27	22	77	37	33	33	51	7	73	53	35	12	33	55	49	68	45	41	22	8	33	51	63	61	17	59	55	28	60	60	53	37	54	49	2	32	49	45	55	12	23	7	8	69	50	69	25	57	63	50	38	8	46	43	24	66	54	67	46	52	75	47	51	7	39	52	58	64	31	6	59	9	38	46	0	24	58	49	19	47	47	59	47	22	59	50	72	50	52	74	55	55	44	57	59	25	63	42	37	33	44	63	46	69	44	26	50	31	
72	56	15	37	59	40	57	23	54	60	47	28	60	31	8	28	29	44	31	32	9	60	63	35	44	60	63	51	25	45	44	44	5	34	1	52	27	21	58	35	49	37	53	3	27	64	13	35	20	51	31	64	58	26	19	13	54	53	65	44	49	14	31	15	42	43	58	8	67	33	5	63	38	59	29	48	26	23	9	59	37	45	20	34	20	30	60	26	60	40	45	41	26	30	24	39	19	38	48	38	56	45	28	63	26	30	31	40	58	34	45	46	21	35	19	14	39	24	0	64	39	14	46	46	60	51	2	44	41	65	50	45	65	42	64	33	40	68	2	46	40	14	30	20	51	58	54	30	25	26	35	
12	36	50	30	33	75	34	62	58	8	50	67	4	34	71	38	54	64	61	81	66	16	52	31	21	11	49	30	57	43	26	28	67	60	64	13	46	53	32	71	50	44	11	65	38	55	71	29	48	19	57	42	7	42	49	59	19	12	26	24	17	50	51	57	37	68	24	64	5	70	68	10	73	5	40	30	68	60	63	11	36	38	49	35	53	50	40	72	40	34	44	73	75	40	50	33	74	34	60	53	43	23	80	52	63	64	58	24	6	75	65	29	64	79	52	73	34	58	64	0	40	50	24	24	14	13	65	50	38	35	20	34	41	47	7	41	56	9	63	56	27	64	35	76	45	16	55	48	39	74	29	
52	17	33	33	21	34	19	51	23	32	13	28	36	28	41	16	15	24	56	43	46	28	26	31	31	31	25	14	19	7	13	12	44	20	39	33	11	19	20	31	14	4	33	38	29	28	39	22	18	21	53	25	33	14	36	27	22	28	28	16	33	28	49	25	4	28	22	44	45	30	41	34	32	36	12	12	30	50	32	42	5	6	37	35	41	48	21	34	21	41	8	32	37	10	42	7	39	40	22	13	18	17	42	26	24	24	54	21	36	35	25	43	51	40	40	41	6	49	39	40	0	31	16	16	29	28	40	12	3	27	19	7	26	8	44	5	15	48	37	18	15	31	17	41	14	44	20	10	23	36	26	
57	47	2	23	49	45	48	20	51	46	42	33	46	16	22	16	27	44	26	41	17	47	57	21	30	47	56	41	25	38	32	32	17	35	14	37	21	18	48	40	44	31	39	16	12	58	25	21	13	38	25	55	44	17	8	16	41	39	53	31	34	3	22	16	33	44	46	15	52	38	19	50	43	45	19	38	32	19	17	44	28	37	9	19	11	21	52	33	52	26	38	45	34	20	14	29	30	24	46	35	49	32	38	57	29	33	25	27	44	41	45	31	20	43	10	27	29	19	14	50	31	0	33	33	47	37	14	40	33	55	37	35	56	36	49	25	38	54	13	43	27	21	17	31	45	43	50	25	11	34	20	
35	19	34	23	19	51	18	50	37	16	27	43	20	22	50	18	30	40	53	58	50	14	34	22	17	15	32	11	33	20	2	4	50	36	46	17	22	30	17	47	28	20	16	46	25	37	50	14	26	5	50	27	17	20	35	37	8	11	20	2	19	32	44	35	13	44	13	48	28	45	49	18	48	20	17	9	45	49	41	25	12	16	36	27	40	43	24	49	24	31	21	49	51	17	39	9	52	30	37	29	24	2	56	34	39	40	50	9	19	51	41	31	52	56	39	52	10	47	46	24	16	33	0	0	14	11	47	27	14	24	4	11	28	23	28	17	32	31	44	33	6	42	16	54	25	29	34	24	22	50	17	
35	19	34	23	19	51	18	50	37	16	27	43	20	22	50	18	30	40	53	58	50	14	34	22	17	15	32	11	33	20	2	4	50	36	46	17	22	30	17	47	28	20	16	46	25	37	50	14	26	5	50	27	17	20	35	37	8	11	20	2	19	32	44	35	13	44	13	48	28	45	49	18	48	20	17	9	45	49	41	25	12	16	36	27	40	43	24	49	24	31	21	49	51	17	39	9	52	30	37	29	24	2	56	34	39	40	50	9	19	51	41	31	52	56	39	52	10	47	46	24	16	33	0	0	14	11	47	27	14	24	4	11	28	23	28	17	32	31	44	33	6	42	16	54	25	29	34	24	22	50	17	
26	22	48	31	19	63	20	62	45	6	36	57	12	33	65	32	44	51	63	72	64	2	38	31	23	3	35	16	47	30	17	17	64	49	60	17	37	44	18	60	36	33	15	60	36	41	64	26	41	9	59	28	9	35	48	51	7	10	13	16	21	46	54	50	25	56	10	62	19	59	63	5	61	13	32	17	59	60	56	22	26	26	48	36	52	53	26	63	26	38	31	61	65	31	50	23	66	38	47	41	29	15	71	38	53	53	60	20	13	65	52	35	64	69	51	66	24	59	60	14	29	47	14	14	0	12	61	37	26	21	10	21	27	34	21	31	43	23	58	43	20	56	30	68	32	26	41	38	36	64	28	
24	29	38	19	27	62	27	51	48	9	39	53	9	22	57	24	41	52	51	68	54	13	45	19	10	10	42	21	43	32	14	16	54	48	51	6	32	39	25	58	39	32	5	52	26	48	57	16	34	9	47	36	7	28	37	45	11	2	24	11	9	36	42	43	25	56	18	52	17	56	55	13	60	9	26	20	55	49	49	14	23	27	37	24	41	41	33	58	33	26	33	60	61	26	39	21	60	26	49	41	35	10	66	45	49	50	48	10	8	62	53	23	52	66	40	59	21	47	51	13	28	37	11	11	12	0	51	39	26	31	10	22	36	35	16	28	43	20	49	45	14	50	21	62	36	18	45	34	26	60	17	
72	58	14	37	61	42	59	21	56	60	49	30	60	31	10	29	31	46	29	34	7	61	65	35	44	61	65	53	27	46	45	45	3	37	1	52	29	23	59	37	51	39	54	5	27	66	15	35	22	52	29	65	59	27	19	15	55	53	66	45	49	15	29	17	44	45	59	6	67	35	6	64	40	60	30	50	28	21	11	59	39	47	19	33	18	29	62	28	62	39	47	43	28	31	23	40	21	37	50	40	58	46	30	65	28	32	29	41	59	37	47	45	19	37	18	16	41	22	2	65	40	14	47	47	61	51	0	46	43	67	51	46	67	44	64	35	42	69	4	48	41	16	31	22	53	58	56	32	25	28	35	
62	18	42	45	23	27	21	60	11	42	3	25	46	40	44	27	15	14	66	39	53	36	18	43	43	40	19	21	20	7	25	23	50	15	45	44	18	23	23	25	5	9	44	43	40	19	40	34	26	31	64	23	43	23	46	31	31	39	33	27	45	37	59	29	13	19	29	51	55	24	45	42	25	47	22	20	28	59	36	53	17	11	47	47	51	58	20	32	20	53	6	24	35	21	52	19	39	51	10	7	15	29	40	18	23	21	64	33	47	30	14	55	60	35	49	42	18	59	44	50	12	40	27	27	37	39	46	0	13	28	29	16	25	4	55	15	7	59	42	6	27	33	28	41	9	56	10	14	34	34	38	
49	14	35	32	18	37	16	53	24	29	14	31	34	28	44	17	18	26	57	46	48	25	25	31	30	28	24	11	22	7	11	9	46	23	42	31	14	22	17	34	15	7	31	41	29	27	42	21	21	18	54	22	31	16	38	30	19	25	25	14	32	30	50	28	1	30	19	46	42	33	43	31	35	34	13	8	33	51	35	40	5	4	38	35	43	48	19	37	19	41	8	35	40	12	43	6	42	39	23	15	16	15	45	25	27	27	55	20	34	38	27	42	53	43	41	44	5	50	41	38	3	33	14	14	26	26	43	13	0	24	17	4	24	9	42	8	18	46	39	19	14	34	18	44	13	43	21	13	24	39	25	
47	10	57	48	6	55	8	74	30	27	26	52	33	46	68	39	41	41	77	67	72	19	19	47	41	24	16	14	46	23	25	23	70	43	66	37	38	46	7	53	24	30	35	65	49	22	66	39	45	23	74	8	30	39	59	54	19	29	9	26	40	53	69	52	23	46	12	70	40	53	68	25	53	34	37	17	55	73	59	43	28	21	60	52	64	68	8	59	8	56	23	52	62	35	63	26	66	55	35	34	13	26	68	19	50	49	75	33	34	58	42	54	75	63	63	68	26	72	65	35	27	55	24	24	21	31	67	28	24	0	22	20	6	27	42	32	35	44	63	32	30	58	38	68	19	48	27	37	46	61	42	
32	19	38	25	17	54	18	54	39	12	29	47	17	25	54	22	34	43	56	62	54	10	35	24	18	11	32	11	37	22	6	7	54	40	50	16	26	34	16	50	30	24	15	50	28	38	54	17	30	1	52	26	13	24	39	41	4	9	17	6	18	36	47	39	16	48	10	52	25	49	53	14	52	17	21	10	49	52	46	24	16	18	39	29	44	46	24	53	24	33	23	52	55	21	42	13	56	32	40	32	25	5	60	35	43	44	53	11	17	55	44	31	55	59	42	56	14	50	50	20	19	37	4	4	10	10	51	29	17	22	0	13	26	26	25	21	35	29	48	36	10	46	20	58	26	28	35	28	26	54	20	
46	12	37	32	14	41	13	55	26	25	16	35	30	28	48	19	22	30	58	50	51	20	25	30	28	24	23	7	27	9	9	7	50	27	45	28	18	26	13	38	17	11	27	44	30	27	46	21	24	14	55	20	27	18	39	34	14	22	21	12	30	33	51	32	3	34	14	49	38	37	47	26	39	30	16	4	38	53	39	37	7	5	40	35	44	49	17	42	17	40	10	39	44	14	44	6	46	39	26	19	15	13	50	25	32	32	56	18	30	43	31	41	55	48	43	48	5	52	45	34	7	35	11	11	21	22	46	16	4	20	13	0	21	13	39	12	22	42	42	22	12	38	19	49	14	40	23	17	26	44	25	
53	9	58	51	8	51	9	76	25	33	22	50	39	49	67	41	39	37	80	64	72	25	13	50	45	30	10	17	44	21	27	26	70	40	66	42	37	45	10	50	20	28	40	64	51	16	64	41	45	27	77	2	36	40	61	53	24	34	15	30	45	54	72	51	23	42	17	70	46	49	67	31	50	40	37	19	53	75	58	48	28	20	62	55	66	70	5	57	5	59	21	48	60	36	65	28	64	58	30	32	10	30	65	13	48	46	77	37	40	55	37	58	77	60	65	66	27	74	65	41	26	56	28	28	27	36	67	25	24	6	26	21	0	25	48	32	32	50	63	28	32	56	40	66	16	53	21	35	47	59	45	
59	17	39	41	22	29	19	57	15	38	5	25	43	36	43	23	14	17	62	40	50	33	20	39	39	37	21	18	19	4	21	19	48	16	43	40	15	21	21	26	7	5	40	41	36	21	39	30	23	27	60	23	40	20	43	29	27	35	31	24	41	33	56	27	9	21	26	48	51	26	43	39	27	43	18	17	28	56	34	49	13	8	44	43	48	55	20	32	20	49	4	27	35	17	48	15	39	47	14	7	15	25	40	20	23	21	61	29	43	31	18	51	57	36	46	41	14	55	42	47	8	36	23	23	34	35	44	4	9	27	26	13	25	0	51	12	9	55	40	10	23	32	25	41	9	52	13	12	30	34	34	
7	43	49	27	40	78	41	59	64	15	55	70	9	33	71	39	57	68	57	84	65	23	59	29	19	18	56	35	60	48	30	32	66	64	64	12	48	55	39	74	55	48	12	65	37	62	72	30	49	24	53	49	12	44	47	60	25	16	33	28	15	50	48	58	42	73	31	63	4	73	68	17	76	8	42	35	71	57	63	6	40	44	47	32	50	47	47	74	47	30	49	77	77	42	47	37	75	31	65	57	49	26	82	59	65	67	54	26	8	78	69	24	61	82	49	74	38	55	64	7	44	49	28	28	21	16	64	55	42	42	25	39	48	51	0	45	60	4	63	61	30	65	37	78	51	9	61	51	39	76	29	
52	23	27	30	26	33	24	45	27	34	17	25	37	24	36	11	12	25	50	40	40	30	31	28	29	33	31	19	16	12	15	13	38	19	33	32	6	14	25	29	19	6	33	32	24	33	34	19	13	23	48	30	34	8	31	22	24	29	33	16	32	22	44	20	9	28	26	38	46	28	35	36	31	37	6	16	27	44	27	41	5	12	32	31	36	42	27	31	27	38	13	32	34	5	36	8	35	36	25	14	23	18	39	31	21	22	49	19	36	33	26	40	46	38	34	36	7	44	33	41	5	25	17	17	31	28	35	15	8	32	21	12	32	12	45	0	17	49	31	21	14	26	13	37	19	43	25	6	18	33	23	
67	26	40	47	30	20	28	58	14	47	10	18	52	41	38	28	10	8	64	32	49	42	24	45	46	46	26	27	15	13	29	27	46	8	41	48	17	20	30	18	12	11	48	38	40	24	34	36	24	36	62	30	49	23	45	26	36	43	40	32	49	34	59	25	18	12	35	47	60	17	40	48	18	52	23	26	21	57	31	57	20	17	46	48	49	57	27	25	27	55	13	17	28	22	51	22	32	53	8	3	22	33	33	24	16	14	63	36	51	23	9	57	57	28	48	36	21	57	40	56	15	38	32	32	43	43	42	7	18	35	35	22	32	9	60	17	0	64	38	6	30	27	30	34	16	60	14	13	34	27	40	
3	45	54	32	42	82	43	63	67	17	58	74	12	37	76	44	61	72	61	88	69	25	61	33	24	20	58	38	64	51	34	36	71	68	68	17	53	59	41	78	58	52	16	70	41	64	76	34	54	27	57	51	15	48	51	64	28	20	35	32	19	54	52	63	45	76	33	68	4	77	73	19	80	11	46	39	75	61	68	10	44	47	51	36	54	51	49	79	49	34	52	81	81	46	51	41	80	35	69	61	52	30	86	61	70	71	58	30	12	82	73	28	65	87	54	79	42	59	68	9	48	54	31	31	23	20	69	59	46	44	29	42	50	55	4	49	64	0	67	65	34	70	41	82	54	13	64	55	44	80	33	
70	54	14	36	57	38	55	24	52	58	45	26	58	30	9	26	27	42	32	31	11	58	61	34	43	58	61	49	23	42	42	42	7	32	2	50	25	18	56	33	47	35	52	2	26	61	12	33	18	49	32	62	57	24	19	11	52	51	63	42	47	13	31	12	40	41	56	9	65	31	5	61	37	58	27	46	25	24	7	57	35	43	20	33	20	30	58	25	58	39	43	39	25	28	24	37	18	37	46	36	54	43	27	61	24	28	32	39	57	33	43	45	22	34	19	14	37	25	2	63	37	13	44	44	58	49	4	42	39	63	48	42	63	40	63	31	38	67	0	44	38	12	28	19	49	57	52	28	23	25	34	
68	23	46	51	28	23	26	64	7	48	7	23	53	45	45	32	16	8	70	37	55	42	19	49	49	46	21	27	21	13	31	29	52	13	47	50	22	26	28	22	8	15	50	44	45	18	41	40	30	37	68	26	50	28	50	33	37	45	38	34	51	40	64	31	19	14	34	53	61	22	46	48	21	53	27	26	26	63	37	59	23	17	51	52	55	63	24	30	24	59	12	20	33	26	56	25	38	57	4	8	18	35	38	19	22	19	68	39	53	27	9	61	63	32	54	42	24	63	46	56	18	43	33	33	43	45	48	6	19	32	36	22	28	10	61	21	6	65	44	0	33	34	34	40	13	62	8	18	39	32	44	
38	23	28	19	24	48	23	45	38	21	28	39	23	16	45	12	27	39	47	54	44	20	37	18	16	20	35	15	29	21	5	6	44	34	40	18	18	25	22	44	29	18	18	40	19	40	44	9	21	11	44	32	20	15	29	31	14	15	26	4	18	26	39	30	14	42	19	42	31	42	43	24	46	23	12	12	41	43	36	27	10	17	30	23	34	38	28	44	28	28	22	46	47	12	33	8	46	26	37	27	27	5	52	37	35	36	45	6	22	48	40	28	46	52	33	46	9	42	40	27	15	27	6	6	20	14	41	27	14	30	10	12	32	23	30	14	30	34	38	33	0	37	10	49	26	29	35	20	16	46	13	
73	48	22	42	52	25	50	36	41	58	36	14	60	34	11	26	18	30	44	20	24	56	52	39	46	57	52	45	13	35	39	39	19	21	15	53	20	12	51	21	38	28	54	11	31	52	8	35	16	47	44	54	57	21	28	5	50	51	59	40	51	18	42	7	35	28	52	22	67	19	12	61	24	59	24	42	12	36	5	61	31	37	29	39	31	41	51	13	51	47	35	26	13	25	34	33	10	44	35	26	47	42	17	52	12	16	44	39	58	21	31	51	34	22	30	10	33	37	14	64	31	21	42	42	56	50	16	33	34	58	46	38	56	32	65	26	27	70	12	34	37	0	28	12	41	61	42	21	26	13	37	
44	31	18	17	32	44	31	36	40	30	30	34	31	11	35	2	23	38	39	47	34	30	43	15	18	30	42	24	24	24	14	15	34	31	30	24	13	18	31	39	32	19	25	30	11	45	35	7	12	21	36	39	29	8	20	23	24	23	36	14	22	16	32	21	18	40	29	32	39	38	33	33	42	30	7	21	35	34	27	32	13	22	21	18	25	30	36	38	36	25	25	43	40	8	25	12	38	23	38	27	34	15	45	43	29	32	37	11	30	43	39	27	36	46	24	38	13	33	30	35	17	17	16	16	30	21	31	28	18	38	20	19	40	25	37	13	30	41	28	34	10	28	0	41	31	33	38	17	7	39	10	
85	58	33	53	62	24	60	43	47	70	44	17	72	46	12	38	27	34	51	12	29	68	59	51	58	69	60	56	22	45	51	50	24	26	21	65	31	23	61	21	46	38	66	17	43	59	7	47	28	59	51	64	69	34	38	17	61	64	70	52	63	30	51	19	45	31	63	28	80	20	16	73	24	71	36	53	13	43	15	73	42	47	39	51	40	50	61	10	61	58	45	26	8	37	44	45	2	56	40	34	56	54	8	59	18	20	51	52	71	18	34	63	41	16	39	6	44	44	20	76	41	31	54	54	68	62	22	41	44	68	58	49	66	41	78	37	34	82	19	40	49	12	41	0	50	73	48	31	38	9	49	
58	10	47	46	15	35	13	65	13	37	6	34	42	42	52	30	23	21	70	48	59	30	12	44	42	34	11	15	28	7	23	21	57	24	52	42	24	30	15	34	5	14	41	50	43	13	49	35	32	27	68	14	39	28	51	39	26	35	25	26	44	42	63	37	13	27	22	57	50	33	52	37	34	43	26	16	37	64	44	50	18	9	51	48	55	62	11	41	11	54	6	33	44	24	56	19	48	53	16	16	6	27	49	12	32	30	68	32	43	39	22	55	65	44	54	50	18	63	51	45	14	45	25	25	32	36	53	9	13	19	26	14	16	9	51	19	16	54	49	13	26	41	31	50	0	54	9	21	38	43	39	
15	47	43	20	44	77	45	50	66	21	56	67	15	27	66	36	55	68	48	80	57	28	63	22	15	24	60	39	57	49	31	33	59	63	57	12	46	52	43	73	57	48	13	59	31	66	67	26	46	27	44	53	17	41	39	55	29	19	39	28	11	44	39	54	42	72	35	56	14	71	62	24	75	13	39	38	68	48	58	5	40	45	39	24	42	38	51	71	51	21	50	76	73	40	39	37	71	22	66	57	53	27	78	63	63	65	45	24	13	76	69	15	52	80	42	69	38	46	58	16	44	43	29	29	26	18	58	56	43	48	28	40	53	52	9	43	60	13	57	62	29	61	33	73	54	0	63	49	34	73	24	
67	19	52	54	24	30	22	70	3	46	7	31	52	49	53	37	24	16	76	45	63	39	11	52	51	44	13	25	29	14	32	30	59	21	54	51	28	33	24	30	6	19	50	52	49	10	49	42	36	36	73	19	49	33	56	40	35	44	34	35	53	47	69	39	21	21	31	60	60	30	54	46	29	52	32	25	34	69	45	59	25	18	57	56	61	68	18	38	18	62	13	27	41	30	62	27	47	60	9	15	13	36	46	11	31	27	74	41	52	35	16	63	70	40	59	50	26	69	54	55	20	50	34	34	41	45	56	10	21	27	35	23	21	13	61	25	14	64	52	8	35	42	38	48	9	63	0	24	44	40	47	
58	27	27	34	31	27	29	45	26	40	17	19	43	28	31	15	6	21	51	34	38	37	33	32	34	39	33	24	9	14	21	20	35	13	30	38	4	9	30	23	19	7	39	29	27	34	29	24	11	29	49	34	41	10	32	17	30	35	38	23	38	22	45	15	14	23	32	36	52	22	31	42	25	43	10	21	21	44	22	47	11	16	33	35	36	44	30	25	30	42	15	26	27	9	38	14	29	40	22	10	26	24	33	33	15	16	50	25	43	27	22	44	45	31	35	31	13	44	30	48	10	25	24	24	38	34	32	14	13	37	28	17	35	12	51	6	13	55	28	18	20	21	17	31	21	49	24	0	21	26	27	
47	38	12	15	39	46	38	28	46	35	36	35	35	8	31	7	26	42	32	46	28	36	50	13	20	36	48	31	25	31	21	22	28	34	24	27	17	18	38	41	38	25	28	26	6	51	32	10	12	27	30	46	33	11	13	21	30	28	43	20	24	10	25	20	25	44	36	26	42	39	29	39	44	34	12	28	35	27	24	34	19	29	14	14	18	24	43	38	43	21	31	45	39	13	18	19	36	19	43	31	41	21	44	50	30	33	30	16	33	44	43	25	29	46	17	35	20	26	25	39	23	11	22	22	36	26	25	34	24	46	26	26	47	30	39	18	34	44	23	39	16	26	7	38	38	34	44	21	0	39	10	
84	51	36	54	56	15	54	49	39	67	37	9	69	47	19	36	21	25	57	7	35	63	51	52	58	66	53	50	17	38	48	47	30	19	27	63	28	21	55	12	39	32	64	23	44	50	13	46	27	56	57	57	67	31	42	18	57	61	64	49	62	31	55	19	40	21	58	34	78	11	22	69	14	69	34	48	6	49	18	72	38	41	43	52	44	54	54	2	54	59	38	17	1	34	47	41	8	57	32	27	49	51	6	51	11	13	57	50	68	9	26	64	47	9	43	13	40	50	26	74	36	34	50	50	64	60	28	34	39	61	54	44	59	34	76	33	27	80	25	32	46	13	39	9	43	73	40	26	39	0	49	
36	36	21	7	36	54	36	34	49	26	39	44	25	5	42	13	33	48	35	57	37	28	50	5	9	27	48	28	34	32	17	19	38	41	35	16	24	28	35	50	41	29	18	36	9	52	43	4	22	20	32	45	24	18	20	31	24	19	37	15	13	21	27	30	26	51	30	35	31	48	39	30	52	24	17	25	44	32	35	23	21	29	20	10	24	25	41	48	41	15	33	53	49	18	22	19	47	13	48	37	40	15	54	50	39	42	33	8	23	53	49	17	35	56	23	45	20	31	35	29	26	20	17	17	28	17	35	38	25	42	20	25	45	34	29	23	40	33	34	44	13	37	10	49	39	24	47	27	10	49	0	

