51247	## Somme des retards
0	## Temps CPU (millisecondes)
73	54	4	7	148	46	131	138	77	94	72	137	121	39	55	37	88	29	66	105	52	112	90	17	136	147	92	133	41	64	113	103	1	144	120	102	76	110	84	119	81	9	28	67	91	33	58	83	69	57	6	129	49	93	5	48	104	106	124	125	111	145	143	75	134	142	16	56	123	63	149	32	13	86	31	3	10	115	80	26	60	98	30	89	71	25	126	43	100	65	140	109	70	20	130	22	14	62	15	79	74	117	139	27	135	116	2	21	68	42	19	87	97	34	11	36	50	114	107	18	128	45	8	59	38	35	127	146	95	108	99	23	118	51	53	24	61	82	150	96	40	85	78	44	47	101	122	12	141	132	## Ordonnancement
16	## Nombre de tournées
1	2	2	3	4	6	7	6	9	12	14	13	19	18	19	15	## Nombre de sites par tournée
73	## Tournée 1
4	54	## Tournée 2
148	7	## Tournée 3
46	138	131	## Tournée 4
137	77	94	72	## Tournée 5
39	88	37	121	55	29	## Tournée 6
17	66	52	112	136	90	105	## Tournée 7
147	41	133	64	113	92	## Tournée 8
144	103	102	120	119	110	1	76	84	## Tournée 9
28	67	81	33	57	6	69	83	129	91	9	58	## Tournée 10
75	143	48	142	5	125	111	106	49	134	104	93	124	145	## Tournée 11
13	115	56	16	123	31	86	10	149	3	63	80	32	## Tournée 12
71	89	126	98	60	14	25	130	65	43	140	26	22	20	30	100	70	109	62	## Tournée 13
27	68	15	79	42	36	117	135	19	21	87	74	116	11	34	139	97	2	## Tournée 14
51	35	146	38	107	108	8	127	18	23	50	118	114	99	59	53	128	45	95	## Tournée 15
101	85	150	141	122	47	78	96	40	24	61	12	44	82	132	## Tournée 16
