60037	## Somme des retards
0	## Temps CPU (millisecondes)
87	82	68	51	98	14	45	59	66	4	8	94	79	60	86	64	97	3	53	70	67	74	24	20	42	61	57	48	28	83	12	33	10	69	5	80	91	84	47	85	16	50	2	43	26	49	35	52	63	88	37	44	36	25	89	62	41	92	30	6	54	19	56	95	15	78	18	29	90	72	21	71	34	11	13	58	17	76	81	27	31	38	75	1	46	32	99	22	7	39	9	40	65	77	55	73	93	96	23	100	## Ordonnancement
19	## Nombre de tournées
1	1	1	1	1	2	1	1	2	4	3	7	6	7	10	12	14	16	10	## Nombre de sites par tournée
87	## Tournée 1
82	## Tournée 2
68	## Tournée 3
51	## Tournée 4
98	## Tournée 5
14	45	## Tournée 6
59	## Tournée 7
66	## Tournée 8
4	8	## Tournée 9
60	79	86	94	## Tournée 10
64	3	97	## Tournée 11
67	53	70	20	42	24	74	## Tournée 12
48	57	61	12	83	28	## Tournée 13
5	80	84	33	10	69	91	## Tournée 14
49	47	2	35	85	50	43	26	52	16	## Tournée 15
37	88	62	63	44	89	25	92	6	41	36	30	## Tournée 16
95	19	29	78	18	34	54	15	90	56	11	72	21	71	## Tournée 17
58	75	46	32	38	13	22	27	99	17	81	1	7	76	31	39	## Tournée 18
96	40	65	100	77	55	93	73	9	23	## Tournée 19
