414115	## Somme des retards
40	## Temps CPU (millisecondes)
27	202	16	28	101	160	62	112	36	241	162	4	286	273	293	172	110	22	70	61	269	182	166	267	137	259	10	221	206	213	95	161	8	233	258	124	252	150	96	234	277	125	151	218	219	271	139	254	43	242	1	13	289	154	46	106	197	40	226	64	210	38	155	126	20	185	180	245	146	268	236	94	186	196	153	31	113	222	257	75	99	174	39	187	122	5	24	287	92	60	251	297	138	250	191	55	76	87	228	276	111	199	90	18	57	41	178	171	283	190	295	144	9	156	86	7	189	51	35	240	195	93	152	118	294	208	71	181	32	133	249	80	281	291	229	255	37	274	188	121	239	232	285	216	192	299	246	72	74	238	23	66	141	79	280	53	33	177	50	15	212	282	217	82	248	109	21	263	164	290	284	19	264	25	157	261	14	97	85	119	135	58	68	209	65	52	198	17	169	128	205	81	272	204	134	220	107	230	227	149	104	158	223	173	176	184	48	67	11	247	298	143	266	179	88	89	30	103	29	54	83	47	140	262	34	175	214	130	136	142	170	147	296	77	115	6	98	114	203	256	2	59	117	42	193	163	237	167	69	73	244	102	300	84	44	235	45	56	275	127	12	211	148	260	265	278	243	3	63	224	292	129	194	131	100	200	253	91	207	116	120	270	108	279	215	26	225	145	123	49	78	231	105	288	183	132	165	168	159	201	## Ordonnancement
25	## Nombre de tournées
1	1	1	1	3	2	3	6	7	8	9	12	13	11	16	15	18	18	23	22	23	25	25	27	10	## Nombre de sites par tournée
27	## Tournée 1
202	## Tournée 2
16	## Tournée 3
28	## Tournée 4
101	160	62	## Tournée 5
112	36	## Tournée 6
162	4	241	## Tournée 7
273	110	172	293	22	286	## Tournée 8
70	269	137	182	166	267	61	## Tournée 9
259	161	221	95	213	10	206	8	## Tournée 10
252	150	258	233	96	277	125	124	234	## Tournée 11
1	13	219	254	151	218	271	154	289	242	139	43	## Tournée 12
185	20	46	64	38	40	226	106	126	180	155	197	210	## Tournée 13
245	222	186	196	113	31	146	268	236	153	94	## Tournée 14
99	39	24	75	174	297	251	287	122	257	187	92	250	138	60	5	## Tournée 15
76	41	111	178	57	199	18	191	90	283	228	55	171	87	276	## Tournée 16
195	152	93	9	118	144	190	208	51	295	189	86	71	156	7	294	35	240	## Tournée 17
121	188	192	239	181	133	80	249	255	285	37	232	32	216	281	291	229	274	## Tournée 18
246	50	299	66	72	263	248	238	74	177	212	282	53	109	141	33	82	217	21	79	15	23	280	## Tournée 19
198	52	68	157	284	85	164	264	209	17	19	119	128	65	58	14	97	290	135	169	25	261	## Tournée 20
204	107	184	11	220	176	158	266	48	298	205	247	143	149	272	227	173	67	134	81	104	230	223	## Tournée 21
296	77	98	88	140	103	115	34	114	179	142	170	147	214	89	30	29	6	136	54	130	47	83	262	175	## Tournée 22
211	73	42	102	59	163	148	244	237	275	44	117	84	2	45	12	203	127	167	235	300	56	193	256	69	## Tournée 23
215	194	108	116	207	270	49	292	91	278	145	243	253	225	100	63	260	131	129	224	279	120	3	26	265	200	123	## Tournée 24
288	159	132	105	168	183	165	78	231	201	## Tournée 25
