148026	## Somme des retards
10	## Temps CPU (millisecondes)
15	28	64	125	183	161	25	165	10	196	129	45	56	70	185	36	126	19	84	77	163	176	76	170	102	48	21	147	111	143	199	103	50	172	137	23	117	110	180	53	152	107	168	12	157	112	144	156	78	75	47	40	113	127	11	105	89	81	62	177	120	41	2	118	39	181	37	44	61	26	35	151	13	83	67	73	96	155	200	108	60	188	91	178	187	158	189	69	149	34	169	148	9	99	87	101	82	92	135	14	20	90	141	49	38	65	30	6	142	130	119	68	162	193	93	54	171	159	138	94	115	66	8	22	32	146	109	104	86	52	46	55	182	63	1	29	136	150	116	139	160	17	184	16	192	124	154	131	140	164	175	133	4	121	128	79	42	194	27	51	166	153	198	195	59	98	100	186	31	179	197	88	167	7	43	134	95	114	58	80	173	5	145	24	57	33	122	74	190	97	106	3	123	85	71	174	132	18	191	72	## Ordonnancement
21	## Nombre de tournées
1	1	2	2	3	4	5	6	6	8	9	10	12	13	15	19	18	23	23	19	1	## Nombre de sites par tournée
15	## Tournée 1
28	## Tournée 2
125	64	## Tournée 3
161	183	## Tournée 4
10	25	165	## Tournée 5
45	196	129	56	## Tournée 6
36	70	19	185	126	## Tournée 7
176	163	170	77	84	76	## Tournée 8
102	111	147	143	21	48	## Tournée 9
199	23	103	137	117	50	110	172	## Tournée 10
152	107	12	168	180	144	112	53	157	## Tournée 11
47	78	75	105	156	11	40	127	89	113	## Tournée 12
37	39	118	62	61	177	120	181	2	41	81	44	## Tournée 13
151	73	67	13	200	35	60	108	26	155	96	188	83	## Tournée 14
148	158	189	178	99	187	82	169	9	69	34	149	87	101	91	## Tournée 15
119	92	142	135	54	93	20	141	130	68	30	14	90	162	49	65	6	38	193	## Tournée 16
8	86	138	32	104	171	109	46	146	22	159	66	52	63	94	115	55	182	## Tournée 17
42	79	16	140	128	4	1	136	29	139	17	116	121	131	124	150	133	164	175	184	154	160	192	## Tournée 18
51	88	98	167	179	27	186	7	114	95	153	195	197	58	59	43	134	194	166	100	80	198	31	## Tournée 19
122	18	24	85	33	191	132	3	5	106	145	173	174	57	97	190	71	74	123	## Tournée 20
72	## Tournée 21
