171754	## Somme des retards
50	## Temps CPU (millisecondes)
234	36	4	25	144	197	191	1	112	111	156	167	75	145	244	102	62	50	160	185	122	218	177	199	198	51	18	21	181	193	97	140	188	60	67	131	165	221	168	241	107	126	146	247	232	123	106	133	40	52	237	208	205	223	9	42	58	47	83	80	113	33	154	90	138	190	43	73	226	153	53	225	88	37	71	78	203	103	3	135	173	31	130	55	183	176	134	148	136	66	72	235	93	105	245	219	77	14	45	220	20	29	124	215	204	7	35	250	246	98	182	172	26	68	76	194	202	227	210	84	115	212	159	163	229	114	121	158	54	8	41	187	119	170	27	5	132	192	228	161	214	56	104	224	147	48	34	249	206	155	213	243	57	16	169	175	108	137	100	164	195	200	32	10	248	15	28	120	141	231	143	17	150	87	86	89	38	236	2	142	44	222	139	189	238	110	178	125	129	117	63	151	196	184	59	30	216	70	24	81	118	116	64	127	101	82	74	13	211	180	39	152	166	99	96	94	65	157	22	46	61	242	49	174	209	186	217	233	179	171	128	12	79	239	230	201	11	240	162	91	92	19	69	23	95	85	149	6	207	109	## Ordonnancement
22	## Nombre de tournées
2	3	2	5	4	4	7	7	7	10	11	13	14	18	17	17	25	24	22	26	11	1	## Nombre de sites par tournée
234	36	## Tournée 1
4	144	25	## Tournée 2
191	197	## Tournée 3
1	111	156	167	112	## Tournée 4
102	244	75	145	## Tournée 5
185	50	160	62	## Tournée 6
51	18	177	199	198	218	122	## Tournée 7
181	21	140	60	188	193	97	## Tournée 8
241	67	221	165	131	168	107	## Tournée 9
106	232	123	247	52	133	126	237	40	146	## Tournée 10
113	33	9	223	80	205	83	42	208	58	47	## Tournée 11
73	90	190	37	138	88	153	154	71	43	226	225	53	## Tournée 12
176	55	135	134	136	183	148	203	103	3	130	78	173	31	## Tournée 13
105	72	7	220	235	45	215	66	77	204	93	245	14	35	20	29	219	124	## Tournée 14
84	182	210	172	68	194	163	202	115	98	250	26	76	227	246	212	159	## Tournée 15
8	170	114	132	5	214	192	158	121	161	119	54	228	229	41	187	27	## Tournée 16
248	243	104	200	249	206	155	164	169	34	56	224	195	100	16	213	108	147	10	175	48	137	15	32	57	## Tournée 17
150	86	139	89	117	28	143	238	38	178	222	120	236	44	87	129	2	141	125	189	142	231	17	110	## Tournée 18
82	64	101	196	152	70	211	180	74	127	13	216	39	30	116	59	184	151	63	81	24	118	## Tournée 19
171	230	174	217	186	61	96	201	12	94	99	242	65	49	166	128	240	239	179	46	209	233	22	79	157	11	## Tournée 20
95	85	91	23	19	6	149	162	207	69	92	## Tournée 21
109	## Tournée 22
