50382	## Somme des retards
0	## Temps CPU (millisecondes)
13	5	48	67	37	79	38	14	65	69	47	78	57	46	33	56	87	50	31	44	61	76	49	11	17	20	41	27	64	63	55	73	96	51	88	80	99	9	21	74	10	28	54	90	84	100	66	4	43	15	23	32	92	52	45	3	81	19	6	8	26	22	62	58	7	35	75	71	89	30	12	72	40	24	34	16	85	36	82	53	25	18	68	1	97	98	42	70	29	86	93	2	83	91	39	94	59	95	77	60	## Ordonnancement
17	## Nombre de tournées
1	1	1	1	1	2	4	5	4	9	9	9	11	13	14	13	2	## Nombre de sites par tournée
13	## Tournée 1
5	## Tournée 2
48	## Tournée 3
67	## Tournée 4
37	## Tournée 5
79	38	## Tournée 6
65	69	14	47	## Tournée 7
56	57	78	33	46	## Tournée 8
87	50	31	44	## Tournée 9
11	61	76	49	17	20	27	41	64	## Tournée 10
96	88	55	51	73	9	80	63	99	## Tournée 11
21	28	74	84	10	90	54	66	100	## Tournée 12
15	81	4	3	52	43	23	92	19	45	32	## Tournée 13
89	58	62	12	75	22	8	71	6	35	26	30	7	## Tournée 14
16	36	85	53	1	25	97	72	18	34	82	24	68	40	## Tournée 15
95	93	29	94	59	2	91	42	86	83	70	39	98	## Tournée 16
77	60	## Tournée 17
