154996	## Somme des retards
10	## Temps CPU (millisecondes)
101	54	81	147	198	143	57	127	86	166	118	33	93	150	102	24	6	128	76	25	69	52	164	90	29	134	37	13	74	1	135	165	182	39	132	65	94	123	19	3	88	172	187	49	89	73	148	179	195	21	68	67	161	55	157	108	31	92	115	64	18	96	105	9	142	180	77	112	154	43	14	83	107	75	111	114	155	47	27	126	110	42	98	41	32	141	23	8	160	40	120	11	72	59	84	192	103	38	16	17	163	196	130	133	199	177	194	173	36	145	20	53	152	80	156	113	129	170	181	4	140	78	61	151	100	149	139	158	119	50	193	28	48	138	184	169	122	44	91	12	82	185	175	200	63	99	190	2	191	109	46	66	183	176	167	171	153	159	60	106	136	197	10	35	95	97	188	137	79	131	146	144	85	87	186	58	125	56	168	189	30	104	121	116	70	62	162	34	71	5	174	7	117	22	178	15	51	26	45	124	## Ordonnancement
22	## Nombre de tournées
1	1	1	2	1	2	3	4	5	7	10	10	10	12	12	14	18	18	22	19	23	5	## Nombre de sites par tournée
101	## Tournée 1
54	## Tournée 2
81	## Tournée 3
147	198	## Tournée 4
143	## Tournée 5
127	57	## Tournée 6
166	86	118	## Tournée 7
102	33	93	150	## Tournée 8
76	6	24	25	128	## Tournée 9
134	29	90	52	37	69	164	## Tournée 10
135	94	65	1	182	165	13	132	39	74	## Tournée 11
3	172	123	148	73	89	88	187	19	49	## Tournée 12
108	195	179	21	55	31	157	161	68	67	## Tournée 13
96	180	115	18	112	9	105	77	142	154	64	92	## Tournée 14
47	110	107	14	83	126	155	43	75	27	111	114	## Tournée 15
84	40	11	42	141	160	120	32	72	8	98	59	41	23	## Tournée 16
194	38	17	53	192	130	16	36	177	173	20	152	196	145	163	199	103	133	## Tournée 17
78	151	158	50	140	113	149	129	193	100	80	181	4	170	139	119	61	156	## Tournée 18
2	28	185	63	200	48	66	191	99	183	184	175	109	44	138	91	12	190	46	122	82	169	## Tournée 19
197	137	35	167	131	79	176	97	144	136	188	153	159	95	146	60	10	106	171	## Tournée 20
117	162	87	62	125	104	58	85	34	70	22	56	5	186	178	7	121	168	189	116	174	71	30	## Tournée 21
51	15	124	45	26	## Tournée 22
