110575	## Somme des retards
0	## Temps CPU (millisecondes)
45	19	6	124	22	65	80	97	87	138	42	29	122	141	12	10	117	105	16	47	27	70	7	127	139	134	52	63	73	20	106	110	46	8	114	34	147	71	128	95	96	33	49	83	24	90	28	40	31	131	149	148	53	135	21	136	41	107	145	14	92	112	104	88	44	93	79	75	94	125	17	38	1	113	111	64	15	137	76	60	69	109	58	116	129	118	25	98	140	85	108	72	68	101	123	121	133	9	120	100	2	150	51	84	143	142	48	37	82	99	77	54	78	74	103	4	11	130	119	50	86	56	39	36	32	132	62	3	81	66	91	89	126	30	23	67	5	57	13	26	43	18	59	61	115	102	35	55	146	144	## Ordonnancement
21	## Nombre de tournées
1	1	1	1	2	2	1	4	3	4	6	7	8	10	11	11	15	18	18	20	6	## Nombre de sites par tournée
45	## Tournée 1
19	## Tournée 2
6	## Tournée 3
124	## Tournée 4
65	22	## Tournée 5
97	80	## Tournée 6
87	## Tournée 7
42	138	122	29	## Tournée 8
10	12	141	## Tournée 9
47	117	16	105	## Tournée 10
27	7	127	134	70	139	## Tournée 11
63	110	106	46	20	73	52	## Tournée 12
71	96	34	147	8	95	114	128	## Tournée 13
33	40	131	90	31	28	24	83	49	149	## Tournée 14
53	107	14	41	136	92	21	148	112	145	135	## Tournée 15
104	1	88	17	44	125	75	93	38	79	94	## Tournée 16
116	111	98	113	60	15	76	25	64	129	118	69	109	137	58	## Tournée 17
101	121	84	100	9	51	143	85	123	68	133	2	140	142	108	150	120	72	## Tournée 18
82	86	56	36	74	103	130	4	77	39	48	78	37	99	119	50	11	54	## Tournée 19
5	18	81	26	57	91	13	30	67	61	66	59	43	62	126	89	3	23	132	32	## Tournée 20
55	115	35	102	144	146	## Tournée 21
