176896	## Somme des retards
10	## Temps CPU (millisecondes)
9	51	52	130	62	142	76	45	34	123	11	125	71	75	57	134	38	43	33	25	48	100	114	117	68	42	88	56	29	87	144	24	132	15	14	119	128	145	37	102	55	39	19	59	98	99	124	31	82	95	2	137	129	91	44	21	150	133	109	8	22	53	73	108	97	6	139	101	4	23	138	20	141	112	86	13	113	92	69	60	65	127	116	64	67	118	70	18	27	146	104	49	122	121	107	106	85	79	83	78	35	5	47	66	126	58	80	94	74	7	93	143	81	10	120	77	46	17	84	61	40	140	149	135	96	136	131	28	50	32	105	63	72	36	26	115	90	41	147	103	1	111	3	89	16	30	12	54	148	110	## Ordonnancement
22	## Nombre de tournées
1	1	1	1	1	1	2	3	4	6	6	8	9	9	9	11	13	14	15	17	17	1	## Nombre de sites par tournée
9	## Tournée 1
51	## Tournée 2
52	## Tournée 3
130	## Tournée 4
62	## Tournée 5
142	## Tournée 6
76	45	## Tournée 7
11	34	123	## Tournée 8
57	75	71	125	## Tournée 9
43	48	134	25	38	33	## Tournée 10
88	117	42	100	68	114	## Tournée 11
144	15	29	87	14	132	24	56	## Tournée 12
128	37	19	39	119	145	59	102	55	## Tournée 13
82	95	124	137	2	31	98	99	129	## Tournée 14
21	8	150	91	109	133	44	53	22	## Tournée 15
20	4	141	73	101	138	108	6	97	23	139	## Tournée 16
112	64	116	118	13	65	127	67	92	113	69	86	60	## Tournée 17
107	146	106	121	85	83	122	70	79	78	18	27	49	104	## Tournée 18
58	80	74	66	120	93	7	143	94	81	10	35	5	47	126	## Tournée 19
105	17	131	149	46	136	61	140	28	84	96	50	135	32	40	77	63	## Tournée 20
30	147	54	41	103	16	36	90	89	115	12	3	111	72	1	148	26	## Tournée 21
110	## Tournée 22
