201933	## Somme des retards
10	## Temps CPU (millisecondes)
114	145	30	2	129	81	72	105	94	24	48	126	116	144	35	149	113	6	136	86	57	119	32	45	31	21	103	63	13	22	102	20	85	87	106	69	5	10	120	41	78	150	93	47	147	26	107	52	19	44	60	36	54	66	108	122	128	23	133	50	61	75	46	97	67	37	98	109	4	38	58	89	14	101	146	33	68	123	104	132	29	83	111	117	56	55	90	96	7	28	118	127	135	125	99	138	1	40	82	91	70	137	84	74	140	148	49	139	142	80	76	110	11	141	3	88	95	53	73	121	43	12	34	27	9	17	77	65	59	115	92	18	8	143	79	131	25	16	134	15	100	112	71	64	39	130	51	42	124	62	## Ordonnancement
23	## Nombre de tournées
1	1	1	1	1	1	1	2	3	4	4	4	5	8	9	8	12	11	12	15	18	20	8	## Nombre de sites par tournée
114	## Tournée 1
145	## Tournée 2
30	## Tournée 3
2	## Tournée 4
129	## Tournée 5
81	## Tournée 6
72	## Tournée 7
94	105	## Tournée 8
24	48	126	## Tournée 9
35	116	144	149	## Tournée 10
6	86	136	113	## Tournée 11
119	57	45	32	## Tournée 12
21	31	13	63	103	## Tournée 13
85	106	20	87	102	69	5	22	## Tournée 14
150	47	93	147	41	120	10	26	78	## Tournée 15
52	60	107	44	54	36	66	19	## Tournée 16
108	122	75	128	133	37	61	67	46	50	97	23	## Tournée 17
68	101	38	4	58	146	98	33	109	14	89	## Tournée 18
111	83	117	7	55	104	96	90	29	123	56	132	## Tournée 19
137	125	74	135	99	127	40	1	28	91	70	118	138	82	84	## Tournée 20
12	73	49	140	95	80	53	142	148	121	43	141	76	11	110	139	88	3	## Tournée 21
134	79	9	25	59	131	27	100	8	17	65	16	15	34	115	143	92	112	77	18	## Tournée 22
42	71	124	130	64	51	39	62	## Tournée 23
