65906	## Somme des retards
0	## Temps CPU (millisecondes)
10	89	51	67	2	48	14	72	76	40	56	78	34	29	93	35	70	33	61	90	79	16	100	42	71	8	20	18	96	26	46	85	30	99	24	59	19	49	31	12	87	66	27	69	57	9	17	41	47	50	45	75	39	60	1	4	68	63	37	15	36	44	53	83	74	86	97	38	13	21	11	80	58	7	88	52	23	28	84	94	82	62	25	77	91	92	43	6	98	65	54	64	95	81	73	22	3	32	55	5	## Ordonnancement
18	## Nombre de tournées
1	1	1	1	1	1	1	3	4	6	8	10	8	10	11	16	13	4	## Nombre de sites par tournée
10	## Tournée 1
89	## Tournée 2
51	## Tournée 3
67	## Tournée 4
2	## Tournée 5
48	## Tournée 6
14	## Tournée 7
72	40	76	## Tournée 8
34	56	78	29	## Tournée 9
33	90	35	61	70	93	## Tournée 10
8	71	42	20	18	79	16	100	## Tournée 11
30	24	85	99	46	19	59	26	96	49	## Tournée 12
9	87	31	69	27	12	66	57	## Tournée 13
47	50	75	4	45	1	60	41	39	17	## Tournée 14
86	53	37	83	68	63	97	74	15	44	36	## Tournée 15
62	82	52	11	23	25	88	84	13	80	58	21	94	28	38	7	## Tournée 16
95	92	6	77	43	22	91	81	98	64	65	54	73	## Tournée 17
55	3	32	5	## Tournée 18
