200861	## Somme des retards
10	## Temps CPU (millisecondes)
114	145	30	2	129	81	72	105	94	24	48	126	116	144	35	149	113	6	136	86	57	119	32	45	13	31	21	103	63	5	22	20	69	85	106	87	102	10	120	41	150	78	93	19	147	26	107	52	60	44	47	36	54	66	108	122	23	133	61	50	75	46	128	97	67	37	109	4	38	58	146	89	68	101	96	98	33	14	132	29	83	111	117	56	55	90	104	7	123	28	118	127	135	125	99	138	1	40	82	91	70	137	84	74	140	12	73	3	49	139	142	11	80	76	141	148	95	121	25	88	53	43	34	27	9	79	65	110	59	115	8	17	92	77	131	16	134	15	100	18	62	39	130	51	143	124	71	42	64	112	## Ordonnancement
23	## Nombre de tournées
1	1	1	1	1	1	1	2	3	4	4	4	6	7	9	8	12	12	11	15	17	19	10	## Nombre de sites par tournée
114	## Tournée 1
145	## Tournée 2
30	## Tournée 3
2	## Tournée 4
129	## Tournée 5
81	## Tournée 6
72	## Tournée 7
94	105	## Tournée 8
24	48	126	## Tournée 9
35	116	144	149	## Tournée 10
6	86	136	113	## Tournée 11
119	57	45	32	## Tournée 12
21	31	13	63	5	103	## Tournée 13
85	106	20	87	102	69	22	## Tournée 14
150	93	147	41	120	10	26	78	19	## Tournée 15
52	60	107	47	44	54	36	66	## Tournée 16
108	122	75	128	133	37	61	67	46	50	97	23	## Tournée 17
68	101	38	4	58	146	98	33	109	96	14	89	## Tournée 18
111	83	117	7	55	104	90	29	123	56	132	## Tournée 19
137	125	74	135	99	127	40	1	28	91	70	118	138	82	84	## Tournée 20
12	73	25	49	140	95	80	53	142	148	121	141	76	11	139	88	3	## Tournée 21
134	79	9	59	131	27	100	8	110	17	65	16	15	43	34	115	92	77	18	## Tournée 22
42	71	124	130	64	51	39	143	112	62	## Tournée 23
