138981	## Somme des retards
10	## Temps CPU (millisecondes)
46	24	7	33	50	126	111	34	133	52	122	4	3	37	18	25	28	43	57	100	121	44	84	132	144	95	99	36	42	23	113	129	35	127	104	118	29	101	66	10	27	143	56	21	62	51	76	82	142	137	105	30	131	93	89	38	71	14	116	69	45	147	13	17	88	90	75	98	117	68	120	80	136	112	6	59	63	39	106	74	60	2	138	58	123	96	92	150	67	26	114	128	12	72	65	5	124	20	102	109	70	149	119	86	77	103	87	94	91	145	78	146	11	22	64	130	48	41	140	141	15	47	61	1	85	55	81	79	49	9	31	148	108	16	125	107	19	8	40	139	115	97	134	54	135	83	32	53	73	110	## Ordonnancement
23	## Nombre de tournées
1	1	2	1	1	1	1	1	2	3	5	5	5	7	8	9	12	14	15	17	18	20	1	## Nombre de sites par tournée
46	## Tournée 1
24	## Tournée 2
33	7	## Tournée 3
50	## Tournée 4
126	## Tournée 5
111	## Tournée 6
34	## Tournée 7
133	## Tournée 8
122	52	## Tournée 9
3	4	37	## Tournée 10
57	28	18	43	25	## Tournée 11
100	132	44	84	121	## Tournée 12
99	36	42	144	95	## Tournée 13
104	113	23	127	129	35	118	## Tournée 14
27	29	101	10	56	21	66	143	## Tournée 15
105	62	76	82	51	131	142	137	30	## Tournée 16
45	88	38	89	14	71	13	69	17	93	147	116	## Tournée 17
6	68	117	98	90	75	59	63	136	120	80	39	112	106	## Tournée 18
58	114	72	2	138	12	74	26	96	150	128	60	67	92	123	## Tournée 19
109	70	119	77	78	91	5	94	103	102	145	149	124	86	87	65	20	## Tournée 20
81	11	55	48	79	22	41	15	85	140	146	64	47	130	141	61	1	49	## Tournée 21
135	16	40	73	134	97	125	148	108	9	8	115	139	19	31	53	54	32	107	83	## Tournée 22
110	## Tournée 23
