56466	## Somme des retards
10	## Temps CPU (millisecondes)
27	95	60	5	89	73	1	99	62	92	30	32	33	76	19	67	24	36	44	52	81	65	10	71	86	14	84	79	56	53	98	46	66	57	43	20	85	88	96	55	74	75	70	41	54	94	47	48	8	100	11	82	16	23	21	6	45	72	63	17	42	2	83	7	49	22	90	91	15	9	34	29	93	39	77	64	78	13	38	4	25	58	12	26	68	51	3	18	97	61	59	28	37	35	69	40	80	31	50	87	## Ordonnancement
17	## Nombre de tournées
1	2	1	2	1	2	2	5	5	9	7	9	10	14	12	13	5	## Nombre de sites par tournée
27	## Tournée 1
60	95	## Tournée 2
5	## Tournée 3
89	73	## Tournée 4
1	## Tournée 5
99	62	## Tournée 6
30	92	## Tournée 7
76	32	67	19	33	## Tournée 8
52	36	44	81	24	## Tournée 9
65	53	56	84	71	10	86	14	79	## Tournée 10
98	66	20	46	85	57	43	## Tournée 11
94	88	75	41	55	54	96	70	74	## Tournée 12
23	16	8	47	11	48	21	6	100	82	## Tournée 13
17	63	91	45	90	22	83	2	42	9	72	49	15	7	## Tournée 14
34	4	93	78	77	25	64	29	13	39	38	58	## Tournée 15
69	51	12	28	26	61	68	18	3	37	97	59	35	## Tournée 16
80	31	50	87	40	## Tournée 17
