215453	## Somme des retards
30	## Temps CPU (millisecondes)
37	41	156	66	111	3	5	91	95	179	181	68	169	148	187	38	102	105	27	54	188	142	132	77	170	178	88	149	71	76	92	192	125	81	127	104	199	200	193	58	11	90	22	12	134	165	109	172	97	194	180	182	6	112	114	198	122	124	14	93	57	80	176	36	151	59	146	120	55	4	72	30	161	75	39	79	99	168	106	185	25	67	128	49	2	166	141	171	183	110	139	44	189	24	84	48	138	62	1	89	31	42	28	145	34	184	175	191	147	53	16	70	35	115	63	118	96	101	10	61	23	121	167	85	73	195	137	108	130	7	69	154	158	140	43	196	8	103	40	131	123	26	143	21	52	94	144	82	9	117	51	15	46	78	64	153	190	157	133	116	17	136	13	74	159	19	119	174	163	32	29	33	100	186	173	60	177	155	86	152	83	98	20	129	65	45	197	18	135	164	50	56	113	107	162	150	87	126	47	160	## Ordonnancement
20	## Nombre de tournées
1	2	2	2	4	6	6	6	8	10	11	12	14	16	17	17	20	19	22	5	## Nombre de sites par tournée
37	## Tournée 1
41	156	## Tournée 2
66	111	## Tournée 3
5	3	## Tournée 4
181	95	179	91	## Tournée 5
102	68	169	38	148	187	## Tournée 6
54	132	27	105	142	188	## Tournée 7
77	88	71	170	149	178	## Tournée 8
199	92	125	104	81	192	76	127	## Tournée 9
12	200	90	193	22	58	109	11	134	165	## Tournée 10
97	122	114	124	6	172	194	112	180	182	198	## Tournée 11
36	55	57	93	14	80	4	151	176	120	146	59	## Tournée 12
106	72	67	30	25	128	168	99	185	75	161	49	79	39	## Tournée 13
24	183	84	139	141	166	62	138	110	89	2	1	48	171	189	44	## Tournée 14
175	16	42	31	28	70	191	118	35	115	145	147	184	63	96	34	53	## Tournée 15
154	61	167	23	10	130	121	195	85	101	69	7	140	73	137	158	108	## Tournée 16
82	196	8	94	15	103	9	21	46	52	26	131	123	43	143	117	40	51	144	78	## Tournée 17
64	13	74	190	33	17	100	159	32	153	133	157	29	119	174	136	163	116	19	## Tournée 18
129	135	65	56	162	83	60	197	113	50	164	155	152	177	98	186	107	45	20	86	18	173	## Tournée 19
47	160	87	126	150	## Tournée 20
