222771	## Somme des retards
30	## Temps CPU (millisecondes)
161	100	169	115	11	99	2	51	166	102	152	19	22	45	122	8	189	132	4	65	83	29	67	142	69	38	77	44	185	103	42	49	197	70	21	138	151	10	3	39	27	182	141	94	143	200	82	130	165	118	167	172	75	105	162	181	199	89	131	36	53	109	93	193	148	127	191	78	180	87	171	106	68	107	139	179	54	63	12	17	126	76	145	133	198	91	9	80	147	111	6	140	88	174	146	129	150	90	116	37	124	186	190	71	61	50	40	30	183	134	170	175	57	52	156	13	137	173	47	20	121	74	104	120	28	114	25	154	79	85	24	15	160	158	33	135	98	177	56	123	46	31	110	163	84	32	64	113	23	178	18	159	96	157	97	164	195	194	55	43	48	117	35	16	125	144	196	1	92	192	81	95	62	128	14	34	108	119	73	58	5	136	72	153	41	176	187	101	168	26	188	59	60	66	7	112	184	86	155	149	## Ordonnancement
22	## Nombre de tournées
1	1	1	2	2	3	4	4	5	6	7	9	9	12	14	17	16	17	22	21	23	4	## Nombre de sites par tournée
161	## Tournée 1
100	## Tournée 2
169	## Tournée 3
115	11	## Tournée 4
2	99	## Tournée 5
51	102	166	## Tournée 6
45	152	22	19	## Tournée 7
122	132	189	8	## Tournée 8
65	29	83	67	4	## Tournée 9
44	69	38	142	185	77	## Tournée 10
70	49	21	138	42	103	197	## Tournée 11
10	151	3	39	141	182	94	27	143	## Tournée 12
75	105	200	167	165	118	172	82	130	## Tournée 13
181	162	127	36	89	148	109	193	93	199	131	53	## Tournée 14
171	87	180	78	107	12	179	68	54	139	106	63	17	191	## Tournée 15
80	146	9	129	140	147	76	145	133	111	150	91	6	174	88	198	126	## Tournée 16
170	71	57	50	186	30	90	175	190	61	183	116	134	40	124	37	## Tournée 17
13	154	85	79	20	52	74	114	28	47	121	173	25	104	120	156	137	## Tournée 18
159	33	178	18	98	163	113	177	110	158	123	135	31	46	15	160	84	56	64	32	23	24	## Tournée 19
48	55	117	125	192	96	62	35	196	92	16	43	194	195	95	1	144	164	81	97	157	## Tournée 20
136	112	73	108	168	176	41	60	59	72	26	34	153	5	14	187	66	188	58	128	101	7	119	## Tournée 21
86	155	184	149	## Tournée 22
