158147	## Somme des retards
0	## Temps CPU (millisecondes)
84	28	78	133	42	14	124	60	1	98	114	10	80	67	145	12	125	4	47	57	129	144	142	119	66	76	88	21	11	102	146	87	61	70	77	104	52	116	127	138	126	22	30	13	69	135	59	90	130	49	118	62	149	106	134	111	51	97	120	40	71	123	79	39	24	45	2	29	103	56	108	27	122	65	82	3	17	113	41	54	147	137	89	55	86	64	58	44	53	20	8	150	32	74	68	37	15	33	139	73	75	85	140	143	93	92	18	72	23	109	48	117	107	63	132	128	121	110	136	112	6	101	31	131	36	46	148	50	99	83	16	81	115	95	26	91	5	96	25	105	34	43	94	35	19	9	38	141	7	100	## Ordonnancement
19	## Nombre de tournées
1	2	2	3	3	3	3	4	5	7	9	10	10	12	13	15	17	17	14	## Nombre de sites par tournée
84	## Tournée 1
78	28	## Tournée 2
133	42	## Tournée 3
14	60	124	## Tournée 4
98	1	114	## Tournée 5
10	67	80	## Tournée 6
125	145	12	## Tournée 7
57	129	4	47	## Tournée 8
142	66	119	144	76	## Tournée 9
21	146	88	87	11	61	102	## Tournée 10
22	138	116	52	77	126	104	70	127	## Tournée 11
90	135	62	30	118	130	13	59	49	69	## Tournée 12
40	51	123	149	111	106	134	97	120	71	## Tournée 13
79	24	122	65	39	103	27	56	108	45	29	2	## Tournée 14
82	17	137	3	64	41	54	58	113	55	89	147	86	## Tournée 15
68	74	85	15	8	32	20	139	73	150	37	44	75	53	33	## Tournée 16
63	140	92	72	48	109	107	110	18	143	93	117	136	128	132	121	23	## Tournée 17
50	16	81	26	91	148	95	131	99	6	31	115	83	101	112	46	36	## Tournée 18
96	34	7	25	38	141	105	100	43	9	19	35	94	5	## Tournée 19
