108554	## Somme des retards
10	## Temps CPU (millisecondes)
45	19	6	124	22	65	80	97	87	122	138	42	29	10	141	12	117	105	16	47	27	70	7	127	139	134	52	63	73	20	106	110	46	8	114	34	147	71	128	95	96	33	49	83	24	90	28	40	31	131	149	148	53	135	145	136	41	21	17	14	92	112	1	38	44	93	107	75	60	79	94	125	88	104	142	113	111	64	15	58	109	69	76	137	129	118	25	98	140	143	84	51	116	101	123	121	133	9	120	100	2	150	68	72	108	85	48	37	82	99	77	54	78	74	103	4	11	130	119	50	86	56	39	36	32	59	18	43	81	13	57	5	30	23	126	89	91	66	26	3	62	132	115	144	146	55	67	35	102	61	## Ordonnancement
21	## Nombre de tournées
1	1	1	1	2	2	2	4	2	4	6	7	8	10	11	12	14	18	18	18	8	## Nombre de sites par tournée
45	## Tournée 1
19	## Tournée 2
6	## Tournée 3
124	## Tournée 4
65	22	## Tournée 5
97	80	## Tournée 6
87	122	## Tournée 7
10	42	138	29	## Tournée 8
12	141	## Tournée 9
47	117	16	105	## Tournée 10
27	7	127	134	70	139	## Tournée 11
63	110	106	46	20	73	52	## Tournée 12
71	96	34	147	8	95	114	128	## Tournée 13
33	40	131	90	31	28	24	83	49	149	## Tournée 14
53	135	145	17	41	14	112	148	21	92	136	## Tournée 15
104	1	107	88	60	44	125	75	79	38	93	94	## Tournée 16
98	113	111	109	69	137	142	118	64	129	25	76	15	58	## Tournée 17
116	101	121	84	100	9	51	143	85	123	68	133	2	140	108	150	120	72	## Tournée 18
82	86	56	36	74	103	130	4	77	39	48	78	37	99	119	50	11	54	## Tournée 19
5	18	81	26	57	91	13	30	66	59	43	62	126	89	3	23	132	32	## Tournée 20
55	115	35	102	61	144	67	146	## Tournée 21
