37344	## Somme des retards
0	## Temps CPU (millisecondes)
59	20	100	3	48	97	4	66	64	8	95	21	32	49	52	82	88	92	16	40	75	45	43	86	29	51	74	87	85	11	37	18	12	80	61	33	15	47	23	96	24	1	41	78	62	13	36	5	81	38	25	42	65	77	83	55	58	54	76	26	6	93	34	30	79	35	22	60	14	67	27	84	39	46	63	94	31	89	73	19	71	9	57	50	91	72	56	98	68	99	90	17	28	7	44	53	2	10	69	70	## Ordonnancement
14	## Nombre de tournées
1	1	2	2	4	5	8	7	9	12	11	15	16	7	## Nombre de sites par tournée
59	## Tournée 1
20	## Tournée 2
3	100	## Tournée 3
97	48	## Tournée 4
4	8	66	64	## Tournée 5
49	52	21	32	95	## Tournée 6
45	88	40	82	75	43	16	92	## Tournée 7
87	29	86	85	51	74	11	## Tournée 8
61	15	47	80	33	23	18	37	12	## Tournée 9
13	96	25	24	36	5	62	38	41	81	1	78	## Tournée 10
54	26	83	93	76	6	77	65	58	42	55	## Tournée 11
46	31	39	67	22	60	79	34	94	14	84	30	35	27	63	## Tournée 12
28	98	99	90	50	17	71	89	56	9	19	57	91	72	68	73	## Tournée 13
10	69	53	2	7	70	44	## Tournée 14
