61762	## Somme des retards
0	## Temps CPU (millisecondes)
19	71	49	97	52	72	63	29	96	67	7	35	100	81	42	43	83	18	88	66	92	4	64	1	13	57	16	89	93	15	77	38	8	76	94	14	37	60	84	65	50	79	91	45	55	44	58	41	78	85	32	69	61	47	28	54	33	46	62	95	36	2	74	53	68	82	80	31	10	27	98	6	22	25	86	40	21	12	39	70	75	99	26	73	34	23	51	48	87	24	5	9	11	20	30	59	56	3	90	17	## Ordonnancement
16	## Nombre de tournées
1	1	2	2	4	5	6	6	6	8	10	12	16	13	7	1	## Nombre de sites par tournée
19	## Tournée 1
71	## Tournée 2
97	49	## Tournée 3
52	72	## Tournée 4
29	67	63	96	## Tournée 5
100	42	81	7	35	## Tournée 6
43	92	66	18	83	88	## Tournée 7
64	1	13	16	57	4	## Tournée 8
15	89	8	93	77	38	## Tournée 9
94	84	37	14	60	76	65	50	## Tournée 10
41	85	58	91	32	79	44	45	78	55	## Tournée 11
95	28	2	54	61	33	62	74	36	69	47	46	## Tournée 12
27	22	12	98	31	39	53	82	40	68	10	86	25	80	6	21	## Tournée 13
99	70	87	23	26	75	5	73	51	48	34	9	24	## Tournée 14
56	59	20	90	11	3	30	## Tournée 15
17	## Tournée 16
