61554	## Somme des retards
0	## Temps CPU (millisecondes)
87	82	68	51	98	14	45	59	66	8	4	60	86	79	94	64	97	3	53	70	67	74	24	20	42	84	57	48	28	83	12	61	33	91	10	69	5	80	35	85	47	16	50	2	43	26	49	52	63	88	37	44	36	25	89	62	41	92	30	6	19	56	95	15	78	18	29	90	72	21	71	34	54	11	39	7	76	81	27	31	38	75	1	46	32	99	17	58	13	100	23	65	77	55	73	93	96	22	40	9	## Ordonnancement
20	## Nombre de tournées
1	1	1	1	1	2	1	1	1	2	3	3	7	7	8	8	12	13	16	11	## Nombre de sites par tournée
87	## Tournée 1
82	## Tournée 2
68	## Tournée 3
51	## Tournée 4
98	## Tournée 5
14	45	## Tournée 6
59	## Tournée 7
66	## Tournée 8
8	## Tournée 9
60	4	## Tournée 10
79	86	94	## Tournée 11
64	3	97	## Tournée 12
67	53	70	20	42	24	74	## Tournée 13
48	84	83	61	12	57	28	## Tournée 14
5	80	33	69	10	35	85	91	## Tournée 15
49	47	2	43	50	16	52	26	## Tournée 16
37	88	62	63	44	89	25	92	6	41	36	30	## Tournée 17
95	19	29	78	18	34	54	15	90	56	72	21	71	## Tournée 18
58	75	46	32	38	13	27	99	17	81	1	11	7	76	31	39	## Tournée 19
96	40	65	100	77	55	73	22	93	9	23	## Tournée 20
