371068	## Somme des retards
20	## Temps CPU (millisecondes)
234	54	20	168	95	161	230	222	223	241	163	103	9	43	130	112	201	173	27	30	99	198	235	247	117	150	250	220	180	100	56	63	48	59	195	246	1	147	53	78	32	152	141	120	83	40	10	24	139	153	134	144	69	135	26	38	33	96	231	186	236	158	178	71	52	226	6	28	233	200	18	206	190	211	177	25	210	165	72	156	138	123	229	41	184	127	2	70	169	50	74	67	228	242	55	155	170	188	19	125	131	11	3	49	121	185	181	118	115	216	79	243	36	215	98	124	143	60	75	151	85	29	97	175	248	57	207	171	237	136	44	197	122	213	102	81	7	45	128	82	196	13	162	142	92	34	51	16	108	22	88	146	148	91	15	199	114	218	84	101	116	21	37	106	133	107	208	203	31	132	110	93	239	232	65	89	209	17	245	39	167	126	90	182	12	154	194	192	204	4	189	176	105	145	77	8	240	87	160	76	164	172	174	227	219	217	140	66	212	94	23	64	137	35	113	221	119	238	214	183	109	224	61	159	149	80	73	191	104	129	157	225	14	47	244	202	68	86	179	46	58	205	62	166	42	249	111	5	193	187	## Ordonnancement
25	## Nombre de tournées
1	1	1	2	2	2	4	4	4	8	6	8	8	8	15	15	14	18	19	18	22	22	25	22	1	## Nombre de sites par tournée
234	## Tournée 1
54	## Tournée 2
20	## Tournée 3
95	168	## Tournée 4
230	161	## Tournée 5
222	223	## Tournée 6
163	103	241	9	## Tournée 7
112	201	43	130	## Tournée 8
27	173	30	99	## Tournée 9
150	198	250	247	220	235	180	117	## Tournée 10
195	48	59	56	63	100	## Tournée 11
53	78	141	246	32	152	1	147	## Tournée 12
139	120	40	153	24	83	10	134	## Tournée 13
38	135	33	231	69	144	96	26	## Tournée 14
233	178	52	186	200	28	6	18	226	211	206	71	158	236	190	## Tournée 15
165	138	169	70	210	72	25	127	229	123	156	41	177	2	184	## Tournée 16
19	242	67	125	131	155	74	188	11	3	50	55	170	228	## Tournée 17
98	115	151	75	60	36	79	243	49	85	124	185	215	118	143	121	216	181	## Tournée 18
122	171	29	136	81	128	82	213	57	248	7	97	102	207	175	45	44	237	197	## Tournée 19
92	16	34	15	91	88	218	142	199	196	108	22	146	148	114	13	51	162	## Tournée 20
39	133	245	84	101	232	107	65	106	21	239	93	132	37	89	17	203	31	116	208	110	209	## Tournée 21
87	189	145	194	167	172	90	4	204	164	77	105	240	8	182	76	126	192	154	12	176	160	## Tournée 22
219	183	94	149	227	119	212	159	113	73	61	174	221	23	66	109	238	214	137	35	64	217	224	140	80	## Tournée 23
179	166	244	104	47	14	191	129	58	86	42	62	5	225	202	111	193	205	157	249	46	68	## Tournée 24
187	## Tournée 25
