301155	## Somme des retards
20	## Temps CPU (millisecondes)
11	155	217	190	41	105	53	120	250	165	84	31	134	118	130	186	106	89	90	245	191	14	129	73	54	158	167	206	188	15	117	200	241	136	224	163	212	49	45	168	169	216	114	225	30	242	199	125	160	208	28	210	229	219	140	29	18	233	51	184	247	64	115	193	26	133	62	72	239	86	214	39	185	131	152	46	207	203	79	88	68	102	77	121	232	108	143	55	161	111	154	248	171	70	146	42	17	222	27	128	234	5	202	132	94	236	78	21	71	60	103	215	147	142	228	221	112	57	6	151	238	95	235	137	13	156	99	149	25	65	85	164	230	148	81	110	48	226	246	211	187	127	67	175	98	159	162	198	66	180	176	249	181	87	12	178	205	201	107	218	179	116	1	16	204	223	52	3	82	47	240	237	59	83	80	34	113	144	37	43	173	38	209	231	69	109	123	24	20	172	10	141	145	166	195	76	7	19	32	174	183	4	153	177	58	170	213	196	50	192	157	74	150	63	119	135	101	56	75	9	126	104	36	227	2	92	23	244	44	124	8	22	122	220	91	61	33	194	197	189	138	97	182	96	100	139	93	35	243	40	## Ordonnancement
22	## Nombre de tournées
1	1	1	3	3	3	5	6	9	9	10	10	15	14	17	16	20	19	23	23	26	16	## Nombre de sites par tournée
11	## Tournée 1
155	## Tournée 2
217	## Tournée 3
105	41	190	## Tournée 4
53	120	250	## Tournée 5
84	165	31	## Tournée 6
186	130	106	118	134	## Tournée 7
14	245	90	129	191	89	## Tournée 8
54	206	15	158	200	73	188	117	167	## Tournée 9
169	212	241	136	224	49	168	45	163	## Tournée 10
28	216	242	160	30	208	225	199	114	125	## Tournée 11
219	140	51	233	247	18	29	210	229	184	## Tournée 12
26	214	239	46	185	115	72	152	86	131	133	62	64	39	193	## Tournée 13
203	108	161	121	77	79	111	232	55	207	102	143	88	68	## Tournée 14
5	236	42	154	222	171	78	146	17	128	248	202	94	70	132	27	234	## Tournée 15
112	6	238	221	147	95	228	60	151	235	215	21	142	57	103	71	## Tournée 16
137	156	127	81	226	65	164	85	187	48	148	149	99	25	230	110	13	211	67	246	## Tournée 17
66	98	116	176	205	178	218	175	179	180	12	198	107	162	201	87	159	181	249	## Tournée 18
43	240	231	237	37	34	47	204	209	144	1	223	83	69	82	80	113	16	173	3	38	59	52	## Tournée 19
123	196	195	183	172	76	145	166	7	153	24	32	4	19	109	20	213	170	174	10	58	177	141	## Tournée 20
192	2	157	227	220	126	56	8	101	50	150	36	122	104	135	124	44	92	22	74	63	244	9	119	75	23	## Tournée 21
194	91	35	61	138	189	197	139	97	33	100	40	96	93	182	243	## Tournée 22
