106376	## Somme des retards
0	## Temps CPU (millisecondes)
138	22	127	34	74	109	101	139	142	50	68	71	81	112	45	123	116	3	99	118	131	117	2	1	57	13	77	26	43	51	143	114	128	149	124	105	73	144	65	27	39	136	108	60	37	66	29	93	31	120	125	140	132	95	90	126	80	67	102	11	35	33	76	137	36	46	42	92	21	122	19	91	24	12	106	113	25	41	97	86	82	16	58	6	10	7	83	47	38	115	30	64	55	107	94	134	145	14	5	61	129	78	141	56	8	59	146	100	69	88	20	104	96	110	32	9	70	121	53	89	103	49	18	15	17	62	54	98	75	87	52	148	44	4	48	119	85	84	130	79	40	72	63	111	133	135	23	147	150	28	## Ordonnancement
17	## Nombre de tournées
1	1	1	4	3	6	7	6	8	10	12	11	13	14	16	18	19	## Nombre de sites par tournée
138	## Tournée 1
22	## Tournée 2
127	## Tournée 3
74	109	101	34	## Tournée 4
139	142	50	## Tournée 5
81	71	68	45	112	123	## Tournée 6
2	118	99	3	117	131	116	## Tournée 7
77	1	57	43	26	13	## Tournée 8
143	114	73	128	149	51	124	105	## Tournée 9
39	136	29	144	108	65	66	27	37	60	## Tournée 10
31	80	102	125	120	93	90	126	140	67	95	132	## Tournée 11
137	35	122	92	11	46	42	21	36	33	76	## Tournée 12
16	25	91	82	106	86	12	24	58	41	97	19	113	## Tournée 13
115	64	94	10	7	83	47	38	55	30	6	145	134	107	## Tournée 14
100	20	88	5	96	146	8	69	56	104	129	59	141	14	78	61	## Tournée 15
110	52	49	62	87	9	98	18	121	70	32	89	75	54	15	17	103	53	## Tournée 16
133	79	4	135	40	85	72	28	150	84	63	44	130	147	119	148	23	111	48	## Tournée 17
