403587	## Somme des retards
60	## Temps CPU (millisecondes)
272	67	293	178	200	227	33	30	190	228	31	292	165	69	295	230	45	73	164	181	243	97	223	209	158	133	277	50	92	72	129	123	249	288	16	37	284	241	191	82	83	252	17	10	285	80	100	38	204	8	183	126	107	173	251	6	19	110	176	282	120	153	136	189	245	47	213	275	170	235	205	119	138	24	186	210	198	225	85	219	105	70	54	149	246	3	159	248	116	177	270	247	232	84	155	65	52	57	96	102	23	163	32	1	168	63	269	297	62	262	104	48	2	26	90	294	160	179	211	103	108	161	196	187	162	113	142	125	27	78	240	28	13	131	79	256	218	127	66	114	81	43	75	197	289	172	132	14	106	242	180	9	273	267	88	229	15	280	59	236	151	77	195	35	29	171	150	254	93	258	259	144	217	299	226	152	139	281	61	203	74	56	231	221	40	278	146	95	145	296	21	194	253	174	53	216	265	239	55	220	18	130	157	60	44	276	134	112	199	154	141	11	212	202	167	255	264	22	137	51	290	291	20	68	182	4	115	89	215	121	279	128	201	283	193	214	71	185	268	25	39	87	261	233	156	222	12	7	99	287	169	58	257	147	98	117	238	46	109	111	101	300	34	175	207	135	124	263	94	208	36	188	286	42	143	206	224	234	166	5	76	118	41	298	192	250	271	260	140	237	184	86	274	49	148	266	91	244	122	64	## Ordonnancement
26	## Nombre de tournées
1	1	1	2	2	3	4	6	8	8	8	11	11	12	15	15	19	19	18	23	24	25	25	28	9	2	## Nombre de sites par tournée
272	## Tournée 1
67	## Tournée 2
293	## Tournée 3
178	200	## Tournée 4
33	227	## Tournée 5
228	190	30	## Tournée 6
69	292	165	31	## Tournée 7
230	295	73	181	164	45	## Tournée 8
209	50	223	277	97	133	158	243	## Tournée 9
123	92	288	249	16	129	37	72	## Tournée 10
82	17	83	241	284	252	191	10	## Tournée 11
100	173	251	8	285	38	80	204	107	126	183	## Tournée 12
189	176	120	245	136	110	6	47	19	153	282	## Tournée 13
275	235	24	198	186	205	138	213	225	119	210	170	## Tournée 14
246	105	219	85	159	247	177	149	232	54	116	3	270	70	248	## Tournée 15
65	23	269	84	1	168	63	155	163	102	52	32	57	297	96	## Tournée 16
104	161	179	113	142	48	187	108	196	160	26	103	62	90	262	294	162	211	2	## Tournée 17
43	66	79	78	256	131	13	75	218	240	172	81	27	28	125	197	114	127	289	## Tournée 18
59	195	267	273	229	77	35	180	280	242	132	88	236	151	15	106	9	14	## Tournée 19
203	74	93	139	221	217	259	281	299	226	258	29	56	171	61	152	40	231	144	150	146	278	254	## Tournée 20
141	21	216	44	60	55	265	194	53	276	296	199	18	154	157	134	239	145	174	95	253	220	112	130	## Tournée 21
202	283	115	255	89	167	290	201	193	128	121	212	214	68	279	215	182	20	291	22	264	51	11	4	137	## Tournée 22
109	101	98	147	233	25	58	238	268	99	287	7	39	156	71	261	117	46	87	257	12	185	222	111	169	## Tournée 23
76	140	298	192	41	250	188	36	175	263	206	135	208	94	286	224	166	260	5	124	234	207	34	42	118	143	271	300	## Tournée 24
184	244	91	237	148	86	49	266	274	## Tournée 25
122	64	## Tournée 26
