219653	## Somme des retards
40	## Temps CPU (millisecondes)
144	154	44	141	2	74	45	200	31	168	42	195	132	35	25	114	20	27	76	43	99	165	160	127	98	188	60	139	193	64	72	34	140	133	172	81	119	101	63	138	111	17	146	87	157	184	77	66	54	84	180	100	73	173	110	112	175	171	69	47	23	36	104	131	136	79	108	93	40	9	11	49	116	96	199	120	148	197	155	6	86	7	103	95	152	198	58	41	51	68	186	170	28	177	1	128	48	185	57	24	78	130	149	12	115	176	33	8	151	56	142	174	32	15	134	55	137	147	16	18	62	161	91	102	126	3	109	169	179	143	82	117	123	38	158	192	178	194	37	80	22	21	145	46	13	159	89	26	163	4	39	30	59	189	118	162	19	124	67	83	182	10	183	50	121	53	190	107	167	191	129	153	105	65	90	196	187	135	106	88	125	164	181	29	92	61	156	70	85	150	113	5	75	97	122	94	71	14	166	52	## Ordonnancement
21	## Nombre de tournées
1	2	1	3	2	4	4	5	7	8	11	10	11	16	13	19	19	21	22	19	2	## Nombre de sites par tournée
144	## Tournée 1
154	44	## Tournée 2
141	## Tournée 3
45	2	74	## Tournée 4
31	200	## Tournée 5
195	132	168	42	## Tournée 6
114	25	35	20	## Tournée 7
99	76	165	43	27	## Tournée 8
139	98	60	188	193	127	160	## Tournée 9
64	140	72	172	119	34	133	81	## Tournée 10
184	101	146	77	138	157	17	87	63	111	66	## Tournée 11
110	180	84	171	173	100	112	175	73	54	## Tournée 12
47	40	104	131	79	136	23	36	69	93	108	## Tournée 13
96	199	95	148	103	120	152	11	6	155	197	116	49	7	9	86	## Tournée 14
186	185	48	41	1	177	28	51	58	170	128	198	68	## Tournée 15
142	151	174	33	24	15	8	78	149	56	134	57	55	115	130	137	176	12	32	## Tournée 16
16	38	126	179	3	82	169	123	147	158	117	143	102	62	91	18	161	109	192	## Tournée 17
145	159	189	30	4	89	39	26	80	19	59	37	118	178	46	13	22	162	163	21	194	## Tournée 18
190	187	67	182	83	121	90	196	191	107	183	106	50	153	65	10	53	105	124	167	135	129	## Tournée 19
61	150	113	85	181	70	92	75	29	125	71	122	14	156	94	5	97	164	88	## Tournée 20
52	166	## Tournée 21
