36762	## Somme des retards
0	## Temps CPU (millisecondes)
1	44	57	2	32	27	30	73	51	99	50	43	9	58	12	15	93	52	72	41	92	60	77	54	18	56	94	21	29	64	33	23	3	47	79	69	22	84	17	53	13	24	14	89	38	96	86	16	100	82	5	65	40	35	70	11	68	48	66	6	90	19	62	80	28	75	34	98	95	61	39	74	59	49	37	10	4	83	7	55	81	76	97	8	42	78	25	20	91	88	71	31	45	46	85	67	87	63	36	26	## Ordonnancement
13	## Nombre de tournées
2	4	4	4	7	7	8	10	13	12	13	15	1	## Nombre de sites par tournée
44	1	## Tournée 1
27	57	32	2	## Tournée 2
51	73	99	30	## Tournée 3
43	9	58	50	## Tournée 4
41	92	93	52	72	12	15	## Tournée 5
21	94	77	60	54	18	56	## Tournée 6
3	47	23	33	29	79	69	64	## Tournée 7
24	14	89	13	96	53	38	22	17	84	## Tournée 8
16	86	66	48	82	68	11	70	100	65	40	35	5	## Tournée 9
34	39	75	80	6	61	95	28	19	98	90	62	## Tournée 10
76	83	81	97	49	8	10	37	59	4	74	7	55	## Tournée 11
85	25	42	36	63	45	46	71	67	20	91	31	78	87	88	## Tournée 12
26	## Tournée 13
