493310	## Somme des retards
40	## Temps CPU (millisecondes)
62	80	91	43	178	198	55	226	177	263	272	134	11	156	239	97	234	121	4	267	63	119	172	46	47	35	106	208	258	297	271	150	231	296	6	90	293	20	252	67	26	280	27	276	277	220	39	33	222	269	294	76	79	246	114	278	281	31	14	155	32	77	65	162	266	160	285	203	242	86	53	130	12	207	265	217	167	102	7	298	143	279	268	184	185	181	71	189	149	193	66	112	299	274	78	137	144	50	98	9	212	15	44	145	108	241	3	96	196	209	25	126	159	54	300	125	57	85	257	103	61	199	51	49	275	224	169	259	94	213	75	118	187	131	92	133	58	124	191	206	21	74	1	288	283	109	176	214	197	221	251	88	182	73	164	22	5	236	72	153	232	192	204	250	168	249	141	158	19	165	70	113	107	69	166	215	202	244	142	205	295	101	248	40	122	157	235	59	284	123	170	105	186	42	128	146	140	111	175	120	48	163	229	132	34	17	116	225	36	100	152	188	261	115	84	240	104	83	148	154	238	24	2	292	243	228	60	93	68	262	256	223	8	218	194	286	219	200	289	127	255	180	273	264	45	211	38	147	81	129	139	227	82	216	30	230	161	183	87	52	95	23	245	173	16	136	29	247	89	282	64	37	195	254	291	237	138	174	179	287	233	28	270	117	190	99	260	13	18	201	110	290	135	10	210	41	253	151	171	56	## Ordonnancement
31	## Nombre de tournées
1	1	1	1	1	1	1	1	1	2	2	2	4	4	5	6	8	8	11	13	16	15	18	18	21	21	23	26	29	26	13	## Nombre de sites par tournée
62	## Tournée 1
80	## Tournée 2
91	## Tournée 3
43	## Tournée 4
178	## Tournée 5
198	## Tournée 6
55	## Tournée 7
226	## Tournée 8
177	## Tournée 9
272	263	## Tournée 10
134	11	## Tournée 11
156	239	## Tournée 12
121	97	234	4	## Tournée 13
63	267	119	172	## Tournée 14
208	47	46	106	35	## Tournée 15
297	231	271	258	296	150	## Tournée 16
252	90	280	20	26	6	67	293	## Tournée 17
220	277	39	222	276	33	269	27	## Tournée 18
14	114	281	31	278	79	32	294	76	155	246	## Tournée 19
207	53	86	285	130	77	12	242	160	203	65	266	162	## Tournée 20
193	298	71	149	265	7	185	189	102	143	279	268	184	181	167	217	## Tournée 21
9	108	299	274	78	112	50	15	44	66	144	98	137	212	145	## Tournée 22
3	196	209	300	25	257	199	126	125	96	85	57	61	51	54	241	103	159	## Tournée 23
21	169	275	259	92	94	124	49	213	118	131	133	58	206	191	75	187	224	## Tournée 24
192	176	73	164	109	288	251	72	1	74	232	236	182	221	5	22	153	283	197	214	88	## Tournée 25
295	142	204	101	69	158	113	165	205	168	202	70	107	250	141	166	249	19	248	215	244	## Tournée 26
59	170	40	34	229	284	42	120	111	157	105	163	122	17	132	128	175	146	186	123	235	48	140	## Tournée 27
93	100	240	188	256	238	154	104	115	60	225	148	261	292	116	262	68	243	84	2	228	83	152	36	223	24	## Tournée 28
30	161	227	52	129	127	218	45	183	255	38	289	286	219	273	200	194	87	139	264	230	8	81	147	180	82	211	95	216	## Tournée 29
195	247	23	282	37	174	89	179	270	237	117	138	254	260	245	190	287	29	99	136	173	64	28	16	291	233	## Tournée 30
210	201	18	110	56	151	10	171	290	41	135	253	13	## Tournée 31
