59846	## Somme des retards
10	## Temps CPU (millisecondes)
149	16	138	87	144	2	50	116	115	102	10	88	99	51	17	111	31	38	107	60	40	20	130	32	9	108	5	148	45	106	127	105	132	123	29	84	22	48	70	25	53	93	6	131	134	82	112	36	142	1	125	121	72	33	140	103	14	73	44	139	35	55	78	34	133	143	13	11	119	3	15	136	43	26	65	104	83	90	114	92	63	76	122	135	145	126	46	117	150	7	100	27	110	85	54	75	128	41	47	4	81	49	12	57	58	124	86	61	97	141	59	118	146	19	98	137	101	42	79	69	30	71	95	28	113	37	56	8	52	89	120	94	39	24	80	23	64	18	77	91	129	109	62	74	66	67	21	96	147	68	## Ordonnancement
19	## Nombre de tournées
1	1	2	1	1	1	5	4	4	7	9	11	12	15	15	15	20	18	8	## Nombre de sites par tournée
149	## Tournée 1
16	## Tournée 2
87	138	## Tournée 3
144	## Tournée 4
2	## Tournée 5
50	## Tournée 6
115	88	10	102	116	## Tournée 7
17	51	99	111	## Tournée 8
107	31	60	38	## Tournée 9
32	9	5	40	130	108	20	## Tournée 10
29	123	148	45	106	84	132	127	105	## Tournée 11
53	48	134	82	25	131	70	6	93	112	22	## Tournée 12
14	121	73	36	1	140	72	33	44	103	125	142	## Tournée 13
26	133	55	11	139	136	35	119	78	13	143	15	34	43	3	## Tournée 14
92	114	150	63	90	65	126	145	76	122	83	46	117	104	135	## Tournée 15
100	49	75	57	81	4	128	54	7	47	85	12	110	27	41	## Tournée 16
86	42	137	97	30	118	58	79	124	61	95	98	71	59	101	146	69	141	28	19	## Tournée 17
52	80	120	113	56	8	109	23	94	24	18	89	77	91	39	64	129	37	## Tournée 18
68	67	66	96	21	62	74	147	## Tournée 19
