56275	## Somme des retards
0	## Temps CPU (millisecondes)
13	5	48	67	37	79	38	47	69	14	65	57	78	33	56	46	50	31	44	87	49	17	41	20	27	61	64	76	9	99	11	55	73	96	51	80	88	63	21	74	10	28	54	90	84	100	66	4	43	15	23	32	92	52	45	3	81	19	12	30	89	71	75	35	58	7	85	62	22	26	8	6	72	40	24	34	16	91	36	82	53	25	18	68	1	97	95	59	94	39	29	86	93	2	83	60	77	70	42	98	## Ordonnancement
15	## Nombre de tournées
1	2	1	1	2	3	5	5	8	10	9	11	14	14	14	## Nombre de sites par tournée
13	## Tournée 1
48	5	## Tournée 2
67	## Tournée 3
37	## Tournée 4
79	38	## Tournée 5
47	69	14	## Tournée 6
56	65	78	57	33	## Tournée 7
87	50	31	44	46	## Tournée 8
27	17	20	49	76	41	64	61	## Tournée 9
96	88	11	55	51	73	9	80	63	99	## Tournée 10
21	28	74	84	10	90	54	66	100	## Tournée 11
15	81	4	3	52	43	23	92	19	45	32	## Tournée 12
89	58	85	62	12	75	22	8	71	6	35	26	30	7	## Tournée 13
16	36	1	53	25	97	72	18	91	68	24	82	34	40	## Tournée 14
77	95	93	29	94	2	59	42	86	83	70	60	39	98	## Tournée 15
