266062	## Somme des retards
20	## Temps CPU (millisecondes)
59	15	112	149	17	72	196	117	200	113	16	140	56	114	174	129	68	36	175	161	190	79	118	28	130	82	121	197	77	5	153	100	119	185	136	186	106	138	86	194	188	49	134	71	159	96	128	58	57	45	151	18	105	19	30	157	87	7	102	21	93	11	179	167	98	40	183	54	171	111	22	84	122	126	137	184	76	12	61	53	81	4	92	154	13	67	31	191	189	48	155	97	66	115	78	195	62	163	124	51	1	170	156	42	64	187	20	23	69	127	193	145	70	107	29	14	144	109	25	34	132	178	108	176	65	35	88	44	180	198	3	131	99	41	47	90	50	110	52	172	91	116	158	80	104	39	181	103	73	199	148	133	168	75	83	165	152	135	177	141	10	9	32	169	125	2	85	123	37	24	95	143	43	38	164	101	26	166	160	89	147	94	150	142	120	6	74	192	60	162	55	63	27	33	182	139	146	173	8	46	## Ordonnancement
27	## Nombre de tournées
1	1	1	1	1	1	1	1	1	2	3	4	5	6	8	9	10	11	12	15	15	16	19	20	21	14	1	## Nombre de sites par tournée
59	## Tournée 1
15	## Tournée 2
112	## Tournée 3
149	## Tournée 4
17	## Tournée 5
72	## Tournée 6
196	## Tournée 7
117	## Tournée 8
200	## Tournée 9
113	16	## Tournée 10
114	56	140	## Tournée 11
68	36	174	129	## Tournée 12
79	175	161	118	190	## Tournée 13
77	121	197	28	82	130	## Tournée 14
106	100	119	185	5	186	153	136	## Tournée 15
86	71	96	159	188	138	194	134	49	## Tournée 16
57	18	45	105	157	58	128	30	19	151	## Tournée 17
21	87	7	167	11	179	93	98	183	40	102	## Tournée 18
61	84	171	54	184	126	122	12	76	137	111	22	## Tournée 19
4	67	66	31	92	48	154	189	191	13	155	115	97	53	81	## Tournée 20
170	78	1	42	195	51	156	62	23	163	187	124	64	20	69	## Tournée 21
193	34	108	176	109	70	178	65	127	14	25	144	132	107	145	29	## Tournée 22
50	116	88	180	158	198	90	110	99	41	47	52	172	131	80	91	35	3	44	## Tournée 23
199	32	75	152	103	168	148	73	165	135	181	177	10	39	104	83	9	141	169	133	## Tournée 24
143	123	150	166	147	2	26	85	101	89	24	37	164	95	120	38	43	160	125	142	94	## Tournée 25
63	27	60	6	33	192	55	182	162	173	74	8	139	146	## Tournée 26
46	## Tournée 27
