62944	## Somme des retards
0	## Temps CPU (millisecondes)
5	40	32	17	26	81	21	63	10	76	83	39	15	54	7	6	37	55	27	12	58	31	2	13	28	71	30	16	85	70	8	51	96	46	3	52	62	35	36	92	95	45	49	34	65	18	88	47	41	74	84	9	89	67	93	61	59	94	11	38	43	14	69	82	99	56	4	1	98	33	23	91	87	64	97	77	48	60	22	24	50	19	79	68	57	29	80	86	53	20	100	44	75	72	25	66	90	42	73	78	## Ordonnancement
16	## Nombre de tournées
1	1	2	2	2	2	5	5	7	8	9	12	15	13	14	2	## Nombre de sites par tournée
5	## Tournée 1
40	## Tournée 2
17	32	## Tournée 3
81	26	## Tournée 4
21	63	## Tournée 5
76	10	## Tournée 6
15	39	7	54	83	## Tournée 7
37	27	6	12	55	## Tournée 8
31	28	30	2	13	58	71	## Tournée 9
51	96	3	8	70	85	46	16	## Tournée 10
52	35	92	62	45	95	36	34	49	## Tournée 11
65	61	18	67	41	47	93	88	89	84	74	9	## Tournée 12
23	82	14	11	43	38	33	98	94	1	56	4	59	69	99	## Tournée 13
64	24	97	22	79	50	87	48	91	60	77	19	68	## Tournée 14
66	80	44	86	42	72	25	57	75	100	29	20	53	90	## Tournée 15
78	73	## Tournée 16
