155960	## Somme des retards
10	## Temps CPU (millisecondes)
2	14	18	109	150	16	41	77	9	121	66	17	12	57	10	141	34	54	98	35	122	20	63	136	143	56	82	29	1	138	130	137	96	144	86	43	126	42	100	11	64	65	26	85	25	83	105	33	107	79	134	6	60	72	129	21	132	90	131	24	112	70	49	67	7	95	125	37	99	92	23	84	146	123	50	28	44	32	46	48	78	13	147	94	106	61	19	69	30	116	15	5	74	101	47	51	40	8	55	36	62	89	31	114	75	87	120	133	135	113	45	81	102	111	117	142	58	22	145	3	68	124	119	53	71	4	80	118	76	139	52	97	27	108	73	39	88	148	140	38	127	128	115	104	110	91	59	93	103	149	## Ordonnancement
25	## Nombre de tournées
1	1	1	1	1	1	1	1	1	1	2	4	4	5	8	6	10	10	10	12	14	18	16	18	3	## Nombre de sites par tournée
2	## Tournée 1
14	## Tournée 2
18	## Tournée 3
109	## Tournée 4
150	## Tournée 5
16	## Tournée 6
41	## Tournée 7
77	## Tournée 8
9	## Tournée 9
121	## Tournée 10
66	17	## Tournée 11
12	57	10	141	## Tournée 12
98	34	54	35	## Tournée 13
63	136	20	143	122	## Tournée 14
29	56	138	96	82	1	137	130	## Tournée 15
100	86	43	126	144	42	## Tournée 16
33	83	25	85	107	64	65	26	11	105	## Tournée 17
6	129	72	132	131	21	79	90	134	60	## Tournée 18
99	112	7	125	37	70	24	49	95	67	## Tournée 19
50	32	48	44	78	23	92	28	84	146	123	46	## Tournée 20
5	61	19	13	94	74	106	15	147	30	69	101	116	47	## Tournée 21
89	87	62	55	133	81	102	114	45	40	8	135	36	31	120	113	51	75	## Tournée 22
4	3	58	22	119	118	117	145	142	76	124	68	53	71	80	111	## Tournée 23
139	52	104	115	39	88	127	108	38	110	27	91	140	128	59	148	97	73	## Tournée 24
103	149	93	## Tournée 25
