168928	## Somme des retards
30	## Temps CPU (millisecondes)
9	51	52	130	62	142	76	45	34	123	11	125	48	43	71	75	57	33	38	134	42	100	68	117	114	25	88	56	29	87	144	24	132	15	14	119	2	128	145	37	102	55	39	95	19	59	129	137	31	82	21	124	99	98	53	22	8	150	133	109	44	91	141	20	97	6	139	101	4	86	23	138	108	73	118	67	13	113	92	69	60	65	127	116	64	112	78	79	85	106	49	122	121	107	94	83	104	146	27	18	70	46	7	66	126	58	80	74	47	143	5	93	35	81	10	120	17	61	40	140	135	131	136	149	28	84	50	111	105	30	77	72	63	148	36	103	90	41	147	96	1	89	115	110	32	3	16	12	54	26	## Ordonnancement
22	## Nombre de tournées
1	1	1	1	1	1	2	3	6	4	6	8	11	8	8	12	12	15	15	17	16	1	## Nombre de sites par tournée
9	## Tournée 1
51	## Tournée 2
52	## Tournée 3
130	## Tournée 4
62	## Tournée 5
142	## Tournée 6
76	45	## Tournée 7
11	34	123	## Tournée 8
43	48	57	75	71	125	## Tournée 9
38	33	42	134	## Tournée 10
88	117	25	100	68	114	## Tournée 11
144	15	29	87	14	132	24	56	## Tournée 12
128	95	37	19	39	119	145	59	2	102	55	## Tournée 13
82	21	124	137	31	98	99	129	## Tournée 14
8	150	91	109	133	44	53	22	## Tournée 15
20	4	141	73	101	138	108	86	6	97	23	139	## Tournée 16
112	64	116	118	13	65	127	67	92	113	69	60	## Tournée 17
107	146	106	121	85	83	122	94	79	70	78	18	27	49	104	## Tournée 18
58	80	46	74	66	120	93	7	143	81	10	35	5	47	126	## Tournée 19
105	17	131	30	50	72	84	28	140	111	77	61	136	149	63	40	135	## Tournée 20
147	54	41	103	16	36	90	110	115	89	12	3	32	96	1	148	## Tournée 21
26	## Tournée 22
