177471	## Somme des retards
10	## Temps CPU (millisecondes)
89	42	55	107	128	68	5	77	109	129	57	144	36	46	117	27	50	78	130	17	21	73	139	134	53	116	60	38	67	47	83	13	15	8	7	121	69	103	149	91	24	98	106	84	52	14	120	61	18	146	72	41	63	136	70	142	141	131	28	48	113	135	93	44	88	143	138	111	58	54	29	76	56	124	114	23	35	49	145	33	26	105	59	40	37	31	62	3	82	119	101	132	19	30	79	126	74	71	137	39	65	51	87	140	96	10	2	110	99	22	92	4	64	45	95	66	133	148	102	32	100	147	20	104	43	108	90	25	12	115	9	125	16	86	1	122	97	75	80	118	6	81	34	150	112	85	94	127	11	123	## Ordonnancement
18	## Nombre de tournées
1	2	2	2	3	3	6	7	6	9	9	11	12	13	16	17	18	13	## Nombre de sites par tournée
89	## Tournée 1
55	42	## Tournée 2
107	128	## Tournée 3
68	5	## Tournée 4
129	109	77	## Tournée 5
36	57	144	## Tournée 6
50	46	130	78	27	117	## Tournée 7
17	53	116	139	134	73	21	## Tournée 8
38	47	60	13	83	67	## Tournée 9
15	149	91	8	7	69	103	121	24	## Tournée 10
120	18	146	84	52	98	14	61	106	## Tournée 11
48	113	72	70	28	136	41	141	63	142	131	## Tournée 12
135	93	143	76	56	58	29	138	111	88	54	44	## Tournée 13
49	23	35	26	105	33	145	40	114	37	31	124	59	## Tournée 14
51	62	71	39	126	79	65	119	30	132	19	3	74	82	137	101	## Tournée 15
64	10	140	66	87	2	96	92	22	148	45	102	99	110	95	4	133	## Tournée 16
12	43	1	104	125	100	16	32	86	108	90	25	122	9	20	147	97	115	## Tournée 17
94	6	34	80	127	118	75	123	112	11	150	85	81	## Tournée 18
