57365	## Somme des retards
0	## Temps CPU (millisecondes)
27	60	95	5	1	73	89	99	62	92	30	67	33	76	32	81	52	36	44	19	24	65	10	79	86	14	71	85	56	53	98	43	57	66	84	46	94	20	88	96	74	75	70	41	54	55	47	48	8	100	11	82	16	23	21	6	91	63	42	2	49	22	72	90	15	9	45	4	77	7	83	61	17	64	78	38	34	58	39	29	12	93	68	26	51	3	18	97	13	59	25	28	37	35	69	50	40	80	31	87	## Ordonnancement
18	## Nombre de tournées
1	1	1	1	2	1	2	2	4	6	9	6	10	10	11	13	15	5	## Nombre de sites par tournée
27	## Tournée 1
60	## Tournée 2
95	## Tournée 3
5	## Tournée 4
1	73	## Tournée 5
89	## Tournée 6
99	62	## Tournée 7
30	92	## Tournée 8
76	32	67	33	## Tournée 9
52	36	19	44	81	24	## Tournée 10
65	53	56	79	85	14	86	71	10	## Tournée 11
98	66	84	46	57	43	## Tournée 12
94	88	75	41	55	54	96	20	70	74	## Tournée 13
23	16	8	47	11	48	21	6	100	82	## Tournée 14
63	91	45	90	22	2	42	9	72	49	15	## Tournée 15
34	4	17	78	77	61	29	64	39	7	38	58	83	## Tournée 16
93	69	51	12	28	26	25	68	13	18	3	37	97	59	35	## Tournée 17
80	31	50	87	40	## Tournée 18
