118006	## Somme des retards
20	## Temps CPU (millisecondes)
64	34	86	113	20	99	23	43	95	109	100	25	40	135	91	85	42	17	111	57	101	90	52	107	144	114	87	93	129	145	141	119	124	46	32	21	102	3	83	123	136	72	7	50	63	29	22	55	56	97	28	69	13	84	26	137	80	116	15	82	106	8	120	73	36	126	96	122	53	108	12	48	1	103	139	125	149	142	19	92	76	11	77	74	38	58	31	94	121	147	133	14	81	6	41	51	30	134	45	18	71	88	130	98	62	112	35	54	60	89	143	140	138	5	78	59	39	4	24	67	66	118	70	148	68	110	105	10	47	127	61	131	104	115	146	2	33	75	37	117	79	65	150	128	132	49	16	44	9	27	## Ordonnancement
22	## Nombre de tournées
1	1	1	1	1	1	2	3	3	4	4	4	7	9	7	11	13	14	19	14	19	11	## Nombre de sites par tournée
64	## Tournée 1
34	## Tournée 2
86	## Tournée 3
113	## Tournée 4
20	## Tournée 5
99	## Tournée 6
43	23	## Tournée 7
100	95	109	## Tournée 8
40	135	25	## Tournée 9
42	85	17	91	## Tournée 10
111	90	57	101	## Tournée 11
52	107	144	114	## Tournée 12
141	124	87	93	145	119	129	## Tournée 13
46	21	83	32	3	123	72	102	136	## Tournée 14
50	7	63	55	29	22	56	## Tournée 15
28	13	82	69	116	97	26	80	84	15	137	## Tournée 16
36	12	120	73	48	126	122	8	53	106	1	108	96	## Tournée 17
19	142	76	77	125	38	31	149	92	103	74	11	58	139	## Tournée 18
51	147	45	62	6	134	14	41	130	121	94	81	18	88	71	30	98	112	133	## Tournée 19
59	4	78	140	138	67	143	35	39	5	54	24	60	89	## Tournée 20
146	61	70	47	131	2	148	37	104	105	127	118	66	10	68	110	33	75	115	## Tournée 21
49	27	16	150	79	128	44	65	132	117	9	## Tournée 22
