225682	## Somme des retards
10	## Temps CPU (millisecondes)
198	16	37	142	25	39	167	49	123	41	30	5	67	101	60	151	13	7	112	134	120	69	119	47	82	106	176	80	2	192	157	44	53	31	164	156	76	172	126	188	131	149	161	175	20	185	45	173	138	29	54	3	137	136	159	186	187	79	125	27	118	35	87	88	190	170	62	200	115	72	48	195	58	24	113	191	55	97	22	197	93	14	124	70	34	6	155	158	150	92	33	181	141	194	174	26	57	36	139	10	21	122	61	19	12	59	96	1	133	103	166	109	183	95	46	38	121	15	108	168	99	107	140	90	100	64	145	132	73	84	17	135	152	75	74	144	199	127	78	86	128	98	9	56	102	94	153	104	143	179	65	42	178	105	130	129	160	111	81	154	77	89	182	171	162	50	23	189	11	165	28	163	68	32	110	147	116	146	196	148	4	177	43	52	8	63	51	180	184	71	85	193	66	18	83	40	169	117	114	91	## Ordonnancement
22	## Nombre de tournées
1	1	1	2	4	3	4	4	5	7	7	8	11	10	12	13	14	15	19	19	22	18	## Nombre de sites par tournée
198	## Tournée 1
16	## Tournée 2
37	## Tournée 3
142	25	## Tournée 4
49	167	123	39	## Tournée 5
5	41	30	## Tournée 6
67	151	101	60	## Tournée 7
112	134	13	7	## Tournée 8
120	69	47	119	82	## Tournée 9
176	2	106	157	192	44	80	## Tournée 10
53	31	156	76	172	126	164	## Tournée 11
149	161	45	185	175	20	131	188	## Tournée 12
173	54	79	136	186	187	29	159	3	138	137	## Tournée 13
170	190	27	125	200	118	62	35	88	87	## Tournée 14
195	72	97	115	48	24	191	58	197	113	55	22	## Tournée 15
181	124	33	6	14	150	70	155	93	34	158	92	141	## Tournée 16
21	10	57	12	96	139	19	122	194	59	61	26	36	174	## Tournée 17
38	168	183	121	46	109	1	133	108	107	99	103	15	95	166	## Tournée 18
86	145	127	128	199	100	84	17	78	152	135	73	90	75	74	144	140	64	132	## Tournée 19
42	81	56	104	154	105	153	111	129	65	98	143	160	102	94	9	130	179	178	## Tournée 20
146	162	4	89	147	68	163	77	148	116	165	177	182	23	196	189	28	32	110	50	11	171	## Tournée 21
18	51	180	85	91	184	169	114	43	71	8	52	40	66	117	83	193	63	## Tournée 22
