301222	## Somme des retards
20	## Temps CPU (millisecondes)
113	278	95	142	236	281	97	110	186	83	198	283	293	163	170	118	30	78	13	49	224	59	53	217	299	254	119	15	84	66	24	2	3	151	256	252	192	43	215	112	133	147	93	240	277	45	89	159	211	152	288	226	287	143	106	117	137	72	266	99	165	298	19	237	221	190	114	61	270	194	156	184	41	296	155	70	203	282	259	276	17	91	248	36	37	238	102	178	261	214	223	230	286	264	40	284	94	177	48	80	28	208	144	23	57	33	265	9	275	250	108	279	191	5	262	219	73	62	104	207	233	145	244	131	146	267	269	64	111	227	212	172	232	258	295	150	134	60	92	38	136	25	168	138	123	105	188	245	20	11	249	242	130	220	149	21	46	169	127	74	126	124	167	206	291	54	216	82	195	39	292	196	22	182	58	86	193	12	76	77	255	222	63	44	181	34	187	280	75	71	289	8	285	251	103	32	161	231	7	51	154	201	199	153	26	52	290	162	160	69	65	4	14	81	173	140	179	274	122	115	218	79	42	175	247	135	10	139	50	246	180	27	120	235	243	174	87	171	141	271	109	148	209	234	228	132	100	101	129	47	6	210	67	241	225	229	272	29	116	213	260	297	183	166	125	239	158	90	157	176	202	128	55	18	253	107	268	31	35	200	56	164	68	121	1	205	185	85	98	96	189	300	257	204	88	197	294	263	16	273	## Ordonnancement
24	## Nombre de tournées
1	1	1	1	2	4	6	8	9	9	10	10	13	14	15	16	20	20	23	24	25	27	31	10	## Nombre de sites par tournée
113	## Tournée 1
278	## Tournée 2
95	## Tournée 3
142	## Tournée 4
281	236	## Tournée 5
186	110	83	97	## Tournée 6
163	283	293	198	118	170	## Tournée 7
49	217	30	78	224	13	53	59	## Tournée 8
84	254	119	3	2	24	15	66	299	## Tournée 9
112	256	133	147	215	151	252	43	192	## Tournée 10
226	89	211	45	93	152	277	288	240	159	## Tournée 11
266	99	117	72	165	298	287	143	106	137	## Tournée 12
237	114	270	194	61	155	296	156	190	184	41	19	221	## Tournée 13
248	17	37	102	282	178	261	203	259	276	36	70	91	238	## Tournée 14
28	48	80	40	214	144	208	286	223	23	264	230	94	177	284	## Tournée 15
279	191	33	275	265	104	250	262	108	219	73	57	62	5	207	9	## Tournée 16
212	145	111	232	258	150	269	146	131	267	295	172	64	38	60	233	227	92	244	134	## Tournée 17
188	11	138	20	74	168	149	105	169	130	245	249	25	220	242	127	123	21	136	46	## Tournée 18
22	124	86	255	77	292	193	82	63	196	182	126	76	291	39	222	206	12	58	216	195	54	167	## Tournée 19
153	199	7	8	231	181	251	290	201	52	51	154	103	280	187	285	75	44	161	26	34	289	71	32	## Tournée 20
65	122	218	160	81	247	14	135	27	10	115	162	274	179	69	139	4	175	246	42	173	140	180	79	50	## Tournée 21
225	101	6	29	171	243	109	116	271	241	47	229	235	100	210	148	141	132	228	272	234	174	209	87	67	129	120	## Tournée 22
268	121	185	128	98	56	164	260	31	297	202	157	18	213	205	85	90	158	35	55	166	239	96	125	183	107	200	68	1	176	253	## Tournée 23
204	294	88	197	300	263	16	257	189	273	## Tournée 24
