56679	## Somme des retards
0	## Temps CPU (millisecondes)
26	60	24	94	92	91	79	17	65	16	14	90	15	21	76	87	19	55	2	71	5	30	7	66	69	100	64	51	28	75	58	37	72	23	70	63	68	78	10	8	4	41	39	31	11	53	46	98	67	35	85	42	54	99	62	83	48	96	6	36	73	22	27	9	89	33	61	50	81	34	47	29	57	20	25	18	74	32	45	44	52	93	12	82	84	56	80	49	3	88	1	43	40	13	59	86	77	38	95	97	## Ordonnancement
19	## Nombre de tournées
1	1	1	1	1	1	2	2	3	4	5	6	6	9	10	12	14	15	6	## Nombre de sites par tournée
26	## Tournée 1
60	## Tournée 2
24	## Tournée 3
94	## Tournée 4
92	## Tournée 5
91	## Tournée 6
79	17	## Tournée 7
65	16	## Tournée 8
14	15	90	## Tournée 9
19	21	87	76	## Tournée 10
30	5	2	71	55	## Tournée 11
69	51	64	100	7	66	## Tournée 12
37	72	23	58	75	28	## Tournée 13
10	41	63	4	8	68	39	78	70	## Tournée 14
85	35	46	67	42	54	31	11	53	98	## Tournée 15
96	22	27	83	62	6	73	48	9	89	99	36	## Tournée 16
25	32	81	18	33	57	47	34	74	50	45	20	61	29	## Tournée 17
13	44	40	12	52	3	43	82	56	93	84	49	1	80	88	## Tournée 18
59	97	86	38	95	77	## Tournée 19
