93886	## Somme des retards
10	## Temps CPU (millisecondes)
3	36	135	28	119	150	145	181	42	157	22	148	172	124	32	160	117	186	131	1	98	5	68	103	65	61	79	167	175	76	39	67	178	24	58	136	37	106	138	129	33	16	152	45	154	21	13	19	78	197	20	8	99	94	192	86	158	80	84	43	57	199	128	142	107	49	121	114	196	179	182	187	166	109	162	125	46	155	64	50	104	189	176	38	52	174	139	190	101	69	163	74	97	96	141	132	111	75	118	15	137	62	70	185	14	18	108	92	11	191	60	95	23	171	105	48	2	122	153	173	177	115	169	44	55	31	91	188	170	77	54	116	168	10	17	156	110	27	26	87	133	165	193	30	146	102	53	140	123	73	164	194	134	126	88	100	66	72	82	198	195	29	6	151	59	93	130	200	40	63	127	35	180	51	184	90	143	85	56	120	83	149	113	147	89	47	34	183	161	112	159	9	4	71	144	7	12	41	81	25	## Ordonnancement
19	## Nombre de tournées
1	2	2	2	4	4	7	8	10	12	13	15	16	17	19	20	22	24	2	## Nombre de sites par tournée
3	## Tournée 1
36	135	## Tournée 2
119	28	## Tournée 3
145	150	## Tournée 4
22	157	42	181	## Tournée 5
32	172	148	124	## Tournée 6
131	160	117	186	5	98	1	## Tournée 7
68	79	167	76	65	175	103	61	## Tournée 8
136	67	58	24	106	178	129	37	39	138	## Tournée 9
16	154	45	197	152	21	19	78	20	8	13	33	## Tournée 10
128	107	158	80	94	86	99	142	43	84	57	199	192	## Tournée 11
46	109	121	187	162	114	50	196	155	182	125	49	166	64	179	## Tournée 12
141	189	139	190	104	97	101	174	38	132	176	163	74	96	52	69	## Tournée 13
18	70	15	185	60	23	75	191	118	11	137	95	108	62	111	92	14	## Tournée 14
2	116	169	44	105	31	77	171	54	115	122	153	173	55	188	48	91	177	170	## Tournée 15
123	53	146	156	140	30	193	27	165	133	73	87	110	164	102	168	194	17	10	26	## Tournée 16
200	93	35	59	130	40	180	63	100	88	29	127	134	126	151	72	195	6	51	66	198	82	## Tournée 17
143	147	159	71	184	161	112	56	89	183	41	144	90	12	149	113	47	34	9	7	4	85	83	120	## Tournée 18
25	81	## Tournée 19
