44385	## Somme des retards
0	## Temps CPU (millisecondes)
59	20	100	3	48	97	4	66	64	8	95	21	32	49	52	16	75	40	45	88	43	82	92	74	87	85	51	11	29	86	37	18	12	80	61	33	15	47	23	96	24	1	41	78	62	13	36	5	81	38	25	93	6	26	76	54	67	58	55	83	77	65	42	34	30	79	35	22	60	27	14	57	84	39	46	63	94	31	70	28	17	90	99	68	50	91	72	56	98	9	71	19	73	89	7	44	53	2	10	69	## Ordonnancement
14	## Nombre de tournées
1	1	2	2	4	5	7	8	9	12	12	15	16	6	## Nombre de sites par tournée
59	## Tournée 1
20	## Tournée 2
3	100	## Tournée 3
97	48	## Tournée 4
4	8	66	64	## Tournée 5
49	52	21	32	95	## Tournée 6
45	88	40	82	75	43	16	## Tournée 7
87	29	92	86	85	51	74	11	## Tournée 8
61	15	47	80	33	23	18	37	12	## Tournée 9
13	96	25	24	36	5	62	38	41	81	1	78	## Tournée 10
54	26	83	93	67	76	6	77	65	58	42	55	## Tournée 11
46	31	39	30	84	14	94	34	60	79	22	27	35	63	57	## Tournée 12
28	98	99	90	50	17	70	71	89	56	9	19	73	91	72	68	## Tournée 13
10	69	53	2	7	44	## Tournée 14
