62898	## Somme des retards
0	## Temps CPU (millisecondes)
114	86	99	69	129	138	27	103	134	147	119	128	42	133	97	25	108	56	105	30	19	132	95	24	89	82	111	63	62	29	14	57	78	81	120	135	8	96	87	130	137	15	113	67	64	124	33	93	55	94	123	79	71	45	54	127	150	17	88	4	125	80	91	85	40	36	83	115	145	118	140	49	104	11	101	148	10	110	16	9	84	73	28	100	122	5	131	48	20	77	21	75	37	107	35	112	32	70	92	142	144	146	46	1	59	98	90	12	41	38	102	39	136	66	47	58	61	34	53	13	3	26	143	141	74	149	44	139	109	18	76	7	43	22	31	52	60	117	6	23	106	50	65	116	121	68	72	2	126	51	## Ordonnancement
20	## Nombre de tournées
1	1	1	1	1	1	3	2	3	4	5	9	10	11	12	15	17	18	19	16	## Nombre de sites par tournée
114	## Tournée 1
86	## Tournée 2
99	## Tournée 3
69	## Tournée 4
129	## Tournée 5
138	## Tournée 6
103	134	27	## Tournée 7
119	147	## Tournée 8
128	42	133	## Tournée 9
108	25	56	97	## Tournée 10
30	95	105	132	19	## Tournée 11
63	111	89	14	62	57	82	24	29	## Tournée 12
130	96	81	120	15	137	87	8	135	78	## Tournée 13
93	94	113	55	33	71	64	79	124	123	67	## Tournée 14
91	80	17	4	88	150	127	40	125	54	85	45	## Tournée 15
10	115	104	16	148	110	9	83	11	140	145	36	49	101	118	## Tournée 16
35	122	100	32	5	37	84	77	21	20	48	112	73	28	131	75	107	## Tournée 17
12	92	41	66	90	39	47	46	142	70	146	59	38	98	136	1	144	102	## Tournée 18
139	3	26	143	149	34	58	22	53	18	61	109	7	43	76	74	141	13	44	## Tournée 19
72	65	116	126	117	52	23	50	6	60	68	51	2	106	31	121	## Tournée 20
