97281	## Somme des retards
0	## Temps CPU (millisecondes)
56	84	50	8	59	70	69	36	82	16	60	76	77	26	22	100	44	88	3	91	64	51	20	71	52	40	33	96	9	17	65	85	79	39	97	6	62	37	54	68	61	45	29	43	13	28	24	4	19	57	94	2	66	72	35	34	80	75	46	55	78	18	93	30	15	98	92	81	47	83	99	73	38	48	58	95	27	67	10	41	21	63	90	25	32	14	74	7	53	89	5	31	42	11	1	49	86	87	23	12	## Ordonnancement
23	## Nombre de tournées
1	1	1	1	1	1	1	1	1	1	1	1	2	3	4	5	8	8	10	10	12	14	12	## Nombre de sites par tournée
56	## Tournée 1
84	## Tournée 2
50	## Tournée 3
8	## Tournée 4
59	## Tournée 5
70	## Tournée 6
69	## Tournée 7
36	## Tournée 8
82	## Tournée 9
16	## Tournée 10
60	## Tournée 11
76	## Tournée 12
77	26	## Tournée 13
22	100	44	## Tournée 14
88	3	64	91	## Tournée 15
71	51	20	52	40	## Tournée 16
9	65	96	33	17	39	85	79	## Tournée 17
45	68	54	6	62	97	61	37	## Tournée 18
28	4	2	13	24	19	94	43	29	57	## Tournée 19
55	34	72	46	66	35	18	75	78	80	## Tournée 20
92	98	93	15	73	83	81	48	99	30	38	47	## Tournée 21
63	10	7	67	58	74	41	25	95	27	21	90	14	32	## Tournée 22
53	87	1	12	31	49	11	89	42	86	5	23	## Tournée 23
