214844	## Somme des retards
20	## Temps CPU (millisecondes)
37	41	156	66	111	3	5	91	95	179	181	68	169	148	187	38	102	132	188	142	27	105	71	77	170	178	88	54	149	76	92	192	125	81	127	104	199	58	11	193	90	109	134	22	165	200	198	114	194	180	182	6	172	112	12	122	124	59	4	93	57	80	176	36	151	55	97	14	120	146	72	30	39	75	161	79	99	168	106	185	25	67	128	49	2	166	141	171	183	110	139	44	189	24	84	48	138	62	1	89	96	115	53	145	34	184	175	191	16	70	28	63	35	42	118	31	101	7	130	167	85	73	195	137	147	121	69	154	108	23	61	158	43	196	8	103	51	117	9	144	94	52	21	26	123	131	40	82	10	15	46	78	140	64	153	190	32	133	116	17	86	143	13	74	159	136	19	119	174	163	157	29	33	100	162	107	113	56	50	152	83	98	20	129	65	45	197	18	135	164	155	177	60	173	186	150	87	126	47	160	## Ordonnancement
20	## Nombre de tournées
1	2	2	2	4	6	5	7	8	9	11	13	14	16	16	16	21	21	21	5	## Nombre de sites par tournée
37	## Tournée 1
41	156	## Tournée 2
66	111	## Tournée 3
5	3	## Tournée 4
181	95	179	91	## Tournée 5
102	68	169	38	148	187	## Tournée 6
132	27	105	142	188	## Tournée 7
54	77	88	71	170	149	178	## Tournée 8
199	92	125	104	81	192	76	127	## Tournée 9
193	200	90	165	134	11	109	58	22	## Tournée 10
122	12	114	124	6	172	194	112	180	182	198	## Tournée 11
97	36	55	57	93	14	80	4	151	176	120	146	59	## Tournée 12
106	72	67	30	25	128	168	99	185	75	161	49	79	39	## Tournée 13
24	183	84	139	141	166	62	138	110	89	2	1	48	171	189	44	## Tournée 14
175	16	42	31	28	70	191	118	35	115	145	184	63	96	34	53	## Tournée 15
154	61	167	23	130	121	195	85	101	69	147	7	73	137	158	108	## Tournée 16
82	196	8	10	15	94	9	103	21	46	52	26	131	123	43	117	40	51	140	144	78	## Tournée 17
64	13	74	190	33	17	100	159	32	153	143	19	116	163	136	174	119	29	86	157	133	## Tournée 18
129	135	65	56	162	83	60	197	113	50	164	155	152	177	98	186	107	45	20	18	173	## Tournée 19
47	160	87	126	150	## Tournée 20
