178919	## Somme des retards
0	## Temps CPU (millisecondes)
9	51	52	130	62	142	76	45	34	123	11	125	71	75	57	48	134	38	43	33	88	42	117	114	25	68	100	56	29	87	144	24	132	15	14	59	128	145	37	102	55	39	119	98	19	2	95	124	82	99	137	129	53	22	8	21	150	133	109	31	44	91	73	108	138	97	6	101	23	116	86	20	141	118	67	13	127	4	65	69	139	92	113	64	112	78	83	79	85	106	107	121	60	122	49	104	146	27	18	70	93	47	66	126	58	80	94	74	5	35	7	143	81	10	120	105	61	40	140	135	131	136	149	28	84	50	17	32	46	63	77	54	30	89	36	96	115	90	41	103	1	111	110	3	26	12	16	72	148	147	## Ordonnancement
22	## Nombre de tournées
1	1	1	1	1	1	2	3	4	5	7	8	8	9	10	11	12	15	15	17	17	1	## Nombre de sites par tournée
9	## Tournée 1
51	## Tournée 2
52	## Tournée 3
130	## Tournée 4
62	## Tournée 5
142	## Tournée 6
76	45	## Tournée 7
11	34	123	## Tournée 8
57	75	71	125	## Tournée 9
43	48	134	38	33	## Tournée 10
88	117	42	100	25	114	68	## Tournée 11
144	15	29	87	14	132	24	56	## Tournée 12
128	37	59	145	55	39	119	102	## Tournée 13
82	95	19	99	129	2	137	124	98	## Tournée 14
21	8	150	91	109	133	44	53	31	22	## Tournée 15
116	138	108	86	6	97	23	101	73	141	20	## Tournée 16
112	64	118	13	65	127	67	92	113	69	4	139	## Tournée 17
107	146	106	121	85	83	122	70	79	78	18	60	27	49	104	## Tournée 18
58	80	74	66	120	93	7	143	94	81	10	35	5	47	126	## Tournée 19
105	17	131	149	46	136	54	28	140	84	50	135	32	40	77	61	63	## Tournée 20
30	41	103	16	36	90	110	115	89	111	3	12	96	72	1	148	26	## Tournée 21
147	## Tournée 22
