66959	## Somme des retards
4294966867	## Temps CPU (millisecondes)
22	138	50	34	74	127	139	142	109	68	101	2	71	81	112	45	123	57	3	99	118	131	117	51	116	1	43	77	105	143	144	65	66	114	26	13	39	35	73	29	93	102	67	140	37	128	108	60	27	126	31	122	120	76	42	149	136	90	125	80	11	21	19	58	33	95	36	137	132	46	92	124	82	6	24	12	113	25	41	106	97	94	134	86	91	16	145	14	10	83	47	38	30	115	64	55	107	7	61	56	96	9	32	104	141	88	146	100	69	129	20	5	62	75	87	110	52	28	78	17	53	59	89	8	103	15	54	98	150	72	111	4	23	49	148	63	135	147	133	44	130	119	18	40	48	85	70	84	121	79	## Ordonnancement
19	## Nombre de tournées
2	4	5	6	7	6	11	10	12	10	14	14	17	11	9	6	2	2	2	## Nombre de sites par tournée
22	138	## Tournée 1
74	127	34	50	## Tournée 2
109	68	101	142	139	## Tournée 3
2	81	71	45	112	123	## Tournée 4
118	99	57	117	51	3	131	## Tournée 5
77	1	43	143	116	105	## Tournée 6
39	35	114	93	26	73	13	66	65	29	144	## Tournée 7
31	102	108	140	67	27	128	37	126	60	## Tournée 8
120	122	80	11	125	136	19	42	149	21	76	90	## Tournée 9
137	92	46	82	36	132	124	33	95	58	## Tournée 10
16	25	91	94	106	86	12	6	145	134	24	41	97	113	## Tournée 11
115	64	61	10	7	83	14	56	47	38	55	30	96	107	## Tournée 12
100	20	88	5	146	75	32	129	69	104	52	28	87	62	9	141	110	## Tournée 13
78	15	54	150	89	17	103	53	8	59	98	## Tournée 14
4	135	49	72	63	147	148	23	111	## Tournée 15
133	40	119	44	130	18	## Tournée 16
85	48	## Tournée 17
70	84	## Tournée 18
79	121	## Tournée 19
