179182	## Somme des retards
4294966917	## Temps CPU (millisecondes)
128	104	77	190	78	193	194	146	23	26	171	25	11	110	76	191	59	184	116	92	20	125	45	172	122	63	180	97	141	66	119	157	70	14	145	40	47	178	179	198	79	10	112	51	177	175	65	136	90	151	7	138	183	91	162	120	135	50	186	189	134	41	131	196	168	18	94	24	58	144	129	197	139	133	169	149	163	30	123	52	158	174	140	161	3	182	42	82	96	108	17	127	81	19	33	159	154	160	126	98	95	100	155	57	73	109	60	195	53	29	15	114	164	31	38	2	130	43	22	156	21	44	9	107	102	150	35	188	46	101	88	68	124	148	56	200	113	28	181	83	105	142	8	87	69	121	49	72	34	147	32	75	143	173	6	27	61	54	117	13	67	55	74	176	192	170	36	132	48	166	137	4	185	153	93	16	99	37	115	89	106	39	86	199	85	62	80	103	118	111	12	64	187	5	1	71	84	165	152	167	## Ordonnancement
22	## Nombre de tournées
2	4	4	4	4	7	8	7	6	10	11	14	13	13	16	16	21	20	11	4	3	2	## Nombre de sites par tournée
104	128	## Tournée 1
193	78	190	77	## Tournée 2
26	23	146	194	## Tournée 3
11	25	171	110	## Tournée 4
191	184	76	59	## Tournée 5
116	20	125	45	122	92	172	## Tournée 6
70	97	119	157	63	141	66	180	## Tournée 7
145	178	14	179	47	40	198	## Tournée 8
51	79	175	112	177	10	## Tournée 9
7	91	162	136	138	183	90	120	65	151	## Tournée 10
131	134	135	41	186	18	168	50	189	94	196	## Tournée 11
139	30	24	133	197	144	163	52	129	58	123	169	149	158	## Tournée 12
81	42	17	174	3	96	82	108	140	161	182	127	19	## Tournée 13
126	154	160	100	73	109	159	57	155	95	60	33	98	## Tournée 14
21	44	22	114	29	9	15	164	38	156	43	195	2	130	31	53	## Tournée 15
101	88	200	68	28	124	148	35	107	181	188	56	46	150	102	113	## Tournée 16
13	121	49	6	75	61	32	105	117	142	83	34	72	8	69	173	143	27	87	147	54	## Tournée 17
55	99	93	37	137	192	48	153	176	74	89	170	115	185	16	132	67	166	4	36	## Tournée 18
103	80	62	86	111	39	106	85	199	12	118	## Tournée 19
64	5	1	187	## Tournée 20
165	71	84	## Tournée 21
152	167	## Tournée 22
