203174	## Somme des retards
4294965197	## Temps CPU (millisecondes)
20	54	234	168	95	241	222	230	161	223	103	130	163	198	9	235	201	112	173	180	43	141	30	27	99	100	220	247	117	150	250	246	195	56	48	63	59	69	120	1	147	53	78	32	152	211	134	153	24	139	40	83	144	236	190	231	135	10	52	233	178	18	158	186	70	177	169	2	127	26	72	33	184	200	165	96	11	228	25	3	50	210	28	156	229	55	41	125	181	206	67	74	49	82	121	138	243	170	38	143	226	188	79	71	185	45	85	128	151	118	115	215	36	171	242	75	60	248	7	175	97	218	29	13	213	98	155	108	88	237	19	216	199	162	114	39	196	84	116	37	57	15	91	239	146	16	122	148	207	65	81	17	101	167	224	92	154	34	203	136	6	76	197	208	107	133	89	21	245	164	182	209	160	87	123	31	77	192	194	12	172	106	217	90	126	227	159	140	240	8	132	4	204	23	131	61	219	174	80	109	102	214	119	44	113	35	64	202	157	142	66	149	73	5	249	42	221	86	94	205	62	225	193	129	104	191	14	47	51	68	244	166	111	187	179	189	137	238	232	46	105	124	212	110	93	176	183	58	145	22	## Ordonnancement
31	## Nombre de tournées
1	2	3	2	4	4	5	6	5	7	6	10	11	14	13	14	15	15	16	16	16	13	15	13	7	5	4	2	3	2	1	## Nombre de sites par tournée
20	## Tournée 1
54	234	## Tournée 2
95	241	168	## Tournée 3
230	222	## Tournée 4
103	130	161	223	## Tournée 5
163	198	9	235	## Tournée 6
112	173	201	180	43	## Tournée 7
27	141	100	99	220	30	## Tournée 8
150	246	247	250	117	## Tournée 9
195	48	59	120	56	69	63	## Tournée 10
53	78	32	152	1	147	## Tournée 11
190	139	236	153	40	144	24	211	83	134	## Tournée 12
233	178	52	186	70	10	135	18	231	158	177	## Tournée 13
165	169	200	3	72	25	33	127	11	26	96	184	228	2	## Tournée 14
41	156	125	67	74	49	210	50	28	55	206	181	229	## Tournée 15
138	82	79	243	188	185	45	121	71	170	226	85	38	143	## Tournée 16
242	128	36	115	151	75	248	60	7	215	175	118	97	171	218	## Tournée 17
39	19	162	98	213	13	155	114	108	199	196	237	216	88	29	## Tournée 18
84	122	101	16	81	65	15	91	239	207	116	146	17	148	37	57	## Tournée 19
133	245	92	76	136	107	34	6	21	154	197	224	208	203	89	167	## Tournée 20
87	209	194	123	164	31	217	160	12	77	106	126	192	182	172	90	## Tournée 21
219	132	131	204	4	159	61	174	23	240	8	140	227	## Tournée 22
64	35	214	102	73	113	44	142	202	119	149	66	109	157	80	## Tournée 23
104	94	191	129	42	86	62	5	225	221	205	249	193	## Tournée 24
166	244	47	14	51	68	111	## Tournée 25
179	189	137	187	238	## Tournée 26
232	124	46	105	## Tournée 27
212	110	## Tournée 28
183	93	176	## Tournée 29
145	58	## Tournée 30
22	## Tournée 31
