61605	## Somme des retards
4294966882	## Temps CPU (millisecondes)
19	45	6	124	22	65	138	80	97	122	117	42	127	87	47	29	141	12	16	27	139	114	105	10	52	46	134	24	95	70	110	96	106	20	128	31	63	131	33	148	8	34	136	7	49	149	112	53	14	93	90	28	40	21	83	88	98	104	38	44	73	41	71	94	125	17	25	1	92	118	15	145	79	75	137	135	64	111	84	129	100	107	76	60	58	121	150	72	113	142	143	56	68	123	69	147	133	2	51	108	85	140	48	37	77	78	103	109	74	50	116	62	99	18	39	36	82	86	57	120	130	54	91	3	132	32	59	5	67	23	11	43	144	115	146	126	30	26	61	102	13	55	66	119	4	35	101	89	81	9	## Ordonnancement
26	## Nombre de tournées
1	2	1	2	4	4	3	3	5	6	7	8	10	12	10	11	13	14	9	8	6	4	3	2	1	1	## Nombre de sites par tournée
19	## Tournée 1
45	6	## Tournée 2
124	## Tournée 3
65	22	## Tournée 4
97	80	122	138	## Tournée 5
87	117	42	127	## Tournée 6
47	141	29	## Tournée 7
27	12	16	## Tournée 8
10	139	105	114	52	## Tournée 9
110	46	134	70	24	95	## Tournée 10
63	131	106	96	31	20	128	## Tournée 11
33	7	136	34	8	49	148	149	## Tournée 12
53	40	90	93	28	83	21	112	14	88	## Tournée 13
104	1	98	41	17	44	125	71	38	94	25	73	## Tournée 14
135	111	145	75	137	79	92	118	64	15	## Tournée 15
107	113	60	121	84	100	76	129	72	58	150	## Tournée 16
56	2	133	68	147	123	85	143	51	142	108	140	69	## Tournée 17
74	116	36	103	50	48	78	37	62	99	39	77	109	18	## Tournée 18
82	86	57	91	54	120	130	3	132	## Tournée 19
5	32	23	11	144	67	59	43	## Tournée 20
26	115	30	146	61	126	## Tournée 21
55	13	66	102	## Tournée 22
35	4	119	## Tournée 23
101	89	## Tournée 24
81	## Tournée 25
9	## Tournée 26
