58160	## Somme des retards
4294966037	## Temps CPU (millisecondes)
9	90	30	88	92	110	57	78	96	58	28	17	41	124	46	48	35	34	140	122	74	21	14	50	15	134	22	68	36	56	109	6	99	84	87	139	54	129	62	105	2	4	11	93	69	80	29	26	117	150	148	7	89	51	12	47	116	67	125	132	128	38	43	33	107	114	135	142	40	120	85	149	108	103	137	65	146	3	141	13	91	16	79	101	112	115	121	61	1	52	10	27	126	20	143	95	145	127	100	59	130	77	113	144	82	63	111	60	131	42	83	72	119	104	64	118	45	147	53	31	39	97	44	24	37	32	18	75	102	19	98	73	25	136	123	138	71	86	76	8	23	55	70	106	133	81	66	94	5	49	## Ordonnancement
19	## Nombre de tournées
4	1	5	7	7	7	7	9	12	14	15	15	17	10	5	6	4	3	2	## Nombre de sites par tournée
9	30	90	88	## Tournée 1
92	## Tournée 2
57	110	96	78	58	## Tournée 3
28	48	17	41	46	124	35	## Tournée 4
74	122	34	14	140	50	21	## Tournée 5
109	68	22	36	56	15	134	## Tournée 6
99	139	84	129	87	54	6	## Tournée 7
93	69	2	80	11	29	62	105	4	## Tournée 8
150	26	51	12	148	47	89	125	116	7	117	67	## Tournée 9
107	38	132	149	120	43	33	108	135	40	114	85	128	142	## Tournée 10
16	61	137	141	103	3	91	65	112	13	79	115	146	101	121	## Tournée 11
10	1	95	113	77	20	126	59	127	52	130	143	145	27	100	## Tournée 12
42	144	63	31	119	53	111	60	147	45	64	72	104	131	118	82	83	## Tournée 13
102	32	44	75	24	19	39	18	97	37	## Tournée 14
25	98	136	73	123	## Tournée 15
138	76	23	71	8	86	## Tournée 16
106	70	55	133	## Tournée 17
81	66	94	## Tournée 18
5	49	## Tournée 19
