101634	## Somme des retards
4294966877	## Temps CPU (millisecondes)
55	49	148	122	103	35	25	128	121	91	89	3	40	142	43	129	115	66	144	26	110	36	102	140	69	137	13	28	119	53	118	37	74	39	71	65	62	20	27	12	10	106	112	5	143	50	127	11	47	95	42	32	1	54	72	109	99	125	93	105	44	7	131	146	29	133	78	68	113	64	126	141	52	86	2	33	81	94	70	116	51	14	21	96	134	111	57	4	61	24	97	45	150	124	15	130	59	17	67	73	8	108	6	19	145	9	34	132	149	88	85	135	139	60	18	107	22	30	83	76	48	90	75	16	117	136	100	82	101	84	79	120	63	98	58	38	56	46	41	31	138	114	77	87	23	123	80	104	147	92	## Ordonnancement
22	## Nombre de tournées
2	4	3	2	4	5	5	9	9	10	10	10	10	15	14	10	11	7	5	2	2	1	## Nombre de sites par tournée
55	49	## Tournée 1
35	148	122	103	## Tournée 2
128	25	121	## Tournée 3
91	89	## Tournée 4
142	40	3	43	## Tournée 5
144	129	26	66	115	## Tournée 6
110	36	69	102	140	## Tournée 7
74	28	37	13	119	53	118	137	39	## Tournée 8
112	10	12	20	65	71	106	62	27	## Tournée 9
143	127	1	95	11	50	5	47	42	32	## Tournée 10
7	44	99	54	131	125	109	72	105	93	## Tournée 11
146	126	29	78	52	113	68	64	141	133	## Tournée 12
86	33	70	51	21	94	81	14	2	116	## Tournée 13
4	111	24	61	134	15	97	150	124	45	59	96	17	57	130	## Tournée 14
132	19	85	88	67	145	9	135	8	34	149	108	73	6	## Tournée 15
22	107	90	18	139	48	30	76	60	83	## Tournée 16
120	16	82	79	101	75	100	63	84	136	117	## Tournée 17
41	58	98	31	46	56	38	## Tournée 18
114	87	23	138	77	## Tournée 19
123	80	## Tournée 20
104	147	## Tournée 21
92	## Tournée 22
