47813	## Somme des retards
4294966427	## Temps CPU (millisecondes)
84	106	130	157	33	12	286	56	73	216	173	38	276	253	211	214	291	194	195	257	135	229	68	193	125	118	293	77	167	245	252	155	122	133	290	168	30	149	272	47	277	44	138	64	96	105	154	241	244	45	6	270	283	228	192	233	213	123	248	72	67	169	144	197	19	236	54	103	48	147	289	280	278	212	1	28	25	9	139	267	78	79	46	284	292	161	104	237	87	113	137	17	117	62	14	258	150	89	32	166	218	57	172	101	180	91	21	222	112	20	262	3	76	65	202	93	198	152	246	58	8	39	223	261	285	238	86	186	230	232	61	235	132	69	74	181	92	97	94	174	18	269	119	98	24	10	263	296	191	240	300	171	102	295	274	120	34	239	221	7	71	121	50	203	259	159	5	136	201	242	210	115	127	55	227	250	129	207	199	85	225	297	116	175	279	35	140	288	249	51	49	100	264	111	42	114	234	224	145	164	63	4	294	95	82	266	165	243	90	196	40	282	88	209	70	176	281	148	231	273	271	23	26	52	265	287	187	53	188	143	11	134	200	60	298	146	31	190	126	158	107	75	108	109	142	37	99	215	184	205	268	220	27	80	124	41	153	66	217	183	255	13	178	251	16	163	204	59	299	177	206	185	219	179	162	208	43	141	189	254	275	160	226	256	2	260	156	128	170	81	131	29	83	36	247	110	22	151	182	15	## Ordonnancement
26	## Nombre de tournées
1	2	4	4	4	5	4	7	9	10	11	17	16	17	19	22	24	22	28	24	23	14	6	3	3	1	## Nombre de sites par tournée
84	## Tournée 1
106	130	## Tournée 2
157	286	33	12	## Tournée 3
73	216	173	56	## Tournée 4
211	38	253	276	## Tournée 5
291	194	257	214	195	## Tournée 6
68	229	135	193	## Tournée 7
252	125	77	167	293	118	245	## Tournée 8
122	168	133	155	149	272	290	47	30	## Tournée 9
244	154	138	44	277	241	96	64	45	105	## Tournée 10
72	6	248	228	123	213	233	67	270	283	192	## Tournée 11
147	278	280	48	19	1	197	212	103	169	25	236	54	9	144	28	289	## Tournée 12
17	78	267	46	139	113	137	161	62	292	237	87	104	79	117	284	## Tournée 13
32	222	57	172	89	166	14	262	258	21	218	101	150	112	91	20	180	## Tournée 14
230	246	93	8	261	152	76	186	65	3	198	58	232	86	285	238	202	39	223	## Tournée 15
18	69	263	240	92	191	98	174	10	74	61	97	296	235	269	181	171	24	94	132	300	119	## Tournée 16
34	50	221	136	5	159	250	259	102	7	227	55	120	242	115	210	127	71	121	274	203	239	295	201	## Tournée 17
42	297	224	35	225	100	199	51	207	249	175	116	49	264	234	279	129	140	111	288	114	85	## Tournée 18
287	4	164	165	209	145	148	231	271	265	40	196	52	294	243	95	282	266	88	26	23	90	281	273	70	176	82	63	## Tournée 19
187	205	188	158	215	53	200	126	143	37	184	99	298	11	146	142	107	190	31	108	109	60	75	134	## Tournée 20
217	219	204	183	163	41	59	13	206	27	299	268	220	153	251	124	66	255	16	80	177	185	178	## Tournée 21
156	260	254	162	141	189	2	160	275	43	208	256	179	226	## Tournée 22
29	81	128	170	131	83	## Tournée 23
110	247	36	## Tournée 24
151	182	22	## Tournée 25
15	## Tournée 26
