34024	## Somme des retards
4294965402	## Temps CPU (millisecondes)
49	52	19	71	97	42	72	96	29	63	67	7	35	100	81	43	18	4	83	88	8	66	64	16	57	1	13	15	92	76	94	93	89	77	50	14	37	60	84	38	65	32	85	41	44	91	55	79	58	78	53	82	46	95	69	74	33	36	2	68	39	9	31	12	80	10	98	62	40	21	24	22	99	86	70	87	34	45	23	20	75	25	5	48	61	28	51	3	59	26	30	6	11	90	27	47	56	54	17	73	## Ordonnancement
20	## Nombre de tournées
1	4	1	6	5	6	6	6	7	8	12	8	6	7	5	6	3	1	1	1	## Nombre de sites par tournée
49	## Tournée 1
52	97	71	19	## Tournée 2
42	## Tournée 3
72	96	63	7	29	67	## Tournée 4
43	100	18	81	35	## Tournée 5
64	66	83	88	4	8	## Tournée 6
15	92	1	13	16	57	## Tournée 7
89	94	77	76	93	50	## Tournée 8
38	84	37	14	60	32	65	## Tournée 9
41	85	58	91	79	44	55	78	## Tournée 10
95	46	53	33	82	69	36	68	74	2	39	9	## Tournée 11
80	12	98	31	62	21	40	10	## Tournée 12
22	87	70	99	86	24	## Tournée 13
25	23	20	75	5	34	45	## Tournée 14
28	48	51	3	61	## Tournée 15
6	59	26	90	11	30	## Tournée 16
27	56	47	## Tournée 17
54	## Tournée 18
17	## Tournée 19
73	## Tournée 20
