34147	## Somme des retards
1580	## Temps CPU (millisecondes)
60	26	17	94	24	92	79	65	91	16	15	21	76	14	30	87	90	7	5	51	19	55	2	71	64	28	69	66	100	23	75	63	58	37	72	41	46	98	8	10	54	68	4	39	31	89	11	53	35	67	85	42	70	99	33	62	48	78	83	96	6	73	22	34	9	32	44	61	25	27	29	20	74	81	50	45	3	95	47	18	12	13	88	52	49	40	59	1	57	86	93	43	38	77	36	56	80	97	82	84	## Ordonnancement
18	## Nombre de tournées
2	2	3	2	3	3	6	5	4	6	8	10	12	10	10	7	5	2	## Nombre de sites par tournée
26	60	## Tournée 1
94	17	## Tournée 2
79	24	92	## Tournée 3
91	65	## Tournée 4
21	16	15	## Tournée 5
30	14	76	## Tournée 6
19	5	51	7	90	87	## Tournée 7
2	71	64	55	28	## Tournée 8
69	23	66	100	## Tournée 9
41	63	37	72	58	75	## Tournée 10
10	4	8	68	39	54	46	98	## Tournée 11
85	35	99	89	42	31	70	11	53	67	## Tournée 12
96	32	22	83	33	78	6	62	73	34	48	9	## Tournée 13
25	27	81	61	44	20	29	45	50	74	## Tournée 14
13	3	18	95	52	12	88	40	47	49	## Tournée 15
57	1	59	43	93	38	86	## Tournée 16
36	77	56	97	80	## Tournée 17
82	84	## Tournée 18
