13429	## Somme des retards
4294965232	## Temps CPU (millisecondes)
100	20	3	48	97	66	59	64	95	8	4	88	32	52	86	29	16	21	75	40	45	49	82	37	92	74	87	11	51	85	43	23	24	47	81	61	80	15	12	36	41	1	96	38	5	18	13	33	62	78	42	25	93	79	65	55	14	54	83	26	90	35	34	6	94	30	46	22	76	67	84	39	63	31	9	56	50	68	60	17	73	77	89	19	98	71	28	70	57	27	53	44	7	10	2	69	99	91	72	58	## Ordonnancement
16	## Nombre de tournées
3	4	4	3	9	9	10	11	12	9	7	6	6	3	2	2	## Nombre de sites par tournée
3	20	100	## Tournée 1
97	59	66	48	## Tournée 2
4	8	64	95	## Tournée 3
52	88	32	## Tournée 4
45	49	21	86	29	16	40	82	75	## Tournée 5
87	92	43	11	74	37	85	51	23	## Tournée 6
61	15	1	81	47	80	24	36	12	41	## Tournée 7
13	18	5	33	25	96	93	62	38	78	42	## Tournée 8
54	26	83	90	6	65	35	14	94	55	34	79	## Tournée 9
46	31	39	67	76	30	84	63	22	## Tournée 10
68	73	9	56	50	17	60	## Tournée 11
28	98	71	77	89	19	## Tournée 12
7	70	44	53	27	57	## Tournée 13
10	69	2	## Tournée 14
99	91	## Tournée 15
58	72	## Tournée 16
