138982	## Somme des retards
4294965307	## Temps CPU (millisecondes)
144	154	45	74	141	2	44	168	132	200	31	20	42	195	114	193	160	35	25	27	165	81	133	127	43	76	99	64	34	98	60	139	72	101	140	188	172	119	66	69	87	17	111	138	157	184	84	63	77	40	108	73	173	180	146	110	93	171	54	137	23	47	36	104	131	136	100	112	175	57	199	49	148	79	155	120	6	116	96	86	7	103	95	11	152	134	130	128	12	58	170	197	28	198	186	48	177	185	78	9	55	19	149	15	56	1	33	8	51	179	151	176	115	142	174	32	16	24	147	192	158	38	62	41	169	102	143	82	91	21	117	123	18	118	178	194	30	46	26	159	109	68	3	126	13	39	80	189	37	162	67	187	59	196	90	65	153	191	89	190	53	163	105	183	75	22	122	135	106	124	145	83	94	10	161	50	5	92	164	182	166	129	167	107	150	88	71	14	4	181	156	61	125	29	70	97	121	85	113	52	## Ordonnancement
25	## Nombre de tournées
1	2	4	5	3	6	7	5	6	10	10	10	16	16	19	15	15	20	10	8	5	3	2	1	1	## Nombre de sites par tournée
144	## Tournée 1
45	154	## Tournée 2
2	44	141	74	## Tournée 3
20	168	200	132	31	## Tournée 4
195	114	42	## Tournée 5
165	160	25	193	35	27	## Tournée 6
99	76	133	81	43	127	64	## Tournée 7
139	98	60	72	34	## Tournée 8
101	140	172	119	188	66	## Tournée 9
184	17	87	138	157	77	69	84	111	63	## Tournée 10
110	40	108	93	54	73	146	180	171	173	## Tournée 11
47	131	104	136	137	23	36	112	100	175	## Tournée 12
96	79	199	95	148	103	120	152	11	6	57	155	116	49	7	86	## Tournée 13
186	78	185	12	48	130	177	28	58	134	170	55	197	128	198	9	## Tournée 14
142	151	179	174	33	24	15	8	16	149	147	51	56	19	115	1	176	192	32	## Tournée 15
38	158	117	143	102	62	123	169	91	18	82	118	178	21	41	## Tournée 16
159	189	30	126	46	3	37	194	13	109	162	80	26	39	68	## Tournée 17
190	187	67	90	75	196	191	59	105	124	22	163	65	53	153	106	89	183	122	135	## Tournée 18
182	83	92	164	161	94	5	10	50	145	## Tournée 19
150	167	107	71	14	166	129	88	## Tournée 20
61	181	125	4	156	## Tournée 21
70	29	97	## Tournée 22
85	121	## Tournée 23
113	## Tournée 24
52	## Tournée 25
