37810	## Somme des retards
4294967177	## Temps CPU (millisecondes)
3	36	150	28	135	119	22	145	42	148	181	157	5	32	172	131	124	160	98	117	186	61	175	103	68	67	37	1	65	24	167	178	76	129	33	8	16	128	79	58	136	39	106	138	142	99	197	19	45	154	13	78	152	20	50	114	84	21	86	192	158	80	43	57	107	171	49	75	196	179	182	187	166	109	162	125	46	94	121	64	199	104	189	101	52	174	190	69	38	74	97	176	96	141	118	155	132	137	116	95	191	15	14	163	70	139	185	18	62	92	77	60	111	23	168	170	10	11	188	122	173	115	44	55	31	153	91	108	2	156	105	54	194	17	48	110	146	177	30	169	133	87	26	123	73	164	184	51	140	165	193	29	198	53	200	27	40	82	35	127	126	134	12	143	85	93	63	59	56	102	120	66	90	100	88	7	180	41	72	83	130	161	89	147	159	4	144	9	195	6	149	71	113	151	183	112	47	34	81	25	## Ordonnancement
23	## Nombre de tournées
1	2	3	2	5	5	7	9	10	10	11	17	15	17	18	14	16	16	9	5	4	3	1	## Nombre de sites par tournée
3	## Tournée 1
36	150	## Tournée 2
135	28	119	## Tournée 3
145	22	## Tournée 4
157	5	42	181	148	## Tournée 5
131	160	32	172	124	## Tournée 6
68	117	186	98	175	103	61	## Tournée 7
65	76	167	24	178	129	37	1	67	## Tournée 8
128	16	79	58	106	39	138	8	33	136	## Tournée 9
154	45	197	99	142	19	78	20	13	152	## Tournée 10
107	158	80	86	43	50	114	84	57	21	192	## Tournée 11
46	109	104	121	187	162	75	196	125	171	182	49	166	94	64	179	199	## Tournée 12
141	189	190	97	118	38	174	155	132	176	74	96	52	101	69	## Tournée 13
18	70	139	116	95	137	111	62	92	163	191	77	14	23	185	15	60	## Tournée 14
2	156	108	170	44	11	105	31	115	168	122	153	173	55	188	10	91	54	## Tournée 15
123	146	169	30	177	73	133	87	110	164	26	48	17	194	## Tournée 16
53	140	184	193	27	51	198	165	126	134	127	29	82	35	200	40	## Tournée 17
143	56	59	93	41	180	63	100	88	7	102	85	90	12	66	120	## Tournée 18
147	159	161	72	144	89	130	4	83	## Tournée 19
71	6	195	9	149	## Tournée 20
112	183	151	113	## Tournée 21
81	34	47	## Tournée 22
25	## Tournée 23
