129268	## Somme des retards
4294966582	## Temps CPU (millisecondes)
16	198	142	37	25	39	123	101	49	167	120	82	41	30	5	67	192	60	151	126	13	7	112	134	188	79	47	69	119	176	53	44	2	80	106	173	164	156	157	76	185	31	172	125	187	200	20	161	131	175	45	186	141	27	138	29	3	149	137	136	159	93	33	62	87	118	35	88	54	55	22	197	181	14	194	115	195	48	190	170	191	70	57	97	72	96	107	124	150	158	155	113	10	58	139	12	1	174	92	36	21	121	6	109	15	19	166	108	26	99	144	122	17	183	84	61	199	74	59	90	145	78	140	86	127	133	152	135	75	64	100	128	81	130	105	104	38	129	34	153	168	56	102	9	154	111	103	42	95	65	179	24	160	98	77	148	196	132	116	147	189	94	50	162	171	89	43	4	182	32	28	163	68	110	114	177	52	63	83	18	85	165	146	117	8	23	71	46	11	169	91	51	66	193	180	184	178	73	40	143	## Ordonnancement
27	## Nombre de tournées
3	2	6	4	5	5	6	4	9	9	9	12	12	10	14	13	9	12	10	12	10	8	7	4	2	2	1	## Nombre de sites par tournée
142	16	198	## Tournée 1
25	37	## Tournée 2
120	49	167	123	101	39	## Tournée 3
82	5	41	30	## Tournée 4
67	192	151	126	60	## Tournée 5
112	134	13	188	7	## Tournée 6
53	176	69	47	119	79	## Tournée 7
2	106	44	80	## Tournée 8
173	31	157	156	185	172	76	164	125	## Tournée 9
161	45	187	186	131	200	20	141	175	## Tournée 10
149	136	27	137	138	3	93	29	159	## Tournée 11
54	181	55	33	35	62	22	118	14	88	197	87	## Tournée 12
195	72	170	96	97	190	115	194	48	191	70	57	## Tournée 13
139	10	124	12	113	150	58	107	155	158	## Tournée 14
21	6	19	121	109	1	174	108	36	26	99	15	92	166	## Tournée 15
145	183	90	61	59	122	84	17	78	74	144	140	199	## Tournée 16
86	127	128	100	133	152	135	75	64	## Tournée 17
38	168	130	9	34	102	129	105	153	81	56	104	## Tournée 18
42	179	95	24	103	160	111	65	98	154	## Tournée 19
162	148	77	132	147	89	116	94	196	189	50	171	## Tournée 20
4	68	163	114	43	110	32	28	182	177	## Tournée 21
18	146	85	83	117	165	52	63	## Tournée 22
91	46	169	8	71	11	23	## Tournée 23
51	180	66	193	## Tournée 24
184	178	## Tournée 25
40	73	## Tournée 26
143	## Tournée 27
