94187	## Somme des retards
4294965397	## Temps CPU (millisecondes)
123	214	224	63	5	244	232	16	41	22	21	6	204	133	172	115	92	14	35	94	25	91	113	81	155	156	76	78	184	86	179	227	151	96	186	58	163	189	80	13	181	160	119	154	3	38	53	124	9	108	67	222	203	243	231	79	140	17	242	128	104	134	167	118	198	171	237	162	77	20	55	106	74	23	54	149	207	66	61	102	110	87	46	4	42	188	217	220	90	72	165	39	117	191	145	197	137	239	19	70	182	127	195	185	2	158	236	209	105	107	10	166	249	83	146	246	141	168	161	206	241	36	1	103	210	229	196	194	75	200	138	101	89	212	235	48	180	68	57	192	97	122	215	169	64	136	176	213	183	247	32	125	45	27	59	216	40	143	230	71	142	114	121	248	201	233	82	18	85	24	226	116	170	159	129	208	223	130	47	218	49	33	250	147	8	205	234	221	99	95	60	15	132	240	31	69	131	7	26	190	152	93	111	211	164	112	44	62	43	65	98	193	12	30	245	135	144	84	219	126	174	228	56	157	50	88	173	238	37	177	202	148	139	120	187	153	150	175	52	109	225	178	34	28	51	199	100	11	29	73	## Ordonnancement
27	## Nombre de tournées
1	2	3	2	4	5	5	7	7	10	10	14	13	12	21	19	21	22	20	13	11	9	7	6	3	2	1	## Nombre de sites par tournée
123	## Tournée 1
224	214	## Tournée 2
5	244	63	## Tournée 3
16	232	## Tournée 4
6	41	22	21	## Tournée 5
133	115	172	92	204	## Tournée 6
25	35	91	14	94	## Tournée 7
184	113	76	81	78	156	155	## Tournée 8
86	96	179	58	227	151	186	## Tournée 9
163	80	13	3	154	38	189	181	160	119	## Tournée 10
108	53	9	203	124	243	222	67	79	231	## Tournée 11
167	104	20	162	171	198	17	242	237	140	134	128	77	118	## Tournée 12
46	23	207	149	55	66	74	106	87	61	102	54	110	## Tournée 13
220	42	188	217	4	39	72	165	145	90	191	117	## Tournée 14
239	70	19	185	249	195	236	209	105	146	158	2	107	166	137	83	182	127	10	246	197	## Tournée 15
210	206	75	103	168	89	36	194	161	138	141	196	200	1	212	101	229	235	241	## Tournée 16
213	176	180	97	68	125	32	57	215	169	216	48	136	122	45	183	64	247	27	192	59	## Tournée 17
121	130	201	82	143	248	142	233	71	226	208	116	170	223	159	24	18	129	230	85	40	114	## Tournée 18
131	69	33	47	49	31	221	147	99	8	95	15	132	218	240	60	205	234	7	250	## Tournée 19
62	43	26	211	98	152	164	111	93	112	44	190	65	## Tournée 20
126	144	30	193	245	228	84	174	12	135	219	## Tournée 21
157	238	202	50	88	37	56	177	173	## Tournée 22
187	153	148	120	139	150	175	## Tournée 23
109	28	225	34	178	52	## Tournée 24
100	199	51	## Tournée 25
11	29	## Tournée 26
73	## Tournée 27
