55292	## Somme des retards
4294966937	## Temps CPU (millisecondes)
183	137	12	104	262	51	229	293	76	136	16	97	245	143	298	71	110	40	7	214	86	138	132	277	141	266	252	119	198	184	274	146	109	60	5	94	157	127	202	181	101	273	50	63	285	128	250	111	95	195	43	68	13	155	166	254	26	216	209	32	241	244	151	65	246	106	73	162	296	164	291	102	255	226	280	27	92	295	160	114	158	191	287	14	123	89	107	85	79	213	231	188	275	147	57	9	203	249	82	170	108	292	232	1	205	125	117	30	96	265	4	41	144	156	83	276	152	168	279	237	208	190	105	234	236	84	186	145	91	142	99	113	131	74	272	163	135	45	24	197	271	88	185	212	25	98	178	257	67	240	59	247	2	80	176	173	21	10	182	290	207	37	52	8	268	256	211	161	169	23	194	31	93	81	289	47	22	270	210	201	204	179	300	6	33	177	139	218	215	180	171	297	267	124	62	189	283	206	28	224	154	269	282	58	115	172	238	118	29	56	69	258	42	261	72	34	251	174	36	294	140	49	3	175	90	126	150	264	165	192	149	288	55	133	35	19	130	87	281	228	220	196	54	242	134	77	153	15	122	78	286	66	278	217	239	159	11	222	53	70	103	230	18	121	253	17	20	148	233	299	235	120	248	187	263	227	129	284	260	75	200	243	46	225	112	61	100	223	64	221	116	167	44	193	39	48	219	259	38	199	## Ordonnancement
25	## Nombre de tournées
2	3	2	5	7	7	8	8	11	15	15	15	18	28	25	21	20	25	22	16	12	4	5	5	1	## Nombre de sites par tournée
183	137	## Tournée 1
104	262	12	## Tournée 2
51	229	## Tournée 3
136	16	76	293	97	## Tournée 4
110	7	298	40	245	71	143	## Tournée 5
141	277	138	86	214	132	266	## Tournée 6
198	109	252	60	274	146	119	184	## Tournée 7
273	157	181	127	202	5	101	94	## Tournée 8
285	195	50	63	128	68	95	250	13	43	111	## Tournée 9
246	155	65	26	32	151	166	244	73	216	254	241	209	162	106	## Tournée 10
164	114	191	102	226	92	158	287	291	255	295	160	296	280	27	## Tournée 11
14	231	213	9	107	275	85	203	57	89	79	249	147	123	188	## Tournée 12
83	1	265	170	276	82	205	125	156	4	144	41	96	117	232	108	30	292	## Tournée 13
24	135	131	234	91	99	74	271	236	88	142	197	163	168	105	152	279	145	237	45	208	272	212	185	190	186	84	113	## Tournée 14
59	52	21	67	256	2	161	176	268	98	8	178	182	247	211	25	290	10	173	240	257	80	207	169	37	## Tournée 15
210	93	81	201	31	179	270	22	177	289	218	6	23	47	33	300	180	139	204	215	194	## Tournée 16
28	62	118	115	58	56	29	124	224	282	171	269	238	154	189	297	267	172	206	283	## Tournée 17
175	49	264	149	261	192	165	294	72	34	3	133	258	90	35	174	140	288	42	55	69	36	251	150	126	## Tournée 18
77	217	239	122	159	278	78	66	130	11	15	153	220	196	134	242	54	228	286	19	281	87	## Tournée 19
18	70	103	121	233	148	235	253	299	222	230	53	20	248	120	17	## Tournée 20
187	260	200	284	75	112	225	263	243	46	129	227	## Tournée 21
100	61	64	223	## Tournée 22
116	193	44	167	221	## Tournée 23
219	48	38	39	259	## Tournée 24
199	## Tournée 25
