34524	## Somme des retards
1780	## Temps CPU (millisecondes)
26	94	60	17	24	91	92	79	65	16	21	15	76	87	30	14	90	7	5	51	19	55	2	71	64	28	23	100	58	69	66	41	10	37	46	72	63	75	54	39	11	53	98	68	4	42	70	99	31	35	9	8	67	83	62	89	85	48	78	32	96	6	73	22	74	61	45	33	44	81	27	57	36	29	34	25	18	50	52	40	12	20	80	38	3	49	88	13	59	95	82	56	86	1	97	77	84	43	93	47	## Ordonnancement
18	## Nombre de tournées
1	2	2	3	4	3	6	5	5	7	11	8	11	10	10	7	4	1	## Nombre de sites par tournée
26	## Tournée 1
60	94	## Tournée 2
24	17	## Tournée 3
79	91	92	## Tournée 4
21	65	16	15	## Tournée 5
30	76	87	## Tournée 6
19	5	51	14	7	90	## Tournée 7
2	71	64	55	28	## Tournée 8
69	23	58	66	100	## Tournée 9
10	41	63	37	72	46	75	## Tournée 10
4	68	39	53	54	42	31	70	11	99	98	## Tournée 11
85	35	83	67	8	62	9	89	## Tournée 12
96	32	22	33	78	6	73	74	48	45	61	## Tournée 13
25	57	27	18	81	36	44	29	50	34	## Tournée 14
13	3	52	12	20	88	40	38	49	80	## Tournée 15
59	1	97	82	95	56	86	## Tournée 16
43	93	84	77	## Tournée 17
47	## Tournée 18
