170551	## Somme des retards
1115	## Temps CPU (millisecondes)
274	196	104	124	126	22	51	13	182	223	168	199	50	254	230	262	43	151	99	123	293	187	287	153	282	226	75	105	278	264	190	37	251	292	209	41	85	252	156	227	23	208	155	112	177	80	277	98	300	109	127	276	88	78	141	154	134	3	161	204	106	137	122	33	228	218	8	136	178	224	229	107	139	61	180	205	49	128	10	159	144	164	11	142	63	220	68	288	221	201	84	87	215	94	231	157	170	77	57	163	83	4	165	26	2	130	59	5	162	147	211	92	234	158	210	27	174	191	289	18	25	232	167	12	250	171	271	70	103	54	40	194	169	297	9	160	259	212	35	176	239	74	90	58	44	263	45	36	97	286	188	28	281	89	119	60	193	55	21	146	198	295	121	117	256	111	270	31	185	219	53	96	69	91	64	249	149	233	241	82	30	114	189	34	38	125	213	217	237	294	255	101	52	257	1	115	113	195	166	143	298	299	120	268	266	62	184	203	172	140	138	202	15	66	42	235	216	279	267	118	179	222	29	100	133	236	258	296	102	150	243	269	46	20	207	265	192	173	135	116	225	81	247	272	76	283	214	242	290	19	24	56	200	132	32	186	86	273	148	245	197	175	183	79	248	291	129	95	152	73	72	108	145	275	39	280	93	244	181	261	14	16	48	253	7	246	238	6	260	47	110	240	131	65	17	206	284	285	71	67	## Ordonnancement
25	## Nombre de tournées
1	1	1	2	3	4	2	6	6	7	9	10	12	14	12	17	21	22	20	26	24	31	26	20	3	## Nombre de sites par tournée
274	## Tournée 1
196	## Tournée 2
104	## Tournée 3
124	126	## Tournée 4
22	51	13	## Tournée 5
168	182	199	223	## Tournée 6
50	254	## Tournée 7
99	151	43	262	123	230	## Tournée 8
153	287	293	187	226	282	## Tournée 9
75	37	105	264	251	190	278	## Tournée 10
41	209	23	252	292	227	156	208	85	## Tournée 11
277	276	155	98	127	109	80	112	177	300	## Tournée 12
204	137	106	33	122	78	3	161	154	134	88	141	## Tournée 13
228	205	218	229	128	8	61	139	224	178	180	136	107	49	## Tournée 14
11	220	159	288	63	10	201	164	144	142	68	221	## Tournée 15
57	163	157	130	165	2	83	59	170	231	215	4	87	94	26	84	77	## Tournée 16
234	289	5	12	174	27	210	18	167	191	25	171	162	271	211	92	250	158	147	70	232	## Tournée 17
297	239	54	212	9	44	36	263	74	35	169	45	259	58	40	97	176	90	286	194	160	103	## Tournée 18
188	31	295	28	60	193	270	89	21	198	256	55	281	146	121	219	185	117	119	111	## Tournée 19
53	149	233	96	255	82	294	189	125	69	64	52	30	101	114	237	217	249	115	91	34	213	38	1	257	241	## Tournée 20
184	66	143	62	202	15	120	140	266	267	203	216	235	138	298	42	299	195	113	268	279	172	166	118	## Tournée 21
102	236	258	133	179	225	100	76	150	265	242	243	46	135	192	207	20	81	283	290	214	29	116	24	296	173	247	269	272	222	19	## Tournée 22
248	186	197	132	245	129	95	148	200	280	291	79	175	275	93	183	32	152	73	86	108	145	273	39	56	72	## Tournée 23
240	131	253	14	65	244	181	16	110	17	246	238	261	6	48	7	47	206	260	284	## Tournée 24
71	67	285	## Tournée 25
