75903	## Somme des retards
4294966412	## Temps CPU (millisecondes)
91	28	73	54	42	74	115	136	4	20	113	150	10	50	109	85	76	97	68	24	64	121	94	2	99	90	86	135	19	92	116	103	105	79	140	63	58	93	46	53	32	122	72	30	41	51	5	35	119	132	96	101	44	36	29	8	11	149	125	69	133	12	108	88	70	47	33	39	77	56	9	139	145	71	66	17	118	81	89	48	60	37	146	87	7	117	40	57	129	148	102	34	144	62	84	141	31	82	59	52	22	1	106	83	100	61	21	55	114	124	3	104	25	142	127	112	43	6	49	13	18	120	80	65	67	45	75	78	147	111	16	110	131	15	130	126	134	98	107	123	27	95	23	143	26	137	128	14	38	138	## Ordonnancement
18	## Nombre de tournées
2	3	4	6	6	8	11	9	10	12	14	16	16	13	11	6	2	1	## Nombre de sites par tournée
28	91	## Tournée 1
73	42	54	## Tournée 2
136	74	115	4	## Tournée 3
50	20	109	113	10	150	## Tournée 4
64	97	24	68	85	76	## Tournée 5
135	99	94	90	2	19	86	121	## Tournée 6
63	103	58	116	140	53	93	46	79	92	105	## Tournée 7
30	5	122	51	35	32	41	119	72	## Tournée 8
29	8	96	44	132	101	149	11	125	36	## Tournée 9
9	12	33	88	56	133	77	47	108	69	39	70	## Tournée 10
60	66	118	87	89	145	81	17	48	71	139	37	146	7	## Tournée 11
84	141	57	52	40	148	22	59	82	31	102	34	62	129	117	144	## Tournée 12
104	61	25	43	83	124	112	127	1	55	142	21	106	114	100	3	## Tournée 13
80	111	147	75	45	78	120	18	6	67	13	65	49	## Tournée 14
15	110	98	131	107	134	27	130	126	123	16	## Tournée 15
26	95	143	23	137	128	## Tournée 16
38	14	## Tournée 17
138	## Tournée 18
