343468	## Somme des retards
4294966952	## Temps CPU (millisecondes)
80	104	296	262	186	157	265	289	20	139	293	48	51	24	188	282	68	66	63	109	243	15	135	171	129	286	1	300	96	277	35	26	233	46	174	160	222	162	177	217	272	128	100	36	127	281	16	116	183	252	120	71	224	55	279	89	149	125	92	182	299	39	23	145	235	67	76	225	288	22	27	295	113	110	49	7	249	18	54	197	155	247	124	13	82	147	117	231	191	240	239	53	154	11	158	219	132	152	165	236	103	173	86	207	93	64	274	121	50	232	179	91	83	122	43	47	206	164	77	273	214	201	6	87	181	57	81	298	9	237	38	257	228	245	266	285	4	52	220	159	30	106	151	3	209	226	32	205	185	292	44	263	70	45	138	134	283	143	268	167	74	29	130	261	278	115	212	73	78	254	246	85	264	244	176	107	193	276	170	184	61	153	163	79	169	60	56	144	251	12	234	204	271	238	270	126	21	95	118	84	65	253	97	28	119	88	75	10	8	280	202	123	221	2	101	192	269	259	256	195	156	40	227	287	229	175	242	223	230	133	196	187	31	142	211	25	14	59	166	275	291	58	17	108	140	178	111	189	297	210	99	146	112	137	198	72	114	290	258	190	34	105	284	136	161	42	141	148	69	218	172	267	260	131	215	90	255	94	213	250	150	241	200	5	98	199	294	203	180	216	208	33	168	102	248	62	19	37	194	41	## Ordonnancement
27	## Nombre de tournées
2	3	4	3	3	4	6	8	8	6	9	12	13	14	15	20	19	17	18	22	19	21	21	20	8	3	2	## Nombre de sites par tournée
80	104	## Tournée 1
262	296	186	## Tournée 2
289	157	265	20	## Tournée 3
139	48	293	## Tournée 4
188	51	24	## Tournée 5
66	282	68	63	## Tournée 6
135	15	129	243	109	171	## Tournée 7
35	96	277	1	286	26	233	300	## Tournée 8
160	222	272	217	174	46	177	162	## Tournée 9
16	281	36	128	100	127	## Tournée 10
183	89	120	55	252	71	224	279	116	## Tournée 11
39	235	92	125	23	182	76	299	149	67	225	145	## Tournée 12
288	295	110	54	7	22	18	197	155	249	27	113	49	## Tournée 13
117	147	124	247	240	158	11	82	13	239	53	191	231	154	## Tournée 14
132	86	64	219	93	165	274	121	103	173	207	232	50	152	236	## Tournée 15
91	6	43	237	273	179	81	201	47	122	87	9	164	298	206	181	214	83	57	77	## Tournée 16
257	205	3	226	32	4	159	266	151	220	185	285	228	30	245	38	209	52	106	## Tournée 17
44	29	261	292	268	115	134	167	143	45	70	278	130	138	74	283	263	## Tournée 18
79	246	254	170	61	193	73	163	184	176	244	153	85	78	212	264	276	107	## Tournée 19
84	97	60	251	12	56	95	238	253	144	126	118	65	204	88	21	270	234	169	119	28	271	## Tournée 20
75	123	195	101	280	221	287	256	192	10	2	156	269	40	202	259	227	8	229	## Tournée 21
223	211	140	31	291	14	142	108	17	187	196	133	275	230	58	175	25	166	59	178	242	## Tournée 22
189	290	284	198	42	141	99	72	161	258	112	105	114	146	210	190	34	136	137	111	297	## Tournée 23
250	294	131	255	200	241	150	213	69	199	172	267	90	148	94	260	98	5	218	215	## Tournée 24
208	102	216	203	168	33	180	248	## Tournée 25
62	37	19	## Tournée 26
194	41	## Tournée 27
