99953	## Somme des retards
4294966002	## Temps CPU (millisecondes)
132	197	130	244	117	75	239	124	122	164	226	113	154	250	71	97	203	80	58	166	236	6	208	25	213	70	77	9	238	233	22	26	156	67	56	53	127	181	100	20	92	91	221	7	66	82	196	63	134	31	98	150	120	220	94	228	139	28	47	167	84	249	237	205	160	55	89	101	137	179	93	245	40	223	140	18	210	149	219	72	173	43	195	106	175	85	158	10	96	215	34	206	90	229	60	190	5	1	200	184	131	32	64	153	33	16	81	224	141	202	187	186	135	189	230	105	59	151	180	242	42	214	128	24	13	218	198	169	121	79	201	143	112	216	37	83	185	99	126	162	194	234	125	68	207	86	41	8	165	171	95	57	182	246	146	11	212	193	188	69	62	148	243	217	248	111	209	222	142	102	144	23	2	50	49	73	116	225	27	115	138	4	231	48	38	235	61	145	172	35	163	123	157	136	177	14	155	129	192	118	240	103	191	76	107	29	232	241	12	174	161	108	65	247	178	170	133	78	199	30	109	19	15	51	17	3	183	39	54	87	36	104	114	152	88	110	159	176	168	211	45	44	147	204	227	21	119	46	52	74	## Ordonnancement
26	## Nombre de tournées
2	2	2	3	4	5	4	11	12	12	17	19	20	18	22	20	17	16	14	10	7	4	3	3	2	1	## Nombre de sites par tournée
197	132	## Tournée 1
244	130	## Tournée 2
75	117	## Tournée 3
122	239	124	## Tournée 4
113	164	154	226	## Tournée 5
97	71	250	80	203	## Tournée 6
166	6	58	236	## Tournée 7
26	9	77	70	25	233	22	208	238	156	213	## Tournée 8
66	7	92	100	67	91	53	181	56	20	127	221	## Tournée 9
220	82	196	94	63	134	228	150	139	31	98	120	## Tournée 10
55	237	245	101	179	28	84	167	249	205	89	137	160	223	40	47	93	## Tournée 11
34	18	158	43	175	195	206	149	10	140	210	173	90	72	85	215	106	219	96	## Tournée 12
187	200	190	153	186	32	141	1	131	64	202	5	224	33	16	135	60	229	81	184	## Tournée 13
42	198	79	24	13	105	218	59	214	151	230	121	180	189	169	242	201	128	## Tournée 14
37	143	112	234	182	171	216	185	95	125	8	162	207	41	86	57	126	83	68	99	165	194	## Tournée 15
62	217	102	188	222	23	148	111	212	248	209	2	243	146	142	11	144	246	69	193	## Tournée 16
35	225	48	4	115	50	61	231	27	49	235	73	38	172	138	116	145	## Tournée 17
155	118	103	29	163	14	123	191	177	192	136	76	157	107	129	240	## Tournée 18
178	133	161	170	108	65	241	232	199	12	78	174	30	247	## Tournée 19
183	19	109	54	3	17	87	51	15	39	## Tournée 20
104	114	88	152	110	159	36	## Tournée 21
45	176	211	168	## Tournée 22
204	147	44	## Tournée 23
119	21	227	## Tournée 24
46	52	## Tournée 25
74	## Tournée 26
