26264	## Somme des retards
950	## Temps CPU (millisecondes)
86	103	114	134	27	69	138	133	129	147	97	119	108	99	56	30	128	95	105	132	42	25	29	14	62	111	89	57	15	137	19	63	82	81	24	120	130	135	150	8	96	87	94	123	113	78	79	33	93	124	55	85	64	67	71	45	40	54	91	88	4	148	125	17	80	127	35	83	16	9	32	36	145	115	118	140	11	104	131	49	5	101	112	10	110	84	39	28	37	21	48	20	77	75	107	73	66	47	136	102	38	1	98	90	122	100	46	144	142	70	22	61	76	53	41	143	149	59	18	146	7	92	58	34	68	139	44	74	26	3	2	43	31	126	6	23	106	13	60	52	117	12	50	72	51	141	116	121	109	65	## Ordonnancement
21	## Nombre de tournées
1	4	2	4	4	3	5	5	7	11	9	15	16	11	13	12	11	7	5	3	2	## Nombre de sites par tournée
86	## Tournée 1
103	134	27	114	## Tournée 2
138	69	## Tournée 3
147	97	129	133	## Tournée 4
108	119	56	99	## Tournée 5
30	128	95	## Tournée 6
25	132	42	29	105	## Tournée 7
111	89	14	62	57	## Tournée 8
63	24	81	82	137	15	19	## Tournée 9
130	94	96	87	113	8	135	150	78	123	120	## Tournée 10
93	67	85	71	64	79	124	33	55	## Tournée 11
35	148	16	91	80	17	4	88	127	40	125	54	83	9	45	## Tournée 12
10	115	104	110	112	140	11	145	36	131	49	101	32	5	84	118	## Tournée 13
66	39	73	28	75	107	48	20	21	77	37	## Tournée 14
122	100	144	1	46	142	98	136	47	90	70	38	102	## Tournée 15
92	41	143	149	53	18	61	7	146	59	76	22	## Tournée 16
139	3	26	44	74	2	43	31	68	34	58	## Tournée 17
23	52	126	13	106	60	6	## Tournée 18
12	72	50	117	51	## Tournée 19
141	116	121	## Tournée 20
65	109	## Tournée 21
