69241	## Somme des retards
1860	## Temps CPU (millisecondes)
181	65	107	80	106	177	15	5	180	25	61	115	100	34	40	94	42	160	189	162	154	190	55	93	98	76	45	47	182	6	120	169	157	75	52	99	91	102	172	82	56	191	30	10	151	105	125	143	112	149	70	28	194	164	147	59	97	114	41	43	128	86	29	104	117	145	155	159	1	96	31	193	124	173	27	88	171	83	122	89	22	37	144	183	129	195	176	170	72	179	116	150	13	73	158	63	127	184	38	137	48	18	51	121	62	109	187	146	185	9	118	163	66	196	198	119	138	134	14	26	46	108	36	81	130	20	175	50	131	123	139	74	53	68	79	126	103	141	92	7	168	132	186	84	148	64	136	3	60	2	101	58	152	153	44	197	4	32	161	24	165	142	8	49	90	33	67	12	188	111	69	77	200	85	16	39	178	23	95	54	110	174	133	35	71	21	17	192	11	156	87	167	140	135	57	19	166	199	113	78	## Ordonnancement
25	## Nombre de tournées
2	5	5	4	6	5	7	9	10	9	9	17	13	15	14	18	12	12	7	8	6	3	2	1	1	## Nombre de sites par tournée
65	181	## Tournée 1
80	107	106	15	177	## Tournée 2
61	25	180	5	115	## Tournée 3
100	40	94	34	## Tournée 4
189	160	162	42	190	154	## Tournée 5
55	98	93	76	45	## Tournée 6
6	120	75	47	182	169	157	## Tournée 7
102	30	172	82	52	91	191	56	99	## Tournée 8
112	149	143	28	70	125	10	194	105	151	## Tournée 9
128	59	41	147	114	97	86	43	164	## Tournée 10
145	155	159	31	29	104	96	1	117	## Tournée 11
122	195	83	176	37	89	171	193	183	88	22	124	170	144	27	173	129	## Tournée 12
13	73	63	150	179	116	72	137	127	158	184	38	48	## Tournée 13
109	119	185	187	198	18	9	51	121	146	66	163	62	118	196	## Tournée 14
20	108	46	123	175	131	130	138	50	36	14	81	26	134	## Tournée 15
148	132	92	136	7	74	141	168	68	64	53	126	139	186	3	79	84	103	## Tournée 16
153	2	44	152	197	24	60	32	58	4	161	101	## Tournée 17
33	67	12	49	165	77	8	69	90	188	142	111	## Tournée 18
178	200	95	85	39	16	23	## Tournée 19
174	21	54	71	133	17	110	35	## Tournée 20
192	11	140	156	167	87	## Tournée 21
19	135	57	## Tournée 22
199	166	## Tournée 23
113	## Tournée 24
78	## Tournée 25
