230436	## Somme des retards
1685	## Temps CPU (millisecondes)
58	197	30	147	66	39	137	184	97	64	152	20	17	126	98	249	165	7	9	242	172	81	110	239	204	76	175	151	227	79	188	178	53	211	138	220	62	35	185	134	34	171	128	31	16	87	93	32	111	207	13	195	230	193	95	234	170	102	224	163	180	119	10	141	208	84	6	162	59	156	24	206	205	25	112	99	14	73	201	225	45	245	104	136	176	117	54	88	44	29	209	72	158	221	69	200	146	67	219	22	92	223	169	107	121	78	229	210	166	114	181	15	55	5	216	187	189	142	144	23	11	4	202	215	145	217	52	61	214	237	50	47	125	233	238	40	160	248	91	132	86	236	159	49	43	57	177	123	3	94	241	60	213	140	130	192	191	222	173	124	143	18	33	153	183	167	70	247	199	127	168	106	129	26	182	38	82	105	133	116	231	46	135	90	65	164	8	131	194	51	190	109	212	63	250	85	12	139	21	155	179	2	150	243	196	203	101	240	56	232	100	157	77	1	174	161	68	89	115	42	74	149	96	120	19	154	41	103	28	198	80	118	186	235	148	246	113	75	83	48	71	27	122	228	37	244	36	226	218	108	## Ordonnancement
27	## Nombre de tournées
1	2	2	3	3	5	5	7	8	10	12	14	12	17	16	18	16	22	18	20	17	10	5	3	2	1	1	## Nombre de sites par tournée
58	## Tournée 1
197	30	## Tournée 2
66	147	## Tournée 3
184	39	137	## Tournée 4
152	97	64	## Tournée 5
17	249	98	20	126	## Tournée 6
242	9	172	7	165	## Tournée 7
175	151	239	76	81	110	204	## Tournée 8
79	227	138	188	211	220	178	53	## Tournée 9
62	31	128	34	185	87	16	35	134	171	## Tournée 10
195	230	193	102	32	95	207	111	234	170	13	93	## Tournée 11
141	156	224	24	208	84	59	162	6	163	10	119	206	180	## Tournée 12
25	104	205	136	112	245	99	14	73	225	45	201	## Tournée 13
200	72	221	69	29	44	88	219	209	117	158	146	176	22	92	54	67	## Tournée 14
114	223	229	55	78	181	210	187	15	189	216	107	5	169	121	166	## Tournée 15
11	237	238	233	214	61	217	47	52	23	50	215	4	125	202	145	142	144	## Tournée 16
49	159	123	86	3	241	177	91	40	43	248	236	132	94	160	57	## Tournée 17
192	222	124	199	168	18	60	106	191	70	183	129	173	140	167	153	127	130	247	213	143	33	## Tournée 18
26	46	90	194	190	135	231	105	65	51	38	133	8	82	182	116	164	131	## Tournée 19
2	21	109	100	85	150	56	212	250	232	139	179	155	203	243	12	63	240	196	101	## Tournée 20
41	19	74	42	149	174	115	157	96	154	120	89	1	77	68	103	161	## Tournée 21
80	75	113	198	246	186	148	118	235	28	## Tournée 22
122	27	83	71	48	## Tournée 23
228	244	37	## Tournée 24
226	36	## Tournée 25
218	## Tournée 26
108	## Tournée 27
