107223	## Somme des retards
4294966527	## Temps CPU (millisecondes)
132	130	197	117	239	244	75	124	122	164	226	113	154	250	71	97	203	80	58	166	236	6	208	25	213	70	77	9	238	233	22	26	156	67	56	53	127	181	100	20	92	91	221	7	66	82	196	63	134	31	98	150	120	220	94	228	139	28	47	167	84	249	237	205	160	55	89	101	137	179	93	245	40	223	90	18	210	149	219	72	173	43	195	106	175	85	158	10	96	215	34	140	206	5	1	200	184	32	64	131	153	33	16	81	224	229	60	141	202	190	186	135	189	230	105	59	151	180	242	42	214	128	24	13	218	198	169	121	79	182	187	201	143	37	165	86	99	126	162	194	234	125	207	41	8	185	83	171	142	102	95	216	57	112	144	146	111	73	217	69	212	193	115	188	62	148	248	192	11	209	68	103	222	50	2	23	246	123	172	61	243	161	27	225	155	4	177	48	231	116	38	235	49	145	107	35	232	30	157	12	240	138	46	14	129	118	65	88	136	170	191	76	241	29	163	36	178	183	174	152	204	247	39	87	133	78	199	109	19	176	147	104	45	159	51	3	15	52	114	44	110	168	119	211	54	227	108	17	21	74	## Ordonnancement
27	## Nombre de tournées
1	3	2	1	2	4	5	4	11	12	12	17	18	20	20	22	23	19	19	12	7	4	4	3	2	2	1	## Nombre de sites par tournée
132	## Tournée 1
197	117	130	## Tournée 2
244	239	## Tournée 3
75	## Tournée 4
122	124	## Tournée 5
113	164	154	226	## Tournée 6
97	71	250	80	203	## Tournée 7
166	6	58	236	## Tournée 8
26	9	77	70	25	233	22	208	238	156	213	## Tournée 9
66	7	92	100	67	91	53	181	56	20	127	221	## Tournée 10
220	82	196	94	63	134	228	150	139	31	98	120	## Tournée 11
55	237	245	101	179	28	84	167	249	205	89	137	160	223	40	47	93	## Tournée 12
34	18	158	43	175	195	149	10	140	210	173	90	72	85	215	106	219	96	## Tournée 13
200	190	153	186	32	141	1	131	64	202	206	5	224	33	16	135	60	229	81	184	## Tournée 14
42	187	198	79	24	13	105	218	59	214	151	230	121	180	189	169	242	201	182	128	## Tournée 15
37	143	102	112	234	171	216	185	95	125	8	162	207	41	86	142	57	126	83	99	165	194	## Tournée 16
62	217	188	103	73	111	212	248	209	50	115	2	146	11	68	148	23	69	222	246	144	192	193	## Tournée 17
35	155	161	27	49	235	4	243	48	225	107	145	116	61	231	38	123	177	172	## Tournée 18
118	46	170	29	163	65	14	241	232	191	12	138	30	136	88	76	157	129	240	## Tournée 19
183	178	133	204	39	247	87	152	174	78	199	36	## Tournée 20
45	19	109	104	176	147	159	## Tournée 21
3	52	51	15	## Tournée 22
114	44	110	168	## Tournée 23
54	119	211	## Tournée 24
108	227	## Tournée 25
21	17	## Tournée 26
74	## Tournée 27
