30478	## Somme des retards
1740	## Temps CPU (millisecondes)
58	67	83	42	10	26	37	17	11	19	90	57	95	64	68	96	12	9	66	82	53	78	40	86	100	71	44	24	70	39	50	7	60	81	30	98	4	84	41	46	20	91	18	48	31	54	8	5	72	29	87	27	1	88	94	93	21	49	85	51	62	65	13	22	73	34	6	23	43	2	77	99	52	14	55	76	38	69	3	33	63	47	79	36	92	35	89	61	16	15	59	45	74	80	75	28	56	32	97	25	## Ordonnancement
17	## Nombre de tournées
1	3	1	4	8	8	7	9	12	12	9	8	7	5	3	2	1	## Nombre de sites par tournée
58	## Tournée 1
67	42	83	## Tournée 2
10	## Tournée 3
11	26	17	37	## Tournée 4
90	57	19	12	64	68	95	96	## Tournée 5
100	86	40	82	53	66	9	78	## Tournée 6
44	50	71	39	24	70	7	## Tournée 7
98	41	30	4	60	20	84	81	46	## Tournée 8
8	48	18	31	5	29	91	72	27	87	1	54	## Tournée 9
94	73	62	13	93	65	49	22	85	21	88	51	## Tournée 10
2	99	34	23	14	52	6	43	77	## Tournée 11
76	38	33	55	47	63	3	69	## Tournée 12
35	61	79	36	92	16	89	## Tournée 13
15	74	59	45	80	## Tournée 14
56	75	28	## Tournée 15
32	97	## Tournée 16
25	## Tournée 17
