206155	## Somme des retards
4294966047	## Temps CPU (millisecondes)
11	217	155	105	190	41	250	120	84	118	53	106	31	165	134	129	90	191	130	89	200	54	14	245	186	73	28	169	188	206	158	168	15	117	208	225	45	167	163	49	136	199	241	160	46	210	212	224	242	30	125	114	216	64	111	115	239	18	229	219	140	29	233	51	247	152	207	154	171	193	232	133	62	26	86	72	214	203	39	131	55	161	248	78	21	202	103	79	88	68	102	77	121	184	146	143	185	236	13	127	187	70	42	17	222	27	128	5	108	132	156	67	94	71	137	235	215	112	230	147	221	234	228	57	6	151	238	60	95	98	211	110	85	65	25	142	148	149	99	226	246	81	48	116	196	24	218	201	12	181	176	164	180	249	66	198	87	162	159	178	205	107	38	179	209	1	175	69	177	43	4	204	223	52	3	82	47	240	237	59	83	80	34	113	37	144	16	173	123	213	172	109	170	10	166	195	19	7	32	174	183	153	58	20	231	122	192	220	50	157	74	150	92	36	126	9	135	119	244	63	124	8	22	91	23	101	189	138	96	100	197	194	35	33	61	40	93	76	243	139	75	145	227	104	97	56	44	182	2	141	## Ordonnancement
27	## Nombre de tournées
1	3	3	5	3	5	6	8	10	10	12	18	14	18	13	15	24	22	18	16	11	4	4	3	2	1	1	## Nombre de sites par tournée
11	## Tournée 1
155	105	217	## Tournée 2
41	190	250	## Tournée 3
84	53	106	118	120	## Tournée 4
165	31	134	## Tournée 5
130	90	129	191	89	## Tournée 6
54	186	14	245	73	200	## Tournée 7
169	28	206	15	158	188	117	168	## Tournée 8
241	160	136	49	167	208	225	199	45	163	## Tournée 9
30	212	242	216	224	46	125	64	210	114	## Tournée 10
219	140	51	233	247	18	115	239	29	111	152	229	## Tournée 11
203	26	214	161	55	232	207	193	62	39	248	72	78	133	154	171	131	86	## Tournée 12
236	68	88	143	102	202	103	79	21	146	185	77	121	184	## Tournée 13
137	5	156	108	27	127	128	17	222	42	71	13	67	187	94	70	132	235	## Tournée 14
112	234	228	95	147	221	238	6	60	151	230	215	57	## Tournée 15
98	116	142	85	48	148	149	99	25	65	226	81	110	211	246	## Tournée 16
66	176	205	209	1	218	24	175	179	180	12	198	164	69	249	162	201	87	159	196	181	178	38	107	## Tournée 17
43	240	237	37	34	213	47	204	144	4	3	59	52	223	83	82	80	113	16	123	173	177	## Tournée 18
192	231	153	7	166	32	122	10	58	19	109	20	220	170	174	195	183	172	## Tournée 19
157	126	8	50	150	36	135	124	119	9	244	63	74	22	92	91	## Tournée 20
194	35	61	101	189	138	197	33	100	23	96	## Tournée 21
243	76	93	40	## Tournée 22
227	139	75	145	## Tournée 23
97	56	104	## Tournée 24
182	44	## Tournée 25
2	## Tournée 26
141	## Tournée 27
