96806	## Somme des retards
1890	## Temps CPU (millisecondes)
28	64	183	125	15	70	10	161	19	25	165	126	84	56	129	196	36	45	185	102	76	163	77	144	170	199	176	21	147	111	48	157	143	180	103	50	172	137	12	117	110	105	156	53	152	107	168	23	89	112	78	188	40	75	47	113	127	11	120	81	26	61	177	118	2	39	108	35	187	37	62	91	54	178	200	13	41	73	155	181	151	9	60	99	44	101	82	92	171	67	162	87	148	169	96	149	69	158	135	68	93	182	142	159	6	141	83	34	49	38	90	30	189	14	130	65	193	104	136	46	119	138	94	184	115	66	8	22	20	32	146	109	86	55	52	63	194	116	1	114	150	139	160	131	17	16	140	164	175	133	7	4	29	121	128	51	79	42	80	27	179	166	186	192	124	59	100	167	195	153	197	88	43	134	95	58	18	173	5	97	74	57	98	154	145	106	31	190	174	123	191	85	33	122	72	3	198	132	24	71	## Ordonnancement
22	## Nombre de tournées
2	4	3	3	4	3	6	9	7	9	10	12	15	14	17	18	23	17	15	4	3	2	## Nombre de sites par tournée
64	28	## Tournée 1
125	15	70	183	## Tournée 2
10	19	161	## Tournée 3
126	25	165	## Tournée 4
84	196	129	56	## Tournée 5
36	45	185	## Tournée 6
102	163	170	77	144	76	## Tournée 7
199	176	180	111	147	143	157	21	48	## Tournée 8
117	50	137	103	12	172	110	## Tournée 9
23	152	107	168	105	112	156	53	89	## Tournée 10
47	78	75	188	81	11	40	120	127	113	## Tournée 11
37	39	118	62	108	61	177	35	187	26	2	91	## Tournée 12
101	151	73	13	178	44	200	181	99	60	82	54	9	155	41	## Tournée 13
92	87	135	149	69	162	169	93	67	148	158	171	68	96	## Tournée 14
141	104	189	130	159	90	14	30	49	65	34	6	38	193	182	83	142	## Tournée 15
8	119	86	138	32	20	94	66	52	184	63	115	55	146	46	22	109	136	## Tournée 16
51	42	79	80	140	16	128	4	1	7	114	29	139	17	121	116	131	150	133	164	175	160	194	## Tournée 17
88	167	179	27	186	95	153	195	197	58	59	43	124	134	166	192	100	## Tournée 18
98	31	18	191	190	154	97	57	173	145	106	5	174	74	123	## Tournée 19
122	72	33	85	## Tournée 20
132	198	3	## Tournée 21
24	71	## Tournée 22
