28291	## Somme des retards
1610	## Temps CPU (millisecondes)
13	37	48	5	67	79	47	38	14	65	69	99	78	57	33	63	61	46	50	31	44	87	56	80	27	49	17	20	41	76	64	9	55	73	96	51	100	11	88	66	21	54	28	23	10	74	45	43	19	81	15	32	92	22	71	26	3	4	30	52	1	89	90	72	58	35	84	34	6	12	59	24	75	62	7	36	85	25	8	40	53	2	86	29	18	68	98	97	95	42	77	83	93	70	16	39	94	60	82	91	## Ordonnancement
17	## Nombre de tournées
1	3	2	3	2	4	8	9	8	9	9	12	10	9	8	2	1	## Nombre de sites par tournée
13	## Tournée 1
37	5	48	## Tournée 2
67	79	## Tournée 3
47	38	14	## Tournée 4
65	69	## Tournée 5
99	57	78	33	## Tournée 6
56	87	50	61	31	63	44	46	## Tournée 7
27	17	20	49	76	9	41	64	80	## Tournée 8
96	88	11	55	51	73	66	100	## Tournée 9
21	28	74	43	10	23	54	19	45	## Tournée 10
15	81	4	3	32	71	22	26	92	## Tournée 11
89	58	1	52	84	12	35	34	30	90	6	72	## Tournée 12
36	85	62	25	75	59	40	8	24	7	## Tournée 13
95	97	53	18	86	68	98	2	29	## Tournée 14
16	39	70	83	42	94	93	77	## Tournée 15
60	82	## Tournée 16
91	## Tournée 17
