266466	## Somme des retards
1966	## Temps CPU (millisecondes)
178	67	200	272	293	33	227	190	30	31	228	181	69	292	165	295	97	164	45	230	243	37	209	158	223	133	277	50	285	16	123	129	249	73	288	72	92	251	284	191	204	241	183	10	126	107	173	47	6	100	17	83	82	8	38	282	80	213	85	136	120	252	176	110	19	153	219	198	189	245	275	170	235	205	119	138	24	186	210	270	142	84	116	248	149	246	70	54	3	177	105	225	247	297	232	113	155	197	1	65	52	96	102	32	57	163	159	168	63	269	262	162	172	62	104	48	196	161	90	28	294	160	114	103	108	2	242	187	27	14	125	146	132	35	43	106	78	13	131	211	179	127	79	66	236	240	75	231	171	289	29	141	278	195	258	273	88	61	9	60	203	180	221	174	93	254	40	194	77	112	296	95	276	259	157	23	217	15	59	44	280	130	144	216	74	26	21	253	150	214	199	134	212	145	151	283	281	139	256	53	229	218	279	55	201	226	154	299	265	81	264	167	202	193	11	71	185	56	22	239	182	20	68	115	152	220	51	18	267	4	290	89	137	215	101	121	128	111	140	300	34	58	287	99	291	156	87	12	7	169	257	147	98	255	238	25	271	268	109	184	175	207	135	124	234	261	286	263	206	222	224	42	5	76	117	39	298	192	46	122	250	266	36	41	91	244	260	237	274	143	166	94	49	64	118	86	148	188	233	208	## Ordonnancement
29	## Nombre de tournées
2	2	3	1	3	5	5	7	9	11	10	12	10	16	18	17	20	21	22	21	24	20	20	8	4	4	2	2	1	## Nombre de sites par tournée
67	178	## Tournée 1
200	272	## Tournée 2
293	227	33	## Tournée 3
190	## Tournée 4
228	30	31	## Tournée 5
295	69	292	165	181	## Tournée 6
230	97	243	45	164	## Tournée 7
209	50	223	277	37	133	158	## Tournée 8
73	123	92	288	249	16	129	72	285	## Tournée 9
173	251	241	284	183	191	10	107	204	126	47	## Tournée 10
100	82	17	282	80	38	83	8	6	213	## Tournée 11
189	176	120	245	136	252	110	19	198	153	219	85	## Tournée 12
275	235	24	186	205	138	270	119	210	170	## Tournée 13
246	105	70	225	84	248	54	116	3	297	232	142	113	247	177	149	## Tournée 14
65	155	63	168	159	163	262	162	102	52	172	32	57	1	269	62	197	96	## Tournée 15
104	161	114	103	125	28	160	196	242	48	187	14	108	2	27	294	90	## Tournée 16
43	66	79	179	106	127	146	236	289	231	132	131	171	78	29	240	13	75	211	35	## Tournée 17
141	203	93	221	195	60	273	77	180	258	194	296	61	112	88	40	254	9	95	174	278	## Tournée 18
59	217	259	44	216	21	74	23	253	150	145	26	144	134	157	199	214	280	276	130	212	15	## Tournée 19
202	283	139	264	167	299	281	201	193	229	226	81	265	53	218	256	55	279	154	151	11	## Tournée 20
22	140	101	182	20	220	51	4	137	239	152	68	18	111	56	185	128	121	267	89	115	71	215	290	## Tournée 21
109	291	98	147	25	58	238	271	300	268	169	99	287	7	156	255	87	257	34	12	## Tournée 22
76	184	192	298	224	286	261	117	46	124	234	207	42	222	206	135	175	263	39	5	## Tournée 23
122	41	250	36	91	244	260	266	## Tournée 24
166	274	143	237	## Tournée 25
49	94	118	64	## Tournée 26
86	148	## Tournée 27
188	233	## Tournée 28
208	## Tournée 29
