82712	## Somme des retards
765	## Temps CPU (millisecondes)
147	101	118	54	81	57	143	198	166	127	86	102	150	93	24	25	33	37	6	128	134	76	69	13	123	164	90	29	74	94	19	65	1	3	165	135	52	182	39	132	148	67	55	88	187	49	157	89	154	115	64	195	68	172	31	21	108	73	179	92	77	96	161	105	142	180	18	126	75	112	110	42	80	59	114	9	107	83	111	14	41	43	47	155	27	84	152	98	199	11	32	141	23	8	160	40	120	72	145	53	103	139	17	130	133	16	38	36	194	20	113	192	183	138	109	156	173	129	149	100	61	163	4	181	151	158	177	191	193	48	176	184	44	63	170	185	78	200	82	119	91	50	122	169	146	46	66	178	144	2	131	95	136	196	140	79	97	171	190	167	28	85	87	174	5	71	159	12	189	106	197	121	188	168	153	56	125	7	22	117	58	116	70	104	62	162	45	15	124	186	30	10	26	137	175	99	51	34	35	60	## Ordonnancement
24	## Nombre de tournées
2	3	3	3	6	7	6	10	8	12	12	14	14	12	18	17	14	18	10	4	3	2	1	1	## Nombre de sites par tournée
147	101	## Tournée 1
54	81	118	## Tournée 2
143	198	57	## Tournée 3
166	86	127	## Tournée 4
102	33	24	93	25	150	## Tournée 5
134	76	37	6	69	128	13	## Tournée 6
29	94	90	74	164	123	## Tournée 7
135	3	65	1	52	132	39	182	165	19	## Tournée 8
148	49	187	88	157	89	55	67	## Tournée 9
172	108	195	179	21	31	92	73	68	115	154	64	## Tournée 10
110	42	18	96	180	161	112	105	77	142	126	75	## Tournée 11
84	47	107	59	14	9	80	83	155	43	27	111	41	114	## Tournée 12
40	11	160	141	120	32	72	8	145	98	199	152	23	53	## Tournée 13
113	103	194	38	17	139	36	130	16	192	133	20	## Tournée 14
156	61	151	158	191	173	183	177	100	181	4	193	129	109	138	163	149	48	## Tournée 15
78	200	63	185	66	50	44	176	184	170	169	82	146	122	91	119	46	## Tournée 16
2	28	167	140	131	79	97	196	144	136	178	95	190	171	## Tournée 17
197	87	153	71	159	12	5	188	125	22	56	106	189	168	174	121	7	85	## Tournée 18
117	162	62	104	58	15	70	116	124	45	## Tournée 19
10	30	186	26	## Tournée 20
137	99	175	## Tournée 21
51	34	## Tournée 22
35	## Tournée 23
60	## Tournée 24
