222204	## Somme des retards
4294966492	## Temps CPU (millisecondes)
100	77	161	264	158	103	225	210	220	134	238	192	145	116	293	65	279	183	261	11	107	218	85	16	30	170	22	176	79	280	216	204	130	277	83	139	297	189	205	182	237	207	289	252	294	110	180	91	5	133	111	17	174	270	295	90	250	14	44	163	94	45	191	92	155	132	290	154	193	19	167	72	142	171	48	59	230	84	18	291	2	188	255	284	223	249	95	122	62	227	13	273	88	206	211	66	12	248	35	151	124	55	202	172	239	106	281	299	136	15	43	135	226	217	262	98	9	267	214	28	101	53	232	87	57	254	269	104	82	194	121	276	74	258	166	26	99	256	144	215	272	300	251	67	173	228	196	126	127	213	184	179	162	160	212	242	150	143	75	47	153	241	263	287	247	156	6	21	187	208	63	266	27	199	1	231	224	190	52	298	49	41	36	20	229	97	186	286	165	233	81	3	29	7	56	169	73	197	71	141	288	51	198	4	113	125	178	119	24	46	159	37	58	115	76	39	109	175	68	80	278	201	33	236	244	96	282	64	70	102	275	219	123	34	240	292	253	157	221	185	93	259	128	138	271	25	108	38	177	112	234	61	69	181	152	42	274	149	285	40	203	86	148	78	222	268	245	105	131	140	10	168	50	257	260	54	8	296	89	243	265	137	164	60	200	129	147	118	31	209	114	117	283	146	246	32	120	23	235	195	## Ordonnancement
28	## Nombre de tournées
1	1	1	2	3	5	4	2	6	10	9	9	11	10	13	16	15	14	19	22	20	23	22	20	17	14	7	4	## Nombre de sites par tournée
100	## Tournée 1
77	## Tournée 2
161	## Tournée 3
264	158	## Tournée 4
225	210	103	## Tournée 5
192	238	145	134	220	## Tournée 6
293	116	65	279	## Tournée 7
261	183	## Tournée 8
30	218	16	11	107	85	## Tournée 9
22	130	83	170	216	277	79	204	280	176	## Tournée 10
289	252	207	237	297	189	182	205	139	## Tournée 11
174	91	110	294	17	5	133	111	180	## Tournée 12
163	14	191	270	44	94	90	295	92	250	45	## Tournée 13
72	132	142	154	167	171	19	193	290	155	## Tournée 14
291	2	18	223	95	255	230	48	284	59	249	188	84	## Tournée 15
227	202	12	13	151	124	206	273	122	211	248	35	88	66	62	55	## Tournée 16
9	299	172	106	135	226	239	262	281	217	15	98	267	43	136	## Tournée 17
121	53	254	82	87	232	28	194	104	269	101	276	214	57	## Tournée 18
99	256	26	215	126	184	127	173	144	258	74	166	67	213	228	196	272	300	251	## Tournée 19
6	143	75	187	263	153	150	266	241	242	63	160	47	287	247	179	162	156	21	27	208	212	## Tournée 20
199	286	36	233	298	190	165	97	231	1	29	41	49	81	224	20	229	52	3	186	## Tournée 21
39	37	198	4	119	56	141	197	159	7	24	71	115	125	288	51	46	73	76	178	169	58	113	## Tournée 22
253	278	175	33	70	123	201	64	96	244	240	109	275	219	102	282	80	292	68	157	236	34	## Tournée 23
149	25	259	274	108	181	128	271	112	152	69	185	234	93	61	177	42	221	38	138	## Tournée 24
222	78	257	260	40	86	245	148	268	105	131	50	168	10	140	203	285	## Tournée 25
54	89	129	147	243	60	137	296	8	200	118	31	265	164	## Tournée 26
283	114	209	146	32	246	117	## Tournée 27
120	195	235	23	## Tournée 28
