389624	## Somme des retards
1145	## Temps CPU (millisecondes)
62	91	178	198	80	43	55	226	177	263	272	97	134	258	156	11	239	208	234	121	4	267	63	119	172	46	47	35	106	32	155	280	297	271	150	231	296	90	207	6	27	20	252	67	26	293	269	294	222	276	277	220	39	33	265	217	114	278	281	203	14	76	31	246	79	193	241	189	167	77	65	266	160	162	242	86	53	130	181	12	51	3	15	145	298	279	7	285	102	274	268	184	71	108	185	149	49	103	212	196	209	137	50	78	143	300	98	9	299	44	66	112	21	153	124	133	131	159	54	126	57	125	164	85	96	257	191	232	206	61	199	192	248	72	259	25	144	75	118	213	221	94	187	169	224	275	58	288	236	229	295	141	5	283	176	109	214	251	88	182	73	1	158	74	92	204	22	17	249	250	168	165	202	107	197	113	70	69	19	175	244	142	205	120	101	34	132	95	68	116	215	115	166	128	186	105	170	123	146	284	140	111	235	157	122	48	223	225	40	163	152	8	256	100	261	84	154	42	83	104	240	238	148	59	24	2	292	243	36	82	228	218	60	93	262	188	52	260	286	219	200	289	147	38	81	45	264	129	273	139	180	227	127	255	216	30	230	161	183	194	87	23	117	270	64	37	195	254	291	237	138	174	179	287	89	233	247	28	29	136	245	56	16	253	13	282	151	18	173	190	99	201	135	290	41	171	10	110	210	211	## Ordonnancement
30	## Nombre de tournées
2	3	2	2	2	2	4	4	4	5	8	10	6	12	14	16	16	19	18	19	19	24	26	25	19	10	5	2	1	1	## Nombre de sites par tournée
91	62	## Tournée 1
198	80	178	## Tournée 2
43	55	## Tournée 3
226	177	## Tournée 4
272	263	## Tournée 5
97	134	## Tournée 6
258	156	11	239	## Tournée 7
121	208	234	4	## Tournée 8
63	267	119	172	## Tournée 9
47	32	35	106	46	## Tournée 10
297	231	155	271	90	280	296	150	## Tournée 11
207	269	252	6	26	67	294	20	27	293	## Tournée 12
220	277	39	222	276	33	## Tournée 13
14	193	114	281	265	278	31	79	76	217	203	246	## Tournée 14
53	86	181	130	77	189	266	162	241	12	242	160	65	167	## Tournée 15
3	298	274	285	184	268	145	279	15	102	51	185	7	149	71	108	## Tournée 16
9	299	196	209	78	112	300	49	50	143	66	44	98	137	212	103	## Tournée 17
21	61	57	85	96	125	206	232	54	191	133	126	131	199	257	124	153	159	164	## Tournée 18
192	288	169	275	259	187	75	58	72	144	236	118	213	221	25	224	248	94	## Tournée 19
295	176	73	204	109	251	229	158	1	74	141	182	5	22	214	88	283	92	17	## Tournée 20
142	34	69	120	101	113	165	205	168	202	70	175	250	107	132	249	19	197	244	## Tournée 21
170	40	284	115	225	111	157	105	163	68	122	116	166	128	146	223	186	123	95	215	152	235	140	48	## Tournée 22
93	100	59	240	188	256	238	154	42	104	2	60	218	148	261	292	262	84	243	52	228	83	82	36	8	24	## Tournée 23
30	161	227	87	194	200	23	255	183	38	289	286	219	273	45	129	127	260	139	264	230	147	180	216	81	## Tournée 24
195	247	233	291	237	117	138	254	29	136	64	28	179	270	174	89	37	245	287	## Tournée 25
18	56	151	190	13	253	99	173	16	282	## Tournée 26
201	171	290	41	135	## Tournée 27
110	10	## Tournée 28
210	## Tournée 29
211	## Tournée 30
