110368	## Somme des retards
1515	## Temps CPU (millisecondes)
251	149	201	243	269	5	111	129	266	293	184	152	290	54	250	4	235	97	100	93	62	94	183	172	16	28	225	255	196	120	277	116	188	194	267	244	103	185	119	110	252	187	242	77	75	150	191	215	257	295	198	73	258	271	283	98	292	135	272	130	134	123	220	264	249	268	275	234	92	229	102	238	261	132	67	82	10	118	273	199	300	44	43	155	11	31	224	8	20	49	173	233	232	286	151	36	192	105	57	167	193	13	141	7	226	168	47	165	222	51	247	46	254	95	106	157	114	108	131	144	6	210	101	265	203	296	12	9	202	52	161	128	189	288	227	68	109	64	76	74	297	17	72	209	159	274	89	284	39	223	230	276	19	180	179	133	81	71	218	90	86	147	182	56	169	181	136	248	245	219	289	3	279	117	21	166	212	38	156	70	145	171	35	66	53	91	61	154	115	281	104	99	41	287	78	48	158	164	278	22	294	262	50	29	138	285	139	55	174	15	253	160	205	221	25	45	127	237	30	63	140	208	107	112	204	239	26	32	259	83	58	190	85	175	24	121	206	18	241	207	124	162	34	299	217	186	195	170	1	96	270	79	80	113	65	14	246	214	27	178	216	163	137	122	125	282	197	177	69	176	213	142	260	263	88	280	211	143	33	126	146	40	236	37	291	228	298	240	200	59	60	84	153	42	256	23	87	231	148	2	## Ordonnancement
27	## Nombre de tournées
1	1	3	2	4	5	6	6	9	9	12	12	15	18	19	21	18	23	27	22	17	16	12	11	6	3	2	## Nombre de sites par tournée
251	## Tournée 1
149	## Tournée 2
269	201	243	## Tournée 3
111	5	## Tournée 4
129	266	293	184	## Tournée 5
250	290	152	54	4	## Tournée 6
62	235	97	94	100	93	## Tournée 7
225	16	255	28	172	183	## Tournée 8
120	267	196	103	277	244	116	188	194	## Tournée 9
119	75	185	187	242	110	252	77	150	## Tournée 10
295	73	257	198	215	271	292	135	283	258	98	191	## Tournée 11
130	264	272	92	123	220	234	134	229	275	249	268	## Tournée 12
155	67	43	11	82	10	261	300	238	102	132	273	44	118	199	## Tournée 13
36	141	167	105	224	233	49	13	57	151	20	232	193	31	173	192	8	286	## Tournée 14
168	47	247	6	46	226	254	108	157	7	165	210	106	222	114	51	144	95	131	## Tournée 15
189	161	68	74	296	17	101	128	265	9	202	203	72	227	52	288	64	12	76	297	109	## Tournée 16
218	81	223	179	90	133	209	230	71	276	39	159	180	89	274	86	19	284	## Tournée 17
35	171	147	38	136	279	70	169	182	3	212	21	117	248	56	289	145	66	156	181	166	219	245	## Tournée 18
262	139	53	281	154	78	253	287	158	91	48	278	29	138	115	61	285	15	55	104	50	294	41	99	22	174	164	## Tournée 19
160	85	259	107	239	112	63	25	83	190	208	32	45	26	127	204	58	221	140	205	237	30	## Tournée 20
170	206	162	96	24	34	124	18	207	299	241	217	1	195	121	186	175	## Tournée 21
270	79	113	65	80	163	125	27	214	216	14	246	282	178	137	122	## Tournée 22
197	280	211	177	213	143	88	260	263	176	69	142	## Tournée 23
200	228	240	146	33	126	40	298	37	236	291	## Tournée 24
153	84	42	256	60	59	## Tournée 25
23	87	231	## Tournée 26
148	2	## Tournée 27
