46360	## Somme des retards
4294965857	## Temps CPU (millisecondes)
3	36	150	119	135	28	22	145	181	42	157	5	172	148	32	124	131	160	117	186	61	103	98	68	65	178	1	24	167	37	175	76	129	138	39	79	58	67	136	152	16	106	8	33	128	45	154	21	13	19	78	197	20	104	50	99	94	192	86	158	80	84	43	57	121	142	107	49	114	196	179	182	187	166	109	162	125	46	64	199	141	60	14	176	74	139	190	101	69	163	38	97	96	189	155	118	132	116	95	191	15	137	108	52	174	185	70	18	62	92	77	75	111	23	171	10	164	48	11	91	26	173	44	115	188	55	31	153	122	2	156	73	105	54	168	134	194	110	53	146	177	169	30	133	87	198	140	123	82	17	170	35	51	41	126	88	127	63	27	93	165	193	29	200	40	66	100	180	12	184	7	144	4	159	195	89	6	147	102	71	83	120	56	85	143	90	72	130	34	183	59	161	112	149	113	25	81	9	47	151	## Ordonnancement
21	## Nombre de tournées
1	1	4	2	3	6	7	9	11	9	14	13	17	17	21	18	17	16	8	4	2	## Nombre de sites par tournée
3	## Tournée 1
36	## Tournée 2
135	150	28	119	## Tournée 3
145	22	## Tournée 4
157	42	181	## Tournée 5
131	5	32	172	148	124	## Tournée 6
68	117	186	98	160	103	61	## Tournée 7
65	76	167	24	178	129	37	175	1	## Tournée 8
16	79	58	106	152	138	39	8	67	33	136	## Tournée 9
128	154	45	197	19	78	20	13	21	## Tournée 10
107	104	121	158	80	94	86	99	142	43	50	84	57	192	## Tournée 11
46	109	187	162	114	196	125	182	49	166	64	179	199	## Tournée 12
141	189	139	190	97	118	38	155	132	14	176	163	74	96	101	69	60	## Tournée 13
18	70	116	95	137	108	92	62	111	52	191	77	174	23	75	185	15	## Tournée 14
2	156	44	11	105	31	115	168	122	153	173	55	188	10	26	48	91	171	54	164	73	## Tournée 15
123	53	146	140	169	30	177	51	170	198	133	87	110	134	82	35	17	194	## Tournée 16
200	93	41	184	193	27	66	165	12	126	127	29	63	100	88	180	40	## Tournée 17
143	147	159	71	6	195	144	90	83	102	85	4	7	89	56	120	## Tournée 18
112	161	72	34	183	59	130	149	## Tournée 19
25	113	9	81	## Tournée 20
151	47	## Tournée 21
