164915	## Somme des retards
1205	## Temps CPU (millisecondes)
113	142	278	236	95	186	281	97	170	110	83	118	3	283	293	59	163	198	30	217	78	224	13	119	49	53	24	2	93	288	84	254	15	299	66	151	147	155	240	256	252	192	43	215	112	133	226	165	277	45	89	152	159	211	287	298	296	143	106	117	137	72	266	184	99	41	19	214	194	221	190	114	61	270	237	156	261	57	70	203	17	282	259	36	91	37	238	102	178	62	223	94	264	40	276	230	177	33	48	248	104	28	208	144	23	233	136	145	92	207	73	219	108	279	191	284	286	5	262	250	275	80	9	265	222	38	25	60	295	227	172	111	232	64	258	269	267	150	146	134	131	244	74	126	127	169	138	149	220	212	11	20	130	249	245	188	105	21	46	168	77	44	124	167	76	12	22	58	182	292	39	195	123	82	216	54	242	291	206	255	63	290	180	193	153	32	103	251	285	8	289	86	201	154	71	75	199	280	187	26	34	52	181	27	29	69	4	65	179	115	79	231	42	175	247	81	7	135	14	139	50	246	160	272	235	162	120	96	243	225	87	210	67	271	218	161	196	122	140	47	109	6	141	171	10	241	164	174	125	229	85	116	213	98	185	35	90	268	55	100	157	101	129	128	202	200	239	56	158	166	1	183	297	260	205	51	209	18	88	257	274	300	148	263	68	121	273	189	204	107	132	197	16	234	228	176	31	253	173	294	## Ordonnancement
26	## Nombre de tournées
2	2	3	5	6	10	9	10	9	11	10	12	17	20	17	18	20	23	23	25	22	13	6	3	2	2	## Nombre de sites par tournée
113	142	## Tournée 1
278	236	## Tournée 2
186	281	95	## Tournée 3
170	110	83	118	97	## Tournée 4
163	283	3	293	198	59	## Tournée 5
119	49	217	30	78	224	13	53	2	24	## Tournée 6
84	254	93	147	151	66	299	288	15	## Tournée 7
226	155	252	215	133	256	43	240	192	112	## Tournée 8
89	211	45	152	165	277	298	287	159	## Tournée 9
266	99	117	184	72	41	106	19	137	143	296	## Tournée 10
237	114	270	194	61	214	190	156	261	221	## Tournée 11
238	57	91	17	37	102	282	178	36	70	259	203	## Tournée 12
28	48	248	40	33	144	208	223	104	230	264	23	233	94	177	62	276	## Tournée 13
279	191	80	222	145	73	219	108	275	286	265	250	136	92	262	38	9	284	207	5	## Tournée 14
111	74	232	258	150	269	146	131	267	295	172	64	60	25	227	244	134	## Tournée 15
212	188	11	77	20	138	105	149	126	168	169	130	245	249	220	21	127	46	## Tournée 16
22	124	255	39	292	82	63	12	58	216	182	291	76	206	195	44	54	242	123	167	## Tournée 17
86	153	199	71	32	193	201	52	103	280	251	290	181	27	8	187	285	75	26	34	289	180	154	## Tournée 18
65	14	247	29	81	160	231	135	235	246	175	139	4	272	179	69	162	115	79	120	50	7	42	## Tournée 19
225	218	6	171	243	109	116	271	241	140	229	47	125	96	161	174	85	210	10	164	67	87	122	196	141	## Tournée 20
268	185	128	98	56	129	200	157	260	202	297	100	213	55	35	90	158	183	101	166	239	1	## Tournée 21
209	121	300	263	51	274	148	88	205	18	257	68	273	## Tournée 22
204	107	197	132	189	16	## Tournée 23
234	176	228	## Tournée 24
31	253	## Tournée 25
294	173	## Tournée 26
