55532	## Somme des retards
880	## Temps CPU (millisecondes)
63	53	56	1	61	23	98	80	68	39	37	91	74	78	18	70	29	93	64	75	17	48	45	27	66	13	90	46	31	32	100	60	94	83	49	2	89	99	19	77	38	41	54	71	35	20	73	79	14	26	9	86	76	30	69	7	4	65	8	12	42	28	82	55	22	67	88	62	95	40	24	96	81	43	44	34	6	57	15	3	52	50	85	5	72	92	84	33	36	59	87	16	58	25	11	97	51	21	47	10	## Ordonnancement
14	## Nombre de tournées
1	2	3	6	5	6	10	10	10	9	10	14	10	4	## Nombre de sites par tournée
63	## Tournée 1
56	53	## Tournée 2
1	23	61	## Tournée 3
39	37	68	98	80	91	## Tournée 4
78	18	70	74	29	## Tournée 5
48	93	17	64	75	45	## Tournée 6
32	60	66	31	94	90	100	27	13	46	## Tournée 7
83	54	77	19	41	49	89	38	2	99	## Tournée 8
86	73	76	9	71	20	35	26	79	14	## Tournée 9
4	42	12	7	69	8	28	30	65	## Tournée 10
24	95	22	62	82	40	55	67	96	88	## Tournée 11
44	43	81	52	57	85	34	50	6	15	72	5	3	92	## Tournée 12
11	84	87	97	33	16	58	36	59	25	## Tournée 13
51	21	10	47	## Tournée 14
