23130	## Somme des retards
155	## Temps CPU (millisecondes)
115	5	52	76	138	16	48	79	132	32	147	142	105	82	143	20	78	21	118	29	150	70	10	85	13	58	69	3	101	4	107	86	54	43	26	129	22	30	77	111	53	56	65	34	55	139	126	117	38	33	83	125	44	39	27	62	97	89	19	93	114	37	66	42	110	72	87	95	49	145	128	144	28	104	121	102	8	130	24	103	100	149	36	75	45	96	98	6	119	31	140	11	133	127	137	35	81	17	88	113	40	109	123	148	134	94	106	57	131	120	47	112	146	60	122	59	64	67	63	74	116	12	68	2	84	51	71	18	91	46	124	23	141	136	108	90	1	7	41	14	25	9	99	80	50	92	135	15	61	73	## Ordonnancement
19	## Nombre de tournées
1	2	2	3	4	5	6	6	8	13	15	14	16	15	14	13	7	4	2	## Nombre de sites par tournée
115	## Tournée 1
52	5	## Tournée 2
76	138	## Tournée 3
16	79	48	## Tournée 4
142	147	132	32	## Tournée 5
82	20	105	143	78	## Tournée 6
29	70	118	10	21	150	## Tournée 7
85	13	3	58	101	69	## Tournée 8
22	43	107	26	86	54	129	4	## Tournée 9
38	55	56	139	65	34	126	33	117	30	111	77	53	## Tournée 10
125	19	83	42	97	27	110	93	37	114	44	39	89	66	62	## Tournée 11
95	144	130	72	28	104	121	24	145	49	128	102	8	87	## Tournée 12
137	127	103	75	45	140	149	119	11	98	6	100	31	133	96	36	## Tournée 13
81	120	35	123	94	40	88	134	106	109	131	148	57	17	113	## Tournée 14
67	64	47	60	112	146	12	59	74	116	2	68	63	122	## Tournée 15
136	18	46	51	23	141	84	90	124	108	1	71	91	## Tournée 16
41	7	9	80	14	99	25	## Tournée 17
15	135	50	92	## Tournée 18
73	61	## Tournée 19
