104506	## Somme des retards
860	## Temps CPU (millisecondes)
77	33	113	153	18	86	146	178	170	136	196	135	101	88	80	217	131	61	45	190	211	58	107	85	23	66	9	145	29	4	15	46	114	60	89	20	6	44	137	53	218	41	176	191	156	134	38	115	25	220	249	155	222	132	231	64	243	148	195	247	67	181	22	10	183	168	159	2	32	241	37	238	55	201	126	91	180	59	118	92	130	164	74	210	141	158	72	36	24	229	99	169	204	234	226	200	62	111	95	206	237	172	215	19	108	248	106	160	193	94	35	167	230	73	225	76	17	75	112	39	69	250	71	56	63	125	122	119	140	120	150	139	121	87	110	227	216	26	197	14	97	144	149	100	123	142	163	11	28	90	228	194	104	177	49	98	143	52	179	78	105	239	54	57	81	117	1	7	51	166	175	116	212	221	50	182	184	8	3	96	198	65	31	192	42	151	128	240	205	103	133	161	242	236	124	186	208	68	84	48	83	12	199	13	27	79	235	246	138	47	188	202	245	16	93	185	102	232	223	165	162	21	224	171	70	174	173	154	233	207	189	30	82	109	203	214	157	147	5	213	43	219	209	40	152	187	244	127	129	34	## Ordonnancement
27	## Nombre de tournées
1	1	1	2	3	4	5	4	5	4	8	9	10	14	16	18	20	19	20	22	22	18	12	5	4	2	1	## Nombre de sites par tournée
77	## Tournée 1
33	## Tournée 2
113	## Tournée 3
153	18	## Tournée 4
146	86	178	## Tournée 5
136	135	170	196	## Tournée 6
217	88	101	80	131	## Tournée 7
61	45	211	190	## Tournée 8
66	58	23	107	85	## Tournée 9
9	29	4	145	## Tournée 10
44	20	6	89	15	46	60	114	## Tournée 11
53	218	191	134	38	137	41	176	156	## Tournée 12
155	25	231	64	220	115	132	222	249	243	## Tournée 13
10	195	67	159	148	241	32	181	183	37	168	22	247	2	## Tournée 14
201	74	141	118	158	238	55	91	210	164	92	126	180	59	130	72	## Tournée 15
215	172	200	226	237	24	229	234	111	62	19	206	99	108	204	169	36	95	## Tournée 16
225	106	63	56	17	75	69	71	167	193	160	39	248	112	35	230	76	250	94	73	## Tournée 17
122	216	97	125	121	100	119	197	87	120	144	14	140	150	26	139	149	110	227	## Tournée 18
228	123	105	163	54	90	142	52	11	57	143	104	78	179	49	28	98	177	239	194	## Tournée 19
81	117	65	50	184	42	96	1	31	182	116	151	175	166	212	51	192	7	221	198	3	8	## Tournée 20
161	128	48	27	13	208	235	133	79	199	240	103	12	236	68	124	84	83	242	186	205	246	## Tournée 21
185	188	93	224	245	70	138	162	16	232	21	47	171	174	165	102	223	202	## Tournée 22
109	30	157	147	233	154	173	214	189	82	207	203	## Tournée 23
209	5	213	219	43	## Tournée 24
152	244	40	187	## Tournée 25
129	127	## Tournée 26
34	## Tournée 27
