49111	## Somme des retards
4294965542	## Temps CPU (millisecondes)
205	37	213	29	129	53	160	50	212	207	71	228	79	88	140	128	102	124	134	196	204	171	226	76	11	47	151	146	172	101	223	200	173	38	43	30	81	132	169	98	206	94	68	158	13	166	126	231	147	161	49	125	229	162	42	216	152	210	238	175	119	164	176	149	153	107	103	16	35	227	104	72	235	27	135	48	121	143	7	19	55	159	34	40	89	199	73	51	209	215	75	54	6	133	2	232	179	74	211	156	14	225	246	122	243	163	203	190	198	36	155	57	178	67	64	117	62	25	41	83	193	97	245	111	118	33	183	65	248	142	77	23	197	93	21	145	189	154	1	84	99	95	31	137	12	4	181	233	234	18	116	237	78	61	112	217	150	70	230	138	239	131	100	208	96	63	170	115	236	250	66	201	224	240	39	249	56	108	127	92	80	91	86	113	130	44	22	191	59	46	165	241	120	60	247	219	214	180	17	85	168	26	174	141	144	188	192	139	24	52	218	69	195	109	32	110	148	58	20	244	8	242	136	106	9	3	5	202	15	186	220	182	82	184	45	222	10	105	28	221	194	157	187	123	185	114	90	167	177	87	## Ordonnancement
22	## Nombre de tournées
2	3	4	6	6	7	10	10	14	13	14	17	16	18	19	21	21	21	16	5	5	2	## Nombre de sites par tournée
205	37	## Tournée 1
129	213	29	## Tournée 2
50	53	160	212	## Tournée 3
140	79	207	88	228	71	## Tournée 4
134	102	128	196	204	124	## Tournée 5
226	151	146	76	171	11	47	## Tournée 6
43	173	30	38	172	101	200	81	132	223	## Tournée 7
98	68	126	158	231	169	206	166	94	13	## Tournée 8
119	162	238	147	164	152	49	229	125	42	175	210	216	161	## Tournée 9
107	227	149	72	176	103	153	27	35	104	235	135	16	## Tournée 10
209	143	55	51	199	34	7	19	121	89	48	40	159	73	## Tournée 11
215	2	133	6	14	246	243	74	54	156	179	232	211	75	225	122	163	## Tournée 12
155	41	57	190	64	67	117	97	25	62	178	203	36	198	83	193	## Tournée 13
21	65	93	248	197	1	118	142	23	33	77	183	245	84	145	189	111	154	## Tournée 14
70	18	78	61	12	4	150	233	217	230	237	31	234	99	112	116	181	95	137	## Tournée 15
115	201	208	131	236	96	100	92	249	127	240	138	63	39	170	56	250	108	239	66	224	## Tournée 16
60	241	46	80	214	91	191	130	44	180	168	247	86	113	219	85	59	120	165	22	17	## Tournée 17
58	139	69	8	192	141	188	109	144	24	110	26	52	244	218	20	242	148	195	32	174	## Tournée 18
9	15	82	184	106	3	182	202	105	186	222	220	10	136	5	45	## Tournée 19
157	28	221	194	187	## Tournée 20
123	185	90	114	167	## Tournée 21
177	87	## Tournée 22
