13704	## Somme des retards
1640	## Temps CPU (millisecondes)
27	1	44	57	2	73	32	99	51	30	50	43	9	58	92	12	18	52	93	15	60	72	94	77	29	41	64	54	56	17	21	69	3	33	23	13	79	22	47	84	14	24	68	53	89	82	86	38	96	66	39	100	35	65	98	62	5	70	11	61	16	90	8	48	19	75	40	34	80	95	74	6	97	76	81	28	83	55	49	59	78	91	88	37	20	87	42	36	25	71	63	85	46	67	7	26	45	31	4	10	## Ordonnancement
17	## Nombre de tournées
3	4	3	6	6	7	10	11	12	10	8	7	4	3	3	2	1	## Nombre de sites par tournée
27	1	44	## Tournée 1
2	73	32	57	## Tournée 2
51	30	99	## Tournée 3
43	9	92	50	58	12	## Tournée 4
15	60	72	93	52	18	## Tournée 5
41	64	94	77	54	29	56	## Tournée 6
21	3	47	23	33	22	17	79	69	13	## Tournée 7
24	86	14	89	66	96	82	53	68	38	84	## Tournée 8
16	70	11	61	100	65	62	35	5	98	90	39	## Tournée 9
34	74	48	75	80	8	6	95	40	19	## Tournée 10
76	83	81	97	28	49	55	59	## Tournée 11
42	20	91	78	37	87	88	## Tournée 12
25	71	36	63	## Tournée 13
85	67	46	## Tournée 14
7	26	45	## Tournée 15
4	31	## Tournée 16
10	## Tournée 17
