24501	## Somme des retards
1990	## Temps CPU (millisecondes)
20	78	76	72	28	88	49	89	31	55	24	46	81	10	82	40	56	47	35	73	27	41	43	75	9	33	99	64	52	92	86	95	15	58	54	100	3	1	5	91	42	61	83	19	67	22	17	2	66	80	90	79	57	62	87	60	18	53	74	44	93	16	94	8	45	69	77	51	4	13	68	29	63	71	32	48	14	39	21	6	97	26	65	36	23	96	50	11	85	84	12	70	34	37	7	30	38	59	98	25	## Ordonnancement
18	## Nombre de tournées
2	3	3	3	5	6	5	7	9	8	12	11	9	7	4	3	2	1	## Nombre de sites par tournée
20	78	## Tournée 1
72	28	76	## Tournée 2
49	88	89	## Tournée 3
31	55	24	## Tournée 4
10	46	40	81	82	## Tournée 5
35	73	27	41	56	47	## Tournée 6
99	9	33	75	43	## Tournée 7
64	92	52	15	95	86	58	## Tournée 8
83	61	100	54	91	5	42	3	1	## Tournée 9
19	67	90	2	66	17	80	22	## Tournée 10
79	18	16	74	57	62	60	93	87	94	53	44	## Tournée 11
77	51	8	45	13	71	68	29	69	63	4	## Tournée 12
32	48	26	6	65	21	39	97	14	## Tournée 13
85	96	36	11	23	50	84	## Tournée 14
34	70	12	37	## Tournée 15
7	30	38	## Tournée 16
98	59	## Tournée 17
25	## Tournée 18
