36745	## Somme des retards
495	## Temps CPU (millisecondes)
149	144	16	2	87	138	99	50	88	116	51	102	38	111	115	10	31	17	107	40	20	60	5	130	9	108	132	123	148	84	105	32	127	70	106	45	29	25	93	53	6	82	134	131	22	48	73	112	36	44	1	140	125	121	72	33	103	14	142	139	43	117	55	15	11	119	143	133	34	3	78	83	136	35	26	150	104	46	90	92	63	13	122	135	145	4	126	7	100	12	65	58	95	81	110	114	76	128	75	41	54	85	79	71	28	57	124	49	27	30	59	137	146	101	118	42	141	69	97	61	129	86	8	18	56	19	67	98	120	64	52	109	91	37	113	62	96	89	39	94	23	47	74	147	21	68	80	24	66	77	## Ordonnancement
19	## Nombre de tournées
1	2	3	2	4	4	6	7	8	11	12	15	16	15	16	13	10	4	1	## Nombre de sites par tournée
149	## Tournée 1
144	16	## Tournée 2
87	138	2	## Tournée 3
99	50	## Tournée 4
88	51	102	116	## Tournée 5
115	10	38	111	## Tournée 6
107	31	20	60	40	17	## Tournée 7
123	148	9	5	132	108	130	## Tournée 8
29	45	106	84	32	70	105	127	## Tournée 9
53	73	48	134	82	25	131	6	93	112	22	## Tournée 10
14	121	125	139	33	72	140	142	44	103	36	1	## Tournée 11
26	133	55	11	136	35	119	78	83	143	15	117	34	43	3	## Tournée 12
92	100	150	63	90	65	126	145	4	122	7	13	46	12	135	104	## Tournée 13
114	57	75	81	128	54	76	79	58	85	95	71	110	28	41	## Tournée 14
86	42	49	137	97	30	129	118	124	61	59	101	146	69	141	27	## Tournée 15
52	67	56	19	113	120	109	8	18	91	64	98	37	## Tournée 16
94	23	74	147	89	21	62	47	96	39	## Tournée 17
68	80	24	66	## Tournée 18
77	## Tournée 19
