16153	## Somme des retards
1770	## Temps CPU (millisecondes)
54	73	7	148	131	4	77	137	46	138	39	136	29	90	55	72	88	17	121	37	52	94	105	103	92	66	112	119	1	147	133	41	64	113	9	110	6	144	120	102	76	83	57	84	81	142	134	28	69	33	58	91	67	143	93	129	49	80	115	104	149	106	124	125	111	145	31	48	5	26	30	75	10	63	32	13	86	3	56	16	98	62	14	22	20	89	70	123	126	43	100	65	140	71	114	11	130	60	15	117	139	19	42	116	135	109	97	36	79	74	87	45	2	21	68	27	34	50	53	118	18	59	127	128	107	51	24	23	150	101	8	38	96	99	122	61	132	82	44	78	108	12	47	40	85	146	141	25	35	95	## Ordonnancement
20	## Nombre de tournées
3	3	5	8	4	5	6	10	13	12	13	16	10	10	8	10	6	5	2	1	## Nombre de sites par tournée
73	7	54	## Tournée 1
148	4	131	## Tournée 2
39	46	137	138	77	## Tournée 3
17	88	72	121	55	136	90	29	## Tournée 4
37	52	94	105	## Tournée 5
66	103	119	112	92	## Tournée 6
147	41	133	64	113	1	## Tournée 7
144	102	120	9	84	76	83	110	6	57	## Tournée 8
143	142	28	67	81	33	93	69	129	134	91	49	58	## Tournée 9
115	5	48	125	31	111	106	80	149	104	124	145	## Tournée 10
13	75	56	16	98	86	30	32	10	3	63	26	62	## Tournée 11
71	89	123	130	65	43	140	14	60	126	100	70	11	114	22	20	## Tournée 12
15	42	36	117	135	19	116	109	97	139	## Tournée 13
27	68	79	45	21	87	74	34	50	2	## Tournée 14
51	107	127	18	118	53	128	59	## Tournée 15
101	38	150	122	8	23	96	24	61	99	## Tournée 16
108	78	12	44	82	132	## Tournée 17
146	47	141	85	40	## Tournée 18
35	25	## Tournée 19
95	## Tournée 20
