134195	## Somme des retards
4294965177	## Temps CPU (millisecondes)
94	187	141	43	116	87	59	152	157	171	78	172	139	53	183	114	93	199	144	15	5	182	200	84	95	6	176	92	148	118	35	81	146	14	123	105	126	76	162	51	32	198	167	52	8	62	34	185	193	68	134	137	45	64	158	166	113	26	46	7	145	189	132	102	161	109	181	1	63	48	173	140	133	80	121	66	106	16	155	170	142	96	111	31	177	147	184	38	192	74	100	143	3	83	17	89	129	11	131	77	61	72	23	119	169	49	125	91	164	190	30	56	186	97	24	28	42	29	12	128	50	27	99	195	86	153	79	19	107	175	196	136	110	70	73	101	179	117	33	108	58	163	21	138	82	69	168	151	159	197	191	20	135	41	44	36	37	160	165	39	57	88	90	60	130	180	13	115	122	67	10	104	71	120	18	85	178	55	65	98	22	124	54	188	112	149	25	9	127	154	75	4	156	194	174	47	103	2	40	150	## Ordonnancement
23	## Nombre de tournées
2	4	1	1	5	5	5	5	8	8	12	14	14	14	17	19	20	18	14	7	4	2	1	## Nombre de sites par tournée
187	94	## Tournée 1
116	87	141	43	## Tournée 2
59	## Tournée 3
152	## Tournée 4
78	171	157	139	172	## Tournée 5
93	183	114	53	199	## Tournée 6
200	144	182	5	15	## Tournée 7
176	95	84	92	6	## Tournée 8
81	118	105	14	146	123	35	148	## Tournée 9
162	198	126	51	52	167	76	32	## Tournée 10
8	134	193	166	34	64	158	45	185	137	68	62	## Tournée 11
102	46	109	145	48	132	7	161	26	189	1	113	63	181	## Tournée 12
170	173	16	31	66	140	106	96	133	80	155	111	121	142	## Tournée 13
100	177	147	129	17	38	192	74	143	11	3	184	83	89	## Tournée 14
169	125	30	97	61	186	119	131	77	91	164	24	56	72	23	49	190	## Tournée 15
19	136	175	99	12	29	153	195	50	42	196	107	128	79	86	110	28	27	70	## Tournée 16
163	41	69	20	135	197	101	159	58	117	73	179	191	151	33	138	21	108	168	82	## Tournée 17
104	67	130	57	165	160	90	115	37	88	10	13	122	39	180	44	36	60	## Tournée 18
85	65	124	112	98	178	22	18	71	55	54	120	149	188	## Tournée 19
156	25	127	9	4	75	154	## Tournée 20
174	194	103	47	## Tournée 21
40	2	## Tournée 22
150	## Tournée 23
