81698	## Somme des retards
110	## Temps CPU (millisecondes)
141	131	24	220	94	69	238	10	164	176	127	144	115	53	159	52	68	145	30	42	93	31	134	84	108	245	39	4	3	161	149	85	61	158	239	189	103	152	123	60	177	27	206	23	179	217	147	200	50	183	82	208	235	169	17	48	224	148	210	213	218	219	246	11	124	6	156	191	214	216	229	49	37	198	125	83	211	72	55	110	196	56	1	150	126	67	241	100	121	168	87	221	204	250	101	143	63	86	139	130	202	187	120	5	96	76	25	51	46	215	172	247	199	181	248	57	178	77	65	28	133	119	205	165	232	142	237	89	166	138	35	47	222	186	26	170	44	227	188	88	173	62	43	104	22	184	226	203	64	116	14	242	92	12	21	223	71	154	73	38	54	207	163	240	45	153	15	33	40	137	193	136	79	225	185	114	228	231	29	91	192	111	117	8	109	112	98	113	171	128	2	182	194	135	151	234	95	249	106	105	74	146	19	233	99	157	175	78	230	16	81	122	80	7	102	167	160	36	58	243	13	18	180	132	244	59	66	140	190	20	236	107	174	34	32	209	75	195	155	212	9	97	162	197	70	129	201	118	41	90	## Ordonnancement
25	## Nombre de tournées
2	3	3	2	3	4	7	8	10	11	12	18	18	16	21	23	23	21	19	10	8	3	2	2	1	## Nombre de sites par tournée
141	131	## Tournée 1
220	94	24	## Tournée 2
69	238	10	## Tournée 3
176	164	## Tournée 4
144	127	115	## Tournée 5
52	53	159	68	## Tournée 6
145	93	42	84	31	134	30	## Tournée 7
39	149	108	4	161	245	85	3	## Tournée 8
158	177	103	189	61	152	27	60	123	239	## Tournée 9
183	147	208	206	217	50	82	179	23	200	235	## Tournée 10
11	224	219	148	169	246	48	218	17	124	213	210	## Tournée 11
83	55	229	214	37	1	198	216	191	49	110	211	125	156	56	6	196	72	## Tournée 12
202	204	168	143	241	121	250	87	150	139	63	100	221	126	86	101	67	130	## Tournée 13
187	5	248	181	76	247	172	57	215	25	46	199	96	120	51	178	## Tournée 14
77	142	166	205	165	138	232	227	65	237	28	186	89	47	35	133	44	119	26	222	170	## Tournée 15
116	173	73	223	104	154	242	54	21	226	88	92	184	12	14	43	203	22	188	64	71	38	62	## Tournée 16
231	111	163	91	45	79	136	33	29	225	185	117	40	153	15	240	137	193	192	114	207	228	8	## Tournée 17
135	171	182	151	249	128	74	2	194	233	105	234	95	113	106	19	146	109	99	98	112	## Tournée 18
36	157	167	13	175	18	78	243	80	7	122	160	230	102	16	180	132	81	58	## Tournée 19
20	59	244	190	66	236	174	107	34	140	## Tournée 20
212	9	75	155	195	97	32	209	## Tournée 21
70	197	162	## Tournée 22
201	129	## Tournée 23
118	41	## Tournée 24
90	## Tournée 25
