112661	## Somme des retards
1675	## Temps CPU (millisecondes)
197	191	36	25	144	112	234	4	167	156	111	1	75	145	244	102	122	185	50	160	177	51	18	21	198	193	97	140	218	60	126	188	199	133	62	181	40	107	146	237	33	241	131	165	247	113	37	205	232	221	168	123	67	208	80	9	42	58	47	52	223	225	71	90	78	88	138	53	43	153	83	190	134	148	203	154	7	136	72	176	135	55	20	245	106	31	219	183	215	3	103	35	66	250	204	124	172	73	226	77	220	29	115	105	246	93	159	235	161	163	48	27	98	14	210	26	68	45	202	227	173	84	182	212	214	5	228	132	121	187	119	76	130	54	41	158	170	200	114	147	229	192	15	28	117	120	10	224	100	195	249	206	8	155	213	16	169	57	175	108	34	164	137	32	104	248	56	240	211	178	238	139	222	142	87	86	194	236	243	2	118	44	17	189	150	110	141	231	143	125	129	152	166	99	151	157	116	196	30	89	38	216	24	81	70	59	64	184	127	101	82	74	96	13	180	39	239	162	65	209	46	49	174	186	217	179	230	128	12	79	94	201	11	207	91	85	61	69	22	233	171	109	63	23	6	242	92	149	19	95	## Ordonnancement
24	## Nombre de tournées
1	4	3	4	4	7	7	10	6	8	9	13	17	17	16	17	24	25	24	17	10	4	2	1	## Nombre de sites par tournée
197	## Tournée 1
191	144	36	25	## Tournée 2
234	4	112	## Tournée 3
1	111	156	167	## Tournée 4
102	244	75	145	## Tournée 5
51	18	185	177	50	122	160	## Tournée 6
21	140	60	198	218	193	97	## Tournée 7
181	199	62	107	188	126	40	237	146	133	## Tournée 8
241	113	33	165	131	247	## Tournée 9
37	67	221	232	208	123	205	168	## Tournée 10
47	225	58	52	42	80	223	9	71	## Tournée 11
90	190	138	134	88	148	153	154	203	83	43	78	53	## Tournée 12
176	55	135	106	136	7	72	183	219	31	20	103	3	245	35	66	215	## Tournée 13
73	105	124	246	159	161	29	93	163	115	226	77	250	204	172	235	220	## Tournée 14
84	182	210	68	45	227	173	26	27	48	202	98	14	214	5	212	## Tournée 15
170	114	132	158	192	121	119	54	228	130	229	41	187	200	76	15	147	## Tournée 16
8	248	57	28	164	117	249	206	155	120	213	16	100	195	224	56	34	169	104	32	137	175	10	108	## Tournée 17
150	86	243	139	143	238	178	222	2	129	118	87	44	236	211	152	141	125	189	194	17	110	240	142	231	## Tournée 18
82	64	101	157	196	89	184	59	30	116	39	13	127	74	99	70	180	38	96	81	24	216	166	151	## Tournée 19
174	230	217	186	79	209	46	11	239	179	128	49	65	162	94	12	201	## Tournée 20
171	85	91	61	22	233	109	63	69	207	## Tournée 21
23	6	242	92	## Tournée 22
19	149	## Tournée 23
95	## Tournée 24
