25574	## Somme des retards
4294965402	## Temps CPU (millisecondes)
51	98	87	14	45	82	4	68	8	59	42	66	60	53	94	86	79	24	64	97	3	83	61	20	70	33	67	12	84	47	85	35	48	91	57	26	69	28	5	2	80	52	10	50	36	49	16	63	6	30	19	44	25	89	41	92	37	88	54	17	56	15	62	74	43	78	72	71	34	11	13	22	21	18	29	90	95	7	58	81	27	1	75	46	32	99	39	100	31	55	76	9	23	96	93	65	40	77	38	73	## Ordonnancement
19	## Nombre de tournées
1	3	2	5	3	4	5	6	6	6	7	10	12	8	9	5	5	2	1	## Nombre de sites par tournée
51	## Tournée 1
14	87	98	## Tournée 2
82	45	## Tournée 3
4	68	59	42	8	## Tournée 4
60	53	66	## Tournée 5
79	24	86	94	## Tournée 6
64	3	83	97	61	## Tournée 7
67	70	20	84	33	12	## Tournée 8
47	35	48	85	57	91	## Tournée 9
5	80	2	69	28	26	## Tournée 10
49	63	10	50	36	16	52	## Tournée 11
37	88	19	44	89	25	92	6	41	30	## Tournée 12
62	15	54	78	34	72	17	43	71	74	56	11	## Tournée 13
95	90	18	7	21	29	13	22	## Tournée 14
58	75	46	32	27	99	81	1	39	## Tournée 15
9	31	76	100	55	## Tournée 16
96	40	65	93	23	## Tournée 17
77	38	## Tournée 18
73	## Tournée 19
