76296	## Somme des retards
855	## Temps CPU (millisecondes)
25	120	29	95	27	112	26	72	47	15	88	159	8	104	195	149	157	5	167	75	179	133	12	172	50	16	140	124	45	106	22	76	196	142	163	36	49	150	80	102	18	105	192	146	83	69	158	101	90	171	17	116	60	190	100	125	2	178	103	135	147	44	155	191	193	123	143	56	156	42	97	28	65	188	70	51	89	152	63	78	96	66	198	84	122	38	7	98	166	126	115	200	53	134	160	55	121	54	184	199	109	46	35	194	43	154	74	87	119	108	93	3	64	132	168	117	39	37	94	186	136	111	131	161	6	10	79	73	13	162	34	113	114	67	189	127	130	183	181	175	77	182	144	24	59	52	177	58	153	23	19	33	11	145	107	165	1	110	137	31	30	197	176	61	57	185	170	118	169	99	187	21	129	92	71	151	139	138	20	9	164	62	4	82	141	180	148	86	174	41	91	48	14	85	32	128	81	68	40	173	## Ordonnancement
22	## Nombre de tournées
1	2	2	4	3	4	4	7	8	8	14	15	12	18	17	17	18	18	16	7	3	2	## Nombre de sites par tournée
25	## Tournée 1
120	29	## Tournée 2
27	95	## Tournée 3
112	26	47	72	## Tournée 4
159	88	15	## Tournée 5
149	8	195	104	## Tournée 6
75	167	157	5	## Tournée 7
172	12	140	133	50	16	179	## Tournée 8
142	106	22	124	163	196	76	45	## Tournée 9
105	102	192	49	18	80	36	150	## Tournée 10
90	158	17	116	69	100	190	171	125	146	101	83	60	2	## Tournée 11
56	28	156	143	191	44	147	178	103	193	97	123	155	42	135	## Tournée 12
188	66	51	198	70	96	78	63	84	65	89	152	## Tournée 13
54	7	200	115	126	38	199	109	46	121	184	122	55	160	98	134	53	166	## Tournée 14
132	108	39	93	117	37	194	35	94	43	87	64	3	119	154	168	74	## Tournée 15
186	73	111	161	131	114	136	67	34	162	10	189	6	79	113	127	13	## Tournée 16
182	58	145	177	23	11	59	52	24	175	181	144	153	33	77	183	130	19	## Tournée 17
57	1	21	30	169	137	185	165	197	61	176	118	110	107	187	99	31	170	## Tournée 18
148	71	86	62	92	9	141	180	151	4	139	164	20	82	138	129	## Tournée 19
174	48	14	91	85	41	32	## Tournée 20
81	68	128	## Tournée 21
173	40	## Tournée 22
