218309	## Somme des retards
521	## Temps CPU (millisecondes)
28	27	202	160	16	101	62	112	36	4	162	241	293	286	22	273	110	61	267	137	8	10	172	182	269	166	70	125	277	161	221	96	213	95	234	258	259	233	271	218	252	150	124	13	289	151	180	185	126	40	139	254	206	242	1	219	106	154	222	20	113	226	64	43	38	268	197	46	257	171	155	146	153	196	94	236	60	99	250	245	71	75	144	41	39	86	287	90	111	24	187	31	297	76	138	191	283	190	216	55	249	118	228	195	122	276	92	93	156	9	178	208	295	246	192	232	174	152	274	255	5	210	240	189	291	239	23	32	181	263	21	109	285	82	80	281	188	280	177	79	57	282	217	294	133	290	299	128	72	74	264	66	50	18	14	53	37	261	141	25	17	248	169	164	266	284	247	238	52	11	68	97	199	186	85	58	157	65	198	19	272	143	205	81	204	134	87	48	209	176	149	104	51	184	107	220	67	115	298	88	179	114	203	89	103	29	54	170	83	7	140	214	227	173	34	136	47	142	121	117	147	296	30	6	98	256	12	77	59	56	15	163	130	84	300	262	44	235	193	275	127	2	211	148	265	225	215	224	230	120	100	35	167	237	108	42	243	145	49	123	26	63	279	129	91	175	131	270	251	3	278	260	78	105	288	165	183	132	194	292	168	159	231	253	119	45	201	223	69	212	116	135	200	207	158	73	33	102	244	229	## Ordonnancement
29	## Nombre de tournées
3	4	2	4	6	8	10	9	12	10	12	17	16	17	17	17	18	19	24	19	15	13	10	5	3	4	3	2	1	## Nombre de sites par tournée
27	202	28	## Tournée 1
101	16	160	62	## Tournée 2
112	36	## Tournée 3
162	4	293	241	## Tournée 4
273	110	267	286	22	61	## Tournée 5
70	269	172	137	182	10	166	8	## Tournée 6
259	161	221	95	234	125	277	213	258	96	## Tournée 7
252	150	151	218	271	289	233	13	124	## Tournée 8
1	185	219	254	40	206	154	242	139	126	180	106	## Tournée 9
113	38	64	46	20	43	226	268	197	222	## Tournée 10
99	245	196	94	153	250	236	155	257	171	146	60	## Tournée 11
76	138	39	24	111	75	41	31	297	287	90	191	283	187	86	71	144	## Tournée 12
195	276	118	208	190	55	228	122	216	295	9	93	249	156	178	92	## Tournée 13
246	192	152	239	263	181	174	274	189	232	210	240	32	291	5	23	255	## Tournée 14
188	133	80	177	294	282	57	285	109	281	79	21	217	82	280	290	299	## Tournée 15
17	264	164	50	66	72	74	169	25	261	37	53	18	141	14	128	248	## Tournée 16
198	52	68	238	186	284	157	11	85	143	19	247	65	266	58	97	272	199	## Tournée 17
204	107	209	184	220	176	149	87	205	298	48	51	179	67	134	115	81	104	88	## Tournée 18
121	296	98	114	227	173	142	170	147	214	89	30	29	6	136	7	103	140	34	54	47	117	83	203	## Tournée 19
211	77	127	262	12	84	2	44	275	130	148	163	59	235	15	300	56	193	256	## Tournée 20
215	42	108	265	35	167	145	243	237	225	100	230	224	120	49	## Tournée 21
175	278	91	270	123	251	63	260	131	129	279	3	26	## Tournée 22
288	159	132	105	168	183	194	292	78	165	## Tournée 23
45	119	253	201	231	## Tournée 24
223	69	212	## Tournée 25
116	207	200	135	## Tournée 26
73	158	33	## Tournée 27
102	244	## Tournée 28
229	## Tournée 29
