67460	## Somme des retards
1730	## Temps CPU (millisecondes)
24	57	23	76	19	92	27	11	15	61	66	77	75	90	82	31	83	84	12	14	2	6	54	34	22	99	55	68	9	71	18	36	96	40	35	91	64	97	85	95	63	58	42	88	67	7	26	93	4	52	56	21	89	10	45	62	46	81	17	8	73	100	87	80	53	94	1	72	60	50	78	20	3	65	86	32	29	38	51	79	41	28	47	33	39	44	49	5	37	70	13	74	69	25	48	98	43	16	59	30	## Ordonnancement
19	## Nombre de tournées
1	2	4	3	4	5	6	8	5	7	10	13	10	9	6	3	2	1	1	## Nombre de sites par tournée
24	## Tournée 1
23	57	## Tournée 2
19	92	27	76	## Tournée 3
15	61	11	## Tournée 4
77	66	75	90	## Tournée 5
82	83	31	84	12	## Tournée 6
34	2	6	22	14	54	## Tournée 7
9	96	55	68	18	71	99	36	## Tournée 8
97	91	40	64	35	## Tournée 9
58	95	63	88	67	85	42	## Tournée 10
10	21	89	56	93	7	26	4	45	52	## Tournée 11
46	53	17	94	1	72	87	81	8	62	73	100	80	## Tournée 12
65	60	3	86	50	20	29	78	38	32	## Tournée 13
41	47	51	79	28	33	39	44	49	## Tournée 14
70	37	13	5	74	69	## Tournée 15
98	25	48	## Tournée 16
43	16	## Tournée 17
59	## Tournée 18
30	## Tournée 19
