191639	## Somme des retards
4294966007	## Temps CPU (millisecondes)
185	143	10	68	173	49	73	94	20	74	7	162	13	141	85	132	147	88	26	77	80	167	113	61	101	123	137	30	57	198	168	107	128	39	154	194	33	151	46	56	91	51	75	64	134	184	65	171	17	129	172	163	183	78	89	15	189	166	90	58	197	8	188	5	71	29	93	53	165	67	199	31	117	116	120	104	24	191	115	84	3	2	1	139	69	195	181	23	63	186	140	50	174	196	41	105	86	62	119	122	136	11	148	153	144	169	22	47	145	42	190	142	87	16	179	177	118	102	76	18	12	70	4	135	146	108	48	59	81	112	160	125	82	6	83	72	97	54	98	175	130	38	55	100	152	34	14	121	124	159	19	45	32	150	111	182	28	52	131	126	176	27	95	92	66	37	192	149	9	133	110	158	187	99	96	25	157	36	193	114	103	161	127	79	21	164	40	155	180	60	43	106	35	156	178	200	138	170	44	109	## Ordonnancement
22	## Nombre de tournées
2	1	2	4	4	4	6	5	9	10	9	14	12	14	15	19	17	19	18	10	4	2	## Nombre de sites par tournée
185	143	## Tournée 1
10	## Tournée 2
173	68	## Tournée 3
73	49	94	20	## Tournée 4
74	13	7	162	## Tournée 5
132	141	147	85	## Tournée 6
167	80	88	113	26	77	## Tournée 7
137	101	61	123	30	## Tournée 8
168	39	194	128	198	33	57	107	154	## Tournée 9
56	64	51	65	184	46	75	91	134	151	## Tournée 10
78	17	89	129	163	183	172	15	171	## Tournée 11
29	188	197	5	189	166	93	90	53	71	8	67	58	165	## Tournée 12
199	191	117	31	120	3	104	84	2	115	116	24	## Tournée 13
1	181	63	140	50	41	105	23	196	69	186	139	195	174	## Tournée 14
169	136	22	42	148	119	190	47	11	153	62	144	86	122	145	## Tournée 15
102	118	59	87	146	18	16	76	70	12	108	48	112	179	142	135	81	4	177	## Tournée 16
125	38	34	72	98	82	100	130	175	54	6	55	152	160	97	83	14	## Tournée 17
37	124	45	92	52	32	176	19	131	111	121	159	95	150	126	27	182	66	28	## Tournée 18
99	157	110	79	158	187	127	161	149	25	9	133	96	193	103	114	36	192	## Tournée 19
60	155	106	164	156	180	40	21	35	43	## Tournée 20
138	170	200	178	## Tournée 21
109	44	## Tournée 22
