173704	## Somme des retards
4294966212	## Temps CPU (millisecondes)
95	10	193	4	163	64	28	94	128	104	175	103	67	121	90	125	126	180	87	20	198	192	96	149	140	189	162	111	184	80	115	77	7	41	54	105	143	174	112	179	120	169	185	42	69	156	152	70	190	49	16	170	72	159	161	76	83	59	55	12	93	68	186	178	129	51	151	24	157	98	27	131	124	38	85	147	142	9	29	171	200	18	167	17	46	133	53	15	155	191	123	117	196	138	33	25	30	92	145	168	36	110	65	21	35	66	134	187	71	166	100	74	19	182	181	172	136	183	132	153	52	2	78	3	57	56	37	106	173	97	81	113	150	8	31	199	165	101	119	26	176	45	118	148	86	43	5	158	14	73	82	116	61	137	107	188	130	50	75	34	114	44	32	102	99	1	39	48	139	6	84	60	62	79	146	23	154	89	58	47	135	91	164	195	13	22	160	108	194	197	141	109	177	144	88	63	40	122	127	11	## Ordonnancement
24	## Nombre de tournées
2	1	1	3	2	2	4	4	7	7	8	9	11	9	14	12	19	19	17	22	16	4	4	3	## Nombre de sites par tournée
95	10	## Tournée 1
193	## Tournée 2
4	## Tournée 3
64	163	28	## Tournée 4
94	128	## Tournée 5
104	175	## Tournée 6
67	121	103	90	## Tournée 7
126	125	87	180	## Tournée 8
149	20	198	140	96	192	189	## Tournée 9
7	80	184	77	111	162	115	## Tournée 10
41	120	174	54	179	143	105	112	## Tournée 11
49	70	169	152	156	42	185	190	69	## Tournée 12
161	16	72	59	170	76	83	159	12	55	93	## Tournée 13
51	178	186	151	68	157	24	98	129	## Tournée 14
18	17	29	124	38	85	167	147	131	142	200	171	27	9	## Tournée 15
196	117	155	25	133	191	33	15	123	46	53	138	## Tournée 16
182	166	36	110	35	181	168	21	65	92	100	187	71	145	19	30	74	66	134	## Tournée 17
153	172	183	52	113	81	37	78	2	57	8	97	106	132	136	56	3	173	150	## Tournée 18
165	26	199	43	73	176	14	158	86	118	31	82	45	148	5	119	101	## Tournée 19
188	48	107	139	44	137	62	75	102	34	1	99	130	39	84	6	32	60	50	114	61	116	## Tournée 20
58	154	79	91	135	47	160	22	13	194	164	108	89	23	195	146	## Tournée 21
141	197	177	109	## Tournée 22
88	144	40	63	## Tournée 23
11	122	127	## Tournée 24
