77651	## Somme des retards
860	## Temps CPU (millisecondes)
57	92	19	61	24	23	76	15	11	66	75	27	31	83	77	90	84	14	12	6	36	54	82	2	99	68	9	71	22	96	91	34	42	35	64	18	97	40	85	95	63	58	55	88	67	89	93	4	26	21	56	7	10	45	1	62	46	81	17	100	73	52	53	80	87	72	50	78	32	20	3	65	94	86	29	38	60	51	47	43	39	41	79	28	37	33	44	59	49	69	8	13	30	25	98	5	70	48	16	74	## Ordonnancement
17	## Nombre de tournées
1	2	3	2	4	5	6	7	7	8	10	11	10	14	6	3	1	## Nombre de sites par tournée
57	## Tournée 1
19	92	## Tournée 2
61	24	23	## Tournée 3
15	76	## Tournée 4
66	75	11	27	## Tournée 5
77	83	31	84	90	## Tournée 6
82	6	12	36	54	14	## Tournée 7
2	9	96	68	22	71	99	## Tournée 8
34	97	91	35	64	18	42	## Tournée 9
58	95	40	63	88	67	55	85	## Tournée 10
10	21	89	56	93	7	26	4	1	45	## Tournée 11
46	53	17	72	87	81	52	62	73	100	80	## Tournée 12
65	50	86	20	29	78	38	94	32	3	## Tournée 13
43	59	37	69	41	47	51	79	28	33	39	44	60	49	## Tournée 14
98	25	5	13	30	8	## Tournée 15
70	16	48	## Tournée 16
74	## Tournée 17
