136389	## Somme des retards
4294965797	## Temps CPU (millisecondes)
42	128	68	107	55	77	5	89	36	57	109	144	129	117	116	27	46	50	78	130	17	24	7	139	134	21	53	47	73	67	106	38	83	60	149	15	121	69	103	131	98	91	8	13	146	142	120	84	52	14	61	18	135	72	41	136	70	93	141	28	48	113	138	63	44	143	54	111	88	58	29	76	56	31	40	124	114	23	35	33	26	145	105	59	37	62	65	137	82	133	126	49	119	101	132	19	30	87	79	74	3	71	39	51	102	140	45	86	9	110	99	22	92	2	66	10	95	122	96	32	148	147	20	25	104	43	4	12	112	115	100	85	97	94	11	127	118	123	90	150	16	75	125	6	34	80	1	81	108	64	## Ordonnancement
19	## Nombre de tournées
2	3	3	5	8	6	7	10	8	10	11	13	19	16	12	10	4	2	1	## Nombre de sites par tournée
42	128	## Tournée 1
55	68	107	## Tournée 2
89	77	5	## Tournée 3
129	36	109	57	144	## Tournée 4
17	50	116	46	130	78	27	117	## Tournée 5
53	139	134	24	21	7	## Tournée 6
38	47	60	106	73	67	83	## Tournée 7
15	98	149	91	131	8	103	121	13	69	## Tournée 8
120	18	146	84	52	14	61	142	## Tournée 9
48	135	93	72	70	28	113	136	41	141	## Tournée 10
58	143	76	56	29	63	54	44	111	138	88	## Tournée 11
62	23	35	26	105	33	145	40	114	37	31	124	59	## Tournée 12
51	71	49	39	87	126	79	65	102	101	119	30	132	19	3	74	82	133	137	## Tournée 13
10	140	66	2	96	92	22	122	9	95	148	32	86	45	99	110	## Tournée 14
12	43	104	100	115	85	147	97	20	4	25	112	## Tournée 15
94	125	16	90	127	118	75	123	11	150	## Tournée 16
1	80	34	6	## Tournée 17
108	81	## Tournée 18
64	## Tournée 19
