37459	## Somme des retards
1490	## Temps CPU (millisecondes)
27	73	95	60	89	5	1	62	92	30	99	24	33	76	32	67	53	56	52	36	44	19	81	65	10	79	86	14	71	85	46	43	66	57	84	70	20	98	47	94	96	88	75	41	54	74	55	45	48	11	100	16	82	21	6	34	49	8	42	2	91	22	63	72	23	9	59	29	93	83	15	17	64	78	38	4	37	58	69	18	12	28	39	77	3	51	90	35	68	26	40	97	61	7	25	87	31	80	50	13	## Ordonnancement
17	## Nombre de tournées
1	3	2	2	3	5	8	6	9	8	8	11	13	10	7	3	1	## Nombre de sites par tournée
27	## Tournée 1
60	73	95	## Tournée 2
89	5	## Tournée 3
1	62	## Tournée 4
99	30	92	## Tournée 5
76	32	67	33	24	## Tournée 6
52	65	36	53	56	19	44	81	## Tournée 7
10	71	86	14	85	79	## Tournée 8
98	66	84	20	47	46	57	43	70	## Tournée 9
94	88	75	41	55	54	96	74	## Tournée 10
16	45	11	48	21	6	100	82	## Tournée 11
34	63	91	8	23	49	72	9	42	2	22	## Tournée 12
4	17	93	78	69	15	29	64	59	37	38	58	83	## Tournée 13
51	90	12	77	28	68	18	3	39	35	## Tournée 14
26	61	40	25	87	97	7	## Tournée 15
80	31	50	## Tournée 16
13	## Tournée 17
