157180	## Somme des retards
4294966507	## Temps CPU (millisecondes)
46	27	35	43	34	18	167	97	91	36	107	200	15	146	189	148	69	81	90	77	178	92	73	11	98	24	78	42	117	196	176	40	26	156	14	122	22	67	120	6	175	121	70	151	28	4	53	104	20	159	101	106	86	157	136	153	102	119	168	93	13	99	150	103	187	197	191	66	171	143	68	79	116	50	131	96	114	125	44	57	47	154	137	61	45	16	8	105	94	162	64	30	2	37	10	100	145	183	72	166	134	19	155	133	71	54	163	41	192	129	141	132	177	55	9	193	39	135	160	59	65	12	84	95	195	74	161	194	23	7	112	89	128	52	76	17	75	179	118	31	169	130	85	62	32	82	144	127	51	113	158	180	186	109	164	170	140	165	172	111	124	38	48	126	33	3	88	174	1	182	173	138	147	87	63	49	110	108	58	83	25	184	149	29	60	5	152	190	115	199	188	80	56	123	198	21	185	181	142	139	## Ordonnancement
24	## Nombre de tournées
1	2	2	3	3	6	5	6	8	9	9	11	11	18	15	16	20	17	16	11	6	2	2	1	## Nombre de sites par tournée
46	## Tournée 1
27	35	## Tournée 2
43	34	## Tournée 3
167	97	18	## Tournée 4
36	107	91	## Tournée 5
189	146	15	148	200	69	## Tournée 6
90	178	81	77	92	## Tournée 7
73	98	11	42	78	24	## Tournée 8
156	26	176	122	117	40	196	14	## Tournée 9
151	28	120	6	175	70	121	22	67	## Tournée 10
157	4	159	101	104	106	53	20	86	## Tournée 11
93	168	119	136	150	153	13	102	103	187	99	## Tournée 12
68	171	143	66	79	116	96	197	191	131	50	## Tournée 13
44	61	154	47	64	16	8	45	57	125	2	114	162	137	30	105	94	37	## Tournée 14
100	192	163	19	54	145	134	183	71	10	41	133	166	72	155	## Tournée 15
12	84	95	177	135	39	132	160	59	129	195	141	55	9	65	193	## Tournée 16
23	194	118	89	17	112	179	76	74	32	128	169	31	7	75	130	85	161	52	62	## Tournée 17
164	127	111	186	180	109	158	113	170	51	140	172	38	144	82	124	165	## Tournée 18
3	110	173	126	147	48	33	174	138	63	87	108	1	88	49	182	## Tournée 19
25	5	152	29	115	58	184	149	190	60	83	## Tournée 20
56	123	199	80	198	188	## Tournée 21
21	185	## Tournée 22
181	142	## Tournée 23
139	## Tournée 24
