47696	## Somme des retards
1240	## Temps CPU (millisecondes)
40	5	32	26	81	17	21	63	10	76	83	39	15	54	37	6	55	27	7	71	12	30	31	2	13	28	34	58	3	16	85	8	51	96	70	46	62	45	52	92	35	36	95	93	49	18	41	69	74	84	9	89	67	47	65	88	61	98	59	94	11	38	43	14	77	82	99	56	4	33	23	80	42	64	22	48	24	50	87	79	91	1	68	29	57	72	100	60	75	25	19	90	73	53	86	66	44	97	78	20	## Ordonnancement
18	## Nombre de tournées
1	1	1	3	3	1	4	7	9	7	8	13	13	13	8	5	2	1	## Nombre de sites par tournée
40	## Tournée 1
5	## Tournée 2
32	## Tournée 3
81	26	17	## Tournée 4
21	63	10	## Tournée 5
76	## Tournée 6
15	39	54	83	## Tournée 7
37	7	12	71	55	6	27	## Tournée 8
31	28	30	2	3	58	13	16	34	## Tournée 9
51	96	8	70	62	46	85	## Tournée 10
52	35	92	93	36	95	45	49	## Tournée 11
65	61	18	67	69	41	47	88	89	84	98	74	9	## Tournée 12
23	82	14	33	11	43	38	77	59	4	56	94	99	## Tournée 13
64	24	22	79	50	87	48	91	80	42	1	29	68	## Tournée 14
72	25	19	57	75	100	60	90	## Tournée 15
66	44	86	53	73	## Tournée 16
97	78	## Tournée 17
20	## Tournée 18
