132579	## Somme des retards
4294965927	## Temps CPU (millisecondes)
9	130	51	62	142	52	11	76	123	45	125	71	34	43	75	57	48	38	134	25	33	100	56	117	114	68	42	88	59	119	29	87	24	144	132	15	14	2	129	55	128	145	37	39	19	98	137	82	31	124	102	22	95	99	53	141	91	133	109	23	8	138	97	21	44	86	112	73	4	139	6	150	64	127	27	108	20	118	120	78	13	65	69	60	101	92	113	116	79	67	18	49	70	122	121	47	107	94	106	104	85	146	83	81	7	5	58	126	80	66	74	136	143	105	77	93	35	148	30	63	72	46	17	84	61	40	140	149	135	131	28	50	32	10	26	36	1	41	147	103	115	54	3	12	90	110	89	111	16	96	## Ordonnancement
21	## Nombre de tournées
1	3	2	4	3	3	5	8	8	8	10	12	11	12	14	16	14	10	3	2	1	## Nombre de sites par tournée
9	## Tournée 1
130	62	51	## Tournée 2
52	142	## Tournée 3
76	11	45	123	## Tournée 4
34	125	71	## Tournée 5
43	57	75	## Tournée 6
38	33	25	48	134	## Tournée 7
88	117	42	100	68	59	56	114	## Tournée 8
144	15	29	87	14	132	24	119	## Tournée 9
128	37	19	39	129	145	55	2	## Tournée 10
82	95	124	137	53	31	22	98	102	99	## Tournée 11
112	21	8	91	86	109	133	23	97	138	44	141	## Tournée 12
64	150	108	118	6	27	139	127	4	20	73	## Tournée 13
116	120	69	92	113	101	67	79	65	13	60	78	## Tournée 14
107	146	106	121	85	83	122	94	70	81	104	49	47	18	## Tournée 15
105	58	80	74	136	66	93	7	63	143	77	126	35	148	5	30	## Tournée 16
17	131	149	46	61	140	28	84	10	72	50	135	32	40	## Tournée 17
147	54	41	103	36	115	12	3	26	1	## Tournée 18
89	110	90	## Tournée 19
16	111	## Tournée 20
96	## Tournée 21
