151635	## Somme des retards
4294966427	## Temps CPU (millisecondes)
114	30	2	145	72	105	81	129	48	126	149	24	94	5	35	144	136	116	31	57	45	6	86	20	63	113	102	119	32	106	13	22	85	69	21	103	87	108	10	147	78	41	150	93	120	67	26	107	52	60	19	47	36	54	66	97	46	61	44	37	89	75	50	23	33	128	122	68	123	101	109	58	4	38	98	133	146	14	74	137	104	132	29	83	111	117	56	55	90	96	12	7	88	53	73	140	28	118	127	135	125	99	138	1	40	82	70	95	91	84	18	43	148	142	49	110	139	80	76	11	141	3	112	121	62	27	9	79	17	8	65	59	115	77	131	25	16	134	34	15	100	71	51	39	130	92	143	64	42	124	## Ordonnancement
21	## Nombre de tournées
1	2	1	4	2	3	5	5	4	4	6	10	8	13	11	15	17	14	16	6	3	## Nombre de sites par tournée
114	## Tournée 1
30	2	## Tournée 2
145	## Tournée 3
129	81	105	72	## Tournée 4
48	126	## Tournée 5
24	94	149	## Tournée 6
35	116	144	136	5	## Tournée 7
57	31	6	86	45	## Tournée 8
63	20	102	113	## Tournée 9
119	13	106	32	## Tournée 10
21	22	103	69	87	85	## Tournée 11
108	150	93	147	41	120	10	26	78	67	## Tournée 12
52	60	107	47	36	54	66	19	## Tournée 13
68	122	75	128	37	61	44	23	97	89	50	46	33	## Tournée 14
101	123	38	4	58	133	146	98	109	14	74	## Tournée 15
137	12	56	88	132	29	90	53	55	104	96	7	117	83	111	## Tournée 16
73	125	140	95	135	99	127	40	1	28	91	70	118	138	82	84	18	## Tournée 17
49	80	142	148	121	43	141	76	11	110	139	3	62	112	## Tournée 18
134	79	9	25	59	131	27	100	8	17	65	16	15	34	115	77	## Tournée 19
71	130	51	39	92	143	## Tournée 20
42	124	64	## Tournée 21
