83977	## Somme des retards
200	## Temps CPU (millisecondes)
7	46	24	122	111	33	34	126	3	42	50	52	18	133	37	57	132	28	4	43	121	25	84	10	144	95	44	100	36	23	113	29	129	35	127	104	99	118	21	101	66	27	143	56	131	51	76	82	142	137	105	62	93	88	14	13	116	69	45	147	30	71	17	38	89	90	75	98	117	136	120	80	112	6	68	59	63	39	106	138	26	60	58	123	96	92	128	77	2	72	114	150	12	67	74	103	91	87	124	70	102	149	119	5	86	20	65	110	109	81	94	145	141	47	22	146	48	108	15	140	85	11	79	49	78	135	64	97	61	1	55	115	54	83	32	16	148	130	139	134	125	73	107	9	19	53	31	40	41	8	## Ordonnancement
20	## Nombre de tournées
3	5	4	5	3	3	6	9	6	9	13	13	16	18	12	10	7	4	3	1	## Nombre de sites par tournée
7	24	46	## Tournée 1
33	126	34	122	111	## Tournée 2
3	50	42	52	## Tournée 3
133	57	18	37	132	## Tournée 4
4	43	28	## Tournée 5
25	121	84	## Tournée 6
100	36	144	44	95	10	## Tournée 7
104	113	99	29	23	127	129	35	118	## Tournée 8
27	143	21	66	101	56	## Tournée 9
105	62	76	82	51	131	142	137	93	## Tournée 10
45	88	38	89	14	71	13	69	90	17	147	30	116	## Tournée 11
6	68	117	98	39	112	106	80	120	59	75	63	136	## Tournée 12
58	114	72	2	77	67	26	74	12	96	150	128	60	92	138	123	## Tournée 13
81	109	70	119	145	149	124	86	87	141	20	65	103	102	110	94	5	91	## Tournée 14
11	48	78	22	79	85	140	146	47	15	108	49	## Tournée 15
135	55	64	54	61	32	1	97	83	115	## Tournée 16
130	16	73	134	148	125	139	## Tournée 17
53	19	9	107	## Tournée 18
31	41	40	## Tournée 19
8	## Tournée 20
