124275	## Somme des retards
205	## Temps CPU (millisecondes)
63	51	72	15	53	25	146	73	139	8	138	59	71	70	61	42	45	39	57	48	26	147	129	144	2	89	49	52	18	121	79	135	65	40	31	96	80	12	86	21	116	19	75	111	64	1	3	77	143	117	150	20	131	68	128	13	125	32	56	35	105	109	85	130	29	106	82	69	133	103	107	149	120	10	91	4	66	137	11	92	41	74	83	124	118	46	145	141	127	134	104	7	114	50	58	87	102	36	6	140	27	90	22	112	119	123	84	38	28	24	54	97	142	81	44	14	17	148	113	132	94	37	110	126	76	33	23	98	55	100	16	5	78	115	30	67	60	88	108	62	101	99	93	136	34	43	122	95	9	47	## Ordonnancement
24	## Nombre de tournées
1	1	1	1	2	2	5	2	1	3	5	6	7	10	10	12	12	15	15	18	14	4	2	1	## Nombre de sites par tournée
63	## Tournée 1
51	## Tournée 2
72	## Tournée 3
15	## Tournée 4
25	53	## Tournée 5
73	146	## Tournée 6
8	139	59	138	71	## Tournée 7
70	61	## Tournée 8
42	## Tournée 9
39	45	57	## Tournée 10
48	26	129	147	144	## Tournée 11
49	18	89	121	52	2	## Tournée 12
65	96	40	80	31	135	79	## Tournée 13
19	86	21	75	111	116	3	1	64	12	## Tournée 14
117	128	68	20	13	125	143	77	150	131	## Tournée 15
35	106	82	69	105	29	133	130	32	109	85	56	## Tournée 16
11	66	4	107	137	10	91	92	41	120	103	149	## Tournée 17
134	83	46	124	118	141	50	127	145	87	58	104	7	74	114	## Tournée 18
112	54	84	90	38	36	119	27	28	24	123	102	140	22	6	## Tournée 19
132	44	37	126	55	76	33	23	97	148	14	142	17	81	94	113	98	110	## Tournée 20
78	16	115	108	62	101	5	100	93	67	30	88	99	60	## Tournée 21
43	122	136	34	## Tournée 22
95	9	## Tournée 23
47	## Tournée 24
