259287	## Somme des retards
870	## Temps CPU (millisecondes)
192	65	92	120	187	131	183	81	9	97	149	147	84	197	112	77	24	133	61	1	137	85	31	55	132	176	62	14	59	154	40	23	72	3	161	13	123	195	16	150	33	46	87	48	99	181	34	179	105	44	196	185	15	165	199	126	74	144	172	108	163	49	54	151	117	64	111	148	12	56	76	20	138	141	75	39	37	173	93	21	89	156	6	10	103	171	136	178	100	167	113	170	153	169	41	114	63	146	139	19	86	53	191	5	102	119	145	94	166	143	107	78	175	58	45	28	124	110	83	188	174	79	184	25	152	17	142	52	162	22	168	35	190	129	157	194	96	38	11	140	27	128	88	8	67	2	200	158	186	68	127	116	4	182	159	50	193	115	73	180	80	57	134	135	121	43	26	32	70	42	177	51	7	95	189	106	155	91	109	98	69	104	125	60	82	198	118	29	130	47	160	90	101	30	122	164	36	18	66	71	## Ordonnancement
26	## Nombre de tournées
1	4	2	1	3	4	4	6	6	7	12	9	9	13	13	14	17	18	18	12	11	5	4	4	2	1	## Nombre de sites par tournée
192	## Tournée 1
120	65	187	92	## Tournée 2
131	183	## Tournée 3
81	## Tournée 4
9	97	149	## Tournée 5
197	84	147	112	## Tournée 6
61	133	24	77	## Tournée 7
55	85	1	132	31	137	## Tournée 8
154	176	14	62	40	59	## Tournée 9
195	23	161	3	123	13	72	## Tournée 10
181	150	48	99	179	33	16	46	105	87	34	44	## Tournée 11
165	172	185	126	196	199	74	144	15	## Tournée 12
49	108	163	111	54	151	148	117	64	## Tournée 13
93	20	12	141	75	89	21	138	56	37	39	173	76	## Tournée 14
169	113	100	170	178	171	6	156	10	153	136	167	103	## Tournée 15
63	41	102	94	53	19	139	86	114	146	119	191	145	5	## Tournée 16
175	28	110	143	174	78	124	107	152	188	83	25	166	79	184	58	45	## Tournée 17
128	52	190	96	194	38	17	140	129	11	157	22	35	168	88	142	27	162	## Tournée 18
180	115	8	159	127	73	200	68	116	158	182	2	186	80	50	67	4	193	## Tournée 19
51	43	57	70	177	7	121	26	32	134	135	42	## Tournée 20
155	104	98	125	91	189	95	106	60	109	69	## Tournée 21
82	118	130	29	198	## Tournée 22
101	47	160	90	## Tournée 23
122	164	36	30	## Tournée 24
18	66	## Tournée 25
71	## Tournée 26
