55630	## Somme des retards
1770	## Temps CPU (millisecondes)
91	66	22	37	75	28	64	76	62	16	15	70	13	49	87	8	65	40	59	86	43	1	63	60	92	85	44	48	50	71	69	83	94	21	89	58	72	98	53	7	97	67	95	78	96	29	9	30	45	14	56	4	68	27	90	46	47	51	33	12	42	6	38	54	100	41	80	3	73	23	31	20	84	25	36	17	74	26	61	2	55	81	79	18	88	39	35	77	57	99	34	82	24	10	11	19	93	5	52	32	## Ordonnancement
17	## Nombre de tournées
1	2	2	2	3	4	4	8	8	6	8	10	13	13	10	4	2	## Nombre de sites par tournée
91	## Tournée 1
66	22	## Tournée 2
75	37	## Tournée 3
28	64	## Tournée 4
76	16	62	## Tournée 5
15	49	70	13	## Tournée 6
8	65	87	40	## Tournée 7
60	92	63	1	85	86	43	59	## Tournée 8
44	50	71	69	48	94	83	21	## Tournée 9
89	72	7	98	58	53	## Tournée 10
9	95	97	30	29	78	67	96	## Tournée 11
4	56	68	51	45	14	47	27	90	46	## Tournée 12
100	33	73	38	3	6	42	41	23	31	54	80	12	## Tournée 13
17	79	20	25	36	81	26	74	2	55	61	84	18	## Tournée 14
35	10	88	24	82	99	34	57	77	39	## Tournée 15
11	19	93	5	## Tournée 16
52	32	## Tournée 17
