176039	## Somme des retards
4294966117	## Temps CPU (millisecondes)
15	196	59	149	17	72	113	112	117	200	114	16	56	174	140	175	121	129	79	68	36	161	190	28	118	77	82	130	197	100	5	153	119	185	136	186	106	128	138	86	194	188	49	134	71	159	96	183	58	45	151	105	57	18	19	30	157	87	7	102	21	93	11	179	167	98	40	53	69	115	111	54	22	84	122	126	137	184	76	12	61	171	127	81	4	154	13	67	191	31	189	97	155	20	62	66	80	78	195	163	124	51	1	170	14	42	64	48	156	187	92	23	44	178	88	176	144	116	25	70	193	50	109	180	132	35	108	65	104	181	169	91	198	99	47	168	90	107	9	34	39	158	8	85	172	152	177	160	133	83	135	147	110	141	10	32	120	139	150	52	101	41	166	164	94	123	26	2	142	125	63	60	24	165	95	73	192	46	55	33	162	182	89	37	3	145	6	146	173	27	199	148	29	38	143	74	131	43	103	75	## Ordonnancement
25	## Nombre de tournées
1	3	2	5	4	6	4	4	8	10	10	11	14	14	16	16	14	14	15	11	7	4	3	2	2	## Nombre de sites par tournée
15	## Tournée 1
196	59	149	## Tournée 2
17	72	## Tournée 3
113	112	117	114	200	## Tournée 4
174	16	140	56	## Tournée 5
68	36	79	175	129	121	## Tournée 6
118	190	28	161	## Tournée 7
77	82	130	197	## Tournée 8
106	100	119	185	5	186	153	136	## Tournée 9
86	71	96	159	188	138	194	134	49	128	## Tournée 10
57	18	45	105	157	58	183	30	19	151	## Tournée 11
21	87	7	167	11	179	93	98	102	40	53	## Tournée 12
61	84	171	54	184	126	115	137	122	12	76	111	22	69	## Tournée 13
4	67	66	31	62	154	127	191	13	155	189	97	20	81	## Tournée 14
170	78	1	42	195	51	156	48	92	23	163	14	187	124	64	80	## Tournée 15
50	116	88	180	193	44	108	176	109	70	178	65	35	25	144	132	## Tournée 16
158	198	90	107	169	99	34	47	181	168	91	9	104	39	## Tournée 17
32	147	110	133	85	141	152	135	172	160	10	177	83	8	## Tournée 18
123	150	166	26	2	41	164	63	120	52	125	142	139	101	94	## Tournée 19
95	33	192	60	73	165	55	182	162	24	46	## Tournée 20
37	146	89	145	173	3	6	## Tournée 21
199	27	148	29	## Tournée 22
143	38	74	## Tournée 23
43	131	## Tournée 24
75	103	## Tournée 25
