82854	## Somme des retards
75	## Temps CPU (millisecondes)
64	34	113	86	20	23	43	99	100	109	95	40	25	91	135	124	85	114	17	111	87	90	101	129	57	119	42	144	93	107	31	141	145	52	82	7	136	21	102	3	83	32	46	72	1	48	108	116	50	22	63	123	55	28	97	106	15	80	36	84	29	122	13	120	56	12	103	38	125	69	92	96	26	76	137	142	149	77	139	112	8	30	74	41	53	19	73	11	130	58	18	71	14	133	134	126	89	140	45	81	60	94	88	24	4	62	59	54	35	51	121	78	143	138	147	39	75	67	5	148	6	104	127	105	70	47	146	98	61	131	118	115	10	37	33	66	110	79	68	150	49	16	2	117	65	27	128	44	132	9	## Ordonnancement
22	## Nombre de tournées
2	2	1	3	2	5	5	6	4	4	10	12	10	14	10	17	12	16	8	3	2	2	## Nombre de sites par tournée
64	34	## Tournée 1
86	113	## Tournée 2
20	## Tournée 3
43	99	23	## Tournée 4
100	109	## Tournée 5
40	135	95	91	25	## Tournée 6
124	111	85	17	114	## Tournée 7
90	57	119	129	101	87	## Tournée 8
42	93	107	144	## Tournée 9
141	52	145	31	## Tournée 10
46	21	7	136	102	72	3	32	82	83	## Tournée 11
28	50	63	55	116	22	48	123	97	106	1	108	## Tournée 12
13	36	12	120	29	56	80	84	15	122	## Tournée 13
142	76	69	125	77	38	149	92	26	139	103	96	137	112	## Tournée 14
19	41	11	130	74	58	8	53	73	30	## Tournée 15
45	62	59	14	134	4	140	94	89	133	60	81	18	88	71	126	24	## Tournée 16
51	147	121	75	78	138	67	143	35	39	5	54	## Tournée 17
6	146	61	70	47	131	98	148	37	104	105	127	118	10	33	115	## Tournée 18
49	16	150	79	2	66	68	110	## Tournée 19
27	65	117	## Tournée 20
128	44	## Tournée 21
9	132	## Tournée 22
