140437	## Somme des retards
4294966417	## Temps CPU (millisecondes)
161	102	100	166	169	99	51	115	11	2	152	19	22	45	4	8	189	29	122	142	65	67	38	83	49	21	77	69	132	44	185	105	151	42	27	197	70	138	143	10	3	39	103	182	141	94	162	127	200	82	130	165	118	167	172	75	181	191	17	63	199	89	106	53	109	131	93	193	148	78	150	180	171	179	91	36	87	68	139	111	54	140	134	126	198	146	24	174	9	107	71	80	6	88	145	129	76	12	116	90	85	186	50	147	40	30	170	190	183	175	133	124	37	57	52	114	154	158	28	120	20	121	25	47	64	137	13	160	156	74	159	79	157	32	33	56	110	15	173	163	177	84	135	113	62	178	23	18	192	96	112	97	55	5	117	194	61	123	125	104	35	16	43	196	1	92	164	81	66	108	195	98	153	187	168	26	73	119	60	34	95	149	48	46	155	86	188	14	184	128	144	72	7	31	176	58	136	41	59	101	## Ordonnancement
26	## Nombre de tournées
1	2	3	3	1	4	5	6	6	8	7	12	12	14	16	14	18	18	18	12	9	4	3	2	1	1	## Nombre de sites par tournée
161	## Tournée 1
102	100	## Tournée 2
99	169	166	## Tournée 3
51	115	11	## Tournée 4
2	## Tournée 5
45	152	22	19	## Tournée 6
122	29	189	8	4	## Tournée 7
65	142	38	49	67	83	## Tournée 8
44	69	132	185	77	21	## Tournée 9
151	70	143	42	138	27	197	105	## Tournée 10
10	3	39	103	141	182	94	## Tournée 11
75	181	162	127	130	172	82	200	167	165	118	191	## Tournée 12
89	78	106	148	63	17	109	193	93	199	131	53	## Tournée 13
171	87	180	36	140	111	179	150	91	54	134	68	139	126	## Tournée 14
80	146	71	9	129	24	107	12	90	198	174	116	88	6	76	145	## Tournée 15
170	57	50	186	147	124	37	133	40	30	175	190	85	183	## Tournée 16
159	13	154	52	64	137	74	114	28	47	121	25	158	120	20	79	160	156	## Tournée 17
33	178	18	163	157	113	177	110	62	173	135	15	84	56	192	32	23	96	## Tournée 18
112	81	61	97	1	196	35	16	92	43	194	123	104	125	117	5	55	164	## Tournée 19
73	108	168	98	195	119	60	153	34	26	187	66	## Tournée 20
48	86	14	155	184	188	46	95	149	## Tournée 21
144	72	128	7	## Tournée 22
176	31	58	## Tournée 23
136	41	## Tournée 24
59	## Tournée 25
101	## Tournée 26
