49331	## Somme des retards
1020	## Temps CPU (millisecondes)
10	89	51	2	67	48	72	14	40	93	76	56	78	35	29	90	61	33	34	20	79	100	16	42	70	71	18	24	30	19	27	49	99	59	85	8	26	96	1	9	69	66	87	57	12	46	31	97	41	17	45	50	47	75	60	4	38	39	68	63	37	15	36	44	53	83	74	86	82	21	11	80	7	58	88	52	23	28	84	13	62	73	22	6	65	43	64	81	92	25	3	95	55	5	91	32	77	54	98	94	## Ordonnancement
17	## Nombre de tournées
2	1	2	1	3	2	4	5	7	11	9	9	12	14	8	7	3	## Nombre de sites par tournée
89	10	## Tournée 1
51	## Tournée 2
67	2	## Tournée 3
48	## Tournée 4
14	72	40	## Tournée 5
93	76	## Tournée 6
56	78	35	29	## Tournée 7
34	33	90	20	61	## Tournée 8
71	70	42	18	79	16	100	## Tournée 9
30	8	24	85	99	19	59	26	96	49	27	## Tournée 10
9	46	87	31	69	57	1	12	66	## Tournée 11
47	50	75	4	45	97	60	41	17	## Tournée 12
86	53	37	39	83	38	15	74	63	68	44	36	## Tournée 13
62	82	52	11	23	88	84	13	80	58	21	73	28	7	## Tournée 14
92	25	6	43	22	64	65	81	## Tournée 15
95	55	3	32	77	91	5	## Tournée 16
54	98	94	## Tournée 17
