36939	## Somme des retards
1780	## Temps CPU (millisecondes)
27	73	95	60	5	1	89	67	30	62	92	99	24	33	76	32	81	79	19	14	44	36	52	65	56	53	10	71	86	98	94	46	84	57	43	20	85	74	47	75	70	88	66	21	41	54	55	48	6	45	8	96	11	100	22	16	82	72	23	29	34	42	64	63	7	49	93	90	91	9	35	78	38	77	83	39	4	58	51	12	97	17	15	3	61	59	28	37	69	26	18	68	2	25	50	87	31	80	40	13	## Ordonnancement
17	## Nombre de tournées
1	3	2	1	5	5	9	4	7	12	10	11	8	11	7	2	2	## Nombre de sites par tournée
27	## Tournée 1
60	73	95	## Tournée 2
1	5	## Tournée 3
89	## Tournée 4
99	67	92	62	30	## Tournée 5
76	32	81	33	24	## Tournée 6
52	65	36	53	56	19	44	79	14	## Tournée 7
98	10	71	86	## Tournée 8
94	84	20	46	85	57	43	## Tournée 9
88	66	75	41	47	55	48	54	21	74	6	70	## Tournée 10
23	72	96	16	8	45	11	22	82	100	## Tournée 11
34	63	93	91	90	49	29	64	9	42	7	## Tournée 12
4	78	77	58	35	83	39	38	## Tournée 13
17	15	61	28	69	51	12	59	97	3	37	## Tournée 14
26	87	25	68	2	18	50	## Tournée 15
80	31	## Tournée 16
40	13	## Tournée 17
