101808	## Somme des retards
4294966192	## Temps CPU (millisecondes)
2	18	14	150	77	66	16	109	9	41	121	17	12	57	10	141	56	34	54	98	35	143	107	137	20	122	82	96	63	144	138	11	136	130	29	65	1	86	43	105	126	100	42	64	83	85	25	26	33	90	24	134	60	72	6	129	21	131	132	79	112	70	7	48	49	67	95	125	37	99	13	40	92	46	32	50	28	146	23	106	84	147	78	47	51	8	101	94	5	44	30	123	116	15	135	74	55	76	45	87	120	89	62	61	113	133	36	142	69	81	3	4	145	22	80	27	118	102	111	114	91	108	73	127	53	115	104	139	117	52	110	31	88	71	97	59	128	103	148	19	149	75	124	68	119	58	140	93	39	38	## Ordonnancement
23	## Nombre de tournées
1	3	4	2	2	4	6	6	8	7	7	10	10	14	14	11	10	10	7	5	4	3	2	## Nombre de sites par tournée
2	## Tournée 1
18	14	150	## Tournée 2
109	77	66	16	## Tournée 3
9	41	## Tournée 4
121	17	## Tournée 5
12	57	10	141	## Tournée 6
98	56	34	143	35	54	## Tournée 7
82	96	20	107	122	137	## Tournée 8
29	65	138	136	63	144	130	11	## Tournée 9
100	86	43	126	105	42	1	## Tournée 10
33	90	83	25	85	64	26	## Tournée 11
6	129	72	132	131	21	79	24	134	60	## Tournée 12
99	112	7	125	37	70	48	67	95	49	## Tournée 13
50	13	92	147	23	78	106	32	28	84	146	40	47	46	## Tournée 14
5	94	74	76	44	51	15	30	55	101	116	123	8	135	## Tournée 15
89	87	61	62	69	133	45	142	113	120	36	## Tournée 16
4	3	22	81	102	118	27	145	80	111	## Tournée 17
139	104	115	127	114	108	117	91	73	53	## Tournée 18
52	88	59	71	97	31	110	## Tournée 19
19	128	103	149	148	## Tournée 20
119	124	68	75	## Tournée 21
58	140	93	## Tournée 22
39	38	## Tournée 23
