127811	## Somme des retards
4294966512	## Temps CPU (millisecondes)
156	37	111	41	3	95	66	5	91	68	181	179	38	102	148	187	169	132	54	142	27	105	170	77	178	88	188	71	149	200	104	127	92	81	125	76	199	90	58	11	192	22	193	198	114	165	134	109	4	194	36	97	112	172	182	6	12	122	49	124	72	30	185	93	79	176	57	80	161	180	168	151	59	120	2	55	39	14	99	106	67	128	75	25	166	146	31	183	171	189	110	139	44	24	84	48	138	141	62	1	96	89	42	23	53	145	34	184	175	191	16	70	28	35	115	63	118	140	101	10	61	7	130	167	85	73	195	137	147	121	108	69	154	158	78	43	51	117	40	131	52	21	26	94	123	9	190	82	103	46	33	64	100	162	196	15	29	157	144	13	74	159	143	136	17	119	163	32	153	8	107	186	155	164	83	65	129	197	152	86	173	116	56	174	47	60	150	50	98	126	135	133	18	19	177	113	45	87	160	20	## Ordonnancement
22	## Nombre de tournées
2	3	4	4	4	5	7	8	11	12	14	12	16	15	18	18	19	14	6	3	3	2	## Nombre de sites par tournée
156	37	## Tournée 1
41	3	111	## Tournée 2
66	95	5	91	## Tournée 3
68	181	38	179	## Tournée 4
102	169	187	148	## Tournée 5
54	132	27	105	142	## Tournée 6
77	88	71	170	188	149	178	## Tournée 7
199	92	200	125	104	81	76	127	## Tournée 8
193	90	114	22	58	109	11	192	134	165	198	## Tournée 9
97	36	12	122	6	124	4	194	172	182	49	112	## Tournée 10
72	57	93	120	30	59	168	80	185	161	176	180	79	151	## Tournée 11
106	166	146	25	128	14	67	2	75	99	55	39	## Tournée 12
24	183	84	31	139	141	62	138	110	96	89	1	171	189	44	48	## Tournée 13
175	16	42	23	53	34	63	184	145	118	35	115	191	70	28	## Tournée 14
154	61	167	10	130	121	195	85	101	69	147	7	140	73	137	158	108	78	## Tournée 15
82	64	190	33	52	46	103	100	9	94	21	26	131	123	43	117	40	51	## Tournée 16
13	74	162	196	8	15	17	159	144	157	107	186	153	32	143	29	119	136	163	## Tournée 17
129	47	83	56	65	60	197	164	155	116	152	173	174	86	## Tournée 18
135	150	126	50	133	98	## Tournée 19
19	177	18	## Tournée 20
113	87	45	## Tournée 21
160	20	## Tournée 22
