65839	## Somme des retards
4294965742	## Temps CPU (millisecondes)
53	68	9	57	76	29	26	15	24	14	86	1	83	78	72	97	74	67	87	75	95	19	30	71	80	50	81	11	96	65	44	59	23	66	56	45	94	48	62	100	77	61	60	89	22	17	85	58	27	69	10	28	63	43	34	12	40	49	82	99	32	64	84	73	98	4	35	36	6	8	91	20	31	39	18	21	7	42	93	46	37	90	16	79	38	55	3	54	88	52	92	13	41	70	2	5	33	25	51	47	## Ordonnancement
19	## Nombre de tournées
1	2	4	1	4	4	4	5	6	7	8	9	12	10	8	6	4	3	2	## Nombre de sites par tournée
53	## Tournée 1
9	68	## Tournée 2
76	26	29	57	## Tournée 3
15	## Tournée 4
1	24	14	86	## Tournée 5
97	72	78	83	## Tournée 6
67	87	74	75	## Tournée 7
71	19	95	80	30	## Tournée 8
11	81	65	44	96	50	## Tournée 9
56	48	45	23	94	66	59	## Tournée 10
17	89	62	22	77	60	61	100	## Tournée 11
43	27	28	63	34	58	85	69	10	## Tournée 12
84	32	64	49	98	99	35	73	82	12	4	40	## Tournée 13
6	31	91	18	36	39	7	8	20	21	## Tournée 14
79	90	38	16	42	46	93	37	## Tournée 15
88	55	3	52	54	92	## Tournée 16
41	2	13	70	## Tournée 17
25	5	33	## Tournée 18
47	51	## Tournée 19
