130528	## Somme des retards
1765	## Temps CPU (millisecondes)
102	153	126	136	129	120	170	104	39	17	96	62	132	78	114	35	43	37	77	151	144	75	182	1	73	38	142	133	45	89	171	26	65	100	16	83	7	186	152	48	174	140	53	156	93	36	178	191	50	27	172	116	108	72	165	19	101	63	9	200	193	190	47	40	34	51	192	59	125	199	127	197	128	173	109	135	168	55	20	177	12	74	97	194	145	106	139	176	113	29	184	105	147	3	8	52	98	188	112	180	14	13	2	18	81	160	95	148	92	115	85	54	68	163	159	61	123	183	58	146	99	137	103	154	32	166	56	161	175	64	181	33	69	143	94	57	10	121	21	189	80	30	6	157	28	187	42	5	179	164	15	76	196	41	122	91	162	79	67	44	138	149	198	46	88	4	185	31	158	82	124	87	134	11	25	117	60	84	22	66	111	130	90	119	24	155	23	131	49	110	86	169	107	141	167	150	195	71	70	118	## Ordonnancement
22	## Nombre de tournées
1	1	2	4	3	4	4	5	6	13	10	13	14	15	19	20	18	15	16	12	3	2	## Nombre de sites par tournée
102	## Tournée 1
153	## Tournée 2
126	136	## Tournée 3
120	170	129	104	## Tournée 4
17	39	96	## Tournée 5
132	62	78	114	## Tournée 6
35	37	77	43	## Tournée 7
144	151	75	182	1	## Tournée 8
73	45	142	38	89	133	## Tournée 9
140	48	186	16	83	174	171	152	100	65	26	7	53	## Tournée 10
156	191	50	116	27	36	178	93	108	172	## Tournée 11
165	193	51	190	200	40	72	34	101	9	47	19	63	## Tournée 12
177	197	192	135	20	199	109	168	127	125	128	173	59	55	## Tournée 13
74	194	184	105	106	145	139	3	12	147	29	97	113	8	176	## Tournée 14
163	188	13	115	112	85	81	92	2	98	148	160	180	14	18	68	54	95	52	## Tournée 15
183	181	154	175	61	146	143	99	32	161	159	166	103	69	33	64	58	123	137	56	## Tournée 16
6	15	157	164	42	30	94	179	80	5	121	28	57	187	21	189	76	10	## Tournée 17
198	79	67	41	88	46	44	185	162	122	196	138	149	4	91	## Tournée 18
84	130	117	90	111	82	60	158	87	11	22	66	25	31	134	124	## Tournée 19
49	167	131	169	107	86	24	23	110	119	141	155	## Tournée 20
150	71	195	## Tournée 21
70	118	## Tournée 22
