125407	## Somme des retards
4294966122	## Temps CPU (millisecondes)
156	37	41	66	3	95	111	5	68	91	181	179	169	102	148	187	38	54	77	105	27	142	132	71	188	178	170	88	76	149	200	104	92	192	125	81	127	199	124	114	58	11	193	90	165	22	134	109	4	172	182	194	55	97	112	12	122	198	72	59	67	36	39	57	80	151	180	6	14	120	49	2	168	185	79	93	176	99	75	161	166	106	30	128	146	171	42	183	189	110	139	44	24	84	48	138	141	62	1	96	25	158	53	145	34	184	23	175	191	16	70	28	35	115	63	31	89	43	10	61	7	130	167	85	73	195	137	147	121	108	69	154	118	101	78	140	51	196	15	117	9	144	52	21	26	94	123	131	40	82	103	46	33	64	100	162	8	29	32	163	174	116	13	74	136	17	119	56	133	157	190	153	107	186	113	155	164	197	129	143	173	86	177	60	135	98	65	83	47	152	150	87	126	159	19	18	45	50	160	20	## Ordonnancement
22	## Nombre de tournées
3	1	4	6	3	6	7	8	10	10	13	14	16	16	19	19	19	10	7	4	3	2	## Nombre de sites par tournée
41	156	37	## Tournée 1
66	## Tournée 2
95	5	111	3	## Tournée 3
102	68	181	169	91	179	## Tournée 4
187	38	148	## Tournée 5
54	77	132	27	105	142	## Tournée 6
149	188	76	170	71	88	178	## Tournée 7
199	92	200	125	104	81	192	127	## Tournée 8
193	90	124	58	109	11	134	165	114	22	## Tournée 9
97	55	12	122	182	198	172	4	194	112	## Tournée 10
36	72	57	6	67	14	80	120	59	151	49	180	39	## Tournée 11
106	166	146	30	128	93	2	185	75	99	168	161	176	79	## Tournée 12
24	183	84	139	141	62	42	25	138	110	96	48	1	171	189	44	## Tournée 13
175	16	23	31	28	70	191	158	115	35	145	184	89	63	34	53	## Tournée 14
154	61	167	10	130	121	195	85	101	69	147	7	140	73	43	118	108	137	78	## Tournée 15
82	64	33	52	46	144	131	123	26	117	40	51	103	100	15	94	9	21	196	## Tournée 16
13	74	56	190	162	8	163	136	174	119	29	17	32	186	153	107	133	157	116	## Tournée 17
129	173	155	60	197	113	164	177	143	86	## Tournée 18
135	47	83	65	150	152	98	## Tournée 19
87	159	126	19	## Tournée 20
50	45	18	## Tournée 21
160	20	## Tournée 22
