110459	## Somme des retards
900	## Temps CPU (millisecondes)
28	84	78	133	14	124	60	114	98	67	10	80	145	42	125	1	12	146	61	4	129	47	119	88	76	126	57	66	144	21	22	62	87	130	142	102	138	70	118	30	11	135	77	116	13	49	39	104	69	52	59	127	90	149	106	134	111	51	97	120	71	27	123	24	58	44	122	45	2	29	56	103	108	40	65	79	136	85	89	147	82	113	54	17	137	150	55	64	75	86	121	140	74	37	8	73	92	41	32	68	132	20	3	139	33	53	91	128	18	23	109	48	95	117	15	107	63	72	93	110	112	99	36	50	83	81	131	31	115	101	6	143	19	141	94	38	105	7	100	26	43	5	34	35	46	16	25	148	9	96	## Ordonnancement
22	## Nombre de tournées
1	2	1	3	2	5	5	5	7	8	7	7	12	12	13	17	13	12	9	5	2	2	## Nombre de sites par tournée
28	## Tournée 1
78	84	## Tournée 2
133	## Tournée 3
14	60	124	## Tournée 4
98	114	## Tournée 5
10	67	80	42	145	## Tournée 6
146	125	61	1	12	## Tournée 7
88	119	4	47	129	## Tournée 8
21	57	66	22	144	76	126	## Tournée 9
142	62	138	87	118	130	102	70	## Tournée 10
135	30	116	77	13	11	49	## Tournée 11
90	69	127	59	104	39	52	## Tournée 12
51	123	149	111	106	134	27	97	120	58	24	71	## Tournée 13
40	79	108	45	29	44	2	56	65	122	136	103	## Tournée 14
82	17	137	64	54	75	113	150	55	89	147	86	85	## Tournée 15
68	140	74	3	53	41	73	139	20	91	92	121	132	8	32	33	37	## Tournée 16
63	117	93	18	110	107	109	48	72	128	95	15	23	## Tournée 17
50	81	99	143	6	31	36	112	115	83	101	131	## Tournée 18
26	7	100	105	38	141	43	19	94	## Tournée 19
16	34	5	35	46	## Tournée 20
148	25	## Tournée 21
96	9	## Tournée 22
