145611	## Somme des retards
710	## Temps CPU (millisecondes)
145	114	30	2	72	105	48	126	94	24	81	129	149	35	116	136	144	22	113	57	6	5	102	31	119	32	45	26	106	69	103	63	10	13	21	20	41	85	87	147	86	78	150	93	120	47	19	44	36	60	66	52	54	108	97	37	46	133	75	50	23	128	67	122	107	123	74	146	89	61	109	4	58	38	101	98	33	14	68	137	104	132	29	83	111	117	56	55	90	96	12	7	88	53	140	148	82	118	99	1	125	127	138	40	70	18	91	73	84	43	95	28	135	49	142	76	80	139	110	11	141	3	34	62	121	112	27	9	79	65	115	8	17	92	77	131	16	134	100	25	71	39	130	143	15	59	42	124	51	64	## Ordonnancement
22	## Nombre de tournées
1	1	2	2	3	3	4	7	5	6	7	4	9	11	14	15	16	16	13	6	3	2	## Nombre de sites par tournée
145	## Tournée 1
114	## Tournée 2
30	2	## Tournée 3
105	72	## Tournée 4
94	126	48	## Tournée 5
24	81	129	## Tournée 6
35	116	136	149	## Tournée 7
57	6	144	22	5	113	102	## Tournée 8
119	31	26	45	32	## Tournée 9
13	63	69	10	103	106	## Tournée 10
21	86	41	147	87	20	85	## Tournée 11
150	93	120	78	## Tournée 12
108	52	60	47	44	54	36	66	19	## Tournée 13
107	122	75	128	133	37	46	67	50	97	23	## Tournée 14
68	101	123	38	4	58	146	98	33	109	14	61	74	89	## Tournée 15
137	12	56	88	132	29	90	53	55	104	96	7	117	83	111	## Tournée 16
73	125	140	148	82	84	18	118	138	43	70	91	99	127	40	1	## Tournée 17
49	95	80	135	142	121	34	141	76	11	28	110	139	3	62	112	## Tournée 18
134	79	9	27	131	100	8	17	65	16	92	115	77	## Tournée 19
71	25	130	15	39	143	## Tournée 20
42	124	59	## Tournée 21
64	51	## Tournée 22
