102465	## Somme des retards
4294965622	## Temps CPU (millisecondes)
77	2	18	14	150	66	16	109	9	41	121	12	17	57	10	141	34	54	98	35	143	63	20	136	82	137	122	96	29	107	138	144	56	11	64	43	86	1	130	42	100	65	33	26	126	25	83	105	90	132	72	85	129	60	21	6	134	131	79	24	112	48	70	67	49	7	95	125	37	99	47	40	92	46	32	146	123	50	28	23	84	147	78	13	135	106	51	62	89	120	116	15	55	5	74	94	101	76	114	8	142	36	61	19	87	30	44	133	113	69	111	102	45	22	145	68	31	53	71	80	118	81	27	108	127	88	4	73	115	104	91	139	59	149	97	3	52	117	128	148	124	103	93	140	110	39	119	58	38	75	## Ordonnancement
25	## Nombre de tournées
1	1	3	3	3	2	3	5	6	7	8	7	10	12	13	14	13	10	11	6	4	3	2	2	1	## Nombre de sites par tournée
77	## Tournée 1
2	## Tournée 2
18	14	150	## Tournée 3
109	66	16	## Tournée 4
9	41	121	## Tournée 5
12	17	## Tournée 6
141	57	10	## Tournée 7
98	34	143	35	54	## Tournée 8
82	63	136	20	137	122	## Tournée 9
29	107	56	138	96	144	11	## Tournée 10
100	65	64	86	43	130	42	1	## Tournée 11
33	90	83	25	126	105	26	## Tournée 12
6	129	85	131	21	79	134	132	72	60	## Tournée 13
99	112	7	125	37	47	70	24	48	67	95	49	## Tournée 14
50	13	92	147	23	78	32	28	84	146	123	40	46	## Tournée 15
5	89	94	62	101	55	116	135	120	76	74	106	51	15	## Tournée 16
87	61	19	142	113	44	30	69	133	114	8	111	36	## Tournée 17
22	45	102	118	145	80	31	71	53	68	## Tournée 18
4	139	104	115	88	127	81	108	91	27	73	## Tournée 19
3	52	59	97	149	117	## Tournée 20
128	124	148	103	## Tournée 21
140	93	110	## Tournée 22
39	119	## Tournée 23
58	38	## Tournée 24
75	## Tournée 25
