58076	## Somme des retards
4294965652	## Temps CPU (millisecondes)
35	72	34	7	94	17	68	48	76	62	20	43	30	74	23	9	55	77	71	93	11	97	86	53	37	28	82	98	84	96	27	39	79	13	3	81	1	45	91	31	92	24	87	57	80	4	32	12	90	40	22	33	36	69	85	51	64	75	50	52	83	10	59	19	88	67	66	60	14	8	44	95	26	16	25	73	15	2	42	61	29	18	63	70	46	38	49	54	89	6	58	56	65	100	78	41	47	21	5	99	## Ordonnancement
18	## Nombre de tournées
1	1	2	2	4	4	4	5	9	8	12	10	10	10	11	4	1	2	## Nombre de sites par tournée
35	## Tournée 1
72	## Tournée 2
7	34	## Tournée 3
17	94	## Tournée 4
68	76	48	62	## Tournée 5
43	20	30	74	## Tournée 6
23	55	9	77	## Tournée 7
86	71	93	97	11	## Tournée 8
82	39	28	84	37	96	98	53	27	## Tournée 9
91	79	81	31	1	13	45	3	## Tournée 10
4	92	87	40	33	32	57	80	22	90	24	12	## Tournée 11
83	36	85	10	69	64	52	75	51	50	## Tournée 12
59	19	66	44	88	14	67	60	8	95	## Tournée 13
15	18	16	73	61	25	29	26	2	42	## Tournée 14
54	6	56	58	70	46	38	89	63	65	49	## Tournée 15
100	78	47	41	## Tournée 16
21	## Tournée 17
99	5	## Tournée 18
