74581	## Somme des retards
1490	## Temps CPU (millisecondes)
50	84	8	56	59	70	69	36	82	16	60	26	76	77	44	3	64	22	88	79	51	91	40	100	52	20	71	39	97	57	96	61	9	17	33	65	29	85	6	62	4	54	13	37	45	94	28	24	19	68	43	2	66	35	72	34	80	75	46	55	78	18	93	30	15	98	10	81	92	83	99	73	38	48	74	7	67	21	58	41	25	63	32	14	12	5	1	47	27	87	53	95	23	86	90	11	89	49	31	42	## Ordonnancement
21	## Nombre de tournées
1	1	2	1	1	1	3	1	3	5	4	5	10	7	7	10	12	11	8	5	2	## Nombre de sites par tournée
50	## Tournée 1
84	## Tournée 2
8	56	## Tournée 3
59	## Tournée 4
70	## Tournée 5
69	## Tournée 6
36	16	82	## Tournée 7
60	## Tournée 8
77	26	76	## Tournée 9
88	22	3	64	44	## Tournée 10
51	40	91	79	## Tournée 11
71	20	52	100	39	## Tournée 12
9	65	96	33	17	57	29	85	97	61	## Tournée 13
45	6	62	4	54	37	13	## Tournée 14
28	68	2	24	19	94	43	## Tournée 15
55	34	72	46	66	35	18	75	78	80	## Tournée 16
92	98	93	15	73	83	10	81	48	99	30	38	## Tournée 17
63	7	67	58	74	41	25	12	21	14	32	## Tournée 18
53	27	87	1	95	23	5	47	## Tournée 19
90	49	11	89	86	## Tournée 20
31	42	## Tournée 21
