129302	## Somme des retards
1305	## Temps CPU (millisecondes)
190	84	168	131	26	138	31	23	185	21	146	101	193	150	109	49	195	6	127	121	37	77	41	62	133	18	175	2	144	166	79	180	1	28	98	8	114	167	48	151	157	169	197	9	92	159	108	97	152	93	53	91	78	88	105	80	81	34	147	96	173	198	107	14	123	171	74	191	176	83	85	182	99	24	104	90	82	33	187	118	38	66	7	113	130	12	179	142	145	103	56	76	155	54	46	116	27	120	128	194	50	51	36	5	196	58	44	184	200	47	15	111	117	135	132	188	87	39	136	125	94	162	65	143	126	122	124	160	52	170	106	68	115	153	141	29	89	177	55	119	67	16	10	189	11	25	22	32	75	72	59	4	112	172	110	164	199	100	45	140	102	158	192	13	3	40	129	69	17	137	156	178	134	165	186	20	71	19	161	86	183	70	35	163	63	30	174	181	60	57	64	43	149	139	73	154	148	61	95	42	## Ordonnancement
24	## Nombre de tournées
2	1	3	3	3	3	5	6	7	7	8	11	12	16	14	16	20	20	18	14	4	4	2	1	## Nombre de sites par tournée
84	190	## Tournée 1
168	## Tournée 2
26	138	131	## Tournée 3
185	23	31	## Tournée 4
21	101	146	## Tournée 5
193	150	109	## Tournée 6
195	127	6	49	121	## Tournée 7
62	18	77	37	41	133	## Tournée 8
144	180	175	166	2	79	1	## Tournée 9
8	167	48	151	114	98	28	## Tournée 10
97	108	197	9	169	159	92	157	## Tournée 11
147	152	78	80	81	91	88	105	93	34	53	## Tournée 12
96	83	14	107	85	176	171	123	74	198	191	173	## Tournée 13
12	182	33	7	90	130	187	104	99	82	179	66	118	38	24	113	## Tournée 14
142	103	54	145	50	56	27	155	120	46	128	76	116	194	## Tournée 15
5	58	188	15	87	111	36	44	196	117	47	200	132	184	51	135	## Tournée 16
52	39	136	125	143	126	153	162	65	94	141	122	29	170	106	68	160	115	89	124	## Tournée 17
172	59	177	189	4	67	32	119	75	112	11	199	10	72	164	110	22	16	55	25	## Tournée 18
17	129	137	3	192	156	102	40	69	178	158	13	100	186	45	165	140	134	## Tournée 19
71	161	63	19	30	183	60	86	163	35	70	174	20	181	## Tournée 20
57	64	149	43	## Tournée 21
73	148	139	154	## Tournée 22
61	95	## Tournée 23
42	## Tournée 24
