27295	## Somme des retards
1780	## Temps CPU (millisecondes)
58	67	83	42	10	11	64	17	96	90	57	95	37	19	12	68	26	81	86	78	66	40	82	100	71	41	44	24	70	39	50	7	9	31	4	30	53	98	84	48	46	1	18	77	54	8	5	29	87	27	20	91	94	62	21	49	85	93	99	22	73	60	88	43	34	13	23	63	72	6	14	65	55	52	76	79	38	3	51	33	47	2	80	59	92	69	35	61	16	89	75	28	15	56	36	25	74	32	97	45	## Ordonnancement
17	## Nombre de tournées
1	3	1	4	8	8	7	10	9	10	11	10	7	5	3	2	1	## Nombre de sites par tournée
58	## Tournée 1
67	42	83	## Tournée 2
10	## Tournée 3
11	96	17	64	## Tournée 4
90	57	19	12	37	68	95	26	## Tournée 5
100	86	40	82	71	66	81	78	## Tournée 6
41	44	50	39	24	70	7	## Tournée 7
48	98	4	30	31	84	46	9	1	53	## Tournée 8
8	18	20	54	27	87	77	29	5	## Tournée 9
94	99	62	73	93	49	22	91	85	21	## Tournée 10
34	60	23	13	14	88	6	65	72	63	43	## Tournée 11
2	76	79	38	51	52	33	55	47	3	## Tournée 12
35	61	69	80	59	92	16	## Tournée 13
15	89	56	75	28	## Tournée 14
25	36	74	## Tournée 15
32	97	## Tournée 16
45	## Tournée 17
