115083	## Somme des retards
1665	## Temps CPU (millisecondes)
132	130	197	117	244	75	124	122	226	239	154	113	71	97	164	80	250	203	166	58	236	6	208	25	213	70	77	9	238	233	22	26	156	56	66	134	53	127	100	20	92	91	221	7	181	67	82	196	63	220	150	31	98	120	101	94	228	139	28	245	137	55	89	237	205	160	249	84	179	93	167	47	210	223	34	96	10	149	195	219	72	173	33	43	106	85	175	18	158	40	140	229	206	215	141	224	16	131	64	32	153	184	81	200	202	190	60	186	135	90	189	143	1	59	151	180	242	42	214	128	24	13	218	198	169	121	5	79	187	201	182	230	144	105	142	165	86	126	162	99	234	248	125	207	41	8	185	171	37	95	216	57	112	146	83	68	11	217	62	69	212	193	115	194	148	192	73	111	103	209	222	102	2	246	232	50	172	61	225	188	138	27	161	46	155	4	243	231	116	48	38	235	49	145	123	23	35	163	30	157	136	14	17	129	118	177	65	240	45	191	76	107	29	241	19	12	247	110	88	183	39	87	178	170	133	78	199	159	36	174	114	227	152	52	109	15	104	51	168	119	176	44	3	211	54	108	21	147	204	74	## Ordonnancement
26	## Nombre de tournées
1	3	1	1	2	3	5	6	11	13	12	16	17	19	20	22	22	23	16	14	8	5	5	2	2	1	## Nombre de sites par tournée
132	## Tournée 1
197	117	130	## Tournée 2
244	## Tournée 3
75	## Tournée 4
122	124	## Tournée 5
154	239	226	## Tournée 6
97	113	164	71	80	## Tournée 7
166	6	58	203	236	250	## Tournée 8
26	9	77	70	25	233	22	208	238	156	213	## Tournée 9
66	7	92	100	67	91	53	134	181	56	20	127	221	## Tournée 10
220	82	196	94	63	228	150	139	31	101	120	98	## Tournée 11
55	237	245	28	179	84	167	210	249	205	89	137	160	223	47	93	## Tournée 12
34	18	158	43	175	195	33	173	140	10	149	219	106	72	85	40	96	## Tournée 13
200	190	153	186	32	141	131	90	81	229	215	184	64	202	206	224	135	16	60	## Tournée 14
42	187	198	143	79	24	13	201	218	59	5	214	151	121	1	180	189	169	242	128	## Tournée 15
37	234	182	171	216	185	95	230	162	8	125	144	207	41	86	142	57	126	99	248	105	165	## Tournée 16
62	217	102	112	222	103	73	111	212	148	209	2	115	146	83	11	68	246	192	69	194	193	## Tournée 17
35	155	46	188	161	27	49	235	50	61	231	23	38	123	138	116	4	243	48	225	145	172	232	## Tournée 18
45	118	107	17	157	76	29	163	14	65	191	177	30	136	240	129	## Tournée 19
183	178	19	133	39	170	247	88	87	110	78	12	199	241	## Tournée 20
109	52	36	114	227	152	174	159	## Tournée 21
119	104	51	15	168	## Tournée 22
54	3	211	44	176	## Tournée 23
21	108	## Tournée 24
204	147	## Tournée 25
74	## Tournée 26
