179565	## Somme des retards
1550	## Temps CPU (millisecondes)
196	274	104	126	13	22	124	51	182	223	168	199	50	254	230	262	43	151	99	123	287	226	190	153	282	293	187	251	264	278	105	75	37	23	292	277	209	41	252	227	208	155	109	98	85	156	127	300	80	177	276	112	88	78	141	178	134	3	161	106	137	122	33	128	139	11	154	224	229	107	49	136	61	205	218	228	204	201	159	221	288	164	63	142	220	68	144	180	87	10	84	2	8	94	231	9	170	77	57	163	83	4	165	26	215	130	59	70	271	171	211	92	234	25	18	289	191	176	174	27	210	232	167	12	250	162	5	158	263	44	35	239	212	74	259	90	160	58	157	54	36	297	169	194	147	40	286	103	188	185	45	30	295	193	55	146	198	117	121	111	60	119	270	89	31	97	281	219	257	217	42	255	213	34	69	189	64	249	149	21	268	233	241	82	115	91	294	256	96	38	125	237	53	52	28	1	101	118	267	143	298	299	140	203	266	62	175	296	184	172	138	202	120	15	114	66	235	216	195	113	179	290	166	247	100	192	207	46	148	243	245	197	102	258	291	269	150	236	20	265	173	133	116	225	81	283	242	279	76	272	222	56	280	32	186	132	86	73	95	79	183	273	248	129	152	72	145	275	39	135	29	93	200	214	19	24	244	14	181	261	253	16	48	71	6	238	260	110	246	47	7	108	240	131	65	17	206	284	285	67	## Ordonnancement
23	## Nombre de tournées
2	3	3	4	2	6	7	7	7	10	12	14	13	17	20	21	20	29	23	30	26	22	2	## Nombre de sites par tournée
274	196	## Tournée 1
126	13	104	## Tournée 2
124	22	51	## Tournée 3
168	182	199	223	## Tournée 4
50	254	## Tournée 5
99	151	43	262	123	230	## Tournée 6
190	153	287	293	187	226	282	## Tournée 7
75	37	23	105	264	251	278	## Tournée 8
277	209	41	252	292	227	208	## Tournée 9
276	155	156	98	127	109	80	177	85	300	## Tournée 10
137	106	33	112	122	78	3	161	134	88	178	141	## Tournée 11
228	205	204	218	229	128	11	154	61	224	139	136	107	49	## Tournée 12
201	10	63	288	159	220	144	142	180	68	164	87	221	## Tournée 13
57	163	130	9	8	165	2	83	59	170	231	215	4	26	94	84	77	## Tournée 14
234	289	5	12	174	27	210	18	167	191	25	171	162	271	211	92	250	232	176	70	## Tournée 15
297	239	157	54	212	44	36	263	74	35	147	259	169	40	90	58	286	194	160	103	158	## Tournée 16
188	31	295	30	185	117	219	146	121	281	55	97	198	89	45	270	193	60	119	111	## Tournée 17
53	149	233	96	255	82	294	189	125	268	69	64	28	52	101	217	249	115	237	91	34	21	257	256	241	213	38	42	1	## Tournée 18
184	66	143	62	202	15	120	140	266	267	114	298	138	235	216	203	299	195	113	172	296	118	175	## Tournée 19
102	197	283	81	192	207	20	245	166	290	148	46	179	225	100	76	150	265	242	243	269	291	247	173	279	116	133	258	236	272	## Tournée 20
248	186	132	95	129	135	145	214	86	29	73	152	183	32	24	93	275	79	280	200	56	72	222	19	39	273	## Tournée 21
240	131	71	14	253	110	16	238	261	246	17	48	7	47	206	260	284	6	181	244	108	65	## Tournée 22
285	67	## Tournée 23
