95265	## Somme des retards
4294966142	## Temps CPU (millisecondes)
28	64	125	15	183	10	161	126	84	25	165	19	185	45	196	56	144	36	129	70	76	170	176	77	180	199	21	111	163	48	102	143	117	103	50	172	137	157	110	147	105	156	168	107	53	23	78	81	12	112	61	40	47	152	113	2	127	11	75	89	26	177	120	39	118	108	35	187	37	62	188	178	200	13	41	73	155	181	9	151	91	60	99	44	101	54	92	169	162	148	83	87	96	149	69	158	135	68	82	104	159	93	193	6	67	14	141	38	90	30	189	130	65	171	52	42	182	55	46	109	115	66	34	49	8	22	184	32	94	146	138	119	86	142	1	63	194	136	150	116	139	160	17	16	192	124	154	131	20	140	164	175	133	29	4	121	128	79	80	114	58	179	186	88	195	153	197	166	7	43	134	51	27	191	132	174	3	72	59	98	145	198	31	173	167	123	95	18	85	100	106	190	5	97	33	24	74	71	57	122	## Ordonnancement
22	## Nombre de tournées
2	3	3	4	4	4	4	8	8	10	10	11	15	13	16	21	23	14	14	6	5	2	## Nombre de sites par tournée
64	28	## Tournée 1
125	15	183	## Tournée 2
10	161	126	## Tournée 3
84	25	165	19	## Tournée 4
45	185	196	56	## Tournée 5
36	70	144	129	## Tournée 6
176	77	170	76	## Tournée 7
199	102	163	111	143	21	180	48	## Tournée 8
117	50	137	103	147	157	110	172	## Tournée 9
78	23	107	12	168	105	81	112	156	53	## Tournée 10
47	152	75	2	11	40	127	61	89	113	## Tournée 11
37	39	118	62	108	177	120	187	35	26	188	## Tournée 12
101	151	73	13	178	44	200	181	99	60	91	54	9	155	41	## Tournée 13
92	83	87	135	149	69	162	169	82	68	158	148	96	## Tournée 14
141	104	189	130	67	93	159	90	14	30	52	65	6	38	193	171	## Tournée 15
8	119	42	142	55	182	115	94	66	184	34	63	49	46	146	22	109	32	138	1	86	## Tournée 16
79	80	140	16	128	4	20	133	150	124	131	17	139	164	29	116	121	154	175	160	194	192	136	## Tournée 17
51	88	179	27	186	7	114	153	195	197	58	43	134	166	## Tournée 18
98	167	31	132	198	3	145	173	174	191	72	123	95	59	## Tournée 19
18	85	190	106	100	5	## Tournée 20
24	33	71	74	97	## Tournée 21
122	57	## Tournée 22
