28912	## Somme des retards
1710	## Temps CPU (millisecondes)
13	37	48	5	67	79	47	38	14	56	65	69	9	78	57	46	33	99	61	50	31	44	27	63	76	49	17	87	20	41	64	80	88	55	73	96	51	11	45	21	66	19	81	54	28	100	90	23	74	3	4	43	15	84	32	92	71	26	6	12	89	10	1	34	52	58	35	22	8	30	72	40	24	75	62	53	36	85	25	18	68	97	95	59	94	16	86	7	29	39	42	98	70	83	82	60	77	93	2	91	## Ordonnancement
18	## Nombre de tournées
1	3	2	4	3	4	6	8	11	8	10	11	11	10	4	2	1	1	## Nombre de sites par tournée
13	## Tournée 1
37	5	48	## Tournée 2
67	79	## Tournée 3
56	47	38	14	## Tournée 4
65	69	9	## Tournée 5
57	78	33	46	## Tournée 6
50	27	61	31	99	44	## Tournée 7
87	17	20	49	76	41	64	63	## Tournée 8
21	96	88	11	55	51	73	80	66	45	19	## Tournée 9
81	3	28	74	23	54	100	90	## Tournée 10
15	4	26	92	12	84	43	71	6	32	## Tournée 11
89	58	1	52	35	34	30	22	10	8	72	## Tournée 12
36	85	53	62	25	97	18	75	68	24	40	## Tournée 13
16	39	7	86	42	59	94	29	98	95	## Tournée 14
70	83	60	82	## Tournée 15
77	93	## Tournée 16
2	## Tournée 17
91	## Tournée 18
