48438	## Somme des retards
4294965292	## Temps CPU (millisecondes)
205	37	29	129	213	88	160	53	50	207	71	79	204	212	228	134	171	102	226	124	196	43	172	76	47	151	128	140	146	200	101	223	38	11	173	30	81	132	169	98	206	94	68	158	13	166	126	231	147	161	49	125	229	162	42	35	152	210	238	175	119	164	176	149	153	107	103	216	16	227	104	72	235	27	135	48	121	143	7	19	55	159	34	40	89	199	73	51	209	215	246	75	54	6	2	36	74	211	156	14	225	122	243	163	31	83	190	57	248	133	155	232	179	198	67	64	41	25	97	203	62	84	193	118	154	33	21	197	181	142	178	93	65	145	183	189	117	1	111	245	230	150	137	61	78	23	116	234	233	18	77	112	4	12	237	249	217	95	99	92	127	239	131	39	115	139	208	96	250	236	63	66	224	100	240	56	108	120	138	70	168	17	80	86	113	241	130	186	165	170	59	191	22	44	201	60	247	219	214	180	91	85	32	8	20	144	192	69	28	24	46	52	218	195	109	188	110	148	141	244	26	242	174	105	58	182	187	5	15	3	45	9	10	106	136	220	202	87	157	82	222	184	185	221	90	123	114	167	177	194	## Ordonnancement
23	## Nombre de tournées
2	2	4	7	6	8	9	10	14	13	14	15	17	19	19	22	21	20	13	6	4	3	2	## Nombre de sites par tournée
205	37	## Tournée 1
129	29	## Tournée 2
160	213	53	88	## Tournée 3
79	50	71	204	212	228	207	## Tournée 4
226	134	102	171	196	124	## Tournée 5
140	43	146	151	76	128	172	47	## Tournée 6
173	30	38	11	101	200	81	132	223	## Tournée 7
98	68	126	158	231	169	206	166	94	13	## Tournée 8
119	162	238	147	164	152	229	49	125	42	175	210	35	161	## Tournée 9
107	227	149	72	176	216	103	153	27	104	235	135	16	## Tournée 10
209	143	55	51	199	34	7	19	121	89	48	40	159	73	## Tournée 11
215	2	6	14	246	243	74	36	54	156	225	211	75	122	163	## Tournée 12
155	41	57	190	179	232	83	198	64	67	133	97	248	25	62	31	203	## Tournée 13
21	65	93	197	1	117	118	142	33	178	183	181	245	84	145	193	111	154	189	## Tournée 14
18	78	61	12	4	150	233	217	230	237	249	23	77	95	137	116	112	99	234	## Tournée 15
115	139	70	208	131	236	120	127	240	138	63	39	56	250	168	108	239	96	100	92	66	224	## Tournée 16
201	60	241	80	214	91	191	130	44	180	170	247	86	113	219	85	59	17	186	22	165	## Tournée 17
69	8	192	46	28	242	20	218	26	52	244	110	144	24	109	188	141	148	195	32	## Tournée 18
58	9	15	10	136	5	45	174	3	106	182	105	187	## Tournée 19
157	82	220	222	202	87	## Tournée 20
184	90	185	221	## Tournée 21
123	114	167	## Tournée 22
177	194	## Tournée 23
