81576	## Somme des retards
4294966087	## Temps CPU (millisecondes)
147	101	81	54	57	118	143	198	166	127	86	102	150	93	24	25	33	37	6	128	134	76	69	123	65	164	90	29	135	1	94	132	13	148	73	52	165	182	39	74	19	64	55	88	172	187	3	49	89	154	157	67	108	21	31	195	179	112	115	92	77	68	9	105	142	180	96	18	110	75	42	98	126	47	114	161	111	107	83	14	43	155	27	53	59	84	11	41	8	141	40	32	160	120	72	145	152	183	103	192	158	17	23	16	133	38	129	199	177	194	173	36	20	80	50	113	181	4	140	78	61	100	149	151	156	191	109	193	48	176	184	66	122	190	12	130	200	82	63	119	91	44	169	46	138	28	146	2	79	97	163	196	136	139	131	167	144	178	174	5	71	159	106	185	197	95	189	153	171	125	87	186	168	62	70	121	104	162	15	56	7	117	85	22	99	170	188	116	30	45	124	26	34	58	10	175	51	35	60	137	## Ordonnancement
25	## Nombre de tournées
2	2	4	3	6	6	10	8	8	11	10	14	13	16	16	16	13	12	14	7	3	2	2	1	1	## Nombre de sites par tournée
147	101	## Tournée 1
54	81	## Tournée 2
143	198	118	57	## Tournée 3
166	86	127	## Tournée 4
102	33	24	93	25	150	## Tournée 5
134	76	37	6	69	128	## Tournée 6
135	29	94	65	1	90	132	164	13	123	## Tournée 7
148	73	182	52	39	74	19	165	## Tournée 8
3	172	49	187	88	89	55	64	## Tournée 9
108	195	179	21	31	92	157	112	67	115	154	## Tournée 10
110	96	180	18	68	9	105	77	142	75	## Tournée 11
47	107	42	14	161	83	126	155	43	98	27	53	111	114	## Tournée 12
84	40	11	160	141	120	32	72	8	145	152	59	41	## Tournée 13
194	38	17	192	133	16	36	177	183	173	158	103	199	129	20	23	## Tournée 14
78	151	156	61	191	50	109	100	80	181	4	193	149	140	48	113	## Tournée 15
46	190	119	12	91	122	82	130	169	184	44	138	176	63	200	66	## Tournée 16
2	28	167	131	163	79	97	196	144	136	178	139	146	## Tournée 17
197	185	153	71	159	95	5	189	106	171	174	125	## Tournée 18
117	162	87	62	22	56	104	85	15	70	186	7	121	168	## Tournée 19
30	99	188	170	116	124	45	## Tournée 20
34	58	26	## Tournée 21
10	175	## Tournée 22
35	51	## Tournée 23
60	## Tournée 24
137	## Tournée 25
