219211	## Somme des retards
4294966392	## Temps CPU (millisecondes)
58	197	30	147	66	184	39	152	137	97	126	98	17	64	20	249	81	7	9	242	172	138	165	110	204	76	175	227	79	180	178	239	188	87	211	151	220	62	16	35	171	185	53	230	31	34	128	156	32	111	162	13	193	95	234	207	170	102	163	93	141	225	73	10	195	6	119	208	59	24	224	206	25	201	134	14	45	99	245	112	104	84	136	205	117	54	88	44	29	209	72	158	221	69	200	146	67	219	22	92	176	189	144	169	114	210	166	78	181	15	55	107	223	187	142	11	216	233	4	121	5	215	202	229	52	217	61	214	237	50	47	125	23	238	160	40	248	49	91	132	86	236	145	159	143	57	43	177	123	3	60	247	94	199	70	18	183	124	222	164	38	33	191	167	127	192	241	130	140	168	106	213	63	182	65	116	231	46	135	173	90	133	105	82	8	153	131	194	51	190	129	28	212	56	157	12	243	179	139	155	150	196	203	85	240	250	41	26	232	100	109	174	103	161	68	1	89	149	235	101	120	148	154	77	83	113	115	186	2	74	96	27	75	122	228	48	42	19	198	246	80	108	71	118	37	21	36	226	218	244	## Ordonnancement
27	## Nombre de tournées
1	2	2	3	4	4	5	6	10	10	11	13	12	17	14	20	16	22	18	20	14	9	7	4	3	2	1	## Nombre de sites par tournée
58	## Tournée 1
197	30	## Tournée 2
66	147	## Tournée 3
184	39	152	## Tournée 4
137	98	126	97	## Tournée 5
17	249	20	64	## Tournée 6
242	9	172	81	7	## Tournée 7
175	204	165	110	76	138	## Tournée 8
79	227	151	239	188	211	220	178	87	180	## Tournée 9
62	31	128	34	185	35	53	16	230	171	## Tournée 10
193	102	156	32	95	207	111	234	170	13	162	## Tournée 11
195	141	224	24	93	208	10	163	119	6	59	73	225	## Tournée 12
25	134	104	136	112	206	14	99	84	245	45	201	## Tournée 13
200	72	221	69	29	205	44	88	219	209	117	158	146	22	92	54	67	## Tournée 14
114	223	55	78	181	210	187	15	189	176	107	169	166	144	## Tournée 15
11	237	229	238	233	214	61	217	47	52	23	50	215	4	125	202	216	5	121	142	## Tournée 16
49	159	123	86	3	143	145	177	91	40	43	248	236	132	160	57	## Tournée 17
192	222	124	199	168	18	60	94	183	70	191	106	247	38	130	127	167	140	164	213	241	33	## Tournée 18
46	90	194	190	135	231	105	65	51	153	133	8	82	182	63	116	173	131	## Tournée 19
26	41	203	155	243	179	139	232	250	129	212	150	56	28	157	85	100	12	240	196	## Tournée 20
109	149	174	101	154	235	120	89	148	1	77	68	103	161	## Tournée 21
2	74	75	113	27	186	83	96	115	## Tournée 22
42	19	228	198	122	246	48	## Tournée 23
80	108	71	118	## Tournée 24
21	37	36	## Tournée 25
218	226	## Tournée 26
244	## Tournée 27
