65861	## Somme des retards
4294965657	## Temps CPU (millisecondes)
80	65	107	181	106	177	15	115	5	180	25	61	42	100	94	162	40	189	154	190	55	98	34	76	160	45	172	47	6	182	52	93	120	112	169	191	75	30	28	91	56	82	151	143	157	99	194	10	147	59	41	102	43	70	149	86	128	105	114	125	89	159	164	31	29	183	1	145	155	117	104	96	170	176	195	129	88	171	83	122	97	22	37	144	27	173	124	193	72	179	116	108	127	63	168	13	150	184	38	137	48	18	51	121	62	109	187	146	185	9	118	163	66	196	198	119	123	131	50	175	20	12	73	7	81	130	46	26	14	134	138	74	53	64	148	84	186	132	92	158	141	103	126	79	68	136	3	139	60	2	58	152	153	166	44	36	197	4	32	24	77	142	161	8	188	33	39	90	111	101	69	200	95	21	85	113	35	135	133	178	23	110	165	17	11	71	87	174	140	54	192	156	57	167	16	199	49	19	67	78	## Ordonnancement
25	## Nombre de tournées
1	1	5	6	6	7	4	7	10	8	9	8	16	13	15	15	17	12	12	11	7	4	3	2	1	## Nombre de sites par tournée
80	## Tournée 1
65	## Tournée 2
107	106	181	15	177	## Tournée 3
61	25	180	5	115	42	## Tournée 4
189	100	40	94	162	154	## Tournée 5
160	55	98	34	190	76	45	## Tournée 6
6	172	47	182	## Tournée 7
112	120	75	52	93	191	169	## Tournée 8
151	56	99	157	194	30	143	28	82	91	## Tournée 9
102	59	149	70	41	147	43	10	## Tournée 10
128	105	164	89	125	31	159	114	86	## Tournée 11
183	29	104	96	1	117	155	145	## Tournée 12
122	195	83	176	37	171	193	124	22	88	170	97	173	129	144	27	## Tournée 13
13	108	137	116	72	127	184	168	179	63	150	38	48	## Tournée 14
109	119	185	187	198	18	9	51	121	146	66	163	62	118	196	## Tournée 15
20	46	73	123	12	175	131	130	7	138	50	134	14	81	26	## Tournée 16
148	132	92	136	158	74	141	68	64	53	126	139	186	3	79	84	103	## Tournée 17
153	2	44	152	197	166	36	60	32	58	4	24	## Tournée 18
33	200	161	101	39	142	188	90	69	77	8	111	## Tournée 19
178	21	113	135	133	85	95	35	165	23	110	## Tournée 20
174	54	71	140	11	87	17	## Tournée 21
192	156	167	57	## Tournée 22
199	49	16	## Tournée 23
67	19	## Tournée 24
78	## Tournée 25
