20051	## Somme des retards
4294965817	## Temps CPU (millisecondes)
115	5	52	76	138	16	48	79	142	132	32	20	147	78	82	143	105	118	29	13	58	150	70	129	10	21	85	26	69	3	101	4	55	107	126	54	86	111	43	117	38	30	139	22	65	53	77	56	34	33	83	37	93	66	19	62	27	97	39	44	145	125	114	42	110	121	102	95	123	128	28	89	104	87	8	72	130	24	144	149	103	100	36	75	6	49	98	96	119	31	140	11	133	127	137	57	106	109	35	113	64	40	148	134	45	94	88	17	131	120	2	146	12	73	67	59	63	122	68	60	116	51	81	112	47	1	90	18	71	74	25	23	46	91	136	108	84	99	124	61	41	9	141	14	80	92	15	50	7	135	## Ordonnancement
21	## Nombre de tournées
1	1	1	2	3	5	4	9	7	8	9	15	14	16	15	15	12	6	4	2	1	## Nombre de sites par tournée
115	## Tournée 1
5	## Tournée 2
52	## Tournée 3
76	138	## Tournée 4
16	79	48	## Tournée 5
142	147	132	20	32	## Tournée 6
82	105	143	78	## Tournée 7
29	13	70	118	10	21	150	129	58	## Tournée 8
55	85	26	69	101	4	3	## Tournée 9
38	86	126	107	43	54	117	111	## Tournée 10
56	22	139	65	34	33	77	53	30	## Tournée 11
125	19	83	42	97	27	110	93	37	114	44	39	145	62	66	## Tournée 12
95	144	130	72	28	104	121	24	89	128	102	123	8	87	## Tournée 13
137	127	103	75	140	149	119	11	49	98	6	100	31	133	96	36	## Tournée 14
57	64	120	35	45	40	88	134	106	109	131	148	113	17	94	## Tournée 15
81	67	51	47	60	112	146	12	73	59	116	2	68	63	122	## Tournée 16
136	18	46	25	74	91	23	1	108	84	90	71	## Tournée 17
41	9	141	99	61	124	## Tournée 18
80	15	14	92	## Tournée 19
7	50	## Tournée 20
135	## Tournée 21
