112687	## Somme des retards
4294965577	## Temps CPU (millisecondes)
132	130	197	117	75	244	226	124	122	164	239	71	154	113	97	80	250	203	166	58	236	6	208	25	213	70	77	9	238	233	22	26	156	67	56	53	127	181	100	20	92	91	221	7	66	82	196	63	134	31	98	150	120	220	94	228	139	140	28	47	167	84	249	237	205	160	55	89	101	137	179	93	245	40	223	90	34	18	149	219	72	173	43	195	106	175	85	10	96	158	210	206	215	1	200	184	131	64	32	153	33	16	81	224	229	60	141	202	190	186	135	189	143	5	59	151	180	242	42	214	128	24	13	218	198	169	121	105	79	187	201	182	230	95	207	248	99	126	162	194	234	125	86	41	185	8	171	216	57	246	146	112	144	37	83	111	73	212	193	188	69	62	148	217	192	11	209	68	103	165	222	142	102	23	2	50	49	243	138	155	4	177	48	231	116	38	235	191	61	145	172	107	123	35	29	241	157	136	14	161	115	225	46	147	129	227	118	65	240	170	76	30	163	232	19	87	247	27	152	174	204	183	39	12	178	45	133	78	199	159	36	104	3	168	119	54	109	15	114	44	110	52	176	51	21	88	211	17	108	74	## Ordonnancement
25	## Nombre de tournées
1	3	2	3	4	4	5	11	12	12	18	16	20	20	19	25	19	19	16	8	5	3	2	2	1	## Nombre de sites par tournée
132	## Tournée 1
197	117	130	## Tournée 2
244	75	## Tournée 3
122	226	124	## Tournée 4
71	164	154	239	## Tournée 5
97	113	250	80	## Tournée 6
166	6	58	203	236	## Tournée 7
26	9	77	70	25	233	22	208	238	156	213	## Tournée 8
66	7	92	100	67	91	53	181	56	20	127	221	## Tournée 9
220	82	196	94	63	134	228	150	139	31	98	120	## Tournée 10
55	237	245	101	179	28	84	167	249	140	205	89	137	160	223	40	47	93	## Tournée 11
34	18	158	43	175	195	149	10	173	210	90	72	85	106	219	96	## Tournée 12
200	190	153	186	32	141	1	131	64	202	206	33	16	135	224	81	229	215	184	60	## Tournée 13
42	187	198	143	79	24	13	105	218	5	59	214	151	121	180	189	169	242	201	128	## Tournée 14
234	182	171	216	185	95	230	246	162	8	125	248	86	207	41	57	126	99	194	## Tournée 15
37	62	217	102	112	188	103	73	111	212	148	23	69	165	193	222	209	2	142	146	83	11	68	144	192	## Tournée 16
35	155	107	243	48	4	145	116	61	50	231	38	123	191	177	138	235	49	172	## Tournée 17
161	118	46	170	29	163	65	14	241	147	76	115	240	129	225	157	227	136	30	## Tournée 18
183	45	19	178	133	204	39	27	247	87	152	174	78	12	199	232	## Tournée 19
109	54	119	104	3	36	159	168	## Tournée 20
52	114	44	110	15	## Tournée 21
21	176	51	## Tournée 22
88	211	## Tournée 23
17	108	## Tournée 24
74	## Tournée 25
