26868	## Somme des retards
1720	## Temps CPU (millisecondes)
78	76	72	20	89	49	28	88	55	46	31	40	24	10	81	56	47	27	73	35	82	41	99	9	86	64	33	43	58	75	95	92	52	15	54	1	5	91	83	63	100	3	2	67	22	17	66	80	90	42	61	94	57	62	87	60	18	53	74	44	93	16	19	4	8	45	69	77	51	71	13	68	29	79	32	48	14	21	39	97	6	26	65	84	85	11	37	50	96	23	36	59	98	12	34	7	70	25	30	38	## Ordonnancement
18	## Nombre de tournées
1	2	4	5	4	6	6	6	5	13	12	10	9	8	3	3	2	1	## Nombre de sites par tournée
78	## Tournée 1
72	76	## Tournée 2
49	28	89	20	## Tournée 3
88	46	31	55	40	## Tournée 4
10	56	81	24	## Tournée 5
35	73	27	82	41	47	## Tournée 6
64	99	9	33	86	43	## Tournée 7
92	75	15	95	52	58	## Tournée 8
83	54	91	5	1	## Tournée 9
61	67	90	2	66	17	80	3	94	22	42	100	63	## Tournée 10
19	16	18	74	57	4	62	60	93	87	53	44	## Tournée 11
77	79	51	8	45	13	71	68	29	69	## Tournée 12
32	48	26	6	65	21	39	97	14	## Tournée 13
85	96	36	11	23	50	37	84	## Tournée 14
98	59	12	## Tournée 15
7	34	70	## Tournée 16
25	30	## Tournée 17
38	## Tournée 18
