101592	## Somme des retards
4294966277	## Temps CPU (millisecondes)
55	49	103	122	35	148	128	25	121	69	129	89	3	26	137	91	142	40	43	66	36	115	10	144	110	71	65	102	140	39	118	74	13	37	106	53	20	119	62	27	12	28	112	1	50	78	93	47	11	95	143	127	72	54	32	5	105	7	99	44	42	109	131	52	146	2	126	125	68	113	64	133	51	15	29	14	81	94	70	116	33	141	67	96	134	111	57	4	61	24	97	45	150	124	21	130	59	86	73	132	149	9	100	88	145	34	8	6	108	19	76	85	17	120	60	83	48	22	104	18	80	139	107	90	135	63	16	101	84	58	123	138	30	79	75	98	46	114	87	56	23	117	31	92	82	77	38	41	136	147	## Ordonnancement
21	## Nombre de tournées
2	3	5	4	5	5	6	6	7	9	12	10	8	16	15	12	10	8	3	2	2	## Nombre de sites par tournée
55	49	## Tournée 1
35	122	103	## Tournée 2
128	148	25	69	121	## Tournée 3
129	26	89	3	## Tournée 4
142	91	40	137	43	## Tournée 5
10	144	36	115	66	## Tournée 6
110	65	71	39	102	140	## Tournée 7
74	37	13	53	118	106	## Tournée 8
112	12	20	62	119	27	28	## Tournée 9
143	127	1	95	11	50	78	47	93	## Tournée 10
7	44	99	54	42	131	72	109	105	5	52	32	## Tournée 11
146	126	15	51	113	68	64	2	125	133	## Tournée 12
33	70	29	116	141	14	81	94	## Tournée 13
4	111	24	86	61	134	150	97	124	45	59	96	130	57	21	67	## Tournée 14
132	19	85	88	145	9	8	34	76	100	108	17	73	6	149	## Tournée 15
22	107	90	18	139	48	80	135	104	83	60	120	## Tournée 16
16	123	138	58	79	101	75	30	63	84	## Tournée 17
114	87	117	23	56	31	46	98	## Tournée 18
82	77	92	## Tournée 19
41	38	## Tournée 20
147	136	## Tournée 21
