40115	## Somme des retards
4294965747	## Temps CPU (millisecondes)
3	36	135	119	22	150	145	28	148	42	181	157	5	32	131	172	124	160	98	117	186	61	175	103	68	76	1	65	24	167	136	37	33	138	39	67	79	178	58	152	16	106	8	129	99	197	19	21	45	13	78	94	20	50	128	84	86	154	192	158	80	43	142	107	104	49	114	196	179	182	187	166	109	162	125	46	57	121	64	199	141	60	14	176	74	139	190	101	69	163	38	97	96	189	155	118	132	116	111	75	62	52	174	185	70	18	137	92	15	77	191	95	171	23	54	105	170	11	26	173	44	115	55	91	31	153	122	188	2	156	164	10	168	194	73	108	177	169	30	133	87	146	110	48	35	126	40	140	198	29	53	17	200	100	27	82	123	127	41	88	51	134	184	180	85	72	165	193	6	120	63	71	56	66	143	12	144	83	93	89	130	159	9	4	7	149	195	161	34	147	90	102	81	113	59	183	112	25	47	151	## Ordonnancement
23	## Nombre de tournées
1	2	1	4	5	5	7	7	12	9	11	16	17	17	19	12	17	14	9	8	4	2	1	## Nombre de sites par tournée
3	## Tournée 1
36	135	## Tournée 2
119	## Tournée 3
145	22	150	28	## Tournée 4
157	5	42	181	148	## Tournée 5
131	160	32	172	124	## Tournée 6
68	117	186	98	175	103	61	## Tournée 7
136	24	167	76	65	37	1	## Tournée 8
16	79	58	106	178	129	39	152	138	8	67	33	## Tournée 9
21	45	197	99	19	78	20	13	94	## Tournée 10
128	107	154	158	80	86	43	142	50	84	192	## Tournée 11
46	109	104	121	187	162	114	196	125	182	49	166	64	179	199	57	## Tournée 12
141	189	139	190	97	118	38	155	132	14	176	163	74	96	101	69	60	## Tournée 13
18	70	116	95	137	111	52	62	92	75	23	174	191	77	171	185	15	## Tournée 14
2	156	44	11	105	31	115	168	122	153	173	55	188	10	26	91	170	164	54	## Tournée 15
146	169	30	177	108	73	133	87	110	35	48	194	## Tournée 16
123	53	140	200	41	27	51	198	126	134	127	29	82	100	88	40	17	## Tournée 17
143	71	184	6	72	193	66	165	12	85	63	180	120	56	## Tournée 18
159	93	89	130	7	9	4	83	144	## Tournée 19
147	161	195	34	90	149	102	81	## Tournée 20
112	59	183	113	## Tournée 21
25	47	## Tournée 22
151	## Tournée 23
