33018	## Somme des retards
2080	## Temps CPU (millisecondes)
26	94	60	17	24	15	16	92	21	65	91	79	19	5	76	30	7	87	14	90	55	2	71	64	28	69	66	100	23	51	41	58	37	72	46	63	75	54	70	42	4	68	8	98	53	11	39	31	35	9	10	67	83	89	62	85	99	48	78	96	6	73	22	34	32	61	45	33	44	25	1	57	29	27	18	81	74	50	3	36	20	88	12	80	13	52	49	40	38	95	77	47	86	93	82	43	59	97	84	56	## Ordonnancement
18	## Nombre de tournées
1	2	3	4	3	3	4	5	5	7	11	9	11	10	11	5	4	2	## Nombre de sites par tournée
26	## Tournée 1
60	94	## Tournée 2
24	15	17	## Tournée 3
21	65	16	92	## Tournée 4
19	79	91	## Tournée 5
30	5	76	## Tournée 6
14	7	90	87	## Tournée 7
2	71	64	55	28	## Tournée 8
69	51	23	66	100	## Tournée 9
41	63	37	72	46	58	75	## Tournée 10
4	8	68	39	53	54	42	31	70	11	98	## Tournée 11
85	10	83	67	62	9	89	99	35	## Tournée 12
96	32	22	33	78	6	73	34	48	45	61	## Tournée 13
25	57	1	27	18	81	44	29	50	74	## Tournée 14
13	3	52	12	20	88	36	40	38	49	80	## Tournée 15
95	77	93	86	47	## Tournée 16
59	97	43	82	## Tournée 17
56	84	## Tournée 18
