55929	## Somme des retards
4294966897	## Temps CPU (millisecondes)
22	50	138	109	71	101	74	127	116	139	142	34	45	117	81	112	123	68	2	57	3	13	99	118	131	1	51	43	77	105	143	29	73	114	26	128	126	66	65	144	140	37	60	108	39	27	93	31	67	102	122	21	80	124	35	149	132	136	90	125	120	16	58	33	76	137	36	46	42	92	82	91	11	19	6	24	12	97	95	25	113	41	106	134	86	145	14	10	83	7	47	38	30	115	64	55	107	94	56	96	75	20	5	100	129	141	69	88	52	104	32	87	110	9	54	53	49	146	78	61	62	98	150	28	135	72	148	119	18	4	44	17	40	63	147	48	23	8	103	85	111	130	121	15	133	89	70	79	59	84	## Ordonnancement
19	## Nombre de tournées
4	4	4	7	6	6	9	10	12	12	12	14	12	11	12	6	4	3	2	## Nombre de sites par tournée
109	50	138	22	## Tournée 1
74	71	101	127	## Tournée 2
139	142	34	116	## Tournée 3
2	81	68	45	112	123	117	## Tournée 4
118	99	57	3	13	131	## Tournée 5
77	1	43	143	51	105	## Tournée 6
114	26	126	73	128	66	65	29	144	## Tournée 7
31	39	102	108	140	67	27	37	60	93	## Tournée 8
120	16	122	80	125	136	132	149	21	124	90	35	## Tournée 9
137	92	91	11	82	46	19	42	36	33	76	58	## Tournée 10
25	12	24	6	145	134	41	97	95	86	106	113	## Tournée 11
115	64	94	10	7	83	14	56	47	38	55	30	96	107	## Tournée 12
100	20	88	5	75	32	129	69	104	52	87	141	## Tournée 13
78	61	110	49	62	9	98	150	54	146	53	## Tournée 14
4	135	40	72	28	119	148	147	44	63	18	17	## Tournée 15
85	8	103	48	111	23	## Tournée 16
133	15	121	130	## Tournée 17
79	89	70	## Tournée 18
84	59	## Tournée 19
