223232	## Somme des retards
4294965337	## Temps CPU (millisecondes)
100	77	161	264	158	103	225	210	220	134	238	279	11	116	293	145	192	30	79	183	85	65	83	170	277	261	218	107	16	252	22	176	280	216	204	130	289	237	189	180	205	207	139	295	91	94	133	182	297	294	92	270	17	90	250	14	5	110	44	111	55	174	249	59	72	167	193	45	154	132	227	142	171	191	122	239	255	2	35	163	230	290	19	18	188	124	284	95	248	12	273	88	84	206	211	66	13	291	223	202	172	155	106	217	43	281	136	15	256	299	135	82	151	48	214	9	62	262	57	104	269	232	53	226	101	254	121	98	276	127	267	74	196	194	173	153	144	215	241	263	251	67	28	156	228	166	63	126	258	184	242	150	26	300	47	52	298	49	87	143	272	99	287	247	6	187	212	199	179	213	162	160	81	224	75	190	288	41	36	20	229	97	186	286	21	165	233	208	231	266	27	1	29	7	56	3	197	24	80	159	169	141	51	244	198	4	113	125	178	119	46	37	58	115	76	39	68	109	71	140	275	278	177	33	38	64	25	236	201	282	102	123	219	240	175	292	34	73	253	157	185	274	42	23	181	86	108	271	268	112	234	61	69	138	128	152	93	257	221	149	259	10	114	168	245	222	105	148	131	203	260	40	8	78	283	96	265	60	50	285	54	200	70	243	89	137	164	31	118	195	209	146	296	246	32	147	129	235	117	120	## Ordonnancement
29	## Nombre de tournées
1	1	1	2	3	4	6	5	8	5	6	8	12	12	14	12	14	17	18	18	26	23	24	19	12	9	8	9	3	## Nombre de sites par tournée
100	## Tournée 1
77	## Tournée 2
161	## Tournée 3
264	158	## Tournée 4
225	210	103	## Tournée 5
238	279	134	220	## Tournée 6
192	30	293	11	116	145	## Tournée 7
83	85	65	183	79	## Tournée 8
22	218	16	261	170	107	277	252	## Tournée 9
130	280	176	216	204	## Tournée 10
289	189	237	207	180	205	## Tournée 11
91	182	294	94	297	133	295	139	## Tournée 12
174	111	14	270	44	110	90	17	5	55	92	250	## Tournée 13
72	227	132	142	45	154	167	171	249	59	193	191	## Tournée 14
2	18	35	163	19	122	239	124	95	255	230	284	290	188	## Tournée 15
291	202	12	223	13	206	273	211	248	88	66	84	## Tournée 16
256	299	172	106	135	82	155	281	217	15	48	151	43	136	## Tournée 17
9	121	127	53	226	57	254	262	232	98	267	269	104	101	62	276	214	## Tournée 18
263	153	126	228	194	196	156	28	63	67	166	241	258	144	173	74	215	251	## Tournée 19
6	99	212	298	26	52	300	272	184	150	187	143	287	47	49	242	247	87	## Tournée 20
199	286	36	233	190	165	75	97	231	1	266	213	29	41	160	288	81	162	224	20	21	179	229	27	208	186	## Tournée 21
39	37	198	4	119	56	141	197	159	7	24	115	125	244	51	46	3	76	178	169	58	113	80	## Tournée 22
25	253	278	175	33	73	240	109	275	219	64	201	123	157	68	71	292	38	140	282	102	177	236	34	## Tournée 23
257	274	108	181	128	86	271	112	268	152	69	185	234	93	61	42	221	23	138	## Tournée 24
149	222	259	203	114	131	245	148	105	260	168	10	## Tournée 25
78	283	40	96	8	60	50	285	265	## Tournée 26
54	89	70	200	137	243	164	31	## Tournée 27
147	129	209	296	146	32	195	246	118	## Tournée 28
120	235	117	## Tournée 29
