60681	## Somme des retards
445	## Temps CPU (millisecondes)
19	45	6	124	22	65	138	80	97	122	87	42	117	70	127	29	47	52	141	12	27	139	105	16	95	114	10	46	134	63	24	96	110	31	128	20	49	73	83	33	148	8	34	136	106	131	149	112	53	21	40	28	71	90	93	14	88	1	38	44	94	41	125	17	92	25	104	98	135	64	145	58	75	79	111	7	15	118	84	129	100	107	60	147	76	121	150	72	113	142	143	56	68	123	109	133	137	2	51	108	85	140	37	62	116	50	78	11	103	74	120	77	99	39	48	132	82	3	91	130	69	57	86	18	36	32	59	54	30	23	5	43	144	115	146	66	67	26	61	102	126	55	119	13	89	101	35	4	81	9	## Ordonnancement
26	## Nombre de tournées
1	2	1	2	4	3	4	4	7	5	7	7	10	11	10	11	13	13	10	8	6	4	3	2	1	1	## Nombre de sites par tournée
19	## Tournée 1
45	6	## Tournée 2
124	## Tournée 3
65	22	## Tournée 4
97	80	122	138	## Tournée 5
87	117	42	## Tournée 6
47	127	29	70	## Tournée 7
27	12	141	52	## Tournée 8
10	95	139	16	105	114	46	## Tournée 9
63	110	96	134	24	## Tournée 10
33	73	128	49	83	20	31	## Tournée 11
131	106	136	34	8	148	149	## Tournée 12
53	40	71	90	93	28	21	112	14	88	## Tournée 13
104	1	98	41	17	44	125	38	92	94	25	## Tournée 14
135	111	145	75	7	79	118	64	15	58	## Tournée 15
107	113	60	121	84	100	76	147	129	72	150	## Tournée 16
56	2	133	68	123	85	143	51	142	108	140	109	137	## Tournée 17
74	116	103	50	11	120	48	78	37	62	99	39	77	## Tournée 18
82	86	18	36	57	91	130	3	69	132	## Tournée 19
5	54	30	144	59	43	23	32	## Tournée 20
26	115	146	67	61	66	## Tournée 21
55	102	119	126	## Tournée 22
101	13	89	## Tournée 23
35	4	## Tournée 24
81	## Tournée 25
9	## Tournée 26
