25798	## Somme des retards
1240	## Temps CPU (millisecondes)
86	27	114	147	103	134	69	129	133	99	138	56	119	108	97	30	128	95	105	132	42	25	29	111	19	62	89	57	15	14	82	63	137	81	24	120	67	135	150	8	96	87	94	123	130	78	113	124	33	93	64	55	85	79	71	45	40	54	91	88	4	148	125	17	80	127	35	83	16	9	32	36	145	115	118	140	11	104	131	49	5	101	112	10	110	84	39	107	122	77	48	21	75	102	28	66	73	136	70	22	144	38	37	90	20	98	100	46	142	47	92	7	146	18	143	12	41	59	13	53	76	61	58	43	2	68	139	44	74	26	3	6	34	52	31	117	141	116	106	126	60	149	51	23	50	72	1	65	109	121	## Ordonnancement
22	## Nombre de tournées
1	5	3	3	3	3	4	5	8	11	9	15	16	13	11	12	13	5	3	3	2	2	## Nombre de sites par tournée
86	## Tournée 1
103	134	27	114	147	## Tournée 2
69	129	133	## Tournée 3
138	56	99	## Tournée 4
108	119	97	## Tournée 5
30	128	95	## Tournée 6
25	132	42	105	## Tournée 7
111	19	89	62	29	## Tournée 8
63	24	81	57	82	137	15	14	## Tournée 9
130	94	96	87	8	135	150	78	123	67	120	## Tournée 10
93	113	55	33	85	71	64	79	124	## Tournée 11
35	148	16	91	80	17	4	88	127	40	125	54	83	9	45	## Tournée 12
10	115	104	110	112	140	11	145	36	131	49	101	32	5	84	118	## Tournée 13
66	122	39	73	28	75	107	136	48	70	77	21	102	## Tournée 14
100	144	37	38	20	98	142	46	47	90	22	## Tournée 15
12	92	41	143	53	18	61	7	146	59	76	13	## Tournée 16
139	3	26	6	34	58	68	43	2	52	74	44	31	## Tournée 17
141	116	126	117	106	## Tournée 18
149	60	51	## Tournée 19
72	50	23	## Tournée 20
65	1	## Tournée 21
109	121	## Tournée 22
