18324	## Somme des retards
1550	## Temps CPU (millisecondes)
3	100	59	20	48	97	66	4	64	95	8	52	21	32	49	23	88	16	75	40	29	45	43	82	86	92	74	87	51	85	11	24	81	47	80	33	12	15	36	41	42	37	93	25	1	13	61	78	62	5	38	96	34	6	83	58	14	54	35	26	65	94	31	30	39	84	60	55	18	22	79	63	17	71	9	50	56	68	89	28	77	90	46	73	70	19	99	98	67	53	44	7	10	91	72	2	69	27	76	57	## Ordonnancement
16	## Nombre de tournées
1	3	4	3	4	8	8	11	10	10	10	12	8	4	2	2	## Nombre de sites par tournée
3	## Tournée 1
59	20	100	## Tournée 2
4	97	66	48	## Tournée 3
8	64	95	## Tournée 4
49	52	21	32	## Tournée 5
45	23	88	40	16	29	43	75	## Tournée 6
87	86	85	51	82	74	11	92	## Tournée 7
33	24	80	36	12	37	47	15	81	42	41	## Tournée 8
61	78	1	62	93	96	13	5	25	38	## Tournée 9
54	26	83	6	58	65	35	14	94	34	## Tournée 10
18	22	55	60	79	39	31	30	84	63	## Tournée 11
28	46	68	73	71	77	89	56	9	90	50	17	## Tournée 12
98	99	67	7	70	44	53	19	## Tournée 13
10	72	2	91	## Tournée 14
69	27	## Tournée 15
76	57	## Tournée 16
