55157	## Somme des retards
4294966572	## Temps CPU (millisecondes)
183	137	12	104	262	51	229	293	76	136	16	97	245	143	298	71	110	40	7	266	214	86	138	132	277	141	252	119	198	184	274	146	109	60	5	94	157	127	202	181	101	273	50	63	285	128	250	111	95	195	43	68	13	155	166	246	26	216	226	244	32	209	151	65	254	106	73	287	162	164	291	102	255	92	27	241	280	295	160	114	158	191	296	14	123	89	107	85	79	213	231	188	275	147	57	9	203	249	168	170	108	292	232	4	265	290	117	30	96	125	205	1	144	156	83	276	82	185	88	271	197	24	45	135	163	272	74	41	113	201	99	142	91	145	186	84	236	234	105	190	208	237	279	212	152	161	211	256	268	8	52	37	207	59	21	176	173	204	10	131	240	67	257	80	178	98	182	25	169	215	218	139	177	289	22	247	270	2	210	283	179	300	47	33	93	31	194	23	180	171	297	267	124	172	115	6	58	28	224	154	269	282	206	81	189	62	118	29	56	159	69	258	42	192	264	150	36	294	175	49	165	140	90	72	126	251	174	34	261	238	149	288	55	133	35	11	87	281	286	122	15	77	253	3	134	242	148	153	54	78	220	278	217	239	130	19	222	228	70	196	103	18	20	17	233	299	243	66	120	248	187	235	230	284	46	129	75	263	64	112	53	227	260	121	200	225	221	223	100	44	61	39	259	48	116	167	38	193	219	199	## Ordonnancement
25	## Nombre de tournées
2	3	2	5	7	8	7	8	11	14	16	15	19	27	24	21	20	26	21	14	11	5	6	6	2	## Nombre de sites par tournée
183	137	## Tournée 1
104	262	12	## Tournée 2
51	229	## Tournée 3
136	16	76	293	97	## Tournée 4
110	7	298	40	245	71	143	## Tournée 5
252	141	277	138	86	214	132	266	## Tournée 6
198	109	60	274	146	119	184	## Tournée 7
273	157	181	127	202	5	101	94	## Tournée 8
285	195	50	63	128	68	95	250	13	43	111	## Tournée 9
246	155	65	26	32	151	166	226	244	73	216	254	209	106	## Tournée 10
164	114	191	102	92	158	287	291	255	295	160	162	241	280	27	296	## Tournée 11
14	231	213	9	107	275	85	203	57	89	79	249	147	123	188	## Tournée 12
83	1	265	170	276	82	205	125	156	4	144	290	108	96	117	168	232	292	30	## Tournée 13
24	135	84	91	234	74	271	99	113	236	88	142	197	163	145	237	45	41	279	105	208	272	212	201	185	190	186	## Tournée 14
59	52	21	131	67	256	176	161	268	98	8	178	182	25	211	10	173	240	257	80	207	37	152	204	## Tournée 15
210	93	289	177	169	23	47	2	22	270	31	179	247	283	33	300	180	139	215	194	218	## Tournée 16
81	28	62	118	115	58	56	29	6	297	189	154	269	171	224	124	282	206	172	267	## Tournée 17
175	49	264	149	261	159	165	192	294	72	34	150	251	238	55	69	36	42	133	258	90	35	174	140	288	126	## Tournée 18
77	217	239	122	130	11	15	153	220	3	148	278	78	253	54	242	134	286	19	281	87	## Tournée 19
18	70	103	66	233	196	222	299	228	243	17	120	248	20	## Tournée 20
187	284	53	112	75	235	129	263	64	230	46	## Tournée 21
260	200	121	227	225	## Tournée 22
100	61	44	39	223	221	## Tournée 23
116	193	167	48	38	259	## Tournée 24
219	199	## Tournée 25
