40215	## Somme des retards
115	## Temps CPU (millisecondes)
3	36	135	119	22	150	145	28	5	181	42	157	160	172	148	32	124	131	117	186	61	103	98	76	65	167	1	175	136	68	33	138	39	79	24	178	58	67	37	106	8	129	99	152	45	154	21	13	19	78	197	16	94	20	50	142	128	192	86	158	80	84	43	57	49	199	107	104	64	141	125	166	109	182	162	179	196	46	114	121	132	75	118	74	101	174	187	190	69	163	38	176	97	15	96	189	155	23	116	191	95	137	139	52	185	70	18	14	92	77	60	111	171	170	2	122	177	44	55	153	91	108	188	62	10	11	105	54	168	156	110	31	146	30	169	73	133	173	26	123	48	17	164	194	134	51	127	35	27	53	165	193	29	87	198	200	140	82	40	100	126	41	184	85	143	12	66	83	115	63	93	102	9	56	88	7	180	144	71	4	130	147	6	183	89	195	159	120	81	90	72	113	47	34	112	149	25	59	161	151	## Ordonnancement
23	## Nombre de tournées
1	2	1	4	4	6	5	7	12	12	13	14	17	14	17	15	19	14	13	6	2	1	1	## Nombre de sites par tournée
3	## Tournée 1
36	135	## Tournée 2
119	## Tournée 3
145	22	150	28	## Tournée 4
157	5	42	181	## Tournée 5
131	160	32	172	148	124	## Tournée 6
117	186	98	103	61	## Tournée 7
68	65	76	167	175	1	136	## Tournée 8
79	58	24	106	178	129	37	39	138	8	67	33	## Tournée 9
16	154	45	197	99	19	78	20	13	94	152	21	## Tournée 10
128	107	158	80	86	43	142	49	50	84	57	199	192	## Tournée 11
46	141	109	104	121	64	162	114	196	125	182	132	166	179	## Tournée 12
189	190	187	97	118	75	38	174	23	101	69	155	176	163	74	96	15	## Tournée 13
18	70	139	116	95	137	111	52	191	77	14	185	60	92	## Tournée 14
2	177	108	170	62	44	11	105	10	188	55	91	153	122	168	171	54	## Tournée 15
123	146	156	169	30	26	48	17	194	173	31	110	164	133	73	## Tournée 16
53	140	184	193	27	51	198	165	87	126	134	127	29	82	100	40	35	41	200	## Tournée 17
143	56	93	180	63	115	88	7	9	102	85	83	12	66	## Tournée 18
147	159	71	6	195	183	89	81	130	120	144	90	4	## Tournée 19
112	72	34	47	149	113	## Tournée 20
25	59	## Tournée 21
161	## Tournée 22
151	## Tournée 23
