109286	## Somme des retards
4294966797	## Temps CPU (millisecondes)
33	153	18	113	77	86	146	135	170	178	136	196	101	88	80	217	131	61	45	190	211	9	107	85	23	58	66	145	29	4	15	46	114	60	89	20	6	44	137	53	218	41	176	191	156	134	38	115	25	220	249	155	222	132	231	64	243	24	148	195	247	67	181	22	10	183	168	159	2	32	241	37	72	238	55	201	126	91	180	59	118	92	130	164	74	210	141	158	108	36	111	99	169	204	234	75	200	62	229	95	206	237	172	215	19	248	106	160	193	94	225	73	35	167	230	76	17	226	112	39	69	250	71	56	63	125	122	119	140	120	150	139	121	87	110	227	216	26	197	14	97	144	149	100	123	142	163	11	28	90	228	194	104	177	49	98	143	52	179	78	105	239	54	57	81	103	1	7	198	31	65	3	184	50	182	212	8	117	96	116	175	166	51	192	42	151	240	12	236	219	124	221	34	129	186	208	93	68	16	48	83	242	199	161	13	27	133	21	79	235	128	138	174	171	162	202	245	185	102	232	223	165	47	70	224	147	205	246	188	233	213	109	30	154	214	157	173	203	82	207	187	189	209	244	5	43	84	152	127	40	## Ordonnancement
27	## Nombre de tournées
1	1	2	4	4	5	4	5	4	8	9	10	16	16	16	20	19	20	22	25	17	10	6	2	2	1	1	## Nombre de sites par tournée
33	## Tournée 1
153	## Tournée 2
113	18	## Tournée 3
77	146	135	86	## Tournée 4
136	178	170	196	## Tournée 5
217	88	101	80	131	## Tournée 6
61	45	211	190	## Tournée 7
58	23	9	107	85	## Tournée 8
66	29	4	145	## Tournée 9
44	20	6	89	15	46	60	114	## Tournée 10
53	218	191	134	38	137	41	176	156	## Tournée 11
155	25	231	64	220	115	132	222	249	243	## Tournée 12
10	195	67	159	148	241	32	181	183	37	168	24	22	247	2	72	## Tournée 13
201	74	141	118	158	238	55	91	210	164	92	108	126	180	59	130	## Tournée 14
215	172	200	237	229	234	75	111	62	19	206	99	204	169	36	95	## Tournée 15
225	106	63	56	17	69	71	167	193	160	39	248	226	35	112	230	76	250	94	73	## Tournée 16
122	216	97	125	121	100	119	197	87	120	144	14	140	150	26	139	149	110	227	## Tournée 17
228	123	105	163	54	90	142	52	11	57	143	104	78	179	49	28	98	177	239	194	## Tournée 18
81	117	65	50	184	42	96	1	31	182	116	103	151	175	166	212	51	192	7	198	3	8	## Tournée 19
161	128	48	27	93	13	208	129	68	219	199	240	79	235	133	21	34	186	16	242	221	12	236	83	124	## Tournée 20
185	224	245	70	138	246	232	162	147	205	47	171	174	165	102	223	202	## Tournée 21
109	188	30	157	213	233	154	173	214	203	## Tournée 22
209	82	189	207	244	187	## Tournée 23
5	43	## Tournée 24
84	152	## Tournée 25
127	## Tournée 26
40	## Tournée 27
