76599	## Somme des retards
4294966492	## Temps CPU (millisecondes)
91	28	73	54	4	74	136	42	115	150	10	113	109	20	24	85	76	97	68	50	64	121	94	2	99	90	86	135	19	53	92	116	103	105	79	140	63	46	58	30	41	51	5	93	32	122	35	119	132	8	72	44	36	29	101	11	149	96	125	69	133	12	108	88	70	47	33	39	77	56	66	9	145	139	89	71	37	60	17	81	34	118	48	146	87	7	82	117	106	62	148	144	84	25	102	100	141	31	40	59	52	22	112	83	75	61	21	55	114	57	3	104	142	127	43	111	1	6	18	65	120	124	129	130	80	67	13	45	131	78	49	98	147	16	110	95	126	14	26	38	143	134	107	27	123	15	137	128	23	138	## Ordonnancement
17	## Nombre de tournées
2	2	5	4	8	9	9	9	10	14	14	16	14	17	11	4	2	## Nombre de sites par tournée
28	91	## Tournée 1
73	54	## Tournée 2
136	74	42	115	4	## Tournée 3
109	113	10	150	## Tournée 4
50	64	20	24	97	76	85	68	## Tournée 5
135	99	94	53	2	90	19	86	121	## Tournée 6
63	103	58	116	140	105	46	79	92	## Tournée 7
30	5	122	51	35	32	41	119	93	## Tournée 8
29	8	96	44	132	101	149	11	72	36	## Tournée 9
66	9	12	33	88	56	133	77	47	108	69	39	125	70	## Tournée 10
60	118	87	89	145	81	17	48	71	34	139	37	146	7	## Tournée 11
84	141	40	148	22	25	59	82	31	102	52	62	117	106	144	100	## Tournée 12
104	61	75	111	43	83	112	127	55	142	21	114	57	3	## Tournée 13
98	131	49	65	13	67	124	1	6	129	130	18	120	78	147	80	45	## Tournée 14
110	38	16	126	14	27	134	143	107	95	26	## Tournée 15
15	128	137	123	## Tournée 16
138	23	## Tournée 17
