213246	## Somme des retards
4294967128	## Temps CPU (millisecondes)
28	27	202	160	16	101	62	112	36	4	162	241	293	286	22	273	110	61	267	70	166	172	182	269	8	137	10	258	221	96	206	95	161	277	259	125	289	234	252	213	13	124	271	233	218	180	154	219	40	139	150	254	242	1	126	185	151	222	46	20	113	268	38	64	226	155	197	106	257	171	99	146	153	196	43	210	94	236	60	297	250	245	283	71	75	144	41	31	92	24	111	287	187	39	76	138	191	190	295	55	249	156	93	195	276	90	189	86	228	118	178	208	216	263	181	32	285	9	174	152	274	122	5	255	291	239	23	232	109	192	246	21	290	133	82	217	282	281	79	280	177	50	188	66	80	294	74	72	128	299	164	284	17	264	251	261	18	37	240	53	97	14	68	141	25	19	248	169	205	298	247	198	11	57	51	85	186	149	58	157	52	238	272	143	266	179	81	115	67	220	48	209	184	214	104	176	107	7	83	87	65	204	88	114	203	89	103	29	54	117	15	47	140	227	173	34	136	142	170	134	147	296	30	6	98	12	77	59	193	44	262	167	300	84	130	163	56	127	2	148	49	256	215	42	108	120	199	237	235	275	211	265	225	224	230	33	175	100	270	243	278	260	26	279	194	200	35	131	129	63	123	145	168	288	91	158	292	45	3	78	201	159	183	132	105	231	165	207	102	116	223	69	212	135	253	121	73	244	229	119	## Ordonnancement
32	## Nombre de tournées
3	4	2	4	6	7	9	10	13	10	14	16	15	18	19	18	17	18	22	15	12	9	10	9	6	4	3	2	2	1	1	1	## Nombre de sites par tournée
27	202	28	## Tournée 1
101	16	160	62	## Tournée 2
112	36	## Tournée 3
162	4	293	241	## Tournée 4
273	110	267	286	22	61	## Tournée 5
70	269	172	137	182	166	8	## Tournée 6
259	161	221	95	277	10	258	206	96	## Tournée 7
252	13	234	125	124	213	289	233	218	271	## Tournée 8
1	185	219	254	150	151	40	154	242	139	126	180	222	## Tournée 9
113	38	64	46	20	106	226	155	197	268	## Tournée 10
99	245	196	43	94	153	250	236	210	257	297	171	146	60	## Tournée 11
76	138	39	24	111	75	41	31	287	191	283	187	92	71	144	190	## Tournée 12
195	276	118	208	55	228	216	90	295	189	86	156	178	249	93	## Tournée 13
246	192	152	239	263	181	174	274	9	5	23	291	122	32	232	109	285	255	## Tournée 14
188	133	80	177	74	294	282	72	66	290	281	79	21	217	82	280	128	50	299	## Tournée 15
17	264	164	19	14	97	240	251	53	37	18	141	25	169	261	284	248	68	## Tournée 16
198	52	238	186	157	11	85	143	149	247	205	298	58	51	266	272	57	## Tournée 17
204	107	209	184	220	176	65	48	83	87	179	67	7	115	81	214	104	88	## Tournée 18
296	98	114	227	173	142	15	170	147	89	30	29	6	136	134	34	103	140	54	47	117	203	## Tournée 19
77	127	262	12	2	84	44	130	148	163	59	167	300	56	193	## Tournée 20
211	215	42	108	265	120	256	199	235	237	275	49	## Tournée 21
175	278	243	225	100	33	230	224	270	## Tournée 22
194	26	35	200	123	279	129	131	260	63	## Tournée 23
288	45	91	292	158	145	168	3	78	## Tournée 24
159	132	105	183	231	201	## Tournée 25
116	207	102	165	## Tournée 26
223	69	212	## Tournée 27
253	135	## Tournée 28
121	73	## Tournée 29
244	## Tournée 30
229	## Tournée 31
119	## Tournée 32
