204424	## Somme des retards
4294966202	## Temps CPU (millisecondes)
20	95	54	241	234	168	230	222	223	161	130	163	235	103	9	198	201	112	173	180	43	30	27	99	100	220	141	247	117	150	250	120	195	56	48	63	59	69	246	1	147	53	78	32	152	211	134	153	24	139	40	83	144	236	190	231	233	26	10	52	178	18	158	70	186	169	33	165	200	28	38	72	135	184	96	3	25	11	177	50	2	210	156	229	41	125	127	181	228	67	74	49	85	175	206	131	215	170	243	188	55	79	19	75	185	121	82	97	151	248	118	242	155	36	138	171	115	143	60	7	45	128	218	196	13	199	213	98	88	108	237	216	207	162	57	114	39	29	101	116	37	65	133	148	122	16	136	146	239	91	15	81	17	245	84	167	224	106	92	154	208	197	76	226	203	34	107	12	89	21	172	126	164	182	209	87	8	77	4	31	123	192	194	160	159	90	219	174	217	61	51	240	132	6	23	214	102	140	227	73	193	149	66	71	202	119	35	22	204	64	94	109	157	104	80	5	249	166	244	44	86	205	62	14	42	225	129	191	111	232	238	187	124	47	68	179	113	93	46	221	105	110	189	176	137	212	58	183	145	142	## Ordonnancement
31	## Nombre de tournées
1	2	2	2	4	5	5	5	6	7	6	10	10	14	13	15	16	15	17	16	16	13	15	13	6	4	4	3	2	2	1	## Nombre de sites par tournée
20	## Tournée 1
95	54	## Tournée 2
241	234	## Tournée 3
230	168	## Tournée 4
130	222	223	161	## Tournée 5
163	103	198	9	235	## Tournée 6
112	173	201	180	43	## Tournée 7
27	30	99	220	100	## Tournée 8
150	141	250	247	117	120	## Tournée 9
195	48	246	56	59	63	69	## Tournée 10
53	78	32	152	1	147	## Tournée 11
190	139	236	153	40	144	24	211	83	134	## Tournée 12
233	178	52	186	70	10	18	231	26	158	## Tournée 13
165	169	200	28	38	3	72	135	33	25	11	177	96	184	## Tournée 14
41	156	125	67	74	49	210	127	229	181	2	228	50	## Tournée 15
19	82	79	243	188	185	131	215	175	121	206	170	55	85	75	## Tournée 16
242	138	128	36	115	151	155	248	60	7	97	118	143	45	218	171	## Tournée 17
39	162	98	213	13	57	114	207	108	199	196	237	216	88	29	## Tournée 18
133	245	84	122	101	16	136	81	65	15	91	239	37	148	146	17	116	## Tournée 19
92	76	107	34	106	21	154	226	197	12	208	203	89	172	167	224	## Tournée 20
87	219	209	194	123	164	4	31	159	160	77	8	182	126	192	90	## Tournée 21
214	102	132	51	73	61	174	23	240	6	140	217	227	## Tournée 22
64	35	104	94	149	204	202	119	22	71	80	193	157	66	109	## Tournée 23
166	244	14	191	129	86	42	62	5	225	44	205	249	## Tournée 24
232	124	238	111	187	47	## Tournée 25
179	68	93	113	## Tournée 26
46	221	105	110	## Tournée 27
189	137	176	## Tournée 28
58	212	## Tournée 29
183	145	## Tournée 30
142	## Tournée 31
