380589	## Somme des retards
1825	## Temps CPU (millisecondes)
62	91	55	43	178	198	80	226	177	263	272	97	134	239	4	11	156	258	208	234	121	280	267	63	119	172	46	47	35	106	32	294	155	297	271	150	231	296	269	6	207	27	20	252	67	26	222	293	90	217	77	76	39	220	276	33	14	265	189	181	114	277	281	203	31	246	130	79	193	167	86	162	285	242	65	53	299	71	12	241	7	102	298	160	278	143	279	184	185	66	145	108	149	49	3	266	144	137	50	78	98	212	9	274	268	15	44	112	51	153	21	22	133	103	85	159	300	57	209	126	131	125	96	257	191	206	232	61	199	248	192	275	164	158	169	94	221	196	187	283	259	58	5	74	224	72	124	92	236	1	17	204	250	168	176	109	214	213	25	75	118	251	88	182	73	205	295	288	132	249	223	256	262	202	215	165	197	113	70	69	54	59	19	142	244	141	101	116	34	152	95	229	68	157	123	42	170	128	140	146	166	284	111	235	175	115	120	60	122	48	40	163	8	286	87	84	228	82	292	240	104	107	105	83	148	154	238	24	2	255	243	194	261	230	100	93	225	36	188	52	260	161	200	289	127	139	211	186	264	147	45	81	129	273	180	227	216	30	245	219	183	218	23	18	117	270	28	89	179	38	254	291	237	195	138	37	64	174	287	233	29	136	99	16	173	247	41	290	282	13	171	56	201	190	253	151	10	110	210	135	## Ordonnancement
30	## Nombre de tournées
3	1	3	2	3	3	3	4	4	5	8	10	8	12	10	14	16	20	20	20	21	22	28	23	22	7	4	2	1	1	## Nombre de sites par tournée
55	91	62	## Tournée 1
43	## Tournée 2
198	80	178	## Tournée 3
226	177	## Tournée 4
272	97	263	## Tournée 5
134	239	4	## Tournée 6
258	156	11	## Tournée 7
121	208	280	234	## Tournée 8
63	267	119	172	## Tournée 9
47	32	35	106	46	## Tournée 10
297	269	271	155	231	294	150	296	## Tournée 11
207	252	222	90	20	27	26	6	67	293	## Tournée 12
14	220	39	77	276	76	217	33	## Tournée 13
193	114	281	277	265	31	79	181	130	203	246	189	## Tournée 14
299	71	86	53	285	167	65	242	12	162	## Tournée 15
298	108	149	278	7	185	241	66	102	143	279	184	145	160	## Tournée 16
3	9	274	78	112	268	49	50	15	44	144	266	51	98	137	212	## Tournée 17
21	61	57	85	96	125	206	232	191	133	126	131	199	257	22	300	153	209	103	159	## Tournée 18
192	169	275	196	259	164	92	283	94	248	224	5	221	124	187	58	158	72	74	236	## Tournée 19
295	176	73	204	109	288	251	75	1	17	118	182	132	250	213	168	205	25	214	88	## Tournée 20
59	142	34	69	101	113	165	116	141	70	202	223	249	19	152	215	197	244	256	54	262	## Tournée 21
170	40	229	284	42	115	60	120	111	157	163	68	122	166	128	175	146	123	95	235	48	140	## Tournée 22
93	100	240	188	238	154	104	2	87	194	225	148	261	292	255	105	286	84	243	52	228	83	82	36	230	8	24	107	## Tournée 23
30	161	227	129	127	260	245	216	211	180	147	186	264	139	45	218	183	289	273	219	23	200	81	## Tournée 24
195	18	233	291	237	117	138	254	29	99	136	173	64	28	16	179	270	174	89	38	37	287	## Tournée 25
247	56	171	282	290	41	13	## Tournée 26
201	151	190	253	## Tournée 27
110	10	## Tournée 28
210	## Tournée 29
135	## Tournée 30
