56921	## Somme des retards
2055	## Temps CPU (millisecondes)
84	106	130	157	33	12	286	56	173	253	38	73	276	194	216	291	257	135	195	193	229	211	214	125	118	149	68	30	293	167	245	252	155	133	77	168	290	122	47	277	244	105	64	96	272	241	44	67	45	138	270	283	213	228	192	233	123	248	154	72	6	9	144	197	19	236	54	103	48	147	289	280	278	212	1	28	25	62	117	17	46	284	292	161	104	237	87	113	137	78	267	139	262	169	258	112	186	21	91	218	57	172	101	180	32	89	150	79	20	14	230	65	86	238	285	261	152	246	58	8	39	223	166	198	93	202	222	76	3	232	235	132	69	74	181	92	97	174	18	94	269	119	98	24	10	263	296	191	240	300	171	61	250	227	210	34	239	221	7	71	121	50	203	259	159	5	136	242	201	120	55	127	274	295	224	234	85	225	297	288	116	175	279	35	140	249	51	49	100	264	111	42	114	207	145	164	63	4	294	70	95	82	209	266	243	90	282	88	165	176	281	148	231	273	271	23	26	115	199	265	52	102	129	109	27	108	75	37	188	99	143	31	196	40	11	134	200	60	184	190	146	187	53	298	126	142	215	287	205	179	162	220	204	163	124	80	66	41	189	217	15	81	183	153	255	158	107	13	178	251	16	59	299	177	206	185	268	219	208	43	83	141	170	151	254	110	275	182	156	256	2	260	128	160	22	247	131	226	36	29	## Ordonnancement
23	## Nombre de tournées
1	2	4	5	5	6	9	7	9	13	16	15	18	19	23	22	20	29	26	29	14	6	2	## Nombre de sites par tournée
84	## Tournée 1
106	130	## Tournée 2
157	286	33	12	## Tournée 3
73	253	173	56	38	## Tournée 4
291	194	257	216	276	## Tournée 5
211	229	135	193	214	195	## Tournée 6
252	125	68	167	293	118	149	245	30	## Tournée 7
122	168	133	77	155	290	47	## Tournée 8
244	44	277	272	96	67	64	241	105	## Tournée 9
154	138	72	6	45	123	213	233	270	283	192	248	228	## Tournée 10
147	278	280	48	19	1	197	212	103	54	236	25	9	144	28	289	## Tournée 11
17	78	267	46	139	113	137	161	62	292	237	87	104	117	284	## Tournée 12
32	57	172	89	14	79	262	258	21	218	101	186	150	112	91	20	169	180	## Tournée 13
230	222	246	93	8	166	238	285	58	198	3	76	152	261	202	39	65	223	86	## Tournée 14
18	69	263	240	92	191	98	174	10	74	61	97	296	235	269	181	232	24	94	132	300	119	171	## Tournée 15
34	50	221	136	5	159	250	259	7	227	55	120	242	210	127	71	121	274	203	239	295	201	## Tournée 16
42	297	224	35	225	100	51	207	249	175	85	49	264	234	279	116	140	111	288	114	## Tournée 17
4	164	165	129	209	145	148	231	199	265	271	266	88	282	95	243	294	52	26	102	273	115	281	23	90	70	176	82	63	## Tournée 18
287	187	205	188	215	53	200	126	143	37	184	99	298	11	146	196	40	142	190	31	108	109	60	75	27	134	## Tournée 19
217	219	204	81	183	163	41	162	59	158	13	206	177	107	80	16	255	189	66	124	178	185	251	153	220	15	299	179	268	## Tournée 20
156	260	151	182	254	256	208	43	275	2	83	141	170	110	## Tournée 21
128	247	22	131	160	226	## Tournée 22
29	36	## Tournée 23
