169585	## Somme des retards
1090	## Temps CPU (millisecondes)
128	77	190	104	78	193	194	146	23	26	191	171	25	110	11	184	45	59	116	76	122	125	97	119	20	172	63	66	92	157	180	145	198	14	178	47	40	175	179	70	79	10	112	51	141	90	120	65	136	41	7	138	183	91	18	94	149	127	151	189	177	139	134	163	135	131	168	162	52	24	58	129	169	133	197	144	196	186	123	50	158	19	140	81	161	3	155	42	182	160	82	96	108	17	30	22	33	9	159	154	126	98	95	100	57	73	109	174	44	60	107	21	53	29	15	114	164	31	38	2	130	43	156	195	102	200	35	188	46	101	88	68	124	148	56	150	113	28	181	83	142	87	27	173	143	32	72	49	121	8	61	69	16	105	54	55	117	13	64	176	170	36	137	132	75	185	6	153	192	93	74	99	37	115	67	12	1	187	106	147	48	4	34	166	80	62	118	111	5	165	89	152	39	71	199	85	86	84	103	167	## Ordonnancement
22	## Nombre de tournées
1	3	2	4	4	6	6	6	8	7	9	12	13	14	15	14	15	19	18	15	8	1	## Nombre de sites par tournée
128	## Tournée 1
190	104	77	## Tournée 2
193	78	## Tournée 3
26	23	146	194	## Tournée 4
25	191	171	110	## Tournée 5
11	116	45	184	76	59	## Tournée 6
97	119	20	125	122	172	## Tournée 7
145	92	180	66	63	157	## Tournée 8
178	14	179	47	70	40	175	198	## Tournée 9
51	79	90	120	141	112	10	## Tournée 10
7	91	136	18	41	183	138	65	94	## Tournée 11
131	149	162	134	135	163	168	151	139	177	189	127	## Tournée 12
158	169	58	52	129	186	123	144	50	197	133	24	196	## Tournée 13
81	42	30	17	160	108	82	96	3	140	161	155	182	19	## Tournée 14
126	44	22	154	100	73	9	174	98	60	33	95	109	159	57	## Tournée 15
21	114	29	130	2	195	164	38	156	15	43	31	53	107	## Tournée 16
101	88	200	68	28	124	148	35	113	102	188	56	46	150	181	## Tournée 17
55	13	121	16	61	32	105	117	142	83	8	72	143	173	69	27	87	54	49	## Tournée 18
36	99	93	37	137	192	153	176	74	64	12	170	115	185	132	67	6	75	## Tournée 19
165	80	62	89	5	1	187	118	147	48	111	106	34	166	4	## Tournée 20
103	71	86	199	39	85	152	84	## Tournée 21
167	## Tournée 22
