72435	## Somme des retards
4294966837	## Temps CPU (millisecondes)
25	120	29	95	27	112	26	72	47	159	88	149	8	104	195	15	157	5	167	75	179	133	12	172	50	16	140	124	45	106	22	76	196	142	163	146	36	49	150	80	102	18	105	192	100	125	135	143	101	17	171	116	60	90	158	97	69	2	156	42	103	147	89	198	155	193	123	56	190	84	83	65	70	51	44	152	63	96	66	191	188	78	178	28	122	38	7	98	166	126	115	200	53	134	160	55	121	54	184	199	109	46	39	132	117	194	114	93	74	161	119	108	113	154	3	64	168	35	94	37	130	34	181	175	13	6	87	79	67	131	162	189	186	111	43	73	127	183	77	20	10	61	24	182	33	176	187	153	58	23	19	136	11	145	21	165	99	141	197	52	9	177	81	185	30	118	169	1	110	107	129	92	174	137	40	14	144	62	4	85	31	170	139	180	71	86	151	82	173	59	164	128	32	148	68	57	48	41	138	91	## Ordonnancement
22	## Nombre de tournées
1	2	2	4	3	4	4	7	8	11	12	13	13	18	18	17	18	15	16	8	4	2	## Nombre de sites par tournée
25	## Tournée 1
120	29	## Tournée 2
27	95	## Tournée 3
112	26	47	72	## Tournée 4
149	159	88	## Tournée 5
8	195	15	104	## Tournée 6
75	167	157	5	## Tournée 7
172	12	140	133	50	16	179	## Tournée 8
142	106	22	124	163	196	76	45	## Tournée 9
105	146	102	100	18	49	192	36	150	80	125	## Tournée 10
90	158	17	116	143	69	101	60	97	171	135	2	## Tournée 11
56	42	190	198	123	83	147	193	103	155	84	89	156	## Tournée 12
28	188	66	51	191	44	178	70	96	78	63	65	152	## Tournée 13
54	7	200	115	126	38	199	109	46	121	184	122	55	160	98	134	53	166	## Tournée 14
132	108	39	93	117	37	194	35	94	154	114	161	168	74	64	113	3	119	## Tournée 15
186	73	175	181	87	189	43	34	162	67	6	130	79	127	13	111	131	## Tournée 16
182	58	145	23	11	24	20	176	61	153	136	33	77	187	10	183	19	21	## Tournée 17
81	1	169	185	165	197	141	9	52	99	177	110	118	107	30	## Tournée 18
174	71	86	170	62	92	137	85	144	180	4	139	40	14	129	31	## Tournée 19
148	173	32	164	128	82	151	59	## Tournée 20
57	48	68	41	## Tournée 21
91	138	## Tournée 22
