344848	## Somme des retards
4294965952	## Temps CPU (millisecondes)
80	104	296	262	186	157	20	265	48	139	51	293	289	188	282	24	243	68	109	1	66	63	171	129	26	15	135	35	16	233	46	89	286	300	174	162	128	177	160	96	222	127	100	299	36	281	277	217	125	116	183	252	23	145	120	224	55	149	279	76	182	113	39	71	235	67	197	272	288	92	18	249	295	110	7	22	154	225	155	124	82	147	191	27	117	231	49	240	239	53	54	247	219	13	152	165	236	103	173	86	207	93	64	274	121	50	232	179	245	83	43	47	77	273	201	91	143	6	87	181	57	132	237	298	9	158	11	257	38	285	214	206	159	30	106	151	263	74	3	209	226	122	228	205	81	185	115	130	44	70	107	45	264	164	138	134	4	283	244	268	266	32	163	261	292	61	254	78	85	176	84	52	184	73	119	170	246	251	276	167	278	153	29	212	88	56	40	12	202	270	204	271	193	126	220	238	234	21	95	65	118	144	97	60	287	242	227	156	256	259	2	198	142	112	146	31	211	123	221	280	269	192	101	253	195	28	79	229	175	75	169	230	59	99	14	8	166	275	34	133	291	10	140	111	141	108	223	297	105	72	25	187	290	258	190	210	58	17	284	42	189	136	161	178	148	5	199	200	267	102	260	114	90	248	255	250	196	241	172	98	218	294	69	180	213	62	216	131	94	37	168	19	137	215	150	194	203	208	33	41	## Ordonnancement
30	## Nombre de tournées
2	3	4	4	5	6	6	6	6	7	8	11	11	13	15	19	20	18	20	21	23	16	20	18	8	4	2	2	1	1	## Nombre de sites par tournée
80	104	## Tournée 1
262	296	186	## Tournée 2
48	157	265	20	## Tournée 3
139	289	293	51	## Tournée 4
243	68	188	282	24	## Tournée 5
1	129	63	109	171	66	## Tournée 6
35	135	15	16	26	233	## Tournée 7
89	162	46	286	174	300	## Tournée 8
96	160	127	222	177	128	## Tournée 9
277	281	125	217	100	36	299	## Tournée 10
183	145	120	55	252	23	116	224	## Tournée 11
39	235	71	113	197	279	149	272	67	76	182	## Tournée 12
288	295	110	7	92	22	18	155	249	154	225	## Tournée 13
117	147	124	247	240	54	82	239	53	27	191	231	49	## Tournée 14
86	64	219	93	165	274	121	103	173	207	232	50	152	13	236	## Tournée 15
132	91	143	6	43	158	237	273	179	47	201	298	9	87	181	245	83	57	77	## Tournée 16
257	205	3	11	226	81	74	159	122	185	285	228	206	30	38	214	106	263	209	151	## Tournée 17
44	264	45	70	130	32	4	138	163	266	164	107	283	134	115	244	268	261	## Tournée 18
84	246	254	170	278	61	119	73	167	184	176	292	153	52	85	78	29	251	276	212	## Tournée 19
97	60	12	56	95	40	238	144	126	202	118	220	65	204	88	21	270	193	234	287	271	## Tournée 20
79	211	123	195	101	280	221	2	156	146	259	112	253	142	28	227	31	198	269	229	256	192	242	## Tournée 21
75	166	169	34	175	10	230	275	133	59	140	111	99	291	14	8	## Tournée 22
223	189	290	284	42	141	72	161	17	108	187	258	105	178	210	58	25	190	136	297	## Tournée 23
102	250	294	255	200	241	196	114	90	267	172	199	98	260	148	248	5	218	## Tournée 24
69	131	216	62	94	37	180	213	## Tournée 25
137	168	19	215	## Tournée 26
150	194	## Tournée 27
208	203	## Tournée 28
33	## Tournée 29
41	## Tournée 30
