205143	## Somme des retards
150	## Temps CPU (millisecondes)
11	217	155	105	190	41	250	120	84	118	53	106	186	129	165	134	89	31	245	90	130	54	73	200	15	14	188	158	117	169	191	224	206	49	168	28	212	241	167	163	30	45	216	208	46	210	136	225	242	199	125	114	160	64	111	115	18	229	219	140	233	51	26	184	247	152	207	248	131	193	133	62	29	239	86	72	214	203	39	185	55	78	154	171	146	232	88	102	77	121	79	108	143	161	21	187	70	42	17	222	27	236	128	5	137	202	132	94	71	235	13	215	95	147	228	221	68	234	112	142	57	6	151	230	103	238	60	156	116	67	127	98	211	110	85	25	65	164	148	149	99	226	246	81	48	209	175	69	24	38	201	113	159	181	180	249	66	198	87	80	162	12	178	16	43	107	218	179	1	196	177	172	240	223	176	3	82	47	52	59	83	34	204	37	205	173	20	231	123	213	109	220	192	153	4	19	195	7	237	141	174	183	144	58	170	50	157	40	74	150	92	166	126	36	9	32	135	119	244	63	124	8	22	122	91	23	101	139	96	100	189	197	194	35	33	61	10	145	76	93	243	2	182	44	227	75	56	138	97	104	## Ordonnancement
26	## Nombre de tournées
1	3	3	5	5	7	5	7	8	10	12	16	13	15	20	17	22	22	14	20	11	5	3	3	2	1	## Nombre de sites par tournée
11	## Tournée 1
155	105	217	## Tournée 2
41	190	250	## Tournée 3
84	53	106	118	120	## Tournée 4
186	165	129	134	89	## Tournée 5
54	245	90	130	73	200	31	## Tournée 6
14	15	158	188	117	## Tournée 7
169	28	206	49	224	191	168	## Tournée 8
30	212	241	216	167	208	45	163	## Tournée 9
242	160	136	46	125	64	210	225	199	114	## Tournée 10
26	219	140	51	233	247	18	115	111	152	229	184	## Tournée 11
203	214	239	193	185	29	62	39	248	72	78	133	131	86	55	207	## Tournée 12
108	161	121	77	21	79	146	154	171	88	143	102	232	## Tournée 13
137	5	236	42	222	71	17	128	132	70	94	187	202	27	235	## Tournée 14
156	112	234	228	95	147	221	238	6	60	151	230	215	103	57	142	13	68	67	116	## Tournée 15
98	209	127	81	175	226	65	164	85	48	148	149	99	25	110	211	246	## Tournée 16
43	66	181	159	87	16	80	113	162	201	69	249	178	24	218	1	179	180	12	198	38	107	## Tournée 17
240	176	37	205	34	213	47	204	20	52	109	59	3	223	83	82	231	196	123	172	173	177	## Tournée 18
192	153	7	237	174	170	220	144	4	19	58	141	195	183	## Tournée 19
157	126	8	32	50	150	36	122	135	124	119	9	244	63	74	22	92	166	91	40	## Tournée 20
194	139	197	189	101	61	35	33	100	23	96	## Tournée 21
145	76	93	243	10	## Tournée 22
2	182	44	## Tournée 23
227	56	75	## Tournée 24
97	138	## Tournée 25
104	## Tournée 26
