114964	## Somme des retards
1075	## Temps CPU (millisecondes)
251	149	201	243	269	5	111	129	293	184	266	4	235	100	290	250	152	62	93	54	97	94	172	183	16	28	225	255	196	120	277	116	188	194	244	267	103	185	119	110	252	187	242	77	75	150	191	215	257	295	198	73	258	271	283	98	292	135	272	130	134	123	220	264	249	268	199	234	92	229	11	155	238	261	132	67	82	10	118	273	275	300	44	43	224	102	141	31	20	49	173	233	232	286	151	36	192	105	57	167	193	8	13	210	226	168	47	165	222	51	247	46	254	95	106	157	114	108	144	7	101	109	203	296	52	39	202	9	161	12	128	71	189	288	68	131	76	6	72	209	21	218	159	17	74	274	89	276	223	284	230	180	179	133	81	64	227	265	90	297	86	147	182	56	38	99	289	279	136	248	245	219	19	3	117	181	166	212	70	139	55	171	35	66	53	91	154	169	281	104	262	41	287	78	48	158	164	278	22	294	50	138	285	156	115	145	174	15	253	160	61	32	112	63	241	208	246	18	207	299	204	237	107	25	29	239	83	259	30	58	221	190	85	175	140	205	195	24	217	213	162	206	121	186	45	26	127	79	170	1	96	270	282	113	280	69	34	146	33	263	27	216	163	65	80	137	122	125	197	143	178	176	37	124	142	260	214	14	211	88	228	42	2	126	148	236	256	200	298	240	177	291	23	87	60	59	153	40	84	231	## Ordonnancement
28	## Nombre de tournées
1	1	3	2	5	4	6	6	9	9	12	12	17	16	16	20	22	23	25	24	18	18	11	10	6	2	1	1	## Nombre de sites par tournée
251	## Tournée 1
149	## Tournée 2
269	201	243	## Tournée 3
111	5	## Tournée 4
129	266	293	4	184	## Tournée 5
250	235	290	100	## Tournée 6
62	152	54	94	97	93	## Tournée 7
225	16	255	28	172	183	## Tournée 8
120	267	196	103	277	244	116	188	194	## Tournée 9
119	75	185	187	242	110	252	77	150	## Tournée 10
295	73	257	198	215	271	292	135	283	258	98	191	## Tournée 11
130	264	272	92	123	220	234	199	134	229	249	268	## Tournée 12
141	155	67	43	11	82	10	261	300	238	102	132	273	44	118	275	224	## Tournée 13
36	167	105	233	49	13	57	151	20	232	193	31	173	192	8	286	## Tournée 14
168	47	247	222	210	106	157	108	254	226	46	165	144	51	114	95	## Tournée 15
189	161	68	101	128	296	203	7	202	9	39	71	6	109	76	12	72	52	288	131	## Tournée 16
218	81	223	179	90	133	209	230	21	276	159	64	180	227	89	274	86	265	17	74	297	284	## Tournée 17
139	35	171	147	38	136	279	70	219	166	19	181	66	289	99	55	212	3	182	117	248	56	245	## Tournée 18
262	281	53	78	154	253	169	287	158	91	48	278	285	156	22	145	164	174	115	138	15	104	50	294	41	## Tournée 19
160	85	259	107	239	112	63	29	25	83	61	58	204	221	246	190	208	32	241	299	207	18	30	237	## Tournée 20
170	206	162	96	24	213	140	217	1	45	26	195	127	121	186	175	79	205	## Tournée 21
270	34	197	280	216	27	125	163	80	263	282	65	113	137	33	69	122	146	## Tournée 22
211	37	124	214	176	142	14	260	178	88	143	## Tournée 23
200	228	240	148	42	126	256	2	298	236	## Tournée 24
23	291	177	59	87	60	## Tournée 25
153	40	## Tournée 26
84	## Tournée 27
231	## Tournée 28
