129856	## Somme des retards
4294965812	## Temps CPU (millisecondes)
82	16	198	142	37	25	39	123	101	49	167	120	41	47	30	5	126	151	192	60	176	67	79	53	134	7	13	188	44	119	112	69	2	80	106	173	164	156	157	76	31	185	172	125	187	20	137	161	138	175	45	186	141	200	159	62	29	3	170	149	87	136	27	93	115	118	54	35	97	190	55	22	72	197	14	181	194	33	195	58	88	113	131	57	48	96	107	124	158	6	191	10	150	139	70	12	1	99	26	155	21	24	122	109	15	19	166	108	174	199	90	127	144	168	61	183	17	84	36	74	145	78	140	128	100	75	135	121	152	81	133	64	86	9	130	105	104	38	160	34	153	103	129	102	56	154	98	59	111	94	46	179	42	92	132	148	77	43	89	182	196	50	189	68	95	32	116	162	171	4	177	117	146	83	28	163	165	110	63	114	51	147	71	85	18	23	52	91	169	143	193	11	8	184	178	180	73	66	40	65	## Ordonnancement
28	## Nombre de tournées
1	3	2	6	4	6	6	4	3	9	8	12	12	10	10	14	13	10	12	12	14	9	7	6	3	2	1	1	## Nombre de sites par tournée
82	## Tournée 1
142	16	198	## Tournée 2
25	37	## Tournée 3
120	49	167	123	101	39	## Tournée 4
47	41	30	5	## Tournée 5
176	67	192	151	126	60	## Tournée 6
53	134	79	13	188	7	## Tournée 7
112	69	44	119	## Tournée 8
2	106	80	## Tournée 9
173	31	157	156	185	172	76	164	125	## Tournée 10
161	45	187	186	137	175	138	20	## Tournée 11
149	170	136	62	27	200	141	87	3	93	29	159	## Tournée 12
54	181	72	97	190	115	14	35	22	118	55	197	## Tournée 13
195	96	33	57	113	131	58	88	48	194	## Tournée 14
139	10	124	12	6	191	70	107	150	158	## Tournée 15
21	19	199	109	1	174	108	155	26	99	15	24	122	166	## Tournée 16
145	168	183	90	61	127	84	17	36	78	74	144	140	## Tournée 17
86	121	128	100	133	152	135	75	81	64	## Tournée 18
38	130	9	34	102	160	103	129	105	153	56	104	## Tournée 19
42	179	59	94	111	46	154	92	132	77	148	98	## Tournée 20
162	4	89	116	95	177	182	196	189	32	50	171	43	68	## Tournée 21
146	117	83	165	28	110	114	163	63	## Tournée 22
18	51	85	147	71	23	52	## Tournée 23
91	169	8	143	11	193	## Tournée 24
180	184	178	## Tournée 25
66	73	## Tournée 26
40	## Tournée 27
65	## Tournée 28
