73072	## Somme des retards
4294966972	## Temps CPU (millisecondes)
141	131	24	220	94	69	238	10	164	176	127	144	115	53	159	52	68	108	145	30	42	93	31	149	134	84	39	4	3	161	85	61	158	239	23	189	103	152	123	60	177	245	27	235	206	82	17	208	200	210	147	217	183	179	48	11	124	214	219	169	198	148	224	50	213	218	246	191	1	150	6	216	229	37	87	83	125	211	72	55	49	110	196	56	156	130	120	86	221	143	101	121	168	241	63	250	67	100	204	178	139	202	57	199	5	96	76	25	51	46	215	172	248	205	247	181	187	126	77	65	28	133	119	47	35	166	232	142	89	138	165	222	186	26	170	44	227	188	88	173	62	43	104	22	184	203	64	237	116	14	242	92	12	21	223	71	154	73	38	54	207	163	240	15	33	137	40	226	136	79	225	185	114	228	231	99	91	153	45	111	117	8	233	112	192	146	74	171	128	106	95	194	234	193	249	81	105	29	113	98	19	175	174	162	13	167	102	155	182	2	243	78	109	244	18	16	58	7	135	160	36	66	122	20	157	180	34	132	140	190	107	80	151	75	236	32	59	70	129	197	212	9	97	209	201	195	230	118	90	41	## Ordonnancement
25	## Nombre de tournées
2	3	3	2	3	4	8	6	13	13	12	16	17	16	19	23	22	20	11	15	9	6	4	2	1	## Nombre de sites par tournée
141	131	## Tournée 1
220	94	24	## Tournée 2
69	238	10	## Tournée 3
176	164	## Tournée 4
144	127	115	## Tournée 5
52	53	159	68	## Tournée 6
145	93	108	42	31	134	30	149	## Tournée 7
39	4	84	161	85	3	## Tournée 8
158	177	103	189	61	245	152	27	235	23	60	123	239	## Tournée 9
11	183	147	208	210	206	217	82	179	48	200	124	17	## Tournée 10
214	224	50	191	219	148	169	246	218	213	198	1	## Tournée 11
83	55	150	87	37	216	49	110	211	125	156	56	6	196	72	229	## Tournée 12
202	204	168	143	241	121	250	139	63	100	221	120	178	101	67	86	130	## Tournée 13
187	5	248	181	76	205	247	172	57	215	25	46	199	96	126	51	## Tournée 14
77	142	166	165	138	232	227	65	170	222	28	186	89	47	35	133	44	119	26	## Tournée 15
116	173	73	223	104	154	237	242	54	21	12	92	88	184	14	43	203	22	188	64	71	38	62	## Tournée 16
231	111	163	91	45	79	136	33	225	185	226	117	40	153	15	240	137	228	99	207	114	8	## Tournée 17
171	81	128	175	249	193	192	146	98	74	194	233	105	29	234	95	113	106	19	112	## Tournée 18
167	182	13	78	243	2	174	102	155	162	109	## Tournée 19
135	36	157	20	58	132	34	122	7	160	66	18	244	180	16	## Tournée 20
59	32	190	80	236	107	75	140	151	## Tournée 21
212	9	70	197	129	97	## Tournée 22
201	195	230	209	## Tournée 23
118	90	## Tournée 24
41	## Tournée 25
