19933	## Somme des retards
150	## Temps CPU (millisecondes)
54	73	148	4	121	7	131	46	138	29	77	55	72	137	88	39	136	37	94	119	90	66	105	52	112	92	17	103	147	133	41	64	113	1	57	144	120	84	102	76	129	110	6	9	81	93	67	33	58	83	91	69	28	142	49	80	5	48	104	106	124	125	111	145	143	75	134	62	30	115	10	63	149	32	13	86	31	3	56	16	98	26	14	22	20	89	70	123	126	43	100	65	140	71	114	11	130	60	36	117	139	19	42	116	135	109	97	79	15	34	107	25	68	2	45	87	118	74	50	51	18	150	59	38	128	99	23	53	24	132	82	101	108	127	44	8	96	122	61	12	78	21	146	141	47	40	27	85	35	95	## Ordonnancement
20	## Nombre de tournées
2	2	6	7	2	8	7	10	11	12	15	16	11	9	11	10	4	4	2	1	## Nombre de sites par tournée
73	54	## Tournée 1
148	4	## Tournée 2
46	138	29	7	131	121	## Tournée 3
39	88	72	55	77	136	137	## Tournée 4
37	94	## Tournée 5
17	66	52	119	112	90	105	92	## Tournée 6
147	103	41	133	64	113	1	## Tournée 7
144	102	120	9	84	76	129	110	6	57	## Tournée 8
142	28	67	81	33	93	69	83	58	49	91	## Tournée 9
75	143	48	125	111	106	134	80	104	124	145	5	## Tournée 10
13	115	56	16	98	31	86	30	32	10	149	3	63	26	62	## Tournée 11
71	89	123	130	65	43	140	14	60	126	100	70	11	114	22	20	## Tournée 12
15	79	42	36	117	135	19	116	109	97	139	## Tournée 13
68	107	25	34	2	118	87	45	74	## Tournée 14
51	38	150	128	24	53	99	59	18	23	50	## Tournée 15
101	108	8	122	127	96	61	44	82	132	## Tournée 16
146	78	12	21	## Tournée 17
27	141	47	40	## Tournée 18
35	85	## Tournée 19
95	## Tournée 20
