38621	## Somme des retards
1680	## Temps CPU (millisecondes)
49	19	71	97	52	42	72	96	29	63	67	35	100	43	81	7	83	57	88	18	66	64	4	16	38	1	13	15	92	76	93	89	77	8	50	94	14	37	60	84	65	32	68	85	79	91	45	55	44	58	41	78	2	74	82	31	46	69	28	33	62	95	36	12	53	9	24	10	25	40	21	80	39	75	99	54	22	86	70	87	5	34	61	98	23	48	56	59	26	47	20	11	3	90	73	6	51	30	17	27	## Ordonnancement
18	## Nombre de tournées
1	3	1	6	5	7	6	6	7	12	11	8	8	6	7	3	2	1	## Nombre de sites par tournée
49	## Tournée 1
97	71	19	## Tournée 2
52	## Tournée 3
42	63	96	72	29	67	## Tournée 4
43	100	81	7	35	## Tournée 5
64	66	18	83	88	4	57	## Tournée 6
15	92	1	13	16	38	## Tournée 7
89	8	93	50	76	77	## Tournée 8
94	84	37	14	60	32	65	## Tournée 9
41	85	58	91	68	74	79	44	2	78	45	55	## Tournée 10
95	12	28	31	46	53	82	33	62	69	36	## Tournée 11
80	25	10	40	21	39	9	24	## Tournée 12
22	87	70	99	86	5	75	54	## Tournée 13
56	98	48	34	61	23	## Tournée 14
20	59	47	26	90	11	3	## Tournée 15
6	51	73	## Tournée 16
17	30	## Tournée 17
27	## Tournée 18
