29445	## Somme des retards
4294965467	## Temps CPU (millisecondes)
116	149	138	99	2	16	87	38	50	115	10	51	88	5	144	111	102	31	107	17	60	148	108	32	9	20	40	29	127	105	132	130	123	106	45	84	36	48	25	93	53	6	131	70	134	22	82	112	142	1	140	125	121	72	33	103	14	73	44	26	43	117	55	78	34	143	13	133	11	119	3	15	136	35	139	65	104	46	114	90	92	63	122	41	135	145	83	100	12	150	57	58	126	110	85	54	75	146	4	95	79	81	27	71	28	7	86	61	42	76	101	118	59	141	69	97	30	129	124	18	19	120	67	137	47	56	52	109	49	113	98	128	23	64	37	96	8	74	77	91	62	21	89	39	24	94	147	68	80	66	## Ordonnancement
19	## Nombre de tournées
3	4	4	2	4	4	6	9	12	11	16	15	16	13	11	11	6	2	1	## Nombre de sites par tournée
149	138	116	## Tournée 1
87	99	16	2	## Tournée 2
115	10	38	50	## Tournée 3
88	51	## Tournée 4
144	5	102	111	## Tournée 5
107	31	60	17	## Tournée 6
148	32	9	40	20	108	## Tournée 7
29	123	45	106	84	132	130	105	127	## Tournée 8
53	48	36	134	82	25	131	70	6	93	112	22	## Tournée 9
14	121	73	33	72	140	142	44	103	125	1	## Tournée 10
26	133	55	11	139	136	35	119	78	13	143	15	117	34	43	3	## Tournée 11
92	114	100	150	145	122	83	46	12	135	104	65	90	41	63	## Tournée 12
57	75	4	81	54	58	7	79	85	95	71	146	110	28	27	126	## Tournée 13
86	42	97	30	76	129	118	124	61	59	101	141	69	## Tournée 14
52	49	137	120	113	56	19	67	47	18	109	## Tournée 15
23	8	74	62	77	91	64	96	98	37	128	## Tournée 16
94	24	147	89	21	39	## Tournée 17
68	80	## Tournée 18
66	## Tournée 19
