134097	## Somme des retards
1045	## Temps CPU (millisecondes)
94	187	141	43	116	87	59	152	78	157	139	53	171	172	199	183	114	93	200	144	15	176	118	95	6	5	182	76	92	148	14	84	32	146	35	123	105	126	162	51	198	81	167	52	8	62	34	185	193	68	134	137	45	158	26	113	7	121	66	189	145	132	102	161	64	63	166	142	46	181	173	140	133	80	106	16	155	170	109	1	31	177	96	17	143	38	74	184	3	83	100	147	129	89	111	11	48	131	77	61	164	49	119	192	169	125	91	23	72	190	30	186	97	24	101	191	29	153	50	27	99	195	19	128	12	56	175	196	28	136	79	70	73	135	20	179	107	138	33	163	86	21	58	88	108	82	165	117	110	69	151	42	197	41	159	180	10	39	40	98	60	130	122	57	13	115	160	67	36	168	37	104	44	71	194	103	124	22	54	55	178	85	188	18	149	75	25	112	90	65	127	120	4	156	154	174	47	9	150	2	## Ordonnancement
22	## Nombre de tournées
2	4	1	4	3	4	4	7	8	7	10	13	14	16	17	18	22	19	12	9	4	2	## Nombre de sites par tournée
187	94	## Tournée 1
116	87	141	43	## Tournée 2
59	## Tournée 3
152	78	157	139	## Tournée 4
172	53	171	## Tournée 5
93	183	114	199	## Tournée 6
176	200	144	15	## Tournée 7
118	95	92	76	182	6	5	## Tournée 8
14	105	84	146	32	123	35	148	## Tournée 9
162	81	198	126	51	167	52	## Tournée 10
8	134	193	34	158	45	185	137	68	62	## Tournée 11
102	145	166	132	7	64	161	26	189	113	66	63	121	## Tournée 12
170	173	16	46	109	80	155	133	106	140	31	142	181	1	## Tournée 13
100	177	147	129	48	17	38	74	143	96	11	3	184	83	89	111	## Tournée 14
169	125	30	97	61	186	119	192	131	77	91	164	24	72	23	49	190	## Tournée 15
19	136	175	99	12	29	153	195	50	196	191	79	128	101	56	70	27	28	## Tournée 16
163	41	69	20	135	197	165	21	108	73	117	58	179	86	82	110	151	33	88	107	138	42	## Tournée 17
104	67	130	57	160	40	98	159	115	37	10	13	122	39	168	180	44	36	60	## Tournée 18
85	194	124	103	149	71	55	54	18	22	178	188	## Tournée 19
156	25	65	127	4	112	90	120	75	## Tournée 20
174	9	47	154	## Tournée 21
2	150	## Tournée 22
