51537	## Somme des retards
1370	## Temps CPU (millisecondes)
63	53	56	98	1	61	23	70	80	68	37	74	91	45	39	18	78	29	93	75	48	17	46	64	100	60	27	66	2	19	31	38	41	94	54	35	13	90	79	77	32	49	83	9	89	73	20	14	26	99	86	71	69	7	4	65	8	12	76	42	92	30	82	55	22	67	88	62	95	40	24	96	50	44	57	15	6	72	85	5	28	43	52	81	33	16	3	58	34	11	97	84	59	25	51	87	36	21	10	47	## Ordonnancement
16	## Nombre de tournées
1	3	3	5	6	8	8	8	9	10	11	11	8	4	3	2	## Nombre de sites par tournée
63	## Tournée 1
56	98	53	## Tournée 2
1	23	61	## Tournée 3
37	68	70	74	80	## Tournée 4
39	78	91	18	45	29	## Tournée 5
60	93	48	46	75	64	17	100	## Tournée 6
66	31	94	41	19	38	2	27	## Tournée 7
32	54	77	79	49	90	35	13	## Tournée 8
86	83	73	9	20	99	89	26	14	## Tournée 9
4	42	12	76	71	69	8	65	7	92	## Tournée 10
24	95	22	62	82	40	30	96	88	67	55	## Tournée 11
44	43	52	57	85	50	6	15	72	5	28	## Tournée 12
11	97	81	33	16	58	3	34	## Tournée 13
84	51	59	25	## Tournée 14
87	21	36	## Tournée 15
47	10	## Tournée 16
