134562	## Somme des retards
1350	## Temps CPU (millisecondes)
144	154	45	74	141	2	44	168	132	200	31	20	42	195	114	193	160	35	25	27	165	81	133	127	43	76	99	64	119	72	101	34	98	60	139	63	66	84	87	17	140	188	172	69	138	173	111	146	157	184	93	54	77	40	95	23	110	180	100	73	47	112	108	171	6	49	36	104	131	136	79	175	137	57	199	116	86	58	148	197	155	120	96	7	134	103	11	152	9	149	12	28	68	170	41	198	1	142	185	128	186	48	177	130	24	192	38	178	78	174	56	33	8	151	51	176	115	18	55	15	16	147	19	158	118	161	179	169	102	143	82	117	123	32	189	37	194	162	21	62	13	26	159	89	109	3	126	91	46	80	39	30	187	59	196	90	65	153	191	107	190	53	163	105	183	75	22	106	124	113	71	83	164	50	145	92	122	182	135	29	94	150	10	67	88	166	129	181	156	14	5	125	61	167	97	4	52	121	70	85	## Ordonnancement
25	## Nombre de tournées
1	2	4	5	3	6	9	7	6	11	10	9	16	16	18	14	16	16	10	7	6	3	2	2	1	## Nombre de sites par tournée
144	## Tournée 1
45	154	## Tournée 2
2	44	141	74	## Tournée 3
20	168	200	132	31	## Tournée 4
195	114	42	## Tournée 5
165	160	25	193	35	27	## Tournée 6
99	76	133	81	43	127	72	119	64	## Tournée 7
139	98	63	66	60	101	34	## Tournée 8
84	140	172	188	17	87	## Tournée 9
40	184	146	54	93	138	157	77	69	173	111	## Tournée 10
110	47	180	95	171	100	112	23	73	108	## Tournée 11
131	104	136	79	137	175	6	36	49	## Tournée 12
96	199	148	103	120	152	58	11	134	57	155	197	116	7	9	86	## Tournée 13
142	185	12	41	48	130	1	177	28	170	128	198	24	68	149	186	## Tournée 14
78	8	16	15	38	33	174	178	115	19	51	147	56	55	18	176	192	151	## Tournée 15
189	158	117	143	102	123	169	37	118	82	194	179	32	161	## Tournée 16
187	159	30	126	46	3	13	21	162	109	80	91	26	39	89	62	## Tournée 17
190	90	75	196	191	59	105	124	22	163	65	53	153	106	183	107	## Tournée 18
182	83	113	92	164	145	135	71	122	50	## Tournée 19
67	150	29	94	10	88	166	## Tournée 20
181	125	14	129	156	5	## Tournée 21
61	167	97	## Tournée 22
4	52	## Tournée 23
70	121	## Tournée 24
85	## Tournée 25
