50566	## Somme des retards
4294965817	## Temps CPU (millisecondes)
9	92	30	90	88	110	57	78	96	28	41	124	58	17	48	34	74	122	46	35	15	14	134	22	21	56	140	50	85	105	68	99	84	87	139	54	6	109	129	62	40	11	2	93	51	89	117	36	80	12	125	29	26	116	43	150	148	4	7	47	69	67	65	132	149	38	16	107	114	3	142	120	128	108	103	1	146	33	141	27	91	79	135	52	112	127	137	115	59	61	121	82	63	10	13	126	20	143	101	95	145	130	77	113	144	31	39	45	118	60	104	131	119	64	111	147	97	53	44	100	102	37	73	71	72	25	32	24	75	136	123	138	76	42	83	94	98	19	23	8	106	55	70	86	81	49	66	18	5	133	## Ordonnancement
19	## Nombre de tournées
3	2	4	6	5	8	11	13	10	13	15	14	16	10	10	4	2	2	2	## Nombre de sites par tournée
9	30	92	## Tournée 1
88	90	## Tournée 2
57	110	96	78	## Tournée 3
28	48	17	41	58	124	## Tournée 4
74	122	35	34	46	## Tournée 5
22	14	56	15	140	134	21	50	## Tournée 6
109	54	68	87	129	84	139	99	6	105	85	## Tournée 7
93	51	62	12	29	40	2	89	125	80	36	11	117	## Tournée 8
150	26	69	43	148	47	4	7	116	67	## Tournée 9
107	16	38	103	142	128	3	65	114	108	120	149	132	## Tournée 10
61	137	141	1	59	127	52	33	135	79	27	146	115	91	112	## Tournée 11
10	82	95	113	77	20	126	145	13	143	130	63	101	121	## Tournée 12
144	44	31	119	53	100	111	60	147	45	64	104	131	118	39	97	## Tournée 13
25	102	32	24	75	136	73	71	72	37	## Tournée 14
42	138	19	98	76	83	123	23	94	8	## Tournée 15
106	70	55	86	## Tournée 16
81	49	## Tournée 17
18	66	## Tournée 18
133	5	## Tournée 19
