80274	## Somme des retards
4294966362	## Temps CPU (millisecondes)
91	28	73	54	42	74	115	136	4	150	10	109	113	20	24	85	76	97	68	50	64	121	94	2	99	90	86	135	19	53	92	116	103	105	79	140	63	58	93	46	30	41	51	5	119	32	35	122	132	8	72	44	36	29	101	11	149	96	125	69	39	56	47	108	88	12	33	77	133	9	139	145	89	37	60	17	70	81	118	48	66	87	71	7	82	117	83	57	148	34	84	62	141	102	59	40	43	146	106	52	127	22	31	112	100	25	61	55	114	124	129	21	3	104	144	142	111	16	1	13	26	130	120	80	65	67	18	45	128	131	75	49	78	98	147	110	123	95	137	138	143	134	107	6	14	38	126	27	15	23	## Ordonnancement
18	## Nombre de tournées
2	3	4	4	8	9	10	8	10	12	14	20	13	18	8	5	1	1	## Nombre de sites par tournée
28	91	## Tournée 1
73	42	54	## Tournée 2
136	74	115	4	## Tournée 3
109	113	10	150	## Tournée 4
50	64	20	24	97	76	85	68	## Tournée 5
135	99	94	53	2	90	19	86	121	## Tournée 6
63	103	58	116	140	105	93	46	79	92	## Tournée 7
30	5	122	51	35	32	41	119	## Tournée 8
29	8	96	44	132	101	149	11	72	36	## Tournée 9
9	12	33	88	56	133	77	47	108	69	39	125	## Tournée 10
60	66	118	87	70	89	145	81	17	48	71	139	37	7	## Tournée 11
84	141	57	52	40	148	22	59	43	82	83	31	102	146	112	127	62	34	117	106	## Tournée 12
104	61	111	25	114	100	144	21	142	55	129	124	3	## Tournée 13
98	131	26	49	65	13	67	1	130	18	120	78	16	128	45	75	80	147	## Tournée 14
110	95	107	134	143	137	138	123	## Tournée 15
38	126	27	14	6	## Tournée 16
15	## Tournée 17
23	## Tournée 18
