25656	## Somme des retards
4294965482	## Temps CPU (millisecondes)
51	82	98	68	59	45	87	14	66	53	8	4	86	60	94	83	79	24	42	20	64	97	3	61	12	57	67	70	84	47	85	48	28	91	33	35	69	74	5	2	50	63	52	10	26	36	49	16	88	37	44	25	89	41	92	30	6	54	19	34	15	78	80	29	62	72	56	17	11	39	95	21	18	43	90	71	22	13	58	81	46	1	75	31	32	7	9	99	93	55	27	76	40	65	96	23	100	77	38	73	## Ordonnancement
19	## Nombre de tournées
2	3	3	4	2	5	4	7	5	7	6	9	12	9	9	5	5	2	1	## Nombre de sites par tournée
51	82	## Tournée 1
68	98	59	## Tournée 2
14	45	87	## Tournée 3
53	4	66	8	## Tournée 4
60	86	## Tournée 5
79	24	42	83	94	## Tournée 6
64	20	97	3	## Tournée 7
67	70	47	84	57	61	12	## Tournée 8
48	85	33	28	91	## Tournée 9
5	63	2	35	50	69	74	## Tournée 10
49	26	52	36	16	10	## Tournée 11
37	88	44	89	25	92	6	41	30	## Tournée 12
62	19	80	29	78	54	15	34	72	17	11	56	## Tournée 13
95	90	18	43	21	71	13	22	39	## Tournée 14
58	75	46	32	7	31	9	81	1	## Tournée 15
55	76	27	99	93	## Tournée 16
96	40	65	100	23	## Tournée 17
77	38	## Tournée 18
73	## Tournée 19
