277322	## Somme des retards
1480	## Temps CPU (millisecondes)
67	272	227	200	178	293	33	228	30	31	190	69	292	295	165	181	243	97	164	209	45	230	133	50	37	277	158	123	223	72	92	73	129	249	288	16	80	285	251	284	10	241	191	183	38	126	107	173	213	17	252	82	83	8	204	100	6	85	19	110	176	282	120	153	136	189	245	47	84	297	275	105	116	119	205	138	24	186	248	198	225	232	142	113	104	247	219	70	155	149	57	163	159	54	3	177	210	270	269	162	262	172	62	168	23	246	32	170	235	96	52	102	63	1	65	197	187	48	196	161	90	294	160	114	103	108	75	2	242	106	27	14	125	29	132	278	240	77	13	131	179	127	66	236	28	43	78	231	171	289	141	95	35	195	254	180	9	211	273	256	88	15	79	144	203	74	194	112	296	146	26	40	174	258	229	218	61	59	226	253	217	199	259	44	93	145	221	150	21	154	11	202	81	276	280	265	130	216	267	239	53	299	281	89	157	60	22	264	56	279	134	167	201	212	214	140	111	283	121	291	4	20	115	220	68	152	55	139	18	182	290	51	137	215	151	98	128	193	71	101	300	184	25	87	261	156	233	12	222	99	7	287	169	58	257	147	117	255	39	238	271	46	268	185	260	244	34	175	207	135	206	42	234	166	124	118	41	298	192	250	109	237	266	286	36	263	224	76	91	148	64	143	86	122	274	208	49	94	5	188	## Ordonnancement
27	## Nombre de tournées
2	3	4	3	4	8	6	8	10	9	11	14	20	14	18	17	19	20	25	25	25	16	8	5	3	2	1	## Nombre de sites par tournée
67	272	## Tournée 1
227	178	200	## Tournée 2
228	293	33	30	## Tournée 3
190	69	31	## Tournée 4
295	292	165	181	## Tournée 5
209	230	97	133	243	45	164	50	## Tournée 6
123	223	277	72	37	158	## Tournée 7
73	92	288	249	16	129	285	80	## Tournée 8
173	251	241	284	183	191	10	107	126	38	## Tournée 9
100	82	17	83	8	204	6	213	252	## Tournée 10
189	176	120	245	136	110	19	153	85	282	47	## Tournée 11
105	275	24	198	186	205	232	138	297	116	248	225	84	119	## Tournée 12
155	219	159	163	262	247	177	162	210	149	172	57	113	142	270	54	3	269	70	104	## Tournée 13
246	63	168	1	235	23	197	62	65	102	52	32	170	96	## Tournée 14
161	106	114	103	125	160	196	242	75	187	48	29	2	27	294	90	14	108	## Tournée 15
43	66	141	127	179	78	171	131	132	13	240	77	236	28	289	231	278	## Tournée 16
203	74	9	254	95	146	15	88	112	256	296	194	180	211	35	273	195	79	144	## Tournée 17
59	221	217	259	93	21	253	174	150	145	26	40	61	199	218	258	229	226	44	154	## Tournée 18
202	22	264	216	89	267	60	281	167	299	201	212	81	56	53	265	276	214	280	130	279	157	134	239	11	## Tournée 19
140	291	101	98	182	20	220	51	4	151	137	152	68	18	111	55	215	71	139	283	115	290	193	128	121	## Tournée 20
184	147	233	25	58	238	271	300	268	169	287	99	7	39	156	261	117	46	87	260	255	185	12	257	222	## Tournée 21
109	250	41	244	192	298	166	124	234	207	34	42	118	206	135	175	## Tournée 22
76	91	237	263	36	286	224	266	## Tournée 23
122	86	148	143	64	## Tournée 24
49	274	208	## Tournée 25
5	94	## Tournée 26
188	## Tournée 27
