164137	## Somme des retards
4294967267	## Temps CPU (millisecondes)
113	278	236	142	95	281	97	110	186	83	118	170	283	293	59	163	198	3	217	78	224	13	119	49	53	24	30	288	84	254	15	299	2	66	151	147	93	240	256	252	192	43	215	112	133	226	155	165	277	45	89	152	159	211	287	298	296	143	106	117	137	72	266	184	99	41	19	214	70	221	190	114	270	194	237	156	238	102	261	57	208	62	259	91	17	203	282	61	248	37	178	92	207	104	286	264	40	276	230	177	33	48	36	28	223	233	144	23	38	136	222	60	265	73	219	94	108	279	191	284	5	262	250	275	80	9	131	244	145	255	25	146	269	227	111	212	172	232	64	258	295	267	150	127	74	44	124	168	138	149	220	249	245	188	105	86	123	21	46	242	169	134	126	63	167	291	216	182	11	20	130	292	22	12	58	195	82	54	52	76	77	206	290	181	26	280	75	71	39	161	32	196	103	251	231	285	7	289	154	201	199	153	187	193	34	29	69	65	4	8	81	140	179	122	115	79	42	175	135	14	139	50	246	180	272	235	162	120	27	116	174	243	125	87	67	109	247	218	100	129	47	51	6	141	171	10	241	225	160	229	297	85	96	213	56	185	200	268	202	234	55	101	164	128	210	239	157	90	158	1	166	183	260	205	98	176	68	257	148	132	88	209	35	263	300	121	273	189	204	197	18	274	16	173	107	271	228	253	294	31	## Ordonnancement
27	## Nombre de tournées
1	1	2	2	5	6	10	9	11	9	11	12	12	18	20	16	18	20	22	24	24	20	14	6	3	2	2	## Nombre de sites par tournée
113	## Tournée 1
278	## Tournée 2
236	142	## Tournée 3
281	95	## Tournée 4
186	110	83	118	97	## Tournée 5
163	283	293	198	170	59	## Tournée 6
119	49	217	30	78	224	13	53	3	24	## Tournée 7
84	254	2	288	15	147	151	66	299	## Tournée 8
226	155	252	215	93	133	256	43	240	192	112	## Tournée 9
89	211	45	152	165	277	298	287	159	## Tournée 10
266	99	117	184	72	41	106	19	137	143	296	## Tournée 11
237	114	238	270	194	214	102	261	156	190	70	221	## Tournée 12
248	61	208	37	17	203	259	178	282	57	91	62	## Tournée 13
28	48	40	33	144	286	223	104	230	264	38	36	207	276	177	23	233	92	## Tournée 14
279	191	80	222	145	73	219	108	94	131	284	244	9	60	250	265	275	136	262	5	## Tournée 15
212	255	111	74	232	258	150	269	146	172	64	25	127	227	295	267	## Tournée 16
188	124	138	86	105	149	126	168	169	245	249	44	220	242	21	123	134	46	## Tournée 17
22	11	77	20	292	52	82	63	290	206	12	58	216	130	182	291	76	195	54	167	## Tournée 18
153	199	7	71	32	39	193	201	103	196	280	251	181	187	285	75	161	26	34	289	231	154	## Tournée 19
65	122	14	29	81	8	27	135	235	246	175	4	139	272	179	69	162	115	79	120	50	42	140	180	## Tournée 20
225	218	160	6	247	171	243	109	116	241	47	125	229	96	174	100	85	10	297	141	51	129	67	87	## Tournée 21
268	185	128	56	164	260	202	157	210	213	234	55	166	239	90	158	183	101	200	1	## Tournée 22
209	121	98	300	263	148	88	205	35	273	176	132	257	68	## Tournée 23
204	197	18	274	16	189	## Tournée 24
107	173	271	## Tournée 25
253	228	## Tournée 26
294	31	## Tournée 27
