14889	## Somme des retards
1430	## Temps CPU (millisecondes)
27	1	44	57	2	73	32	99	51	30	50	43	9	58	92	29	15	60	72	94	12	18	41	79	56	93	77	52	54	69	64	33	23	3	21	22	47	66	38	17	24	13	53	89	11	68	84	96	86	48	100	65	35	14	62	5	70	82	61	16	90	39	8	19	98	75	40	28	34	80	95	6	74	59	49	55	83	81	76	97	36	63	87	91	7	25	78	42	85	37	71	88	67	45	26	46	31	4	20	10	## Ordonnancement
17	## Nombre de tournées
3	4	3	5	6	8	8	12	13	10	8	8	5	3	2	1	1	## Nombre de sites par tournée
27	1	44	## Tournée 1
2	73	32	57	## Tournée 2
51	30	99	## Tournée 3
43	9	92	50	58	## Tournée 4
15	94	12	60	72	29	## Tournée 5
41	18	56	52	79	93	54	77	## Tournée 6
21	64	69	47	23	33	22	3	## Tournée 7
24	86	89	66	13	96	53	68	11	84	17	38	## Tournée 8
16	14	70	100	65	62	61	35	5	90	82	48	39	## Tournée 9
34	8	80	75	6	95	28	40	19	98	## Tournée 10
76	83	81	97	49	55	59	74	## Tournée 11
25	42	7	91	78	87	63	36	## Tournée 12
85	67	71	88	37	## Tournée 13
46	45	26	## Tournée 14
4	31	## Tournée 15
20	## Tournée 16
10	## Tournée 17
