92893	## Somme des retards
4294966522	## Temps CPU (millisecondes)
123	214	224	63	5	244	232	16	6	172	22	133	21	91	94	41	35	92	204	81	25	115	14	113	156	155	76	78	184	58	86	179	227	151	96	186	3	38	163	243	80	189	13	181	160	79	154	119	124	167	108	67	222	203	9	53	140	17	242	128	237	171	134	118	198	104	231	162	77	20	55	106	74	23	54	149	207	66	61	102	110	87	46	145	39	72	217	220	185	165	90	188	42	191	70	4	197	19	10	127	195	236	2	158	210	239	209	105	107	166	249	83	137	146	235	212	241	138	117	75	121	229	196	103	194	36	89	101	200	182	206	161	168	141	246	180	68	57	192	213	136	82	215	169	64	122	176	247	183	32	125	45	48	27	59	216	143	142	97	226	114	24	85	233	201	248	18	1	116	170	159	71	130	7	40	69	218	208	49	221	205	234	99	250	60	15	129	132	31	230	223	47	131	190	62	240	44	111	164	8	95	11	112	33	30	126	26	43	65	98	228	152	93	12	245	135	147	84	219	157	174	193	56	37	238	144	173	211	50	177	202	52	148	139	120	187	153	150	175	109	88	73	225	28	100	178	34	199	29	51	## Ordonnancement
28	## Nombre de tournées
1	2	3	3	4	5	4	7	8	10	9	14	13	13	18	21	21	17	20	17	12	9	8	5	2	2	1	1	## Nombre de sites par tournée
123	## Tournée 1
224	214	## Tournée 2
5	244	63	## Tournée 3
6	232	16	## Tournée 4
133	172	22	21	## Tournée 5
94	41	92	91	35	## Tournée 6
115	81	204	25	## Tournée 7
184	113	76	78	156	155	14	## Tournée 8
86	96	3	186	151	58	227	179	## Tournée 9
163	80	13	38	154	189	181	79	160	243	## Tournée 10
108	167	53	9	203	124	222	67	119	## Tournée 11
104	20	162	171	198	17	242	237	140	231	134	128	77	118	## Tournée 12
46	23	207	149	55	66	74	106	87	61	102	54	110	## Tournée 13
70	220	185	42	188	217	4	39	72	165	145	90	191	## Tournée 14
239	210	19	249	195	236	209	105	146	158	2	107	166	137	83	127	10	197	## Tournée 15
121	168	89	36	194	161	138	182	235	229	101	117	212	196	200	141	246	75	206	103	241	## Tournée 16
213	176	180	82	68	125	32	57	215	169	216	48	136	122	45	183	64	247	27	192	59	## Tournée 17
130	97	201	143	248	142	233	71	226	116	170	159	24	18	1	85	114	## Tournée 18
131	69	47	49	31	223	221	99	250	7	234	129	230	15	132	218	208	60	205	40	## Tournée 19
33	62	95	26	43	11	8	44	112	111	164	98	30	240	126	190	65	## Tournée 20
245	157	193	147	93	84	152	174	12	135	228	219	## Tournée 21
202	50	238	177	144	211	37	56	173	## Tournée 22
187	153	148	120	52	139	150	175	## Tournée 23
109	28	225	88	73	## Tournée 24
100	178	## Tournée 25
199	34	## Tournée 26
29	## Tournée 27
51	## Tournée 28
