120434	## Somme des retards
4294966717	## Temps CPU (millisecondes)
191	36	25	197	4	234	144	167	1	112	111	156	75	102	185	244	62	18	51	177	50	218	122	21	198	193	160	140	145	60	237	107	165	199	181	40	188	146	126	67	221	97	247	223	241	113	33	205	232	131	168	133	80	208	154	53	52	123	58	42	47	9	83	37	71	78	90	88	138	190	43	153	183	225	134	148	203	31	226	130	245	20	215	55	3	135	136	176	103	7	35	66	161	72	204	124	29	73	77	106	220	219	172	105	246	93	235	159	250	163	15	228	212	115	173	45	227	76	14	202	68	26	210	84	182	98	27	214	206	132	5	147	224	195	54	8	187	41	119	158	170	34	121	114	10	229	192	28	117	120	104	141	100	137	249	48	155	213	16	57	169	175	108	164	200	32	129	248	56	178	150	17	87	38	194	89	86	236	243	2	142	44	222	139	189	238	110	143	125	231	152	240	63	96	82	116	196	24	30	216	81	22	118	70	59	64	184	127	101	151	74	13	211	180	39	166	99	162	94	239	65	157	46	61	174	49	209	186	217	233	179	171	128	12	79	230	201	11	109	6	85	69	92	91	207	23	242	149	19	95	## Ordonnancement
23	## Nombre de tournées
1	2	4	6	4	6	7	9	7	8	11	12	15	18	18	19	22	22	25	22	7	3	2	## Nombre de sites par tournée
191	## Tournée 1
36	25	## Tournée 2
234	4	144	197	## Tournée 3
1	111	156	75	167	112	## Tournée 4
185	102	244	62	## Tournée 5
51	18	177	50	122	218	## Tournée 6
21	140	60	198	193	145	160	## Tournée 7
181	165	199	146	126	188	107	40	237	## Tournée 8
241	113	67	221	247	97	223	## Tournée 9
33	131	80	205	168	133	208	232	## Tournée 10
37	47	123	53	58	52	42	83	154	71	9	## Tournée 11
90	190	138	134	88	148	183	153	203	43	78	225	## Tournée 12
176	55	135	136	7	31	20	103	3	245	130	35	226	66	215	## Tournée 13
73	105	72	220	106	235	172	204	163	93	161	159	246	219	29	124	77	250	## Tournée 14
84	182	210	68	45	227	76	173	26	15	27	202	115	98	228	14	214	212	## Tournée 15
8	170	114	132	34	158	224	195	192	5	121	119	54	206	187	229	41	10	147	## Tournée 16
248	57	28	164	117	141	249	200	104	32	137	48	175	108	155	120	213	16	100	129	56	169	## Tournée 17
150	86	243	139	89	194	125	189	142	231	236	44	87	2	222	178	238	38	143	152	17	110	## Tournée 18
82	64	101	196	70	211	180	74	127	13	240	39	30	116	59	184	22	151	63	166	216	81	24	118	96	## Tournée 19
171	230	174	217	186	61	201	12	94	162	65	49	128	179	239	46	209	233	11	79	157	99	## Tournée 20
85	91	6	69	207	109	92	## Tournée 21
23	149	242	## Tournée 22
95	19	## Tournée 23
