34970	## Somme des retards
1600	## Temps CPU (millisecondes)
26	94	60	17	24	91	92	79	65	16	21	15	76	14	30	87	90	5	19	7	55	2	71	64	28	66	69	100	23	51	41	58	37	46	72	63	75	54	42	4	68	8	98	53	39	31	89	11	35	10	67	9	85	70	99	62	78	96	6	73	83	48	34	74	32	33	44	61	3	27	25	20	47	18	81	49	50	45	95	88	57	36	22	93	13	52	43	40	1	12	29	86	59	97	38	82	56	80	77	84	## Ordonnancement
18	## Nombre de tournées
1	2	2	3	4	3	4	6	5	7	9	9	11	12	10	7	3	2	## Nombre de sites par tournée
26	## Tournée 1
60	94	## Tournée 2
24	17	## Tournée 3
79	91	92	## Tournée 4
21	65	16	15	## Tournée 5
30	14	76	## Tournée 6
19	5	90	87	## Tournée 7
2	71	64	55	28	7	## Tournée 8
69	51	23	66	100	## Tournée 9
41	63	37	72	46	58	75	## Tournée 10
4	8	68	39	53	54	42	31	98	## Tournée 11
85	10	35	99	89	9	70	11	67	## Tournée 12
96	32	83	33	78	6	62	73	34	74	48	## Tournée 13
25	27	18	3	81	61	44	20	45	50	49	47	## Tournée 14
13	57	22	43	95	52	40	36	88	93	## Tournée 15
59	1	97	86	38	12	29	## Tournée 16
82	56	80	## Tournée 17
77	84	## Tournée 18
