255787	## Somme des retards
1055	## Temps CPU (millisecondes)
192	65	92	120	187	183	81	131	97	149	147	84	9	197	61	133	24	112	137	85	31	77	55	132	62	14	59	154	176	40	1	23	16	72	3	161	13	123	33	150	181	46	87	48	185	44	179	195	99	196	34	165	15	199	172	126	74	144	105	89	169	108	163	49	54	151	117	64	111	20	37	56	76	100	138	141	39	75	148	173	145	12	153	178	10	156	6	113	171	167	170	93	21	102	17	119	53	19	114	103	63	124	191	146	139	86	136	5	41	25	152	166	184	174	83	78	175	58	45	28	110	143	194	96	107	79	188	94	67	142	157	52	162	22	168	35	190	129	121	11	140	27	128	88	8	2	159	182	116	68	122	127	186	4	158	73	101	200	50	193	115	32	180	80	134	135	91	47	43	36	26	70	98	189	177	69	109	118	60	95	106	125	90	57	155	38	51	7	130	82	42	71	198	30	66	18	29	164	160	104	## Ordonnancement
24	## Nombre de tournées
1	4	1	1	3	4	4	6	6	8	10	12	10	11	13	17	17	16	20	13	12	4	4	3	## Nombre de sites par tournée
192	## Tournée 1
120	65	187	92	## Tournée 2
183	## Tournée 3
81	## Tournée 4
131	97	149	## Tournée 5
197	9	84	147	## Tournée 6
61	133	24	112	## Tournée 7
55	85	132	31	137	77	## Tournée 8
154	176	14	62	40	59	## Tournée 9
23	161	3	123	1	13	16	72	## Tournée 10
195	150	48	179	185	33	46	87	44	181	## Tournée 11
165	99	172	126	196	89	199	34	74	105	144	15	## Tournée 12
169	20	108	49	117	64	111	54	151	163	## Tournée 13
100	141	75	138	56	37	148	39	173	145	76	## Tournée 14
93	102	12	156	171	6	178	167	21	170	113	10	153	## Tournée 15
63	41	19	139	86	114	146	119	103	191	124	152	25	136	5	17	53	## Tournée 16
175	28	110	94	143	96	194	184	58	45	83	166	79	174	78	107	188	## Tournée 17
128	52	190	168	88	142	27	162	67	121	129	140	157	11	22	35	## Tournée 18
180	115	8	159	127	73	200	68	116	158	122	182	101	186	80	50	4	32	193	2	## Tournée 19
43	70	69	36	109	26	134	135	47	189	91	177	98	## Tournée 20
51	155	125	7	130	118	38	95	90	106	60	57	## Tournée 21
82	198	42	71	## Tournée 22
18	66	29	30	## Tournée 23
104	164	160	## Tournée 24
