63798	## Somme des retards
4294965282	## Temps CPU (millisecondes)
24	57	92	76	19	23	11	27	61	66	82	75	15	31	83	84	77	6	14	2	22	71	12	54	34	99	55	68	9	36	96	40	7	91	42	35	64	18	90	85	63	97	95	58	52	88	67	89	93	4	26	21	56	10	45	60	62	46	81	17	73	100	87	80	53	94	1	72	50	78	20	3	65	32	86	29	38	8	13	39	37	51	44	49	5	59	98	41	33	74	70	43	48	69	79	25	47	16	30	28	## Ordonnancement
17	## Nombre de tournées
2	4	3	4	4	8	6	8	8	8	13	9	8	5	4	4	2	## Nombre de sites par tournée
24	57	## Tournée 1
19	92	23	76	## Tournée 2
27	61	11	## Tournée 3
82	15	66	75	## Tournée 4
77	83	31	84	## Tournée 5
34	2	6	22	12	71	54	14	## Tournée 6
9	96	55	68	36	99	## Tournée 7
42	90	40	7	91	35	64	18	## Tournée 8
97	85	67	95	63	88	52	58	## Tournée 9
10	21	89	56	93	26	4	45	## Tournée 10
46	53	1	94	17	72	87	81	62	60	73	100	80	## Tournée 11
65	50	86	20	29	78	38	32	3	## Tournée 12
37	13	5	51	8	39	44	49	## Tournée 13
98	59	41	74	33	## Tournée 14
43	70	48	69	## Tournée 15
16	25	47	79	## Tournée 16
28	30	## Tournée 17
