62930	## Somme des retards
4294965162	## Temps CPU (millisecondes)
57	92	19	61	24	23	11	76	15	27	31	66	75	90	77	83	82	12	40	54	6	9	22	84	7	14	99	68	2	34	71	96	97	35	91	55	18	42	64	85	95	63	58	52	88	36	67	89	93	4	26	21	56	10	45	60	62	46	81	17	73	100	87	80	53	94	1	72	8	50	78	65	86	32	29	38	51	20	3	49	39	44	13	69	79	47	43	28	37	5	98	41	25	30	33	74	70	16	59	48	## Ordonnancement
18	## Nombre de tournées
1	2	3	4	4	4	6	9	6	8	8	13	8	8	6	6	3	1	## Nombre de sites par tournée
57	## Tournée 1
19	92	## Tournée 2
61	24	23	## Tournée 3
15	27	11	76	## Tournée 4
31	90	75	66	## Tournée 5
82	77	83	12	## Tournée 6
9	6	22	40	54	84	## Tournée 7
34	2	97	96	68	14	7	71	99	## Tournée 8
42	55	91	35	64	18	## Tournée 9
58	36	95	63	88	52	67	85	## Tournée 10
10	21	89	56	93	26	4	45	## Tournée 11
46	53	1	94	17	72	87	81	62	60	73	100	80	## Tournée 12
65	50	86	29	78	38	32	8	## Tournée 13
69	13	20	51	44	39	3	49	## Tournée 14
43	37	5	47	79	28	## Tournée 15
98	25	41	74	30	33	## Tournée 16
70	59	16	## Tournée 17
48	## Tournée 18
