138140	## Somme des retards
4294966682	## Temps CPU (millisecondes)
120	153	126	102	129	136	170	39	62	17	104	96	114	132	78	77	144	37	43	35	151	142	182	133	1	38	89	75	73	53	45	26	65	100	16	83	7	186	152	48	174	171	140	108	36	178	191	50	27	172	93	72	165	156	190	116	101	63	9	200	193	19	47	40	34	55	20	135	59	97	125	199	127	197	173	109	105	51	168	192	177	13	18	194	145	106	139	113	29	128	184	74	3	52	12	98	175	176	180	14	2	81	160	95	112	92	115	181	147	85	8	163	159	188	123	148	32	58	146	99	137	103	154	166	56	161	61	33	64	68	54	121	21	69	189	80	30	42	6	157	183	164	187	5	179	57	76	143	94	79	46	122	66	134	91	162	70	67	138	44	149	11	28	158	15	198	10	41	88	4	196	24	169	60	82	124	117	84	111	130	31	90	22	119	107	71	150	131	155	25	86	110	185	23	49	167	141	87	118	195	## Ordonnancement
24	## Nombre de tournées
1	2	1	3	1	4	4	4	5	6	12	8	15	15	12	18	20	17	22	13	10	4	2	1	## Nombre de sites par tournée
120	## Tournée 1
153	126	## Tournée 2
102	## Tournée 3
170	129	136	## Tournée 4
39	## Tournée 5
17	96	62	104	## Tournée 6
132	77	78	114	## Tournée 7
144	35	37	43	## Tournée 8
151	142	1	182	133	## Tournée 9
73	45	75	53	38	89	## Tournée 10
140	48	186	16	83	174	171	152	100	65	26	7	## Tournée 11
191	50	178	27	36	93	108	172	## Tournée 12
156	165	193	116	101	40	190	200	72	34	9	55	47	19	63	## Tournée 13
177	197	192	51	135	20	199	109	168	97	127	125	173	59	105	## Tournée 14
13	74	194	184	106	128	3	29	139	145	113	18	## Tournée 15
115	112	85	81	92	2	181	175	52	95	12	147	98	8	14	160	180	176	## Tournée 16
163	188	103	148	159	161	166	32	54	137	68	123	58	64	33	99	146	61	154	56	## Tournée 17
183	6	157	164	42	69	30	80	179	143	187	57	5	121	21	189	76	## Tournée 18
15	162	122	70	94	44	46	88	67	41	66	79	198	134	138	149	4	158	28	11	91	10	## Tournée 19
84	130	117	90	111	82	60	24	169	22	124	196	31	## Tournée 20
150	25	131	107	86	185	71	110	119	155	## Tournée 21
49	167	23	141	## Tournée 22
118	87	## Tournée 23
195	## Tournée 24
