135270	## Somme des retards
4294966757	## Temps CPU (millisecondes)
51	9	130	52	76	62	142	45	11	125	123	34	57	43	71	75	68	48	117	38	88	42	33	56	134	114	25	98	29	87	24	144	132	15	14	100	2	119	55	37	128	102	39	19	59	129	137	82	31	145	124	22	95	99	53	141	112	91	133	109	23	44	97	21	86	20	118	73	101	6	8	139	4	150	138	64	108	78	13	92	69	120	60	113	65	127	116	79	67	70	18	106	27	85	49	122	121	107	94	104	146	83	81	77	93	136	58	126	80	66	47	74	5	35	7	143	148	105	63	46	17	84	40	140	149	135	61	131	28	50	32	30	72	54	36	89	41	103	115	3	16	12	26	96	147	1	111	110	90	10	## Ordonnancement
20	## Nombre de tournées
1	1	2	4	4	5	6	4	9	9	10	12	10	12	14	16	15	8	6	2	## Nombre de sites par tournée
51	## Tournée 1
9	## Tournée 2
52	130	## Tournée 3
76	45	142	62	## Tournée 4
11	34	125	123	## Tournée 5
43	57	75	68	71	## Tournée 6
88	117	38	33	42	48	## Tournée 7
114	56	134	25	## Tournée 8
144	15	29	100	87	14	132	24	98	## Tournée 9
128	37	19	39	119	55	59	2	102	## Tournée 10
82	95	124	137	53	31	22	145	99	129	## Tournée 11
112	21	91	118	86	109	133	23	97	44	141	20	## Tournée 12
64	8	150	108	6	138	4	73	101	139	## Tournée 13
116	120	69	92	113	67	79	65	13	60	127	78	## Tournée 14
107	146	106	121	85	83	122	94	70	81	27	49	104	18	## Tournée 15
105	58	80	74	136	66	93	7	63	143	77	126	47	35	148	5	## Tournée 16
17	131	30	50	72	84	28	140	54	46	149	61	32	40	135	## Tournée 17
41	103	16	36	89	115	12	3	## Tournée 18
147	1	26	96	111	110	## Tournée 19
10	90	## Tournée 20
