183267	## Somme des retards
4294965792	## Temps CPU (millisecondes)
68	185	143	10	173	49	94	73	20	13	162	26	7	74	147	85	141	30	132	77	80	167	113	57	101	123	137	88	61	33	151	134	128	198	168	107	39	154	194	65	90	64	51	56	183	46	91	75	15	129	89	17	163	172	78	71	184	171	166	58	197	8	188	5	93	29	53	165	189	199	31	117	116	120	104	24	191	115	84	3	2	1	139	69	195	181	23	63	186	140	50	174	196	41	105	86	62	119	136	11	148	153	144	169	122	22	47	145	42	67	95	108	135	4	18	54	125	102	76	38	179	12	16	146	81	70	48	142	190	121	160	59	72	130	82	6	45	83	177	98	97	55	175	152	34	92	112	124	192	159	19	118	32	150	111	28	182	131	52	126	37	176	100	27	99	79	14	87	161	200	149	157	187	133	96	36	25	110	193	103	66	127	164	170	40	155	60	158	178	106	35	156	44	138	9	43	114	109	21	180	## Ordonnancement
22	## Nombre de tournées
3	2	4	4	4	6	7	10	8	10	11	12	14	15	19	18	20	15	10	4	2	2	## Nombre de sites par tournée
185	143	68	## Tournée 1
10	173	## Tournée 2
73	49	94	20	## Tournée 3
7	13	26	162	## Tournée 4
74	141	147	85	## Tournée 5
132	167	80	113	30	77	## Tournée 6
137	101	61	123	57	33	88	## Tournée 7
168	39	65	128	194	151	134	107	154	198	## Tournée 8
56	64	51	46	90	75	91	183	## Tournée 9
184	171	172	15	71	89	129	163	17	78	## Tournée 10
29	188	197	5	189	166	93	53	8	58	165	## Tournée 11
199	191	117	31	120	3	104	84	2	115	116	24	## Tournée 12
1	181	63	140	50	41	105	23	196	69	186	139	195	174	## Tournée 13
169	136	22	42	148	119	47	11	153	67	62	144	86	122	145	## Tournée 14
125	38	102	81	135	70	76	12	108	48	179	54	142	4	95	190	16	18	146	## Tournée 15
45	98	72	34	59	92	83	82	130	175	112	160	152	55	6	97	121	177	## Tournée 16
99	37	124	79	100	19	176	32	14	52	192	118	131	111	28	182	27	126	150	159	## Tournée 17
157	110	127	187	66	161	149	25	133	96	193	103	36	200	87	## Tournée 18
60	155	106	164	158	35	156	40	178	170	## Tournée 19
138	43	44	9	## Tournée 20
109	114	## Tournée 21
180	21	## Tournée 22
