127802	## Somme des retards
4294965857	## Temps CPU (millisecondes)
156	37	41	3	66	95	111	5	68	91	181	179	169	102	105	148	187	38	142	149	132	71	188	77	54	27	170	178	76	88	200	104	92	192	125	81	127	199	58	11	193	90	165	22	109	4	198	114	182	194	97	112	6	172	12	122	134	124	30	59	39	176	79	180	57	36	151	14	120	55	2	72	67	161	93	99	80	168	106	185	25	128	75	166	49	146	31	183	171	189	110	139	44	24	84	48	138	141	62	1	96	89	42	140	53	28	130	145	34	184	175	191	16	70	35	115	63	118	100	10	61	23	167	85	73	195	137	147	121	108	7	69	78	154	158	101	43	33	51	117	40	9	52	21	26	17	94	123	131	163	190	82	103	46	196	64	162	8	157	13	74	159	143	136	119	174	144	29	133	32	153	107	186	173	15	116	19	197	86	50	155	56	60	177	152	126	129	83	164	47	150	135	98	87	65	45	113	18	20	160	## Ordonnancement
24	## Nombre de tournées
2	1	2	3	6	6	6	4	8	7	13	12	16	16	16	18	20	17	10	7	4	3	2	1	## Nombre de sites par tournée
156	37	## Tournée 1
41	## Tournée 2
66	3	## Tournée 3
95	5	111	## Tournée 4
102	68	181	169	91	179	## Tournée 5
187	105	142	148	38	149	## Tournée 6
54	77	132	27	71	188	## Tournée 7
178	88	170	76	## Tournée 8
199	92	200	125	104	81	192	127	## Tournée 9
193	90	165	58	109	11	22	## Tournée 10
97	12	114	124	6	4	194	172	182	198	134	112	122	## Tournée 11
36	55	57	151	176	180	39	79	14	120	30	59	## Tournée 12
106	166	146	25	128	93	67	80	2	185	75	99	168	161	49	72	## Tournée 13
24	183	84	31	139	141	62	138	110	96	89	1	171	189	44	48	## Tournée 14
175	16	42	53	34	130	63	184	145	140	35	115	118	191	70	28	## Tournée 15
154	61	167	23	10	100	121	195	85	101	69	147	7	73	137	158	108	78	## Tournée 16
82	64	190	33	17	103	9	94	21	163	196	52	46	131	123	43	117	40	51	26	## Tournée 17
13	74	162	8	136	174	119	29	159	144	157	133	107	186	153	32	143	## Tournée 18
173	116	155	60	197	50	15	56	19	86	## Tournée 19
129	47	83	164	126	177	152	## Tournée 20
135	150	87	98	## Tournée 21
65	113	45	## Tournée 22
18	20	## Tournée 23
160	## Tournée 24
