83394	## Somme des retards
1140	## Temps CPU (millisecondes)
50	84	8	56	59	70	69	36	82	16	60	26	76	77	64	44	22	100	79	3	91	88	51	71	20	52	40	17	96	54	9	33	65	85	39	61	29	6	68	37	62	45	97	57	43	13	28	24	4	19	94	2	66	72	34	75	35	80	46	55	78	18	93	30	15	98	92	81	47	83	99	73	38	48	74	95	58	41	67	90	63	25	32	14	12	86	7	23	21	10	5	53	49	11	27	42	87	1	89	31	## Ordonnancement
22	## Nombre de tournées
1	3	1	1	1	3	1	2	3	2	4	6	7	8	9	10	12	11	8	4	2	1	## Nombre de sites par tournée
50	## Tournée 1
8	56	84	## Tournée 2
59	## Tournée 3
70	## Tournée 4
69	## Tournée 5
36	16	82	## Tournée 6
60	## Tournée 7
26	76	## Tournée 8
77	64	44	## Tournée 9
22	100	## Tournée 10
88	3	91	79	## Tournée 11
71	51	20	52	17	40	## Tournée 12
9	65	96	33	54	39	85	## Tournée 13
45	68	6	62	97	29	61	37	## Tournée 14
28	4	2	13	24	19	94	43	57	## Tournée 15
55	34	72	46	66	35	18	75	78	80	## Tournée 16
92	98	93	15	73	83	81	48	99	30	38	47	## Tournée 17
63	95	25	12	90	14	32	41	74	58	67	## Tournée 18
53	21	49	23	5	10	7	86	## Tournée 19
87	27	11	42	## Tournée 20
1	89	## Tournée 21
31	## Tournée 22
