108139	## Somme des retards
4294966807	## Temps CPU (millisecondes)
28	14	84	78	133	60	114	124	1	98	61	10	80	67	145	12	42	4	129	47	119	125	88	144	102	57	66	76	22	70	11	146	116	142	21	126	62	130	52	138	77	59	30	71	13	87	104	135	127	90	118	149	120	134	111	51	97	69	106	123	49	58	65	122	45	40	29	2	103	56	108	27	39	79	24	85	75	82	3	17	41	113	54	147	137	89	55	64	86	136	53	8	150	32	63	74	68	37	33	20	139	73	140	44	128	23	109	132	107	72	48	95	117	91	18	15	16	92	110	93	121	43	143	101	31	131	83	99	50	46	36	81	115	6	112	34	9	38	141	26	100	94	7	105	5	148	25	96	19	35	## Ordonnancement
21	## Nombre de tournées
4	2	2	3	3	3	5	7	7	8	7	11	13	15	14	18	12	6	4	4	2	## Nombre de sites par tournée
78	84	14	28	## Tournée 1
133	60	## Tournée 2
124	114	## Tournée 3
98	1	61	## Tournée 4
10	67	80	## Tournée 5
145	42	12	## Tournée 6
125	119	4	47	129	## Tournée 7
66	88	22	144	102	76	57	## Tournée 8
21	142	146	116	126	11	70	## Tournée 9
62	138	130	71	30	52	77	59	## Tournée 10
90	135	87	118	13	104	127	## Tournée 11
51	123	69	149	111	106	134	97	120	49	58	## Tournée 12
40	79	24	122	65	56	108	45	29	2	39	103	27	## Tournée 13
82	17	137	136	3	64	41	54	75	113	55	89	147	86	85	## Tournée 14
63	68	140	74	53	44	37	150	73	139	20	33	32	8	## Tournée 15
16	92	15	95	132	121	72	91	48	109	43	107	110	18	93	117	128	23	## Tournée 16
50	81	99	143	6	31	36	46	115	83	101	131	## Tournée 17
26	34	141	38	9	112	## Tournée 18
7	100	105	94	## Tournée 19
96	148	5	25	## Tournée 20
35	19	## Tournée 21
