54932	## Somme des retards
1620	## Temps CPU (millisecondes)
91	66	22	37	75	28	64	76	62	16	15	70	13	65	87	83	49	40	59	86	43	1	63	92	85	50	71	8	60	69	94	21	44	48	58	72	98	53	67	7	97	95	78	96	29	9	45	14	56	51	4	68	90	46	3	30	89	33	12	42	47	38	54	100	41	80	6	27	23	31	11	20	84	25	36	17	74	26	61	2	55	81	79	73	18	82	35	5	88	39	24	10	19	32	57	99	77	93	34	52	## Ordonnancement
19	## Nombre de tournées
1	1	2	1	2	3	4	4	7	8	7	6	11	13	15	7	4	3	1	## Nombre de sites par tournée
91	## Tournée 1
66	## Tournée 2
37	22	## Tournée 3
75	## Tournée 4
28	64	## Tournée 5
76	16	62	## Tournée 6
65	70	13	15	## Tournée 7
49	87	40	83	## Tournée 8
63	1	85	86	92	43	59	## Tournée 9
44	50	71	69	94	21	8	60	## Tournée 10
72	7	98	48	58	67	53	## Tournée 11
9	95	97	29	78	96	## Tournée 12
4	89	56	3	68	51	45	14	90	46	30	## Tournée 13
100	33	27	12	47	38	6	42	41	23	31	54	80	## Tournée 14
73	79	17	11	20	25	36	81	26	74	2	55	61	84	18	## Tournée 15
35	10	88	24	82	5	39	## Tournée 16
99	32	19	57	## Tournée 17
34	77	93	## Tournée 18
52	## Tournée 19
