127723	## Somme des retards
4294965407	## Temps CPU (millisecondes)
156	37	41	3	66	95	111	5	102	181	179	91	68	38	148	169	105	132	187	77	54	142	27	71	188	178	170	88	76	149	200	104	92	192	125	81	127	199	124	114	58	11	193	90	165	22	134	109	4	39	182	194	180	97	6	172	12	112	122	198	72	55	36	168	93	79	176	57	80	161	151	120	49	2	30	99	75	59	106	185	25	14	67	128	146	96	31	141	171	183	139	110	44	189	24	84	48	138	62	1	166	89	42	28	34	184	145	16	191	53	35	70	115	63	118	140	10	61	121	137	73	23	167	101	175	85	195	147	130	108	7	69	154	158	78	100	51	117	40	9	52	17	94	123	131	163	190	82	33	103	46	196	64	43	162	8	157	133	159	21	74	13	136	26	119	32	153	29	15	107	186	174	116	155	65	129	98	143	164	86	19	144	56	173	152	197	177	47	60	150	126	83	87	135	50	113	160	18	20	45	## Ordonnancement
23	## Nombre de tournées
3	2	4	3	5	6	7	8	10	12	13	12	17	13	20	19	17	12	6	4	3	2	2	## Nombre de sites par tournée
41	156	37	## Tournée 1
66	3	## Tournée 2
102	95	5	111	## Tournée 3
181	91	179	## Tournée 4
68	169	38	148	105	## Tournée 5
54	187	77	132	27	142	## Tournée 6
149	188	76	170	71	88	178	## Tournée 7
199	92	200	125	104	81	192	127	## Tournée 8
193	90	124	58	109	11	134	165	114	22	## Tournée 9
97	12	122	6	4	194	172	182	198	112	180	39	## Tournée 10
36	55	72	57	93	120	168	80	151	49	176	79	161	## Tournée 11
106	59	146	30	25	128	14	67	2	185	75	99	## Tournée 12
24	183	84	31	139	141	166	62	138	110	96	89	1	171	189	44	48	## Tournée 13
16	42	53	34	63	184	145	118	35	115	191	70	28	## Tournée 14
154	175	61	167	23	10	130	121	195	85	101	69	147	7	140	73	137	158	108	78	## Tournée 15
82	64	190	33	17	103	100	9	94	196	163	52	46	131	123	43	117	40	51	## Tournée 16
13	74	162	8	15	21	119	29	159	26	32	186	153	107	133	157	136	## Tournée 17
129	56	65	155	116	19	98	143	144	86	164	174	## Tournée 18
173	47	60	197	177	152	## Tournée 19
83	87	126	150	## Tournée 20
135	113	50	## Tournée 21
160	18	## Tournée 22
45	20	## Tournée 23
