123049	## Somme des retards
4294965242	## Temps CPU (millisecondes)
190	84	168	131	26	31	21	101	138	193	146	23	127	109	185	175	6	150	195	37	18	77	41	49	1	121	151	166	62	2	144	48	133	180	28	167	8	9	114	79	169	108	157	197	92	98	159	97	147	93	53	91	88	78	105	80	81	34	85	96	176	173	198	107	14	74	171	123	191	152	83	179	130	66	104	90	82	33	187	118	38	27	7	113	12	182	142	145	128	155	54	46	116	56	103	120	194	99	50	24	115	36	5	196	44	184	200	47	111	58	188	10	117	135	132	87	51	177	141	119	162	76	125	126	143	122	65	52	160	170	106	94	153	136	29	89	39	199	110	68	158	45	192	75	16	15	40	189	11	22	32	25	72	59	112	172	164	100	55	124	178	3	137	13	35	129	17	156	67	134	102	165	4	57	63	95	140	69	174	19	70	181	186	60	161	20	163	30	149	148	86	183	73	71	64	42	139	61	43	154	## Ordonnancement
25	## Nombre de tournées
2	1	2	3	4	3	4	7	8	8	6	11	12	15	14	17	20	20	16	10	6	5	3	2	1	## Nombre de sites par tournée
84	190	## Tournée 1
168	## Tournée 2
26	131	## Tournée 3
31	21	101	## Tournée 4
138	23	193	146	## Tournée 5
185	127	109	## Tournée 6
195	150	6	175	## Tournée 7
121	49	41	37	1	77	18	## Tournée 8
144	180	48	151	62	166	2	133	## Tournée 9
8	167	114	79	108	9	169	28	## Tournée 10
97	197	159	98	92	157	## Tournée 11
147	78	80	81	91	88	105	93	85	34	53	## Tournée 12
96	83	14	107	176	152	198	74	123	171	191	173	## Tournée 13
12	182	33	7	90	130	187	104	82	179	66	118	27	38	113	## Tournée 14
142	103	54	145	50	56	155	120	46	24	128	116	99	194	## Tournée 15
5	58	188	87	111	36	10	44	196	117	47	200	132	184	115	51	135	## Tournée 16
52	39	136	125	143	126	153	162	76	94	141	122	29	170	119	106	160	89	177	65	## Tournée 17
172	59	189	164	72	192	110	22	40	16	199	158	11	32	45	68	75	112	25	15	## Tournée 18
17	4	67	124	100	13	35	165	178	156	102	55	134	137	129	3	## Tournée 19
57	95	63	19	186	69	181	70	174	140	## Tournée 20
161	30	60	163	149	20	## Tournée 21
71	73	148	183	86	## Tournée 22
42	64	139	## Tournée 23
61	43	## Tournée 24
154	## Tournée 25
