150586	## Somme des retards
2005	## Temps CPU (millisecondes)
114	30	2	145	72	105	81	129	48	126	94	35	24	116	144	136	6	57	149	86	22	31	119	32	45	113	102	147	106	85	13	63	5	26	20	69	21	103	87	10	78	41	150	93	120	47	19	44	36	60	66	52	54	108	97	37	46	133	75	50	23	128	67	122	107	123	74	146	89	61	109	4	58	38	101	98	33	14	68	137	104	132	29	83	111	117	56	55	90	96	12	7	88	53	43	82	118	99	135	127	1	138	40	70	28	91	148	84	18	140	95	3	142	49	125	80	139	76	110	11	141	73	62	121	112	34	27	9	79	65	8	17	59	115	77	131	25	16	134	15	100	71	51	39	130	92	143	64	42	124	## Ordonnancement
20	## Nombre de tournées
1	1	2	4	3	4	5	7	7	5	6	9	11	14	15	15	16	16	6	3	## Nombre de sites par tournée
114	## Tournée 1
30	## Tournée 2
145	2	## Tournée 3
129	81	105	72	## Tournée 4
94	126	48	## Tournée 5
35	24	116	144	## Tournée 6
57	6	86	136	149	## Tournée 7
119	31	22	45	113	102	32	## Tournée 8
13	85	106	63	147	5	26	## Tournée 9
21	103	69	87	20	## Tournée 10
150	93	120	41	10	78	## Tournée 11
108	52	60	47	44	54	36	66	19	## Tournée 12
107	122	75	128	133	37	46	67	50	97	23	## Tournée 13
68	101	123	38	4	58	146	98	33	109	14	61	74	89	## Tournée 14
137	12	56	88	132	29	90	53	55	104	96	7	117	83	111	## Tournée 15
148	82	84	18	118	138	43	70	28	99	127	40	1	135	91	## Tournée 16
73	125	49	140	95	80	142	3	62	112	121	141	76	11	110	139	## Tournée 17
134	79	9	25	59	131	27	100	8	17	65	16	15	34	115	77	## Tournée 18
71	130	51	39	92	143	## Tournée 19
42	124	64	## Tournée 20
