167147	## Somme des retards
1180	## Temps CPU (millisecondes)
46	27	35	43	91	15	34	107	18	148	36	167	200	97	189	69	146	11	92	178	90	77	98	81	24	73	78	117	42	196	176	40	26	67	156	14	151	22	175	104	6	120	121	70	122	28	4	159	119	53	101	99	106	86	187	20	102	168	150	93	13	103	136	153	157	197	191	66	171	143	68	79	116	50	131	44	37	125	57	47	154	137	61	45	16	8	105	94	162	64	30	2	96	133	10	100	41	145	19	183	72	166	134	155	59	193	163	192	114	129	95	141	132	177	55	9	39	135	160	179	12	71	195	161	194	75	112	127	7	23	109	89	52	76	17	65	31	54	84	62	74	32	169	118	186	51	144	158	180	128	164	85	173	170	140	87	165	172	111	130	126	83	25	174	56	82	182	138	147	63	3	108	124	38	58	190	48	5	184	149	123	113	88	152	199	185	49	110	115	188	80	1	60	29	33	21	139	198	181	142	## Ordonnancement
24	## Nombre de tournées
1	2	1	1	3	4	5	6	6	8	9	9	10	11	17	16	14	19	18	14	15	6	3	2	## Nombre de sites par tournée
46	## Tournée 1
27	35	## Tournée 2
43	## Tournée 3
91	## Tournée 4
15	107	34	## Tournée 5
167	36	148	18	## Tournée 6
189	97	146	69	200	## Tournée 7
90	178	11	98	92	77	## Tournée 8
73	42	81	78	117	24	## Tournée 9
151	156	26	67	176	40	196	14	## Tournée 10
28	120	6	175	104	70	121	22	122	## Tournée 11
4	159	101	187	99	86	119	106	53	## Tournée 12
157	93	168	136	150	153	13	102	103	20	## Tournée 13
44	68	171	143	66	79	116	197	191	131	50	## Tournée 14
61	154	47	64	16	8	45	57	2	125	37	94	30	105	137	162	96	## Tournée 15
100	192	163	19	145	59	134	183	41	114	133	166	72	193	155	10	## Tournée 16
12	95	177	135	39	132	179	71	160	195	129	141	55	9	## Tournée 17
23	194	89	17	112	84	127	161	52	54	109	65	75	7	31	62	76	74	32	## Tournée 18
164	118	144	173	51	85	140	172	111	186	180	130	170	169	128	87	165	158	## Tournée 19
25	3	38	82	56	126	147	124	182	174	138	63	108	83	## Tournée 20
5	152	110	123	199	115	58	184	149	190	113	185	49	88	48	## Tournée 21
29	33	80	60	1	188	## Tournée 22
21	139	198	## Tournée 23
181	142	## Tournée 24
