98219	## Somme des retards
785	## Temps CPU (millisecondes)
77	2	18	14	150	17	16	109	9	41	12	141	66	121	34	54	57	10	98	35	20	63	137	136	143	122	130	107	144	138	29	96	11	56	1	86	42	100	65	64	33	26	43	25	83	126	105	82	90	132	72	85	129	60	21	6	134	131	79	24	112	46	67	49	7	48	95	125	37	99	47	40	92	32	70	123	28	44	146	23	84	147	78	13	55	74	5	51	15	116	89	62	106	94	101	69	102	8	114	120	87	30	113	135	142	76	45	81	22	71	31	53	145	133	4	36	80	118	111	110	139	108	50	73	3	127	115	104	91	149	97	61	88	27	52	117	128	124	68	103	59	119	148	58	38	140	39	19	75	93	## Ordonnancement
26	## Nombre de tournées
1	1	3	3	3	3	3	3	6	7	7	9	10	12	13	12	10	13	10	7	5	3	2	2	1	1	## Nombre de sites par tournée
77	## Tournée 1
2	## Tournée 2
18	14	150	## Tournée 3
109	17	16	## Tournée 4
12	9	41	## Tournée 5
66	141	121	## Tournée 6
54	57	34	## Tournée 7
98	35	10	## Tournée 8
63	136	20	143	137	122	## Tournée 9
29	107	138	96	144	130	11	## Tournée 10
100	65	56	64	86	1	42	## Tournée 11
82	33	90	83	25	43	126	105	26	## Tournée 12
6	129	85	131	21	79	134	132	72	60	## Tournée 13
99	112	7	125	37	47	46	24	48	67	95	49	## Tournée 14
32	13	92	147	23	44	78	70	40	146	123	84	28	## Tournée 15
5	89	94	62	101	55	69	116	74	106	51	15	## Tournée 16
87	142	113	120	76	30	8	135	102	114	## Tournée 17
4	22	45	81	133	118	145	80	31	71	53	111	36	## Tournée 18
139	50	104	115	3	127	108	91	73	110	## Tournée 19
52	61	88	117	27	149	97	## Tournée 20
128	68	124	59	103	## Tournée 21
58	119	148	## Tournée 22
140	38	## Tournée 23
19	39	## Tournée 24
75	## Tournée 25
93	## Tournée 26
