150226	## Somme des retards
1085	## Temps CPU (millisecondes)
161	100	169	2	102	51	115	11	99	166	152	19	8	45	67	4	22	122	42	65	83	189	132	29	21	185	142	69	38	77	49	44	138	151	10	70	197	3	94	105	200	103	27	182	39	141	143	162	181	82	130	165	118	167	172	75	191	78	89	109	179	36	53	106	131	171	199	76	127	17	148	193	139	68	93	91	54	87	63	146	126	180	150	174	88	9	107	71	80	30	111	6	140	198	133	116	145	129	12	90	85	79	175	170	28	190	50	147	61	134	183	186	124	37	57	24	52	160	158	114	64	40	20	121	47	120	156	137	159	13	178	25	154	74	81	15	33	32	98	104	56	123	177	31	110	163	135	113	23	196	18	192	96	157	62	112	43	195	194	5	117	125	46	35	48	84	55	1	92	164	97	95	60	58	153	187	16	168	26	73	119	108	34	14	149	86	155	188	66	184	128	144	176	7	101	72	59	136	41	173	## Ordonnancement
26	## Nombre de tournées
1	1	1	1	4	2	4	4	6	9	6	8	10	13	13	17	16	18	21	16	12	7	4	3	2	1	## Nombre de sites par tournée
161	## Tournée 1
100	## Tournée 2
169	## Tournée 3
2	## Tournée 4
51	115	11	102	## Tournée 5
99	166	## Tournée 6
45	152	8	19	## Tournée 7
122	22	67	4	## Tournée 8
65	132	189	29	83	42	## Tournée 9
44	69	38	142	185	77	49	21	138	## Tournée 10
10	151	3	70	197	94	## Tournée 11
141	105	182	200	143	27	103	39	## Tournée 12
75	181	162	130	172	82	165	167	191	118	## Tournée 13
171	89	36	78	127	131	199	179	106	109	17	76	53	## Tournée 14
87	146	180	126	91	150	93	54	68	193	139	148	63	## Tournée 15
80	71	9	129	107	30	12	90	198	174	116	88	6	111	140	145	133	## Tournée 16
170	57	50	186	28	147	24	175	190	85	61	183	79	134	124	37	## Tournée 17
159	13	154	52	64	137	74	114	160	156	121	47	40	25	158	120	20	178	## Tournée 18
33	81	18	98	163	157	113	177	110	196	62	31	15	56	192	32	23	96	135	104	123	## Tournée 19
48	112	55	5	117	125	84	46	164	1	195	35	92	43	194	97	## Tournée 20
73	108	168	95	119	16	60	153	34	26	187	58	## Tournée 21
86	14	155	184	66	188	149	## Tournée 22
144	176	7	128	## Tournée 23
72	59	101	## Tournée 24
136	41	## Tournée 25
173	## Tournée 26
