35512	## Somme des retards
1940	## Temps CPU (millisecondes)
95	60	73	27	89	5	67	30	62	92	1	24	33	76	32	99	52	36	44	19	81	53	56	86	14	79	98	10	65	46	66	57	84	71	20	85	43	96	88	45	54	94	75	41	70	74	55	47	9	48	63	100	8	82	11	16	23	6	72	83	42	2	7	34	91	90	22	37	29	59	78	49	58	77	3	4	93	21	15	35	69	12	51	97	39	17	38	25	28	68	18	26	64	40	87	80	61	31	50	13	## Ordonnancement
17	## Nombre de tournées
1	3	3	2	2	5	5	8	7	12	10	10	13	9	5	4	1	## Nombre de sites par tournée
95	## Tournée 1
60	73	27	## Tournée 2
67	89	5	## Tournée 3
30	62	## Tournée 4
1	92	## Tournée 5
99	76	32	33	24	## Tournée 6
52	36	19	44	81	## Tournée 7
98	65	53	56	79	14	86	10	## Tournée 8
66	84	20	71	57	85	46	## Tournée 9
94	88	75	41	47	55	45	54	96	70	43	74	## Tournée 10
63	16	8	11	48	6	100	82	9	23	## Tournée 11
34	91	90	83	22	37	7	2	42	72	## Tournée 12
4	15	49	78	93	69	77	59	58	35	21	3	29	## Tournée 13
17	51	12	28	25	68	97	39	38	## Tournée 14
26	87	40	64	18	## Tournée 15
80	31	50	61	## Tournée 16
13	## Tournée 17
