40205	## Somme des retards
1060	## Temps CPU (millisecondes)
27	95	60	73	5	1	89	62	92	30	99	24	33	76	32	67	81	19	14	44	36	52	65	56	10	71	86	79	98	85	53	94	43	66	57	84	46	54	20	88	74	96	47	75	70	41	55	45	48	100	8	11	82	16	23	21	6	72	77	42	2	7	34	91	49	63	90	22	37	9	29	4	83	17	64	78	15	38	93	58	69	59	12	97	68	25	61	3	51	28	35	31	18	39	87	40	26	13	80	50	## Ordonnancement
17	## Nombre de tournées
1	2	2	1	2	3	5	8	7	8	8	10	13	11	10	6	3	## Nombre de sites par tournée
27	## Tournée 1
60	95	## Tournée 2
5	73	## Tournée 3
1	## Tournée 4
89	62	## Tournée 5
99	30	92	## Tournée 6
76	32	67	33	24	## Tournée 7
52	65	36	56	19	44	81	14	## Tournée 8
98	53	79	85	86	71	10	## Tournée 9
94	66	84	20	54	46	57	43	## Tournée 10
88	75	41	47	55	96	70	74	## Tournée 11
23	16	8	45	11	48	21	6	100	82	## Tournée 12
34	63	91	90	22	77	42	2	37	7	9	72	49	## Tournée 13
4	17	93	78	69	15	29	64	38	58	83	## Tournée 14
51	12	28	61	25	68	3	97	59	35	## Tournée 15
26	87	40	18	39	31	## Tournée 16
80	13	50	## Tournée 17
