175910	## Somme des retards
1265	## Temps CPU (millisecondes)
95	94	10	4	193	163	28	128	64	104	175	90	125	67	121	180	103	126	198	192	140	96	149	87	20	184	80	115	189	111	7	54	112	179	77	162	105	69	169	42	143	174	156	152	120	70	190	98	41	170	72	185	159	161	76	83	59	55	12	16	93	49	68	186	178	129	51	151	157	24	46	17	27	131	124	38	85	147	142	9	29	155	167	18	200	133	53	15	191	123	117	25	196	33	145	74	138	171	92	168	8	36	110	65	21	35	66	134	187	71	166	100	136	182	172	183	132	153	52	2	78	3	56	37	106	173	97	57	81	181	19	113	150	30	82	73	199	165	101	119	26	176	45	118	148	86	43	5	158	14	62	34	116	48	61	137	107	188	130	50	6	194	75	114	32	102	99	1	39	91	84	139	79	13	23	141	89	146	135	164	58	160	22	44	108	60	177	154	144	88	109	63	127	195	11	31	197	40	122	47	## Ordonnancement
24	## Nombre de tournées
1	2	2	2	2	3	3	3	6	5	6	12	15	10	12	14	16	21	17	20	14	8	4	2	## Nombre de sites par tournée
95	## Tournée 1
94	10	## Tournée 2
4	193	## Tournée 3
163	28	## Tournée 4
128	64	## Tournée 5
104	175	90	## Tournée 6
67	125	121	## Tournée 7
126	103	180	## Tournée 8
149	198	140	87	96	192	## Tournée 9
80	184	20	115	189	## Tournée 10
7	77	111	54	179	112	## Tournée 11
120	156	42	143	105	190	69	152	169	174	162	70	## Tournée 12
161	16	72	41	49	59	170	76	83	159	12	185	55	93	98	## Tournée 13
51	178	186	151	68	157	24	17	46	129	## Tournée 14
18	29	124	38	85	167	147	131	155	142	27	9	## Tournée 15
145	53	117	196	25	200	171	191	133	33	15	123	74	138	## Tournée 16
182	166	36	110	35	168	8	65	21	92	100	187	71	136	134	66	## Tournée 17
153	172	183	52	113	81	37	82	181	2	57	78	97	106	132	173	150	3	30	56	19	## Tournée 18
165	26	199	43	73	176	62	14	158	34	86	118	148	45	5	119	101	## Tournée 19
188	48	107	139	91	137	194	102	75	39	84	6	130	99	1	116	50	114	61	32	## Tournée 20
58	79	44	60	160	22	141	13	135	164	108	89	23	146	## Tournée 21
154	88	144	127	109	63	195	177	## Tournée 22
31	40	11	197	## Tournée 23
47	122	## Tournée 24
