83576	## Somme des retards
4294965702	## Temps CPU (millisecondes)
7	24	46	33	111	50	122	34	52	133	3	132	126	18	4	37	57	28	121	43	100	25	42	23	144	29	44	84	99	10	113	56	27	127	118	36	21	35	104	129	66	143	101	95	105	51	82	76	142	137	131	62	93	88	14	13	116	69	45	147	30	71	17	38	89	90	75	98	117	136	120	80	112	6	68	59	63	39	106	60	58	138	123	96	26	72	77	92	2	114	150	128	12	67	74	91	119	70	149	65	124	20	146	87	79	5	86	103	94	145	11	110	78	54	64	48	108	141	15	47	41	1	85	109	83	81	49	16	32	97	148	115	134	19	53	31	107	55	139	9	135	22	102	140	73	40	8	125	130	61	## Ordonnancement
24	## Nombre de tournées
1	1	2	2	3	4	4	3	3	6	8	7	9	13	13	16	18	14	8	5	5	3	1	1	## Nombre de sites par tournée
7	## Tournée 1
24	## Tournée 2
33	46	## Tournée 3
50	111	## Tournée 4
34	122	52	## Tournée 5
3	133	132	126	## Tournée 6
4	57	18	37	## Tournée 7
121	28	43	## Tournée 8
100	25	42	## Tournée 9
29	99	23	44	144	84	## Tournée 10
27	113	36	127	21	10	118	56	## Tournée 11
104	101	129	95	66	35	143	## Tournée 12
105	62	76	82	51	131	142	137	93	## Tournée 13
45	88	38	89	14	71	13	69	90	17	147	30	116	## Tournée 14
6	68	117	98	39	112	106	80	120	59	75	63	136	## Tournée 15
58	114	72	2	77	67	26	74	12	96	150	128	60	92	138	123	## Tournée 16
11	91	79	78	119	70	145	149	146	65	20	124	86	87	103	110	94	5	## Tournée 17
81	109	85	41	15	108	49	83	1	64	47	54	141	48	## Tournée 18
53	19	115	148	134	97	32	16	## Tournée 19
55	31	139	9	107	## Tournée 20
135	140	73	102	22	## Tournée 21
40	125	8	## Tournée 22
130	## Tournée 23
61	## Tournée 24
