43744	## Somme des retards
1640	## Temps CPU (millisecondes)
10	89	51	2	67	48	72	14	93	76	40	100	78	56	29	35	96	34	42	70	61	90	20	79	71	16	18	49	24	30	19	99	33	85	59	8	26	1	66	4	69	9	87	57	12	46	31	97	75	41	27	45	50	47	44	74	39	60	86	68	36	38	15	63	37	17	53	83	84	62	58	11	7	80	88	52	23	28	13	73	22	82	43	54	21	92	32	81	94	77	3	91	5	6	64	95	25	98	65	55	## Ordonnancement
17	## Nombre de tournées
2	1	2	1	2	3	5	6	6	9	10	12	11	10	10	7	3	## Nombre de sites par tournée
89	10	## Tournée 1
51	## Tournée 2
67	2	## Tournée 3
48	## Tournée 4
14	72	## Tournée 5
93	40	76	## Tournée 6
56	78	35	100	29	## Tournée 7
34	42	70	96	61	90	## Tournée 8
71	20	18	49	79	16	## Tournée 9
30	8	24	85	99	19	33	59	26	## Tournée 10
9	46	87	31	69	4	66	12	1	57	## Tournée 11
47	86	50	75	44	27	97	45	74	60	41	39	## Tournée 12
62	53	37	83	38	15	63	68	84	36	17	## Tournée 13
52	11	23	88	13	80	58	73	28	7	## Tournée 14
82	92	32	77	43	22	94	21	54	81	## Tournée 15
95	3	64	6	25	5	91	## Tournée 16
55	98	65	## Tournée 17
