181750	## Somme des retards
4294965517	## Temps CPU (millisecondes)
149	15	112	59	17	196	114	72	117	200	129	174	113	28	56	121	16	140	175	79	68	36	161	190	118	77	82	130	197	100	5	153	119	185	136	186	106	128	138	86	194	188	49	134	71	159	96	183	58	45	151	105	57	18	19	30	157	87	7	102	21	93	11	179	167	98	40	53	171	111	54	22	84	122	126	137	184	76	12	115	61	155	20	4	154	13	67	31	62	189	48	191	97	81	66	69	195	163	124	51	25	170	64	42	156	187	92	132	78	23	65	127	116	80	35	180	144	50	145	193	70	107	1	14	109	44	34	88	108	178	176	104	181	198	131	47	90	99	110	9	172	169	91	39	158	120	123	83	101	133	29	168	165	135	85	177	147	141	32	166	73	3	41	8	152	160	52	94	2	142	125	63	27	192	33	95	55	103	139	162	10	150	182	60	24	164	6	173	37	146	26	199	148	89	46	38	43	143	75	74	## Ordonnancement
27	## Nombre de tournées
2	2	3	3	3	5	4	3	4	8	10	10	12	12	14	18	18	14	14	13	11	5	3	4	2	2	1	## Nombre de sites par tournée
15	149	## Tournée 1
112	59	## Tournée 2
196	17	114	## Tournée 3
117	200	72	## Tournée 4
113	174	129	## Tournée 5
16	140	56	28	121	## Tournée 6
68	36	79	175	## Tournée 7
118	190	161	## Tournée 8
77	82	130	197	## Tournée 9
106	100	119	185	5	186	153	136	## Tournée 10
86	71	96	159	188	138	194	134	49	128	## Tournée 11
57	18	45	105	157	58	183	30	19	151	## Tournée 12
21	87	171	7	167	11	179	93	98	102	40	53	## Tournée 13
61	84	22	111	54	184	126	115	137	122	12	76	## Tournée 14
4	67	66	31	62	48	154	189	191	13	155	97	20	81	## Tournée 15
116	170	78	42	195	51	156	92	132	23	163	25	127	124	65	64	187	69	## Tournée 16
50	88	180	193	1	108	176	80	178	109	70	44	34	107	144	14	35	145	## Tournée 17
158	198	90	110	169	99	47	172	181	131	91	9	104	39	## Tournée 18
123	32	147	120	135	165	168	83	101	141	85	133	177	29	## Tournée 19
166	2	41	63	52	160	73	125	142	152	3	8	94	## Tournée 20
150	95	27	33	10	192	55	182	162	103	139	## Tournée 21
164	60	6	173	24	## Tournée 22
26	37	146	## Tournée 23
199	89	46	148	## Tournée 24
38	43	## Tournée 25
143	75	## Tournée 26
74	## Tournée 27
