165721	## Somme des retards
4294965802	## Temps CPU (millisecondes)
114	30	145	2	129	126	72	105	81	94	48	24	144	35	116	149	6	136	86	57	31	119	32	45	113	22	106	103	63	5	20	85	87	21	69	13	102	26	147	78	41	150	93	120	10	36	47	19	44	60	66	52	54	108	37	97	46	133	75	50	23	67	128	122	107	123	146	89	61	109	4	58	38	101	98	33	14	68	137	104	132	29	83	111	117	56	55	90	96	7	74	28	118	127	135	125	99	138	1	40	82	18	91	70	84	53	140	95	148	142	49	110	139	80	76	11	141	3	12	73	121	88	43	25	27	9	65	8	17	59	115	92	79	131	16	134	34	15	100	112	71	64	62	51	39	130	77	143	42	124	## Ordonnancement
20	## Nombre de tournées
1	2	1	1	5	2	3	4	6	5	7	8	9	11	13	13	15	16	18	10	## Nombre de sites par tournée
114	## Tournée 1
145	30	## Tournée 2
2	## Tournée 3
129	## Tournée 4
81	105	72	126	94	## Tournée 5
24	48	## Tournée 6
35	116	144	## Tournée 7
6	86	136	149	## Tournée 8
119	57	31	45	113	32	## Tournée 9
106	63	5	103	22	## Tournée 10
21	13	85	20	87	102	69	## Tournée 11
150	93	147	41	120	10	26	78	## Tournée 12
108	52	60	47	44	54	36	66	19	## Tournée 13
107	122	75	128	133	37	46	67	50	97	23	## Tournée 14
68	101	123	38	4	58	146	98	33	109	14	61	89	## Tournée 15
137	56	29	90	74	55	104	96	7	117	83	111	132	## Tournée 16
125	53	135	99	127	40	1	28	91	70	118	138	84	82	18	## Tournée 17
12	73	49	140	95	80	142	148	121	141	76	11	110	139	88	3	## Tournée 18
134	79	9	25	59	131	27	100	8	17	65	16	15	34	43	115	92	112	## Tournée 19
42	71	124	130	64	51	39	143	77	62	## Tournée 20
