47130	## Somme des retards
1480	## Temps CPU (millisecondes)
40	81	5	26	32	17	39	63	10	76	7	21	6	83	54	15	27	13	55	37	12	30	28	2	71	31	58	3	16	34	85	8	51	96	70	46	62	45	52	92	35	36	95	93	49	18	41	69	74	84	9	89	67	47	65	88	61	98	94	64	11	38	43	14	82	99	56	4	87	33	59	23	80	22	48	42	91	24	50	77	19	79	29	57	72	97	100	75	25	1	90	68	20	60	73	66	44	86	78	53	## Ordonnancement
17	## Nombre de tournées
1	2	3	3	3	4	5	8	8	8	13	14	10	10	5	2	1	## Nombre de sites par tournée
40	## Tournée 1
81	5	## Tournée 2
26	17	32	## Tournée 3
39	10	63	## Tournée 4
7	76	21	## Tournée 5
15	54	6	83	## Tournée 6
37	27	13	12	55	## Tournée 7
31	28	30	2	3	58	71	16	## Tournée 8
51	34	46	62	85	8	70	96	## Tournée 9
52	35	92	93	36	95	45	49	## Tournée 10
65	61	18	67	69	41	47	88	89	84	98	74	9	## Tournée 11
64	23	82	14	87	33	11	43	38	59	4	56	94	99	## Tournée 12
24	22	79	50	80	48	91	77	42	19	## Tournée 13
97	72	25	68	57	1	75	100	29	90	## Tournée 14
66	44	60	20	73	## Tournée 15
78	86	## Tournée 16
53	## Tournée 17
