57287	## Somme des retards
2060	## Temps CPU (millisecondes)
35	34	72	17	7	94	68	76	74	23	20	48	43	62	93	30	9	71	55	11	77	37	97	84	3	28	98	53	96	27	82	39	85	13	81	45	1	80	31	79	86	22	87	51	4	12	92	24	40	33	32	10	64	73	57	52	69	36	90	91	44	15	66	60	95	14	75	59	19	83	16	61	67	42	88	38	29	8	50	25	63	18	21	2	49	46	54	89	6	58	56	65	100	78	41	47	26	5	99	70	## Ordonnancement
18	## Nombre de tournées
1	2	2	1	2	1	8	6	9	9	9	10	10	12	10	5	2	1	## Nombre de sites par tournée
35	## Tournée 1
34	72	## Tournée 2
7	17	## Tournée 3
94	## Tournée 4
68	76	## Tournée 5
74	## Tournée 6
23	9	48	93	20	30	62	43	## Tournée 7
55	77	71	37	97	11	## Tournée 8
82	39	28	84	96	98	53	27	3	## Tournée 9
86	85	80	79	81	31	1	13	45	## Tournée 10
4	92	87	40	33	12	51	24	22	## Tournée 11
36	91	90	10	69	32	73	57	64	52	## Tournée 12
83	59	19	66	44	95	14	75	60	15	## Tournée 13
18	16	67	61	25	88	29	63	8	38	42	50	## Tournée 14
54	6	56	58	21	46	89	2	65	49	## Tournée 15
100	26	41	47	78	## Tournée 16
99	5	## Tournée 17
70	## Tournée 18
