104492	## Somme des retards
4294965412	## Temps CPU (millisecondes)
77	2	18	14	150	9	16	109	17	41	121	66	12	141	54	10	57	143	35	98	34	56	63	20	122	82	96	107	11	29	136	138	130	137	100	65	64	144	25	86	1	42	83	85	43	105	26	126	33	90	24	134	60	72	6	129	21	132	131	79	112	70	7	48	49	67	95	125	37	99	13	92	46	146	23	123	50	28	44	106	32	84	147	78	40	47	94	62	19	101	135	30	69	116	15	5	74	51	55	76	81	36	114	31	87	120	89	61	133	113	118	8	102	111	45	22	68	3	145	53	71	4	80	142	104	115	91	127	88	73	108	27	139	117	38	103	52	110	149	59	97	124	148	128	119	140	75	58	39	93	## Ordonnancement
25	## Nombre de tournées
1	1	3	3	2	3	4	4	7	8	6	8	10	10	16	14	14	10	9	7	4	2	1	2	1	## Nombre de sites par tournée
77	## Tournée 1
2	## Tournée 2
18	14	150	## Tournée 3
109	9	16	## Tournée 4
41	17	## Tournée 5
66	121	12	## Tournée 6
54	57	10	141	## Tournée 7
98	34	143	35	## Tournée 8
82	96	63	56	107	122	20	## Tournée 9
100	29	65	138	136	137	130	11	## Tournée 10
64	86	25	144	42	1	## Tournée 11
33	90	83	85	43	126	105	26	## Tournée 12
6	129	72	132	131	21	79	24	134	60	## Tournée 13
99	112	7	125	37	70	48	67	95	49	## Tournée 14
50	13	92	147	23	44	78	106	32	28	84	146	123	40	47	46	## Tournée 15
5	94	19	62	101	55	69	30	116	135	76	74	51	15	## Tournée 16
89	87	61	133	81	102	114	118	8	111	36	31	120	113	## Tournée 17
4	3	22	45	145	142	68	53	71	80	## Tournée 18
139	104	115	88	127	108	91	27	73	## Tournée 19
52	103	117	38	110	149	59	## Tournée 20
128	124	148	97	## Tournée 21
140	119	## Tournée 22
75	## Tournée 23
58	39	## Tournée 24
93	## Tournée 25
