116119	## Somme des retards
4294967107	## Temps CPU (millisecondes)
63	51	72	15	53	25	139	59	146	61	71	138	42	73	70	8	48	45	57	80	26	49	39	121	129	144	147	52	18	89	96	2	79	135	65	40	64	31	21	116	1	19	111	75	131	86	12	125	3	32	91	117	150	143	20	68	128	13	133	82	56	35	105	77	106	109	29	69	103	92	137	107	149	120	10	85	66	4	130	11	41	74	124	118	46	145	141	127	134	104	7	114	50	83	58	112	102	36	6	140	90	22	126	119	97	27	123	84	113	38	28	24	87	54	101	142	81	44	14	17	132	94	37	110	33	148	98	76	55	93	5	78	60	23	30	99	100	115	136	67	47	16	62	88	43	108	9	122	34	95	## Ordonnancement
24	## Nombre de tournées
1	1	1	1	1	3	4	4	3	7	6	6	11	11	9	12	14	18	17	8	5	3	2	2	## Nombre de sites par tournée
63	## Tournée 1
51	## Tournée 2
72	## Tournée 3
15	## Tournée 4
53	## Tournée 5
139	25	59	## Tournée 6
146	61	138	71	## Tournée 7
73	70	8	42	## Tournée 8
48	57	45	## Tournée 9
39	26	129	121	80	49	144	## Tournée 10
96	18	89	52	147	2	## Tournée 11
65	31	64	135	79	40	## Tournée 12
19	86	125	21	75	111	116	3	1	131	12	## Tournée 13
117	128	68	20	13	133	91	143	150	32	82	## Tournée 14
35	106	69	105	29	109	103	77	56	## Tournée 15
11	66	4	107	85	137	10	130	92	41	120	149	## Tournée 16
134	83	46	124	118	141	50	127	145	7	74	114	104	58	## Tournée 17
112	27	28	84	90	113	24	123	126	87	22	140	102	97	6	38	36	119	## Tournée 18
132	54	44	37	94	17	81	93	142	14	148	33	98	110	55	76	101	## Tournée 19
78	60	99	23	30	100	115	5	## Tournée 20
136	16	47	62	67	## Tournée 21
43	88	108	## Tournée 22
122	9	## Tournée 23
95	34	## Tournée 24
