126938	## Somme des retards
4294966757	## Temps CPU (millisecondes)
42	107	109	128	55	89	77	5	68	117	144	36	129	130	57	46	27	50	78	116	17	7	139	134	21	53	24	146	91	47	73	67	38	83	60	15	121	8	69	103	149	13	106	84	52	14	48	120	18	61	131	98	135	142	141	136	41	70	72	76	93	28	37	113	138	29	44	63	143	88	54	111	31	58	59	56	49	124	23	114	35	119	26	87	33	102	145	105	40	62	140	126	30	137	101	132	19	65	74	79	82	3	71	39	51	133	122	2	95	99	110	22	92	4	10	100	86	45	96	32	148	97	9	12	20	104	43	108	127	90	25	112	147	16	66	75	80	1	94	115	125	123	118	150	11	85	64	81	6	34	## Ordonnancement
19	## Nombre de tournées
1	5	3	4	7	7	8	7	11	11	12	14	15	17	13	7	4	2	2	## Nombre de sites par tournée
42	## Tournée 1
55	89	107	128	109	## Tournée 2
68	77	5	## Tournée 3
129	36	117	144	## Tournée 4
50	116	46	130	78	27	57	## Tournée 5
17	53	139	134	24	21	7	## Tournée 6
38	47	60	146	91	73	67	83	## Tournée 7
15	149	8	103	121	13	69	## Tournée 8
48	98	135	52	84	106	18	120	14	61	131	## Tournée 9
113	93	72	70	76	28	136	41	141	37	142	## Tournée 10
58	143	56	29	63	54	44	111	31	59	88	138	## Tournée 11
62	49	23	87	26	35	105	119	33	145	102	40	114	124	## Tournée 12
51	71	39	140	137	126	79	65	101	30	132	19	3	74	82	## Tournée 13
10	97	133	4	122	92	96	22	148	32	86	100	2	95	45	99	110	## Tournée 14
66	12	43	104	16	108	90	127	112	25	9	20	147	## Tournée 15
115	123	75	94	125	1	80	## Tournée 16
85	11	150	118	## Tournée 17
64	81	## Tournée 18
6	34	## Tournée 19
