89171	## Somme des retards
240	## Temps CPU (millisecondes)
64	34	113	86	20	23	43	99	100	109	17	135	40	95	111	91	85	25	42	124	114	119	57	87	90	107	101	52	141	145	144	129	93	82	7	32	83	63	3	102	21	136	72	1	48	46	50	22	29	123	55	97	106	12	120	28	80	137	84	122	116	108	15	31	149	69	77	53	26	96	36	13	58	142	76	139	38	103	8	74	19	73	92	11	125	56	112	98	62	130	147	18	51	45	126	138	134	41	14	71	88	133	4	59	30	67	35	121	54	60	89	143	6	140	78	94	39	81	24	5	66	61	104	47	68	70	105	127	110	131	146	118	115	10	33	75	37	148	79	150	117	49	16	2	27	65	44	128	9	132	## Ordonnancement
22	## Nombre de tournées
2	2	1	3	2	4	4	6	4	5	10	10	11	13	10	18	15	17	8	2	2	1	## Nombre de sites par tournée
64	34	## Tournée 1
86	113	## Tournée 2
20	## Tournée 3
43	99	23	## Tournée 4
100	109	## Tournée 5
40	135	95	17	## Tournée 6
111	85	25	91	## Tournée 7
124	42	57	119	87	114	## Tournée 8
90	52	101	107	## Tournée 9
141	93	145	129	144	## Tournée 10
21	7	136	102	72	3	32	63	82	83	## Tournée 11
46	50	55	29	22	48	123	97	106	1	## Tournée 12
28	137	15	84	80	108	122	116	31	120	12	## Tournée 13
142	13	76	69	77	38	36	149	53	26	139	96	58	## Tournée 14
19	112	11	74	103	8	56	73	125	92	## Tournée 15
51	147	45	62	59	14	134	41	130	4	138	18	88	71	126	30	98	133	## Tournée 16
6	24	54	5	39	35	143	67	81	140	94	78	121	89	60	## Tournée 17
146	61	70	47	131	37	104	105	127	118	66	10	68	110	33	75	115	## Tournée 18
49	27	16	150	79	2	148	117	## Tournée 19
65	44	## Tournée 20
128	9	## Tournée 21
132	## Tournée 22
