66035	## Somme des retards
4294965212	## Temps CPU (millisecondes)
53	9	68	57	76	26	1	15	83	29	86	24	14	97	67	87	74	72	95	65	19	78	44	75	80	81	96	30	71	50	61	23	66	56	45	94	59	22	100	77	60	89	10	99	11	43	49	62	58	69	63	17	98	85	48	12	36	27	82	84	32	64	28	21	73	4	34	40	8	6	20	39	31	18	7	42	93	38	88	37	70	90	91	46	35	55	16	79	3	52	92	41	51	54	33	13	5	25	47	2	## Ordonnancement
18	## Nombre de tournées
2	1	3	5	4	3	7	5	6	9	10	12	8	10	6	4	3	2	## Nombre de sites par tournée
9	53	## Tournée 1
68	## Tournée 2
76	26	57	## Tournée 3
29	15	86	83	1	## Tournée 4
67	97	14	24	## Tournée 5
72	87	74	## Tournée 6
19	95	65	44	80	75	78	## Tournée 7
71	81	96	30	50	## Tournée 8
56	45	23	61	94	66	## Tournée 9
11	89	22	77	99	10	60	59	100	## Tournée 10
43	17	62	49	98	69	63	48	58	85	## Tournée 11
27	84	28	34	32	64	73	82	12	36	4	21	## Tournée 12
6	31	40	20	8	39	7	18	## Tournée 13
88	90	38	91	46	35	93	37	42	70	## Tournée 14
79	55	3	52	16	92	## Tournée 15
41	54	33	51	## Tournée 16
25	5	13	## Tournée 17
2	47	## Tournée 18
