89626	## Somme des retards
4294966637	## Temps CPU (millisecondes)
123	214	224	244	63	16	22	5	204	41	133	21	115	184	232	172	78	6	91	92	94	156	25	14	35	3	96	81	155	76	113	58	154	86	179	227	151	186	38	163	243	189	80	13	181	160	79	119	128	108	67	222	203	124	231	9	53	162	104	134	217	167	198	20	171	77	237	242	17	140	4	55	106	74	118	149	207	66	61	102	23	110	87	46	145	42	39	90	72	220	188	165	1	117	191	70	146	137	83	249	166	54	105	209	236	215	158	82	185	195	127	194	19	239	89	197	212	206	10	241	75	103	210	229	196	107	161	200	182	138	101	168	141	235	246	216	36	59	27	45	213	136	169	64	122	176	247	183	32	125	192	57	68	180	48	71	159	170	130	97	248	201	233	8	85	24	121	114	18	142	143	47	230	132	129	99	29	2	205	221	15	116	208	31	223	7	218	69	40	98	26	240	33	11	95	234	250	60	49	43	65	131	190	62	174	226	30	164	144	219	112	111	126	44	93	152	193	37	177	245	173	135	84	12	157	228	56	50	211	147	238	175	202	148	139	120	187	153	150	28	225	88	109	52	178	199	100	34	73	51	## Ordonnancement
29	## Nombre de tournées
1	2	2	3	5	7	5	6	8	9	9	13	14	13	19	19	20	16	18	13	15	9	7	6	5	2	2	1	1	## Nombre de sites par tournée
123	## Tournée 1
224	214	## Tournée 2
244	63	## Tournée 3
5	16	22	## Tournée 4
133	115	41	21	204	## Tournée 5
6	184	78	232	92	172	91	## Tournée 6
156	25	35	14	94	## Tournée 7
96	113	76	81	155	3	## Tournée 8
86	38	154	186	151	58	227	179	## Tournée 9
163	80	13	189	181	79	160	119	243	## Tournée 10
108	53	9	203	124	222	67	231	128	## Tournée 11
167	104	20	162	171	198	17	242	237	140	217	134	77	## Tournée 12
46	23	207	118	149	55	66	74	106	87	61	102	4	110	## Tournée 13
70	220	42	188	39	72	165	145	1	117	90	191	146	## Tournée 14
239	19	185	194	215	82	249	195	236	209	105	158	54	166	137	83	127	197	89	## Tournée 15
210	206	75	246	235	182	138	141	107	196	200	101	10	212	229	103	168	161	241	## Tournée 16
213	176	180	36	68	125	32	57	27	247	192	59	64	183	45	122	136	216	169	48	## Tournée 17
121	130	97	201	143	248	142	233	71	8	170	159	24	18	85	114	## Tournée 18
69	47	230	129	223	221	99	116	29	218	208	2	205	40	7	31	15	132	## Tournée 19
131	33	49	95	26	43	11	98	60	240	250	234	65	## Tournée 20
62	126	144	30	226	152	164	111	93	112	44	193	190	219	174	## Tournée 21
245	157	228	84	37	12	135	177	173	## Tournée 22
202	50	238	147	211	56	175	## Tournée 23
187	153	148	120	139	150	## Tournée 24
109	28	225	88	52	## Tournée 25
199	178	## Tournée 26
100	34	## Tournée 27
73	## Tournée 28
51	## Tournée 29
