66728	## Somme des retards
2115	## Temps CPU (millisecondes)
91	28	74	54	73	136	4	42	121	115	150	10	113	109	20	24	85	76	97	68	50	64	92	53	2	94	99	90	135	19	58	63	103	79	116	86	140	93	35	46	32	51	30	41	105	5	122	119	132	8	72	44	36	29	101	11	149	96	69	133	60	47	108	88	12	33	56	125	9	7	145	17	118	81	37	89	77	39	48	66	71	87	139	31	117	52	40	34	102	25	61	144	84	141	82	59	106	146	22	49	62	43	100	21	55	70	83	148	104	142	127	112	111	6	18	120	26	57	129	3	130	65	13	128	131	98	147	27	16	1	110	95	114	126	45	78	107	123	15	75	14	143	134	137	23	80	67	138	38	124	## Ordonnancement
19	## Nombre de tournées
2	3	5	4	8	8	10	8	10	12	14	15	14	15	10	5	4	2	1	## Nombre de sites par tournée
28	91	## Tournée 1
74	73	54	## Tournée 2
136	42	115	4	121	## Tournée 3
109	113	10	150	## Tournée 4
50	64	20	24	97	76	85	68	## Tournée 5
135	99	92	94	53	2	90	19	## Tournée 6
63	103	86	58	35	116	140	93	46	79	## Tournée 7
30	5	122	51	32	41	119	105	## Tournée 8
29	8	96	44	132	101	149	11	72	36	## Tournée 9
60	9	12	7	33	88	56	133	47	108	69	125	## Tournée 10
66	118	87	89	145	39	48	71	139	37	31	77	17	81	## Tournée 11
84	141	40	61	22	25	59	82	52	102	146	34	117	106	144	## Tournée 12
104	111	70	148	43	83	62	127	112	55	142	21	100	49	## Tournée 13
57	98	131	26	3	65	13	27	129	130	18	120	128	147	6	## Tournée 14
110	45	16	78	114	123	126	1	107	95	## Tournée 15
15	75	14	134	143	## Tournée 16
80	137	23	67	## Tournée 17
38	138	## Tournée 18
124	## Tournée 19
