25418	## Somme des retards
4294965492	## Temps CPU (millisecondes)
86	134	99	114	103	69	129	27	108	138	56	133	119	147	97	95	128	42	30	132	19	29	25	130	62	111	105	89	24	81	82	63	137	15	57	78	8	96	94	87	123	135	120	113	14	71	67	150	33	93	85	55	124	64	79	9	45	40	91	88	4	148	125	17	80	127	115	54	83	16	32	36	118	140	104	131	49	112	5	11	10	101	35	145	110	84	66	73	107	37	122	77	48	21	75	38	28	39	70	142	144	46	1	90	20	98	100	102	136	47	92	7	146	41	143	12	59	53	76	61	22	31	18	26	149	3	43	52	2	68	44	74	139	6	34	58	13	106	116	23	126	51	121	50	117	109	65	72	60	141	## Ordonnancement
23	## Nombre de tournées
1	1	3	2	4	4	4	4	5	7	10	11	14	16	12	12	11	6	9	5	4	3	2	## Nombre de sites par tournée
86	## Tournée 1
134	## Tournée 2
103	114	99	## Tournée 3
69	129	## Tournée 4
108	27	138	56	## Tournée 5
119	147	97	133	## Tournée 6
30	128	95	42	## Tournée 7
25	132	19	29	## Tournée 8
130	111	89	62	105	## Tournée 9
63	24	81	57	82	137	15	## Tournée 10
94	96	87	113	8	135	14	78	123	120	## Tournée 11
93	9	67	85	71	64	79	124	33	55	150	## Tournée 12
115	16	148	91	80	17	4	88	127	40	125	54	83	45	## Tournée 13
10	104	35	110	112	140	11	145	36	131	49	101	32	5	84	118	## Tournée 14
66	122	39	73	28	75	107	48	38	21	77	37	## Tournée 15
100	144	1	46	142	98	136	47	90	70	20	102	## Tournée 16
12	92	41	143	53	61	7	146	59	76	22	## Tournée 17
3	26	149	18	43	31	## Tournée 18
139	44	52	74	2	68	34	58	6	## Tournée 19
23	116	126	13	106	## Tournée 20
50	117	51	121	## Tournée 21
72	65	109	## Tournée 22
141	60	## Tournée 23
