73497	## Somme des retards
575	## Temps CPU (millisecondes)
91	28	4	73	54	42	74	136	115	20	113	150	10	50	109	85	76	97	68	24	64	121	94	2	99	90	86	135	19	53	92	116	103	105	79	140	63	58	93	46	32	122	125	30	41	51	5	8	96	35	119	132	133	72	44	36	29	101	11	149	9	69	60	47	88	70	12	33	39	77	56	31	139	145	66	89	71	17	81	48	34	118	37	146	87	7	40	52	106	100	25	62	148	61	144	84	102	141	82	59	117	22	112	83	21	114	108	57	124	129	3	104	142	127	43	111	16	1	18	65	120	55	26	130	80	67	13	128	131	75	49	78	98	147	110	27	6	143	126	95	134	107	123	14	38	137	15	138	45	23	## Ordonnancement
18	## Nombre de tournées
2	4	3	6	6	9	10	11	10	11	14	16	14	18	8	4	3	1	## Nombre de sites par tournée
28	91	## Tournée 1
73	42	54	4	## Tournée 2
136	74	115	## Tournée 3
50	20	109	113	10	150	## Tournée 4
64	97	24	68	85	76	## Tournée 5
135	99	94	53	2	90	19	86	121	## Tournée 6
63	103	58	116	140	105	93	46	79	92	## Tournée 7
30	8	96	5	122	51	32	35	41	119	125	## Tournée 8
29	9	36	133	44	132	101	149	11	72	## Tournée 9
60	12	33	31	88	56	39	69	47	77	70	## Tournée 10
66	118	87	89	145	81	17	48	71	34	139	37	146	7	## Tournée 11
84	141	40	148	61	22	25	59	82	102	52	62	117	106	144	100	## Tournée 12
104	111	43	83	124	112	127	108	129	142	21	114	57	3	## Tournée 13
98	131	26	49	65	13	67	1	130	55	18	120	78	16	128	75	80	147	## Tournée 14
110	95	107	134	143	6	27	126	## Tournée 15
38	137	14	123	## Tournée 16
15	45	138	## Tournée 17
23	## Tournée 18
