30515	## Somme des retards
1640	## Temps CPU (millisecondes)
13	37	48	5	67	79	14	38	65	69	47	78	57	33	63	49	31	50	44	46	87	56	99	61	76	17	20	41	27	64	9	88	80	73	96	45	55	19	11	100	66	43	84	28	51	90	74	23	3	21	81	8	32	92	22	71	26	15	4	1	30	89	35	58	54	52	75	34	6	12	72	40	18	25	53	36	85	10	24	97	95	68	16	86	7	29	70	59	42	93	2	83	39	94	98	60	91	77	62	82	## Ordonnancement
17	## Nombre de tournées
1	3	2	2	3	3	8	9	10	9	9	11	10	8	7	3	2	## Nombre de sites par tournée
13	## Tournée 1
37	5	48	## Tournée 2
67	79	## Tournée 3
14	38	## Tournée 4
65	69	47	## Tournée 5
57	78	33	## Tournée 6
56	87	50	49	31	63	44	46	## Tournée 7
27	17	20	41	9	76	61	99	64	## Tournée 8
96	88	11	55	73	80	66	100	45	19	## Tournée 9
21	51	3	28	74	43	84	23	90	## Tournée 10
15	81	4	26	92	22	8	71	32	## Tournée 11
89	58	1	52	12	75	35	34	54	30	6	## Tournée 12
36	85	53	25	97	72	18	10	40	24	## Tournée 13
16	70	7	68	86	59	29	95	## Tournée 14
39	83	42	94	2	98	93	## Tournée 15
77	91	60	## Tournée 16
62	82	## Tournée 17
