109659	## Somme des retards
1975	## Temps CPU (millisecondes)
251	149	201	243	269	129	111	266	184	4	235	172	293	290	5	250	255	62	100	152	94	54	183	16	28	93	97	225	120	196	116	277	194	188	244	267	103	119	185	187	110	252	242	77	75	150	135	215	257	295	198	73	258	271	283	98	272	191	130	220	264	123	268	134	234	92	229	292	31	11	155	238	44	132	67	199	82	10	118	249	273	275	300	13	261	224	102	141	20	49	173	233	232	286	151	36	192	105	57	167	193	8	43	210	226	168	47	165	222	51	247	46	254	95	106	157	114	108	144	6	7	101	203	296	52	39	202	9	161	12	128	71	189	288	109	68	131	76	297	72	147	265	86	227	90	159	274	89	284	19	180	179	133	81	218	64	74	17	209	182	56	21	38	279	289	245	223	230	276	248	219	136	3	99	29	181	166	70	145	139	171	35	66	91	61	154	115	285	138	104	262	78	48	158	164	278	22	117	50	212	281	156	169	55	174	15	253	53	32	58	259	83	239	237	18	287	241	207	299	294	112	25	190	45	30	107	205	221	140	85	96	1	65	217	206	213	246	41	124	162	63	121	204	186	24	26	195	127	170	175	160	270	282	125	211	280	69	178	27	34	142	33	214	263	14	216	163	137	113	122	80	79	197	177	88	176	60	42	87	260	228	298	143	291	200	148	40	2	84	146	153	240	59	23	126	236	37	208	231	256	## Ordonnancement
27	## Nombre de tournées
1	1	3	2	4	5	6	6	9	10	9	12	20	15	18	19	19	24	23	24	21	22	11	8	4	2	2	## Nombre de sites par tournée
251	## Tournée 1
149	## Tournée 2
269	201	243	## Tournée 3
129	111	## Tournée 4
235	266	4	184	## Tournée 5
250	290	5	172	293	## Tournée 6
62	152	54	255	100	94	## Tournée 7
225	16	93	28	97	183	## Tournée 8
120	267	196	103	277	244	116	188	194	## Tournée 9
119	75	185	187	242	135	77	110	252	150	## Tournée 10
295	73	257	198	215	271	283	258	98	## Tournée 11
130	264	272	191	92	123	220	234	134	292	229	268	## Tournée 12
141	155	67	199	249	224	13	275	44	273	132	118	31	238	300	261	102	10	82	11	## Tournée 13
36	43	192	8	286	232	193	151	20	57	49	233	105	167	173	## Tournée 14
168	47	247	6	46	226	254	108	157	7	165	210	106	222	114	51	144	95	## Tournée 15
189	161	68	101	128	296	203	9	202	288	131	52	72	39	71	109	297	76	12	## Tournée 16
218	81	74	17	265	19	86	274	89	227	180	64	159	133	209	179	90	284	147	## Tournée 17
139	35	171	38	223	70	136	279	230	182	3	21	276	289	99	145	66	181	166	219	29	245	56	248	## Tournée 18
262	281	154	78	169	212	104	55	15	285	156	61	115	138	174	22	164	50	117	158	91	48	278	## Tournée 19
53	85	253	30	287	18	207	299	241	32	45	190	83	239	107	112	259	25	58	221	294	140	205	237	## Tournée 20
170	206	160	24	96	162	213	65	217	1	41	195	26	246	127	121	204	186	175	63	124	## Tournée 21
270	34	197	280	216	214	27	125	163	80	263	14	282	178	137	33	69	122	142	211	79	113	## Tournée 22
291	177	143	88	60	87	260	298	176	42	228	## Tournée 23
153	200	84	240	146	148	40	2	## Tournée 24
23	59	236	126	## Tournée 25
37	208	## Tournée 26
231	256	## Tournée 27
