272166	## Somme des retards
545	## Temps CPU (millisecondes)
227	67	178	293	200	272	33	190	30	31	228	181	69	292	165	295	97	164	45	230	243	37	209	158	223	133	277	50	92	72	16	123	129	249	73	288	80	285	173	284	17	191	241	183	10	126	107	153	251	6	100	83	82	8	204	38	213	47	85	245	275	282	120	252	176	110	19	210	136	225	189	247	105	248	170	235	205	119	138	24	186	198	297	113	104	84	1	116	54	149	159	3	177	219	70	270	269	232	262	142	62	155	197	65	246	96	102	32	57	163	168	63	48	162	172	125	187	196	161	211	160	294	114	28	103	90	108	75	2	106	27	132	278	77	221	43	13	131	218	59	66	236	180	78	240	231	242	171	14	146	35	289	29	95	195	40	93	280	127	15	9	179	144	203	74	26	254	194	112	296	141	214	145	150	199	258	299	61	79	226	256	52	229	88	273	217	53	253	21	154	11	81	202	276	44	281	60	157	139	239	89	267	130	265	216	259	279	56	264	174	134	167	201	283	212	193	71	185	121	291	18	115	220	68	152	51	55	215	23	20	182	290	137	22	151	98	128	111	101	140	300	271	25	58	287	99	156	233	12	4	222	7	261	87	257	147	117	255	39	238	34	268	46	109	184	298	207	76	124	234	263	206	208	94	286	143	224	169	42	166	135	118	175	192	260	244	237	266	250	64	41	91	122	188	148	86	36	5	49	274	## Ordonnancement
27	## Nombre de tournées
3	3	2	3	5	5	7	10	11	9	14	11	17	15	16	22	19	18	26	24	24	21	8	3	2	1	1	## Nombre de sites par tournée
67	178	227	## Tournée 1
293	272	200	## Tournée 2
190	33	## Tournée 3
228	30	31	## Tournée 4
295	69	292	165	181	## Tournée 5
230	97	243	45	164	## Tournée 6
209	50	223	277	37	133	158	## Tournée 7
73	123	92	288	249	16	129	72	285	80	## Tournée 8
173	17	251	153	241	284	183	191	10	107	126	## Tournée 9
100	82	83	8	47	204	6	213	38	## Tournée 10
189	275	176	120	245	136	225	252	110	19	85	282	247	210	## Tournée 11
105	235	24	198	186	205	138	297	248	119	170	## Tournée 12
104	1	70	269	84	270	54	116	3	232	142	113	159	219	262	177	149	## Tournée 13
246	155	63	168	163	162	102	32	172	48	57	96	62	197	65	## Tournée 14
161	106	114	103	125	28	160	196	75	187	2	27	211	294	90	108	## Tournée 15
43	59	66	221	78	171	131	132	13	242	218	240	29	180	35	77	14	231	289	236	146	278	## Tournée 16
141	203	74	127	9	254	179	93	195	194	280	214	296	112	40	26	144	15	95	## Tournée 17
217	79	273	299	229	226	258	52	53	256	61	88	253	21	150	145	199	154	## Tournée 18
202	283	139	264	216	259	89	267	60	281	167	44	201	193	212	81	56	265	276	279	157	134	239	11	174	130	## Tournée 19
22	140	291	101	98	182	20	23	220	51	151	137	152	68	18	111	185	128	121	290	71	215	55	115	## Tournée 20
109	147	233	25	4	271	300	238	58	268	99	287	7	156	39	261	117	46	87	257	34	12	222	255	## Tournée 21
76	184	192	298	224	166	260	286	94	208	206	135	169	175	263	118	42	143	207	234	124	## Tournée 22
122	41	250	244	91	237	64	266	## Tournée 23
188	86	148	## Tournée 24
36	5	## Tournée 25
49	## Tournée 26
274	## Tournée 27
