75964	## Somme des retards
4294967057	## Temps CPU (millisecondes)
131	141	94	24	69	238	220	127	144	176	52	115	164	10	68	159	53	30	42	93	31	145	134	108	245	39	4	3	161	149	84	27	61	123	103	60	239	189	177	85	235	206	158	82	217	152	183	200	179	23	48	208	11	124	169	17	224	198	147	210	50	213	218	110	219	246	1	6	56	216	229	37	148	83	125	211	196	72	55	49	214	191	156	150	250	101	100	221	168	204	241	121	143	63	120	178	86	139	130	202	57	199	205	172	25	51	87	46	76	215	96	5	248	67	247	181	187	126	77	65	28	133	119	47	35	166	232	142	89	138	165	222	186	26	170	44	227	188	88	173	62	43	104	22	184	203	64	237	116	14	242	92	12	21	223	71	154	73	38	54	207	163	240	45	153	15	228	225	135	136	193	79	137	40	185	114	231	29	91	192	111	117	8	233	112	98	33	81	2	95	194	234	182	105	249	106	128	113	171	74	146	19	175	99	78	109	190	16	226	36	102	155	80	167	160	243	13	18	132	34	174	157	66	75	58	122	20	180	59	244	32	162	7	9	236	107	140	129	70	197	195	118	97	201	212	230	151	90	41	209	## Ordonnancement
26	## Nombre de tournées
1	1	2	3	3	4	3	6	9	9	13	13	16	17	18	19	23	23	21	15	11	7	6	3	3	1	## Nombre de sites par tournée
131	## Tournée 1
141	## Tournée 2
94	24	## Tournée 3
69	238	220	## Tournée 4
144	127	176	## Tournée 5
52	10	115	164	## Tournée 6
53	159	68	## Tournée 7
145	93	42	31	134	30	## Tournée 8
39	149	108	4	84	245	161	27	3	## Tournée 9
177	103	85	189	61	235	60	123	239	## Tournée 10
11	158	183	208	206	217	82	179	48	200	23	152	124	## Tournée 11
147	210	1	198	219	50	224	169	246	218	17	110	213	## Tournée 12
83	55	229	214	37	216	191	49	125	156	56	148	6	211	196	72	## Tournée 13
202	204	168	143	241	121	250	150	139	63	100	221	120	178	101	86	130	## Tournée 14
187	5	248	181	76	205	247	172	87	57	215	25	46	199	96	126	67	51	## Tournée 15
77	142	166	165	138	232	227	65	170	222	28	186	89	47	35	133	44	119	26	## Tournée 16
116	173	73	223	104	154	237	242	54	21	12	92	88	184	14	43	203	22	188	64	71	38	62	## Tournée 17
135	231	111	163	91	79	45	136	29	225	185	117	40	153	15	240	137	193	192	114	207	228	8	## Tournée 18
171	182	81	128	175	249	146	99	98	112	74	2	194	233	105	33	234	95	113	106	19	## Tournée 19
36	167	13	78	190	243	80	160	226	102	16	155	132	18	109	## Tournée 20
157	20	58	75	180	34	174	122	66	244	59	## Tournée 21
9	162	140	107	7	32	236	## Tournée 22
118	97	70	197	195	129	## Tournée 23
212	201	230	## Tournée 24
41	151	90	## Tournée 25
209	## Tournée 26
