214714	## Somme des retards
4294966723	## Temps CPU (millisecondes)
28	27	202	160	16	101	62	112	36	4	172	162	241	286	22	273	110	61	267	70	166	293	182	269	8	137	259	277	161	221	96	213	95	234	258	10	125	233	271	206	218	150	252	13	289	151	180	185	126	40	139	124	254	242	1	219	106	154	46	197	146	226	64	43	38	268	113	20	222	191	171	155	297	60	236	24	94	196	153	39	99	250	245	257	283	75	144	41	31	187	287	90	92	86	174	76	138	190	216	208	178	9	228	195	122	276	189	93	118	249	55	295	71	263	181	32	232	23	156	152	291	255	240	274	281	239	282	294	285	192	246	21	290	72	74	217	188	50	177	111	210	53	280	79	80	82	133	109	128	299	169	248	19	25	251	141	18	14	97	5	37	68	261	57	11	264	17	284	164	143	272	238	52	157	51	85	186	149	58	66	198	247	298	266	205	81	115	134	87	83	107	184	214	104	176	209	48	220	67	65	204	88	179	114	203	89	103	29	147	170	142	47	136	227	173	34	140	7	15	117	54	296	30	6	98	148	12	77	59	193	44	230	84	300	262	130	163	56	127	2	256	49	225	243	275	235	237	167	175	120	108	42	215	211	265	260	26	279	270	131	35	199	100	129	224	63	278	78	3	121	292	207	73	194	288	168	145	123	201	159	165	132	223	183	105	231	91	158	102	69	116	135	212	33	253	45	244	119	200	229	## Ordonnancement
30	## Nombre de tournées
3	4	2	4	6	7	11	9	12	11	15	14	15	18	19	19	15	19	22	16	14	12	11	8	4	3	3	2	1	1	## Nombre de sites par tournée
27	202	28	## Tournée 1
101	16	160	62	## Tournée 2
112	36	## Tournée 3
162	172	4	241	## Tournée 4
273	110	267	286	22	61	## Tournée 5
70	269	137	182	293	166	8	## Tournée 6
259	161	221	95	234	125	277	213	10	258	96	## Tournée 7
252	150	151	218	206	271	289	233	13	## Tournée 8
1	185	219	254	40	154	242	139	126	180	106	124	## Tournée 9
113	38	64	46	20	43	226	268	197	222	146	## Tournée 10
99	245	39	196	24	94	153	250	236	155	191	257	297	171	60	## Tournée 11
76	138	41	75	174	31	287	90	283	187	92	86	144	190	## Tournée 12
195	276	118	208	55	228	122	216	295	189	71	178	249	93	9	## Tournée 13
246	192	152	239	263	181	294	255	282	156	285	232	240	32	281	291	23	274	## Tournée 14
188	133	80	111	177	74	72	299	50	128	280	217	21	79	82	210	109	53	290	## Tournée 15
17	264	164	19	5	14	97	251	37	18	141	25	169	261	57	284	248	68	11	## Tournée 16
198	52	238	186	157	66	272	51	58	266	247	143	149	85	298	## Tournée 17
204	107	209	184	220	176	65	48	205	83	87	179	67	134	115	81	214	104	88	## Tournée 18
296	98	114	227	173	142	15	170	147	89	30	29	6	136	7	34	103	140	54	47	117	203	## Tournée 19
77	127	262	12	2	84	44	130	148	163	59	300	56	230	193	256	## Tournée 20
211	215	42	108	265	120	167	235	225	237	243	275	175	49	## Tournée 21
270	35	26	279	199	224	129	131	260	63	100	278	## Tournée 22
121	288	73	194	207	168	123	145	292	3	78	## Tournée 23
159	132	105	183	223	165	231	201	## Tournée 24
91	158	102	69	## Tournée 25
116	212	135	## Tournée 26
45	253	33	## Tournée 27
119	244	## Tournée 28
200	## Tournée 29
229	## Tournée 30
