36721	## Somme des retards
4294965942	## Temps CPU (millisecondes)
3	36	135	119	22	150	145	28	5	181	42	157	160	172	148	32	124	131	98	117	186	61	175	103	68	33	167	76	1	65	129	138	58	24	79	178	67	136	39	37	106	128	8	197	19	45	154	21	78	152	20	99	16	50	142	114	84	80	192	86	158	13	43	57	199	107	104	49	141	196	179	182	187	166	109	162	125	46	94	121	64	132	176	118	137	101	139	174	190	69	163	38	74	97	96	189	23	155	75	111	191	14	15	62	70	52	185	18	92	77	60	95	116	168	54	105	170	2	108	31	177	44	55	153	91	122	188	11	156	10	171	164	48	26	146	133	115	169	30	87	173	110	73	184	194	127	123	140	53	165	193	198	200	82	17	35	51	12	180	100	120	72	27	29	40	63	66	88	126	134	41	7	56	83	93	59	130	9	85	143	144	4	102	89	6	147	159	71	161	34	149	113	195	112	90	25	183	81	151	47	## Ordonnancement
25	## Nombre de tournées
1	2	1	4	4	6	7	6	10	12	13	16	16	15	18	12	14	13	10	8	4	3	3	1	1	## Nombre de sites par tournée
3	## Tournée 1
36	135	## Tournée 2
119	## Tournée 3
145	22	150	28	## Tournée 4
157	5	42	181	## Tournée 5
131	160	32	172	148	124	## Tournée 6
68	117	186	98	175	103	61	## Tournée 7
65	76	167	129	1	33	## Tournée 8
79	58	24	106	178	37	39	138	136	67	## Tournée 9
128	16	154	45	197	99	19	20	8	78	152	21	## Tournée 10
107	158	80	13	86	43	142	50	114	84	57	199	192	## Tournée 11
46	141	109	104	121	187	162	64	166	94	179	49	132	182	125	196	## Tournée 12
189	139	190	97	118	38	174	23	101	69	155	176	163	74	96	137	## Tournée 13
18	70	116	95	92	62	111	52	191	77	14	75	15	185	60	## Tournée 14
2	156	177	108	170	44	11	105	31	168	122	153	55	188	10	91	171	54	## Tournée 15
146	169	30	26	48	173	115	110	87	164	133	73	## Tournée 16
123	53	140	184	193	51	198	165	200	35	17	194	127	82	## Tournée 17
120	40	180	63	100	88	29	134	126	72	27	66	12	## Tournée 18
143	56	59	93	41	130	7	9	85	83	## Tournée 19
147	159	71	6	144	89	4	102	## Tournée 20
161	34	149	113	## Tournée 21
112	195	90	## Tournée 22
25	183	81	## Tournée 23
151	## Tournée 24
47	## Tournée 25
