37811	## Somme des retards
750	## Temps CPU (millisecondes)
3	36	135	119	22	150	145	28	148	42	181	157	5	32	131	172	124	160	98	117	186	61	175	103	68	167	136	1	37	65	76	33	138	67	79	24	19	178	58	39	106	8	129	99	128	78	45	154	13	197	16	152	20	50	142	94	114	84	21	86	192	158	80	43	57	121	199	107	104	49	141	196	182	187	166	109	163	162	125	46	64	132	75	118	191	176	74	101	52	174	139	69	179	38	97	96	189	155	116	62	92	14	70	190	185	18	95	23	137	77	15	60	111	171	10	48	2	122	173	115	44	55	31	153	91	188	11	156	170	105	54	168	194	17	123	110	146	177	30	169	133	87	26	108	73	164	134	51	180	140	53	165	29	198	200	82	40	127	100	35	126	143	88	27	193	6	93	63	56	66	41	85	12	184	7	72	120	9	102	195	159	83	4	144	149	147	59	89	161	90	130	71	113	47	183	112	25	34	81	151	## Ordonnancement
23	## Nombre de tournées
1	2	1	4	5	5	7	6	12	10	15	14	17	14	19	15	14	13	10	8	4	3	1	## Nombre de sites par tournée
3	## Tournée 1
36	135	## Tournée 2
119	## Tournée 3
145	22	150	28	## Tournée 4
157	5	42	181	148	## Tournée 5
131	160	32	172	124	## Tournée 6
68	117	186	98	175	103	61	## Tournée 7
136	167	76	65	37	1	## Tournée 8
79	58	24	106	178	129	19	39	138	8	67	33	## Tournée 9
128	16	154	45	197	99	20	78	13	152	## Tournée 10
107	121	158	80	94	86	43	142	50	114	84	57	21	199	192	## Tournée 11
46	141	109	104	187	162	64	163	166	49	132	182	125	196	## Tournée 12
189	139	116	97	118	75	38	191	155	174	101	69	74	176	52	96	179	## Tournée 13
18	70	190	15	185	60	23	77	14	111	62	137	95	92	## Tournée 14
2	156	44	11	105	31	115	168	122	153	173	55	188	10	48	91	171	54	170	## Tournée 15
123	146	169	30	177	108	73	133	87	110	134	164	26	17	194	## Tournée 16
53	140	200	35	180	100	29	127	82	126	165	198	51	40	## Tournée 17
143	56	93	41	6	184	193	27	66	12	85	63	88	## Tournée 18
159	144	72	195	9	7	4	102	83	120	## Tournée 19
147	71	161	89	59	130	90	149	## Tournée 20
112	183	47	113	## Tournée 21
25	34	81	## Tournée 22
151	## Tournée 23
