232249	## Somme des retards
425	## Temps CPU (millisecondes)
100	77	161	264	158	145	103	225	210	220	134	238	192	116	293	65	279	183	261	11	107	218	85	16	30	170	22	176	79	280	216	204	130	277	83	289	180	91	189	205	237	252	270	139	297	5	110	133	111	182	207	294	92	55	17	90	250	14	44	163	94	45	223	174	295	2	171	167	154	132	291	227	142	284	191	13	290	193	19	72	188	248	124	255	202	95	48	18	12	230	88	206	84	211	66	35	122	172	155	239	281	299	136	15	43	135	106	82	217	151	98	59	249	267	214	62	262	194	101	254	269	232	87	57	256	104	226	121	63	9	258	276	196	173	224	53	144	215	241	263	272	300	251	28	228	166	126	127	74	184	213	162	153	6	52	273	47	67	99	247	287	21	156	150	242	208	81	212	266	27	179	199	160	165	26	229	298	41	36	75	190	97	186	286	24	233	187	1	231	3	29	7	56	73	197	178	20	96	201	244	288	198	51	4	143	125	169	119	80	159	46	37	58	115	76	39	68	109	240	141	123	275	278	177	49	78	222	33	64	38	236	140	282	102	152	219	71	34	292	253	221	157	175	149	185	274	42	203	23	181	138	234	108	271	283	268	105	112	148	61	69	86	10	128	168	259	93	257	285	40	265	114	25	296	89	60	113	131	50	260	54	137	147	164	146	129	243	8	32	200	118	31	245	117	246	70	195	209	120	235	## Ordonnancement
29	## Nombre de tournées
1	1	1	2	4	4	4	2	6	10	7	10	12	11	11	11	17	16	19	22	20	25	27	26	12	11	4	3	1	## Nombre de sites par tournée
100	## Tournée 1
77	## Tournée 2
161	## Tournée 3
264	158	## Tournée 4
225	210	103	145	## Tournée 5
192	238	220	134	## Tournée 6
293	116	65	279	## Tournée 7
261	183	## Tournée 8
30	218	16	11	107	85	## Tournée 9
22	130	83	170	216	277	79	204	280	176	## Tournée 10
289	91	205	189	237	252	180	## Tournée 11
111	270	207	297	110	294	133	5	182	139	## Tournée 12
174	45	223	94	44	163	14	90	17	55	92	250	## Tournée 13
291	2	132	227	142	154	167	171	191	284	295	## Tournée 14
72	202	13	124	95	255	290	193	248	19	188	## Tournée 15
18	35	12	88	66	84	230	206	122	211	48	## Tournée 16
299	172	106	135	239	249	82	59	155	281	217	15	98	267	43	136	151	## Tournée 17
9	256	121	62	101	269	104	194	87	232	63	262	254	226	57	214	## Tournée 18
263	127	53	173	144	258	74	166	241	126	228	196	224	28	272	276	300	251	215	## Tournée 19
6	99	212	153	150	184	179	273	247	81	162	156	21	242	67	287	47	213	266	52	27	208	## Tournée 20
199	286	36	233	298	26	190	165	187	75	97	231	1	24	29	41	160	229	3	186	## Tournée 21
39	143	37	198	4	119	201	96	244	51	288	20	76	178	169	58	80	115	125	46	73	56	197	159	7	## Tournée 22
222	278	253	175	78	34	236	157	68	71	221	292	38	49	140	141	123	64	240	109	275	219	152	33	102	282	177	## Tournée 23
149	257	259	274	108	181	128	86	271	112	268	105	69	148	185	285	234	93	61	10	42	168	23	138	203	283	## Tournée 24
25	54	89	260	40	114	131	50	113	296	60	265	## Tournée 25
147	129	243	137	8	200	118	31	146	32	164	## Tournée 26
70	245	246	117	## Tournée 27
209	120	195	## Tournée 28
235	## Tournée 29
