158376	## Somme des retards
4294965902	## Temps CPU (millisecondes)
113	278	236	142	95	281	3	97	110	186	83	118	170	283	293	59	163	198	30	217	78	224	13	119	49	53	24	2	155	93	288	84	254	15	299	66	151	147	256	252	192	43	215	112	133	165	240	152	45	159	211	277	298	287	226	19	184	72	89	117	137	106	266	143	99	214	296	194	221	190	114	61	270	237	156	41	261	62	57	37	259	238	91	203	17	248	36	70	208	102	178	233	144	104	207	33	264	40	284	282	286	94	230	80	28	223	23	136	92	275	262	5	191	279	276	177	219	250	265	73	9	60	145	38	74	150	295	108	212	172	227	111	232	269	267	146	134	131	244	25	63	255	127	169	138	86	105	249	245	130	220	64	149	123	48	21	46	168	77	222	44	124	291	242	216	182	11	292	22	82	188	195	58	258	54	12	76	206	167	126	29	26	280	75	71	7	251	196	103	161	285	8	289	154	201	199	153	187	193	246	34	52	180	181	290	27	162	69	272	4	65	39	32	79	42	231	179	175	140	81	135	14	139	50	160	235	120	116	213	225	51	67	210	100	115	218	122	101	129	247	47	109	6	141	10	171	241	174	229	243	297	85	96	98	87	183	1	158	90	148	239	200	268	55	128	202	157	56	164	68	125	166	185	271	260	274	132	209	35	205	300	263	20	18	88	257	121	273	16	253	197	204	189	31	228	176	294	234	107	173	## Ordonnancement
29	## Nombre de tournées
1	1	2	2	6	6	11	9	7	10	10	12	14	16	17	16	20	20	26	21	26	20	6	9	5	2	2	2	1	## Nombre de sites par tournée
113	## Tournée 1
278	## Tournée 2
236	142	## Tournée 3
281	95	## Tournée 4
186	110	83	118	3	97	## Tournée 5
163	283	293	198	170	59	## Tournée 6
119	49	217	30	78	224	13	53	2	24	155	## Tournée 7
84	254	93	147	151	66	299	288	15	## Tournée 8
112	256	133	43	215	252	192	## Tournée 9
226	211	45	152	165	277	298	287	240	159	## Tournée 10
89	266	99	117	184	72	106	19	137	143	## Tournée 11
237	114	270	194	61	214	190	41	221	156	261	296	## Tournée 12
248	208	37	102	178	70	36	259	203	17	57	91	62	238	## Tournée 13
28	80	40	33	144	286	223	23	233	282	264	230	104	94	284	207	## Tournée 14
279	191	73	219	145	177	5	276	9	38	60	250	265	275	92	262	136	## Tournée 15
212	108	111	74	232	150	269	146	131	267	295	172	25	227	244	134	## Tournée 16
86	48	138	255	77	222	105	149	168	169	130	63	245	249	64	220	21	127	123	46	## Tournée 17
188	22	124	11	167	242	54	44	195	12	58	216	258	182	126	76	291	82	292	206	## Tournée 18
153	199	7	8	27	181	251	290	193	201	52	103	196	280	187	285	75	246	161	180	26	34	289	29	71	154	## Tournée 19
65	14	160	81	231	135	235	139	4	272	179	69	162	79	120	50	39	32	140	175	42	## Tournée 20
225	218	101	6	247	171	243	109	116	241	47	229	96	174	213	100	85	210	10	115	297	141	51	129	67	122	## Tournée 21
87	268	185	128	98	56	164	157	148	202	68	1	55	166	239	125	90	158	183	200	## Tournée 22
209	260	274	132	35	271	## Tournée 23
121	20	300	263	18	205	88	273	257	## Tournée 24
204	197	253	189	16	## Tournée 25
31	228	## Tournée 26
294	176	## Tournée 27
107	234	## Tournée 28
173	## Tournée 29
