98915	## Somme des retards
4294966907	## Temps CPU (millisecondes)
55	49	148	122	103	35	25	128	91	89	3	129	40	43	121	69	137	66	142	115	39	26	110	118	20	140	12	10	144	71	106	119	102	13	62	37	65	36	27	47	53	74	112	1	5	50	11	93	95	42	143	127	72	28	29	105	99	44	7	109	131	32	146	52	54	2	126	113	64	125	78	133	51	141	14	70	81	57	68	94	116	33	67	96	134	21	150	4	61	24	45	97	111	124	15	130	59	86	17	73	8	108	6	9	34	145	19	132	149	88	85	135	139	60	18	107	22	30	83	76	48	90	75	16	98	31	101	82	58	100	138	41	84	117	79	120	63	46	38	136	56	114	87	77	23	92	104	80	123	147	## Ordonnancement
20	## Nombre de tournées
2	4	2	2	6	6	8	6	7	9	13	9	8	16	14	10	15	7	4	2	## Nombre de sites par tournée
55	49	## Tournée 1
35	148	122	103	## Tournée 2
128	25	## Tournée 3
91	89	## Tournée 4
129	40	121	69	43	3	## Tournée 5
142	115	39	66	137	26	## Tournée 6
10	12	20	144	110	71	118	140	## Tournée 7
37	13	119	62	106	102	## Tournée 8
112	74	65	36	47	53	27	## Tournée 9
143	127	1	95	11	50	5	93	42	## Tournée 10
7	44	146	99	29	52	32	28	54	131	109	72	105	## Tournée 11
126	78	51	113	64	2	141	125	133	## Tournée 12
33	70	116	14	68	81	94	57	## Tournée 13
4	111	24	86	61	134	15	97	150	124	45	59	96	130	67	21	## Tournée 14
132	19	85	88	145	9	135	8	34	149	108	17	73	6	## Tournée 15
22	107	90	18	139	48	30	76	60	83	## Tournée 16
120	16	138	58	41	82	79	98	101	75	31	100	63	84	117	## Tournée 17
114	87	136	38	56	46	77	## Tournée 18
104	23	92	80	## Tournée 19
123	147	## Tournée 20
