35299	## Somme des retards
1530	## Temps CPU (millisecondes)
26	94	60	17	24	65	92	21	16	91	15	19	5	79	30	76	14	87	90	7	55	2	71	64	28	69	66	100	23	51	75	58	37	63	72	41	31	39	46	4	68	8	98	35	53	54	70	42	83	78	67	10	85	11	89	99	33	81	48	96	36	6	73	22	9	32	44	61	25	27	57	20	34	18	62	74	50	45	3	40	43	95	29	56	80	52	93	88	13	12	49	77	1	97	59	38	82	47	86	84	## Ordonnancement
18	## Nombre de tournées
1	2	2	3	4	3	5	5	5	6	10	10	10	12	11	7	3	1	## Nombre de sites par tournée
26	## Tournée 1
60	94	## Tournée 2
24	17	## Tournée 3
21	65	92	## Tournée 4
19	91	16	15	## Tournée 5
30	79	5	## Tournée 6
14	7	90	76	87	## Tournée 7
2	71	64	55	28	## Tournée 8
69	51	23	66	100	## Tournée 9
41	63	37	72	58	75	## Tournée 10
35	46	4	8	68	39	53	54	31	98	## Tournée 11
85	10	83	67	42	70	11	89	99	78	## Tournée 12
96	32	22	33	81	36	9	48	73	6	## Tournée 13
25	57	27	18	61	44	20	45	50	74	34	62	## Tournée 14
13	3	95	52	40	88	29	56	93	43	80	## Tournée 15
59	1	97	38	49	12	77	## Tournée 16
82	47	86	## Tournée 17
84	## Tournée 18
