24911	## Somme des retards
2030	## Temps CPU (millisecondes)
78	76	72	28	88	49	20	89	46	24	40	55	81	31	10	56	27	82	73	99	35	41	9	47	33	43	15	52	92	86	95	75	64	58	54	100	22	5	3	91	42	61	83	19	66	17	2	67	1	80	90	79	57	62	87	60	18	53	74	44	93	16	63	4	8	45	69	77	51	71	13	68	29	94	32	34	14	39	21	6	97	26	65	36	23	96	50	11	85	84	37	70	12	48	98	7	30	38	59	25	## Ordonnancement
18	## Nombre de tournées
1	3	3	3	4	5	6	9	9	8	13	10	9	7	3	2	3	2	## Nombre de sites par tournée
78	## Tournée 1
72	28	76	## Tournée 2
49	88	20	## Tournée 3
89	46	24	## Tournée 4
31	55	40	81	## Tournée 5
10	56	73	27	82	## Tournée 6
99	9	47	33	35	41	## Tournée 7
64	92	75	86	95	15	52	58	43	## Tournée 8
83	61	100	54	22	42	5	91	3	## Tournée 9
19	67	1	90	2	66	17	80	## Tournée 10
79	18	16	74	57	4	63	62	60	93	87	53	44	## Tournée 11
77	51	8	45	94	13	71	68	29	69	## Tournée 12
32	26	6	34	65	21	39	97	14	## Tournée 13
85	96	36	11	23	50	84	## Tournée 14
70	12	37	## Tournée 15
48	98	## Tournée 16
7	30	38	## Tournée 17
25	59	## Tournée 18
