178449	## Somme des retards
1130	## Temps CPU (millisecondes)
128	77	190	104	78	193	194	146	23	171	26	110	25	11	191	184	45	125	116	76	122	119	66	59	20	172	63	14	178	92	97	157	179	70	198	145	40	141	180	90	136	112	183	47	175	79	65	10	189	7	177	138	123	41	91	120	94	186	135	51	139	134	131	151	18	168	162	52	24	149	163	129	169	133	197	144	196	58	50	158	30	174	140	161	3	155	42	82	96	108	17	19	81	127	44	33	159	154	126	98	95	100	160	182	57	73	109	22	60	195	21	53	29	15	114	164	31	38	2	130	43	156	9	107	102	150	35	188	46	101	88	68	124	148	56	200	113	28	181	55	16	8	87	121	49	72	34	61	147	32	75	143	173	142	27	69	54	105	117	83	13	67	1	74	170	36	132	48	166	137	4	185	6	153	192	93	176	99	37	115	89	187	106	39	86	199	85	84	80	103	118	111	5	152	71	62	165	12	64	167	## Ordonnancement
22	## Nombre de tournées
1	3	3	4	4	5	6	8	6	6	11	10	13	14	15	14	16	22	20	12	5	2	## Nombre de sites par tournée
128	## Tournée 1
190	104	77	## Tournée 2
193	78	194	## Tournée 3
26	23	171	146	## Tournée 4
11	25	191	110	## Tournée 5
116	125	45	184	76	## Tournée 6
119	20	122	66	172	59	## Tournée 7
178	14	179	92	63	157	97	70	## Tournée 8
145	40	90	141	180	198	## Tournée 9
47	79	183	175	112	136	## Tournée 10
7	91	123	10	41	138	65	177	120	94	189	## Tournée 11
131	139	151	168	51	135	162	134	18	186	## Tournée 12
149	169	58	52	129	163	144	50	197	133	24	196	158	## Tournée 13
81	42	30	17	174	3	96	82	108	140	161	155	127	19	## Tournée 14
126	44	22	154	160	100	73	109	159	57	182	95	60	33	98	## Tournée 15
21	114	29	9	15	164	38	156	43	195	2	130	31	53	## Tournée 16
101	88	200	68	28	124	148	35	107	181	188	56	46	150	102	113	## Tournée 17
55	13	121	16	61	32	105	117	142	83	34	72	8	69	173	143	27	87	147	54	49	75	## Tournée 18
36	99	93	37	137	192	48	153	176	74	1	89	170	115	185	132	67	166	4	6	## Tournée 19
103	80	86	111	39	106	85	199	5	118	187	84	## Tournée 20
165	71	62	12	152	## Tournée 21
64	167	## Tournée 22
