28566	## Somme des retards
2100	## Temps CPU (millisecondes)
51	82	87	98	68	45	14	53	94	59	66	4	42	8	60	24	86	20	79	3	83	64	97	84	12	61	47	70	74	67	91	33	57	48	28	85	63	10	5	2	50	35	88	16	49	26	69	36	41	52	54	30	92	78	25	89	80	44	37	6	19	34	71	15	62	18	29	90	72	95	56	17	11	39	22	81	46	75	43	1	32	21	7	13	9	58	76	31	55	27	23	100	65	96	93	99	40	77	73	38	## Ordonnancement
19	## Nombre de tournées
1	2	2	3	5	4	4	5	6	4	6	8	10	13	11	8	5	2	1	## Nombre de sites par tournée
51	## Tournée 1
82	87	## Tournée 2
68	98	## Tournée 3
14	53	45	## Tournée 4
4	59	42	66	94	## Tournée 5
60	86	24	8	## Tournée 6
79	3	83	20	## Tournée 7
64	84	97	61	12	## Tournée 8
67	74	47	70	33	91	## Tournée 9
48	85	57	28	## Tournée 10
5	63	2	35	10	50	## Tournée 11
88	49	26	52	69	41	36	16	## Tournée 12
37	80	78	44	54	89	25	92	6	30	## Tournée 13
62	95	19	29	71	18	34	72	17	11	56	15	90	## Tournée 14
75	46	32	13	22	43	21	7	81	1	39	## Tournée 15
58	9	23	31	76	100	27	55	## Tournée 16
96	40	65	93	99	## Tournée 17
77	73	## Tournée 18
38	## Tournée 19
