359748	## Somme des retards
4294966532	## Temps CPU (millisecondes)
80	104	296	262	186	20	265	157	66	24	293	289	188	51	48	139	282	63	243	233	129	68	26	15	135	171	109	46	1	96	35	16	177	160	300	222	277	162	125	286	100	299	127	281	128	217	174	55	116	183	36	71	145	149	120	224	272	89	23	279	252	39	22	67	235	225	92	197	76	182	18	53	249	49	110	7	239	82	154	54	191	27	295	113	117	231	240	147	247	219	288	152	165	236	103	173	86	207	93	64	274	121	50	155	124	91	47	206	164	77	273	214	201	6	87	181	57	237	158	232	38	9	298	179	245	43	285	4	52	220	159	30	106	151	3	209	122	132	205	185	13	83	11	257	81	228	266	263	184	70	45	283	193	143	268	44	226	74	32	29	130	261	115	212	153	61	107	78	254	85	138	176	84	134	73	244	79	170	246	251	167	163	278	292	229	10	144	97	12	202	118	270	204	271	126	264	238	234	21	95	65	56	276	287	227	60	156	101	2	198	142	112	146	31	211	123	221	280	256	192	269	259	253	195	40	119	75	242	88	172	196	8	187	25	14	59	166	275	291	28	169	140	175	141	111	189	58	290	72	258	99	190	34	210	230	17	284	161	223	136	108	42	178	148	218	5	105	267	137	90	248	255	250	133	241	297	294	203	199	150	260	168	215	131	94	37	98	69	213	180	200	216	33	114	208	19	102	62	41	194	## Ordonnancement
30	## Nombre de tournées
2	3	3	4	4	6	5	5	6	10	10	10	12	9	15	16	22	20	22	20	22	17	20	14	10	4	3	3	2	1	## Nombre de sites par tournée
80	104	## Tournée 1
262	296	186	## Tournée 2
157	265	20	## Tournée 3
66	293	289	24	## Tournée 4
139	48	51	188	## Tournée 5
129	243	68	63	233	282	## Tournée 6
135	15	26	109	171	## Tournée 7
35	96	1	16	46	## Tournée 8
277	160	222	177	162	300	## Tournée 9
127	281	286	125	217	174	100	55	128	299	## Tournée 10
183	89	145	36	120	71	224	272	149	116	## Tournée 11
39	235	22	92	197	279	67	225	23	252	## Tournée 12
110	54	7	82	249	239	182	53	76	18	49	154	## Tournée 13
117	295	147	247	240	231	191	27	113	## Tournée 14
288	86	64	219	93	165	274	155	121	103	173	207	50	152	236	## Tournée 15
124	91	6	158	232	237	273	47	201	164	87	206	181	214	57	77	## Tournée 16
132	205	3	43	179	13	4	159	298	151	9	122	220	185	285	30	245	38	83	209	52	106	## Tournée 17
257	44	29	261	143	45	70	11	130	193	32	226	81	74	266	283	184	268	228	263	## Tournée 18
79	84	246	254	170	278	61	73	138	163	176	134	115	244	153	292	78	167	212	251	85	107	## Tournée 19
97	276	264	229	12	56	95	238	144	126	202	118	65	204	21	10	270	234	287	271	## Tournée 20
211	60	123	195	101	280	221	2	156	146	259	112	253	40	142	227	31	198	269	192	256	119	## Tournée 21
75	166	169	25	175	172	59	196	187	14	28	291	8	140	275	88	242	## Tournée 22
223	189	290	284	42	141	99	72	161	17	108	178	258	210	230	58	190	34	136	111	## Tournée 23
250	137	294	255	241	90	267	133	105	218	5	148	248	297	## Tournée 24
131	150	203	199	168	94	260	98	37	215	## Tournée 25
69	213	200	180	## Tournée 26
216	33	114	## Tournée 27
208	102	19	## Tournée 28
62	41	## Tournée 29
194	## Tournée 30
