96948	## Somme des retards
1600	## Temps CPU (millisecondes)
28	15	64	125	183	10	161	126	25	165	84	19	70	56	129	196	170	36	45	76	185	147	199	176	163	77	144	180	117	48	111	102	143	157	103	21	172	137	50	110	156	53	168	152	12	127	23	89	112	61	188	37	78	47	113	107	35	11	105	75	81	26	177	181	39	118	2	40	155	108	187	120	62	101	91	44	13	83	73	151	41	148	200	9	60	99	87	68	178	82	54	69	149	158	67	34	93	96	169	189	135	182	171	6	141	49	38	90	20	14	130	159	65	162	142	193	92	104	46	119	138	94	184	115	66	8	22	30	32	146	109	86	55	52	63	150	42	51	136	116	139	160	17	131	124	154	16	140	164	175	133	79	4	121	128	29	1	80	194	27	43	153	195	59	197	186	166	179	88	7	134	95	114	58	18	85	98	100	74	198	3	132	174	123	167	71	191	173	97	192	57	190	145	106	5	72	24	31	122	33	## Ordonnancement
23	## Nombre de tournées
2	3	3	3	6	5	5	6	7	9	12	14	16	10	17	17	23	16	13	8	3	1	1	## Nombre de sites par tournée
15	28	## Tournée 1
125	64	183	## Tournée 2
10	161	126	## Tournée 3
84	25	165	## Tournée 4
170	70	19	196	129	56	## Tournée 5
36	147	45	185	76	## Tournée 6
199	176	163	77	144	## Tournée 7
117	102	111	143	180	48	## Tournée 8
50	137	103	157	21	110	172	## Tournée 9
23	152	168	12	112	156	53	89	127	## Tournée 10
37	47	78	75	188	107	105	81	11	35	61	113	## Tournée 11
39	101	118	62	108	177	40	181	120	187	26	2	155	91	## Tournée 12
148	151	73	13	178	44	200	99	68	60	82	54	9	87	83	41	## Tournée 13
158	189	67	93	169	34	69	149	135	96	## Tournée 14
92	142	182	193	38	6	65	49	162	90	14	159	20	141	104	130	171	## Tournée 15
8	119	86	138	32	94	66	52	184	63	115	55	146	46	22	30	109	## Tournée 16
51	42	79	80	140	16	128	4	1	136	29	139	17	116	121	131	124	150	133	164	175	154	160	## Tournée 17
88	179	27	186	7	114	95	153	195	197	58	59	43	134	194	166	## Tournée 18
98	167	132	198	3	100	174	191	18	85	123	74	71	## Tournée 19
5	106	145	173	192	57	97	190	## Tournée 20
31	24	72	## Tournée 21
122	## Tournée 22
33	## Tournée 23
