61488	## Somme des retards
4294966402	## Temps CPU (millisecondes)
84	106	130	33	157	12	286	253	173	216	38	73	276	56	211	195	291	194	118	257	252	214	193	229	167	135	245	30	168	293	125	47	155	64	149	68	77	133	122	272	277	44	138	290	96	105	154	241	244	45	6	270	283	213	228	192	233	123	248	72	67	9	144	197	19	236	54	103	48	147	289	280	278	212	1	28	25	139	267	78	79	46	284	292	161	104	237	87	113	137	17	117	62	14	20	112	186	21	91	218	57	172	101	180	32	89	150	258	169	262	230	65	86	238	285	261	152	246	58	8	39	223	166	198	93	202	222	76	3	232	235	132	69	74	181	92	97	94	174	18	269	119	98	24	10	263	296	191	240	300	171	61	227	210	34	239	221	7	71	121	50	203	259	159	5	136	201	242	55	120	127	274	250	295	207	114	225	100	49	249	140	35	175	116	288	51	297	264	111	271	42	234	224	129	145	199	85	294	148	53	176	209	90	279	243	282	266	88	165	70	82	95	146	281	273	4	23	63	164	265	115	184	52	102	268	142	26	109	187	190	60	134	143	196	40	11	183	188	200	31	231	107	75	108	298	126	37	99	215	287	205	179	220	204	27	163	80	124	189	81	217	66	254	153	29	255	158	41	13	178	251	16	59	299	177	206	185	219	162	208	43	256	141	110	151	275	226	128	2	260	156	160	170	22	247	131	182	83	36	15	## Ordonnancement
25	## Nombre de tournées
1	3	3	5	3	5	6	5	10	9	11	16	16	17	19	23	21	21	30	27	27	13	6	2	1	## Nombre de sites par tournée
84	## Tournée 1
106	130	33	## Tournée 2
157	286	12	## Tournée 3
73	253	216	173	38	## Tournée 4
211	56	276	## Tournée 5
291	194	257	118	195	## Tournée 6
252	229	135	193	214	167	## Tournée 7
168	30	293	125	245	## Tournée 8
122	133	68	77	64	272	277	149	155	47	## Tournée 9
244	154	138	44	241	96	290	45	105	## Tournée 10
72	6	248	228	123	213	233	67	270	283	192	## Tournée 11
147	278	280	48	19	1	197	212	103	54	236	25	9	144	28	289	## Tournée 12
17	78	267	46	139	113	137	161	62	292	237	87	104	79	117	284	## Tournée 13
32	57	172	89	14	262	258	21	218	101	186	150	112	91	20	169	180	## Tournée 14
230	222	246	93	8	166	238	285	58	198	3	76	152	261	202	39	65	223	86	## Tournée 15
18	69	263	240	92	191	98	174	10	74	61	97	296	235	269	181	232	24	94	132	300	119	171	## Tournée 16
34	50	221	136	5	159	250	259	7	227	55	120	242	210	127	71	121	274	203	239	201	## Tournée 17
42	297	224	35	225	271	100	51	207	249	175	116	49	264	234	129	140	111	288	114	295	## Tournée 18
4	164	165	209	145	148	53	85	102	273	115	281	184	23	90	52	146	199	265	95	243	294	282	266	88	82	63	176	279	70	## Tournée 19
287	187	205	183	188	215	231	200	26	11	196	40	142	107	190	31	109	108	60	75	134	268	126	143	37	99	298	## Tournée 20
217	219	204	81	163	41	254	206	13	158	59	177	255	189	16	80	66	124	178	185	251	153	220	27	179	299	29	## Tournée 21
156	260	151	162	128	110	141	2	275	43	208	256	226	## Tournée 22
182	131	247	22	170	160	## Tournée 23
83	36	## Tournée 24
15	## Tournée 25
