101556	## Somme des retards
1865	## Temps CPU (millisecondes)
33	153	18	113	86	146	77	135	170	80	136	196	178	101	211	88	217	131	58	107	85	45	23	190	61	145	89	4	6	66	15	60	20	29	114	9	46	44	137	53	218	41	176	191	156	134	38	115	25	220	249	155	222	132	231	64	243	148	195	247	67	181	22	10	183	168	159	2	32	241	37	238	24	55	201	126	91	180	59	118	92	130	164	74	210	141	158	108	72	36	229	62	226	99	230	204	200	193	215	111	95	206	237	172	19	122	106	125	75	73	35	76	227	94	234	225	14	39	112	69	250	71	160	100	56	248	123	119	140	97	216	121	167	139	169	87	110	150	120	26	17	197	144	149	63	142	163	11	28	90	228	194	104	177	49	98	143	52	179	78	105	239	54	57	81	198	1	31	65	42	3	184	221	186	50	182	212	8	117	96	116	175	166	192	7	151	240	103	133	12	84	208	93	68	48	83	236	246	242	199	161	13	51	27	79	235	128	138	174	171	188	202	245	185	102	232	223	165	47	70	224	21	147	205	162	154	173	233	207	127	30	189	109	214	157	203	5	129	43	187	16	219	244	209	82	34	213	124	40	152	## Ordonnancement
25	## Nombre de tournées
1	1	2	3	2	4	5	6	6	8	9	10	14	18	16	20	20	19	22	21	17	12	8	4	2	## Nombre de sites par tournée
33	## Tournée 1
153	## Tournée 2
113	18	## Tournée 3
77	146	86	## Tournée 4
135	170	## Tournée 5
136	178	80	196	## Tournée 6
217	88	101	211	131	## Tournée 7
58	23	190	85	107	45	## Tournée 8
6	66	89	61	4	145	## Tournée 9
44	20	9	46	60	29	15	114	## Tournée 10
53	218	191	134	38	137	41	176	156	## Tournée 11
155	25	231	64	220	115	132	222	249	243	## Tournée 12
10	195	67	159	148	241	32	181	183	37	168	22	247	2	## Tournée 13
201	74	141	118	158	238	55	91	210	164	92	108	126	24	180	59	130	72	## Tournée 14
215	172	200	226	237	193	230	204	99	229	111	62	19	206	95	36	## Tournée 15
122	225	106	125	73	94	75	69	71	234	14	76	160	39	112	227	35	100	56	250	## Tournée 16
216	97	63	121	123	17	167	119	197	87	120	144	140	150	26	139	169	149	110	248	## Tournée 17
228	105	163	54	90	142	52	11	57	143	104	177	239	98	28	49	179	78	194	## Tournée 18
81	117	65	50	184	42	96	1	186	31	182	116	151	175	166	212	192	7	221	198	3	8	## Tournée 19
161	128	48	27	93	13	208	235	133	79	199	240	103	12	236	51	83	68	84	246	242	## Tournée 20
185	188	224	245	70	138	232	205	21	47	171	174	165	102	223	202	147	## Tournée 21
109	30	157	162	127	233	154	173	214	189	207	203	## Tournée 22
209	5	129	219	244	187	16	43	## Tournée 23
124	82	213	34	## Tournée 24
152	40	## Tournée 25
