130105	## Somme des retards
4294965412	## Temps CPU (millisecondes)
82	16	198	142	37	25	39	123	101	49	167	120	67	5	30	47	44	172	151	60	41	176	106	126	53	134	7	13	188	31	69	112	192	79	187	2	80	137	125	136	76	119	157	173	164	156	175	161	185	20	45	186	200	29	138	131	3	159	141	93	14	27	87	54	35	170	149	55	62	33	181	22	190	57	88	118	97	195	197	48	72	115	96	194	107	124	58	191	113	6	10	158	150	139	70	12	1	174	108	19	21	121	122	109	34	15	36	166	59	99	140	84	183	95	152	74	61	78	145	133	199	90	128	100	64	144	75	155	135	17	26	81	127	86	9	56	102	103	130	105	42	38	104	153	168	129	160	111	154	89	148	196	132	179	65	50	94	92	162	171	98	77	43	4	182	116	189	32	68	163	165	83	110	146	114	177	52	63	18	24	85	28	23	117	147	71	143	11	91	8	51	184	178	180	169	40	193	66	46	73	## Ordonnancement
27	## Nombre de tournées
1	3	2	6	5	7	5	4	6	5	8	7	12	13	12	14	12	12	14	14	14	8	5	6	2	2	1	## Nombre de sites par tournée
82	## Tournée 1
142	16	198	## Tournée 2
25	37	## Tournée 3
120	49	167	123	101	39	## Tournée 4
47	67	44	5	30	## Tournée 5
176	106	151	172	126	60	41	## Tournée 6
53	134	13	188	7	## Tournée 7
112	31	69	192	## Tournée 8
79	80	125	137	187	2	## Tournée 9
173	136	157	119	76	## Tournée 10
161	45	156	186	164	20	175	185	## Tournée 11
29	159	3	138	200	131	141	## Tournée 12
54	181	149	170	55	33	35	62	27	14	93	87	## Tournée 13
195	72	96	97	190	115	194	48	88	197	118	22	57	## Tournée 14
139	10	124	12	6	113	191	70	107	150	58	158	## Tournée 15
21	121	122	19	109	1	174	108	36	99	15	34	59	166	## Tournée 16
145	183	90	61	95	152	78	133	84	199	140	74	## Tournée 17
86	127	128	100	17	75	26	135	155	144	64	81	## Tournée 18
42	38	168	130	9	102	160	103	129	111	105	153	56	104	## Tournée 19
162	148	77	132	92	154	65	98	171	50	196	94	179	89	## Tournée 20
146	4	83	116	165	177	182	189	32	110	43	114	68	163	## Tournée 21
18	85	117	24	52	23	28	63	## Tournée 22
91	147	71	143	11	## Tournée 23
51	180	184	169	8	178	## Tournée 24
193	40	## Tournée 25
66	46	## Tournée 26
73	## Tournée 27
