106582	## Somme des retards
1510	## Temps CPU (millisecondes)
132	130	197	75	117	244	239	124	122	164	226	113	154	71	97	80	250	203	166	58	236	6	208	25	213	70	77	9	238	233	22	26	156	67	56	53	127	181	100	20	92	91	221	7	66	82	196	63	134	31	98	150	120	220	94	228	139	28	47	167	179	137	101	55	237	205	249	89	84	175	93	245	40	223	90	18	10	85	195	219	72	173	43	160	106	158	149	210	96	215	34	140	206	5	1	200	184	32	64	131	153	33	16	81	224	229	60	141	202	190	186	135	189	230	105	59	151	180	242	42	214	128	24	13	218	198	169	121	79	182	187	201	143	144	37	165	86	126	162	99	234	248	125	207	41	8	185	171	95	216	57	112	246	50	146	83	68	11	217	69	212	193	115	188	62	148	192	73	111	103	209	222	142	102	2	49	177	116	161	138	4	225	38	243	231	48	235	61	145	172	35	29	30	123	157	136	240	27	194	14	129	118	88	65	52	12	191	76	107	241	23	163	232	178	170	19	174	104	46	110	183	39	247	87	45	133	78	199	159	36	114	3	152	119	54	109	15	176	147	51	204	44	227	168	17	108	21	155	211	74	## Ordonnancement
26	## Nombre de tournées
1	2	1	2	3	4	3	6	11	12	12	17	18	20	20	21	22	16	21	16	8	5	3	3	2	1	## Nombre de sites par tournée
132	## Tournée 1
197	130	## Tournée 2
75	## Tournée 3
244	117	## Tournée 4
122	239	124	## Tournée 5
113	164	154	226	## Tournée 6
97	71	80	## Tournée 7
166	6	58	203	236	250	## Tournée 8
26	9	77	70	25	233	22	208	238	156	213	## Tournée 9
66	7	92	100	67	91	53	181	56	20	127	221	## Tournée 10
220	82	196	94	63	134	228	150	139	31	98	120	## Tournée 11
55	175	237	245	101	179	28	84	167	249	205	89	137	223	40	47	93	## Tournée 12
34	18	158	43	195	149	10	140	210	173	90	160	72	85	215	106	219	96	## Tournée 13
200	190	153	186	32	141	1	131	64	202	206	5	224	33	16	135	60	229	81	184	## Tournée 14
42	187	198	79	24	13	105	218	59	214	151	230	121	180	189	169	242	201	182	128	## Tournée 15
37	143	112	234	171	216	185	95	246	162	8	125	144	207	41	86	57	126	99	248	165	## Tournée 16
62	217	102	188	103	73	111	212	148	209	50	115	2	146	142	83	11	68	222	69	193	192	## Tournée 17
35	161	49	235	4	243	48	225	145	116	61	231	38	172	177	138	## Tournée 18
118	107	52	157	27	29	23	163	14	65	241	194	123	191	12	30	136	88	76	240	129	## Tournée 19
183	45	178	19	46	104	170	247	87	110	174	78	199	232	39	133	## Tournée 20
109	54	119	3	114	36	152	159	## Tournée 21
204	176	147	15	51	## Tournée 22
227	44	168	## Tournée 23
21	108	17	## Tournée 24
155	211	## Tournée 25
74	## Tournée 26
