74342	## Somme des retards
4294965647	## Temps CPU (millisecondes)
25	120	29	27	47	112	72	95	159	15	26	88	8	104	195	149	157	5	167	75	12	179	133	172	50	196	142	16	124	45	106	22	76	49	163	80	140	69	146	150	102	17	101	105	36	192	125	158	18	171	116	60	143	90	103	2	100	83	42	156	44	198	147	155	193	123	135	56	190	84	97	65	51	70	89	152	63	96	66	191	188	78	178	28	122	38	7	98	166	126	115	200	53	134	160	55	121	54	184	199	109	46	94	35	194	43	154	74	87	119	108	93	3	64	132	168	117	37	130	131	114	161	79	13	113	162	34	67	175	73	186	111	189	39	127	11	183	33	77	21	197	6	138	52	61	10	182	110	176	153	23	19	136	187	58	145	107	99	137	1	30	20	177	24	4	81	185	31	118	169	181	165	129	92	174	151	128	82	144	9	62	85	40	170	139	180	148	86	141	71	173	59	57	32	48	91	14	68	164	41	## Ordonnancement
23	## Nombre de tournées
1	2	2	3	4	4	4	8	9	10	10	14	13	18	16	17	21	16	16	6	3	2	1	## Nombre de sites par tournée
25	## Tournée 1
120	29	## Tournée 2
27	47	## Tournée 3
112	95	72	## Tournée 4
159	88	26	15	## Tournée 5
149	8	195	104	## Tournée 6
75	167	157	5	## Tournée 7
172	12	196	133	50	16	179	142	## Tournée 8
106	22	124	140	163	49	76	80	45	## Tournée 9
17	192	69	102	146	105	125	101	36	150	## Tournée 10
90	158	116	143	18	100	171	103	60	2	## Tournée 11
56	135	42	190	198	123	83	147	44	97	193	155	84	156	## Tournée 12
28	188	66	51	191	78	96	70	178	63	65	89	152	## Tournée 13
54	7	200	115	126	38	199	109	46	121	184	122	55	160	98	134	53	166	## Tournée 14
132	108	64	87	43	94	35	37	194	154	117	93	74	168	119	3	## Tournée 15
186	73	39	175	111	161	131	114	67	34	162	189	130	79	113	127	13	## Tournée 16
182	58	145	23	11	52	110	33	136	153	77	187	61	176	10	183	6	138	19	21	197	## Tournée 17
81	1	169	181	137	185	20	165	118	4	107	24	177	99	31	30	## Tournée 18
148	174	86	170	62	92	9	144	85	139	128	82	40	180	151	129	## Tournée 19
57	71	173	32	141	59	## Tournée 20
48	14	91	## Tournée 21
68	164	## Tournée 22
41	## Tournée 23
