207301	## Somme des retards
160	## Temps CPU (millisecondes)
20	54	234	168	95	222	230	130	161	223	103	241	163	198	9	220	43	201	173	112	180	141	30	27	100	99	235	247	117	150	250	246	195	56	48	63	59	69	120	1	147	53	78	32	152	211	134	153	24	139	40	83	144	236	190	231	26	135	10	52	178	18	158	186	70	177	169	96	228	33	28	229	72	233	200	184	165	2	25	3	50	11	210	127	138	156	55	41	125	181	67	74	49	85	206	60	38	170	243	226	188	79	19	75	185	45	121	82	128	151	131	115	215	36	171	242	143	118	7	248	175	97	218	196	13	81	57	213	98	155	88	237	148	199	162	114	39	29	101	116	37	15	91	239	146	108	136	16	122	216	207	65	17	245	84	167	164	21	12	133	208	31	6	203	154	107	232	92	89	76	172	219	182	209	160	192	123	4	77	8	194	240	87	102	224	217	90	126	73	227	140	106	71	64	197	23	214	34	142	61	159	174	80	149	157	109	51	119	35	132	204	202	94	66	129	104	191	193	249	42	166	62	205	86	113	68	244	47	14	225	5	111	58	22	44	179	212	124	187	145	238	110	189	46	93	221	183	137	105	176	## Ordonnancement
30	## Nombre de tournées
1	2	2	3	4	5	4	6	5	7	6	10	11	14	13	15	15	15	17	16	17	14	15	14	6	4	3	3	2	1	## Nombre de sites par tournée
20	## Tournée 1
54	234	## Tournée 2
95	168	## Tournée 3
230	130	222	## Tournée 4
241	103	223	161	## Tournée 5
163	198	43	220	9	## Tournée 6
112	173	201	180	## Tournée 7
27	141	100	99	30	235	## Tournée 8
150	246	247	250	117	## Tournée 9
195	48	59	120	56	69	63	## Tournée 10
53	78	32	152	1	147	## Tournée 11
190	139	236	153	40	144	24	211	83	134	## Tournée 12
52	178	186	70	10	135	18	231	26	177	158	## Tournée 13
165	233	169	200	28	3	72	25	33	2	184	228	229	96	## Tournée 14
138	41	156	125	67	74	49	210	11	127	55	181	50	## Tournée 15
19	82	79	243	188	185	206	45	121	170	226	85	38	75	60	## Tournée 16
242	128	36	115	151	248	7	215	131	97	175	118	143	218	171	## Tournée 17
39	162	98	213	13	57	155	148	114	199	196	237	88	29	81	## Tournée 18
245	84	122	101	16	136	15	65	91	239	207	108	146	17	37	116	216	## Tournée 19
133	92	76	232	107	6	21	154	12	208	31	203	164	89	172	167	## Tournée 20
87	219	209	194	123	102	77	240	8	182	126	192	160	217	4	90	224	## Tournée 21
64	214	174	61	73	159	142	71	140	197	106	23	34	227	## Tournée 22
35	104	94	149	191	129	204	51	132	202	119	80	157	66	109	## Tournée 23
166	244	47	14	86	42	62	5	225	113	193	205	249	68	## Tournée 24
179	58	22	212	44	111	## Tournée 25
145	187	124	238	## Tournée 26
189	46	110	## Tournée 27
183	93	221	## Tournée 28
137	105	## Tournée 29
176	## Tournée 30
