16268	## Somme des retards
4294965712	## Temps CPU (millisecondes)
54	73	7	4	148	46	138	121	77	131	29	136	90	94	72	137	39	55	37	105	52	88	17	103	92	66	112	119	1	147	133	41	64	113	9	110	120	102	58	76	144	6	57	84	81	142	134	28	69	33	83	91	67	143	93	129	49	80	115	104	149	106	124	125	111	145	31	48	5	62	22	30	75	10	63	32	13	86	3	56	16	98	26	14	130	20	89	70	123	126	43	100	65	140	71	114	11	79	60	15	117	139	19	42	116	135	109	97	36	74	107	27	68	2	45	87	34	50	53	118	99	108	59	128	18	51	132	61	122	96	127	38	8	150	23	24	12	101	44	78	25	82	95	146	47	40	85	141	35	21	## Ordonnancement
21	## Nombre de tournées
3	4	4	6	6	5	6	10	13	12	14	17	9	9	8	10	6	3	3	1	1	## Nombre de sites par tournée
73	7	54	## Tournée 1
46	138	4	148	## Tournée 2
121	131	77	29	## Tournée 3
39	137	90	136	94	72	## Tournée 4
17	88	37	52	55	105	## Tournée 5
66	103	119	112	92	## Tournée 6
147	41	133	64	113	1	## Tournée 7
144	102	120	9	84	76	58	110	6	57	## Tournée 8
143	142	28	67	81	33	93	69	83	129	134	91	49	## Tournée 9
115	5	48	125	31	111	106	80	149	104	124	145	## Tournée 10
13	75	56	16	98	86	30	32	22	10	3	63	26	62	## Tournée 11
71	89	123	130	65	43	140	14	60	126	79	15	100	70	11	114	20	## Tournée 12
42	36	117	135	19	116	109	97	139	## Tournée 13
27	68	107	50	2	34	45	74	87	## Tournée 14
51	108	18	118	53	128	99	59	## Tournée 15
38	150	122	127	96	23	8	24	61	132	## Tournée 16
101	25	78	12	44	82	## Tournée 17
146	47	95	## Tournée 18
85	141	40	## Tournée 19
35	## Tournée 20
21	## Tournée 21
