14549	## Somme des retards
1530	## Temps CPU (millisecondes)
27	1	44	57	2	73	32	99	51	30	50	43	9	58	92	69	93	15	52	12	94	64	60	77	41	18	72	54	79	3	33	13	23	47	29	56	21	38	96	86	17	82	53	24	89	11	68	84	22	66	100	5	14	65	40	35	62	70	61	16	39	90	8	48	19	75	28	34	80	98	74	6	97	76	49	55	83	81	95	59	87	91	37	7	88	20	42	63	46	71	85	36	67	31	78	25	45	10	26	4	## Ordonnancement
17	## Nombre de tournées
3	4	3	5	5	8	9	13	12	10	8	7	5	3	2	2	1	## Nombre de sites par tournée
27	1	44	## Tournée 1
2	73	32	57	## Tournée 2
51	30	99	## Tournée 3
43	9	92	50	58	## Tournée 4
15	12	69	93	52	## Tournée 5
41	64	94	77	60	54	72	18	## Tournée 6
21	3	47	23	33	56	29	79	13	## Tournée 7
24	86	89	66	96	82	53	68	11	84	17	22	38	## Tournée 8
16	14	70	100	65	62	61	40	35	5	90	39	## Tournée 9
34	74	48	98	75	80	8	6	28	19	## Tournée 10
76	83	81	97	95	49	55	59	## Tournée 11
7	20	91	37	87	88	42	## Tournée 12
85	71	46	36	63	## Tournée 13
67	31	78	## Tournée 14
25	45	## Tournée 15
10	26	## Tournée 16
4	## Tournée 17
