17935	## Somme des retards
1530	## Temps CPU (millisecondes)
100	20	3	52	97	59	48	64	66	8	4	95	21	32	49	88	92	16	40	75	45	82	23	61	74	87	85	51	29	43	86	11	37	1	47	33	80	15	12	36	81	24	96	38	41	78	62	13	18	5	42	25	93	34	65	26	54	55	83	35	6	31	30	79	22	60	14	84	46	63	94	73	90	77	68	56	58	50	9	71	17	89	7	69	39	99	53	44	19	28	70	57	27	67	98	2	91	10	76	72	## Ordonnancement
15	## Nombre de tournées
3	4	4	4	7	10	10	11	8	10	11	9	4	3	2	## Nombre de sites par tournée
3	20	100	## Tournée 1
52	97	59	48	## Tournée 2
4	8	66	64	## Tournée 3
49	21	32	95	## Tournée 4
45	88	40	82	75	16	92	## Tournée 5
61	87	29	86	23	85	51	74	11	43	## Tournée 6
33	24	80	36	12	37	47	15	1	81	## Tournée 7
13	18	5	25	96	93	62	38	41	78	42	## Tournée 8
54	26	83	55	34	6	65	35	## Tournée 9
46	31	22	60	79	94	14	84	30	63	## Tournée 10
68	58	73	71	77	89	56	9	90	50	17	## Tournée 11
28	99	39	69	53	19	7	70	44	## Tournée 12
98	67	57	27	## Tournée 13
10	2	91	## Tournée 14
76	72	## Tournée 15
