37957	## Somme des retards
1900	## Temps CPU (millisecondes)
49	19	52	67	71	97	29	42	72	96	81	63	7	35	100	43	66	64	88	57	16	18	4	83	8	1	38	92	76	94	13	93	89	15	77	50	79	14	37	60	84	32	44	65	9	68	82	41	33	91	45	55	58	78	85	2	74	39	24	69	61	28	95	46	62	36	53	31	80	10	54	98	40	21	12	70	22	25	99	75	86	48	5	20	34	23	87	3	59	26	30	51	11	90	47	73	56	27	6	17	## Ordonnancement
17	## Nombre de tournées
2	6	5	3	7	5	8	8	14	9	8	8	5	6	3	2	1	## Nombre de sites par tournée
19	49	## Tournée 1
52	97	42	71	29	67	## Tournée 2
72	96	63	81	7	## Tournée 3
43	100	35	## Tournée 4
64	66	18	88	4	57	16	## Tournée 5
92	8	1	83	38	## Tournée 6
15	89	94	77	13	76	93	50	## Tournée 7
84	44	37	14	60	79	32	65	## Tournée 8
41	85	58	82	33	2	39	9	78	45	55	74	68	91	## Tournée 9
95	28	24	61	53	46	62	69	36	## Tournée 10
80	12	98	31	54	21	40	10	## Tournée 11
22	99	70	25	86	5	75	48	## Tournée 12
87	23	20	34	3	## Tournée 13
59	26	51	90	11	30	## Tournée 14
56	47	73	## Tournée 15
27	6	## Tournée 16
17	## Tournée 17
