126190	## Somme des retards
4294966117	## Temps CPU (millisecondes)
94	187	141	43	116	87	59	152	139	157	171	78	172	53	183	114	93	199	200	144	15	182	92	84	95	6	176	5	148	118	35	81	146	14	123	105	62	51	32	162	167	126	52	76	158	45	193	134	34	185	198	68	137	8	26	64	161	132	145	66	106	121	189	102	113	63	166	7	1	80	181	184	155	133	170	140	109	17	129	46	48	142	177	96	38	192	125	74	100	143	3	83	173	111	89	31	131	77	28	23	49	119	91	164	16	72	30	56	61	186	24	147	97	11	101	29	196	175	12	79	128	50	27	169	153	138	190	19	136	70	73	135	20	42	69	165	107	108	163	195	33	21	58	88	82	117	179	151	110	191	197	41	159	160	36	57	13	99	130	86	180	115	39	122	67	10	37	104	44	71	154	120	40	98	22	103	178	124	54	85	18	112	168	75	25	194	65	60	127	149	4	156	150	2	174	90	188	55	47	9	## Ordonnancement
22	## Nombre de tournées
2	4	3	4	5	4	6	8	9	8	14	15	14	18	16	22	17	14	9	5	2	1	## Nombre de sites par tournée
187	94	## Tournée 1
116	87	141	43	## Tournée 2
152	59	139	## Tournée 3
78	171	157	172	## Tournée 4
93	183	114	53	199	## Tournée 5
200	144	182	15	## Tournée 6
176	95	84	92	6	5	## Tournée 7
81	118	105	14	146	123	35	148	## Tournée 8
162	52	51	126	62	167	76	32	158	## Tournée 9
198	193	134	34	45	185	137	68	## Tournée 10
102	145	166	132	64	161	26	189	113	8	106	66	63	121	## Tournée 11
170	46	109	80	129	133	17	48	155	7	1	140	184	142	181	## Tournée 12
173	100	177	83	31	96	143	74	192	38	111	89	125	3	## Tournée 13
16	147	23	72	56	24	11	164	91	77	131	28	119	186	61	97	30	49	## Tournée 14
169	19	138	136	175	12	29	153	50	196	79	128	101	70	190	27	## Tournée 15
163	41	69	20	135	197	165	21	108	73	117	58	179	191	110	151	33	195	88	107	42	82	## Tournée 16
104	67	130	57	160	159	115	37	99	122	10	13	39	86	180	44	36	## Tournée 17
85	124	112	98	40	178	22	71	18	54	154	168	120	103	## Tournée 18
156	25	65	127	4	194	149	75	60	## Tournée 19
174	90	188	2	150	## Tournée 20
55	47	## Tournée 21
9	## Tournée 22
