55990	## Somme des retards
1140	## Temps CPU (millisecondes)
138	109	22	71	34	74	101	116	139	127	50	2	45	81	142	112	123	57	3	99	118	68	43	13	131	117	105	1	51	65	143	114	26	77	37	66	73	93	102	29	126	39	128	108	60	27	67	31	144	120	140	125	124	136	132	33	90	35	80	21	11	122	58	91	149	92	95	36	137	46	76	42	82	19	6	24	12	113	25	41	106	97	94	134	86	10	16	145	14	83	47	38	30	115	64	55	107	7	56	96	75	20	5	100	88	141	129	61	104	32	87	52	28	9	110	54	53	8	15	78	17	62	98	150	135	72	49	18	4	44	148	63	147	48	111	119	103	146	40	69	85	130	133	23	89	121	84	59	79	70	## Ordonnancement
20	## Nombre de tournées
3	4	4	6	6	6	8	12	13	12	14	12	12	12	9	6	5	3	2	1	## Nombre de sites par tournée
109	22	138	## Tournée 1
74	71	101	34	## Tournée 2
139	127	50	116	## Tournée 3
2	81	123	112	45	142	## Tournée 4
118	43	99	57	3	68	## Tournée 5
1	117	105	51	13	131	## Tournée 6
77	143	114	26	37	73	66	65	## Tournée 7
31	39	102	144	29	108	67	27	128	126	60	93	## Tournée 8
120	122	80	11	125	136	132	21	124	33	140	90	35	## Tournée 9
137	92	91	46	19	42	149	36	82	95	76	58	## Tournée 10
16	25	94	10	106	86	12	6	145	134	24	41	97	113	## Tournée 11
115	64	7	83	14	56	47	38	55	30	96	107	## Tournée 12
100	20	88	5	75	32	129	87	52	104	61	141	## Tournée 13
78	110	15	54	150	28	62	9	98	17	53	8	## Tournée 14
4	135	49	72	63	44	18	147	148	## Tournée 15
40	119	146	103	48	111	## Tournée 16
133	85	69	23	130	## Tournée 17
89	84	121	## Tournée 18
79	59	## Tournée 19
70	## Tournée 20
