55691	## Somme des retards
775	## Temps CPU (millisecondes)
205	37	213	29	129	88	160	53	71	79	212	102	228	50	207	134	124	196	204	146	128	226	76	47	151	171	140	172	43	81	200	101	223	11	173	30	132	231	98	126	94	68	158	38	13	166	206	169	164	119	175	238	210	152	42	162	229	125	49	161	147	176	149	153	107	103	216	35	227	104	72	235	27	135	48	143	7	19	16	159	34	40	121	89	199	73	51	209	163	243	156	6	246	74	133	36	2	55	54	14	122	215	84	203	75	198	232	155	248	57	179	67	64	117	211	41	83	25	225	97	62	33	111	1	183	181	142	77	178	197	93	65	145	190	189	154	193	245	95	31	56	12	23	233	18	234	4	21	78	61	237	118	112	137	217	150	230	99	138	239	131	39	96	236	250	170	139	100	116	63	66	208	240	249	108	127	70	168	92	17	219	91	20	224	8	60	247	241	191	46	165	186	130	22	44	201	113	59	80	86	214	180	120	85	148	58	32	188	182	115	194	202	24	52	218	69	192	15	174	110	109	144	141	244	26	242	136	106	10	123	9	3	157	5	220	28	195	45	222	82	187	105	184	185	114	90	167	87	177	221	## Ordonnancement
22	## Nombre de tournées
2	3	3	6	5	8	11	10	13	13	14	14	19	17	19	22	25	22	16	4	2	2	## Nombre de sites par tournée
205	37	## Tournée 1
129	213	29	## Tournée 2
160	88	53	## Tournée 3
79	102	50	71	212	228	## Tournée 4
134	207	196	204	124	## Tournée 5
226	140	146	151	76	128	171	47	## Tournée 6
43	173	30	231	172	11	101	200	81	132	223	## Tournée 7
98	68	126	158	169	38	13	206	166	94	## Tournée 8
119	162	238	147	164	152	49	229	125	42	175	210	161	## Tournée 9
107	227	149	72	176	216	103	153	27	35	104	235	135	## Tournée 10
209	143	16	40	48	89	51	199	34	7	19	121	159	73	## Tournée 11
215	2	55	133	6	14	246	243	74	36	54	156	163	122	## Tournée 12
155	41	57	232	211	75	225	83	198	84	203	117	67	64	179	97	248	25	62	## Tournée 13
93	65	197	1	142	33	178	77	183	181	245	145	193	111	154	190	189	## Tournée 14
21	18	78	61	12	4	150	233	217	230	118	237	23	31	234	112	95	56	137	## Tournée 15
139	70	208	131	236	96	116	100	99	92	249	127	240	138	63	39	170	250	168	108	239	66	## Tournée 16
201	60	8	241	46	80	214	91	191	130	44	180	20	85	219	86	113	17	59	120	165	22	224	186	247	## Tournée 17
58	115	69	15	192	141	188	109	144	24	110	202	26	52	244	194	174	148	32	242	182	218	## Tournée 18
123	9	157	82	28	106	3	136	195	5	45	10	220	222	187	105	## Tournée 19
184	114	90	185	## Tournée 20
167	87	## Tournée 21
177	221	## Tournée 22
