45943	## Somme des retards
1890	## Temps CPU (millisecondes)
53	63	1	56	98	61	68	23	91	70	80	39	37	74	45	75	18	78	29	94	2	46	17	48	41	60	66	93	27	64	13	90	31	32	100	49	83	71	79	14	19	77	38	54	82	9	89	73	20	26	35	99	76	30	69	12	4	65	8	55	52	42	92	86	95	22	7	88	67	62	44	24	96	84	43	50	85	3	25	34	40	5	72	81	33	59	16	58	11	97	51	28	21	6	15	87	10	36	57	47	## Ordonnancement
17	## Nombre de tournées
2	3	4	5	5	9	8	8	9	11	9	10	9	4	2	1	1	## Nombre de sites par tournée
63	53	## Tournée 1
1	56	98	## Tournée 2
91	23	61	68	## Tournée 3
39	37	70	74	80	## Tournée 4
78	18	75	45	29	## Tournée 5
60	66	94	48	93	41	46	2	17	## Tournée 6
32	31	49	90	64	27	100	13	## Tournée 7
83	54	77	79	19	14	38	71	## Tournée 8
73	76	9	35	82	99	20	89	26	## Tournée 9
4	42	55	12	52	86	30	92	69	8	65	## Tournée 10
44	24	7	95	22	62	67	96	88	## Tournée 11
43	84	50	85	34	25	40	72	5	3	## Tournée 12
11	97	81	33	16	51	58	28	59	## Tournée 13
87	6	15	21	## Tournée 14
10	36	## Tournée 15
57	## Tournée 16
47	## Tournée 17
