35449	## Somme des retards
1530	## Temps CPU (millisecondes)
26	94	60	17	24	91	92	65	16	15	79	55	14	19	21	76	90	30	7	5	2	71	87	28	51	69	66	100	23	64	75	58	37	63	72	41	31	39	46	4	68	8	98	35	53	54	89	11	85	78	67	10	42	70	99	33	62	36	6	96	22	27	83	9	32	44	61	48	47	73	29	25	18	81	74	50	45	3	40	43	95	12	34	80	52	49	88	13	38	1	77	56	86	59	57	82	97	93	84	20	## Ordonnancement
18	## Nombre de tournées
1	2	2	2	4	3	5	6	5	6	10	9	10	12	11	6	4	2	## Nombre de sites par tournée
26	## Tournée 1
60	94	## Tournée 2
24	17	## Tournée 3
91	92	## Tournée 4
79	65	16	15	## Tournée 5
19	14	55	## Tournée 6
30	21	76	7	90	## Tournée 7
5	51	2	71	87	28	## Tournée 8
69	23	64	100	66	## Tournée 9
41	63	37	72	58	75	## Tournée 10
35	46	4	8	68	39	53	54	31	98	## Tournée 11
85	10	67	42	70	11	89	99	78	## Tournée 12
96	32	22	27	33	83	62	6	9	36	## Tournée 13
25	81	18	47	73	74	48	50	45	29	61	44	## Tournée 14
13	3	95	52	12	88	40	43	34	49	80	## Tournée 15
59	1	86	38	56	77	## Tournée 16
57	97	82	93	## Tournée 17
20	84	## Tournée 18
