18561	## Somme des retards
4294966257	## Temps CPU (millisecondes)
115	5	52	76	138	79	48	142	105	132	16	32	82	143	20	147	78	70	13	150	29	10	118	21	85	69	58	26	3	101	117	4	107	54	43	129	126	55	30	139	22	65	38	111	86	53	77	56	42	34	33	83	125	37	93	19	62	27	89	39	44	66	114	110	121	24	130	102	95	49	128	28	97	104	87	8	72	145	144	100	103	149	36	75	45	96	98	6	119	31	140	11	133	127	137	17	88	113	64	123	148	40	134	94	106	35	57	120	68	81	116	122	109	67	59	60	146	131	2	112	18	91	74	124	61	63	23	12	51	47	1	90	80	136	46	25	141	71	108	84	50	73	99	9	14	41	7	135	15	92	## Ordonnancement
21	## Nombre de tournées
1	2	2	3	4	5	7	6	8	13	13	15	16	13	11	11	10	3	3	2	2	## Nombre de sites par tournée
115	## Tournée 1
52	5	## Tournée 2
76	138	## Tournée 3
142	79	48	## Tournée 4
32	16	105	132	## Tournée 5
147	78	143	20	82	## Tournée 6
29	13	70	118	10	21	150	## Tournée 7
85	26	69	101	58	3	## Tournée 8
55	126	107	43	129	117	54	4	## Tournée 9
42	38	56	22	139	65	34	86	33	77	111	30	53	## Tournée 10
125	19	83	93	110	37	114	44	39	89	66	62	27	## Tournée 11
95	144	130	72	97	28	104	121	24	145	49	128	102	8	87	## Tournée 12
137	127	103	75	45	140	149	119	11	98	6	100	31	133	96	36	## Tournée 13
57	64	120	35	123	94	40	88	134	106	148	113	17	## Tournée 14
81	67	146	60	122	109	68	131	2	116	59	## Tournée 15
12	18	91	74	63	61	112	47	23	51	124	## Tournée 16
136	46	25	141	84	90	108	1	80	71	## Tournée 17
73	50	99	## Tournée 18
41	9	14	## Tournée 19
7	135	## Tournée 20
15	92	## Tournée 21
