175364	## Somme des retards
885	## Temps CPU (millisecondes)
196	274	104	126	124	22	182	51	13	223	168	199	50	254	230	262	43	151	99	123	287	226	190	153	282	293	187	251	105	278	264	75	37	227	292	277	209	41	252	23	208	155	109	98	85	156	127	300	80	177	276	112	88	78	141	154	134	3	161	106	137	122	33	128	136	164	11	224	229	107	139	180	61	205	8	49	204	218	228	10	201	159	221	288	289	142	63	220	68	144	165	87	59	130	215	94	4	83	163	178	176	77	170	9	231	26	2	70	271	250	84	92	36	232	210	27	191	57	174	18	25	234	167	12	211	171	5	40	286	158	263	44	160	259	149	21	35	239	74	90	157	162	297	169	194	54	147	103	188	45	119	212	60	121	30	55	146	193	198	295	117	111	58	270	89	31	97	281	185	219	115	217	28	257	255	213	96	69	189	64	249	268	241	233	82	91	294	256	34	38	125	237	53	52	42	1	101	24	118	267	166	143	298	299	140	203	266	62	175	296	184	172	138	202	120	15	114	66	235	216	279	195	113	290	222	280	225	135	192	207	46	148	258	291	269	150	236	20	265	173	133	116	100	29	81	247	242	200	19	283	214	76	272	179	56	108	73	243	95	273	79	197	183	245	102	248	129	152	72	86	145	132	275	186	39	32	93	244	181	261	14	16	48	253	7	246	71	6	238	47	110	240	131	65	17	206	284	285	260	67	## Ordonnancement
25	## Nombre de tournées
1	1	2	2	3	3	2	6	7	7	7	10	12	16	14	14	20	21	22	27	26	31	23	20	3	## Nombre de sites par tournée
196	## Tournée 1
274	## Tournée 2
126	104	## Tournée 3
124	22	## Tournée 4
182	13	51	## Tournée 5
168	199	223	## Tournée 6
50	254	## Tournée 7
99	151	43	262	123	230	## Tournée 8
190	153	287	293	187	226	282	## Tournée 9
75	37	105	264	251	227	278	## Tournée 10
277	41	209	23	252	292	208	## Tournée 11
276	155	156	98	127	109	80	177	85	300	## Tournée 12
137	106	33	112	122	78	3	161	154	134	88	141	## Tournée 13
228	205	204	218	229	128	8	61	139	224	180	136	107	164	49	11	## Tournée 14
289	201	10	63	288	159	220	165	221	59	144	142	68	87	## Tournée 15
163	130	9	2	83	178	170	176	231	215	4	94	26	77	## Tournée 16
57	234	84	5	12	174	27	210	18	167	191	25	171	36	92	250	271	211	232	70	## Tournée 17
149	160	194	157	239	297	54	44	162	74	263	158	35	147	259	169	40	90	21	286	103	## Tournée 18
188	31	295	30	185	117	219	146	121	281	55	97	198	58	89	45	270	193	60	119	212	111	## Tournée 19
53	233	96	255	82	294	189	125	268	69	64	28	52	101	217	249	115	237	91	34	213	38	42	1	257	256	241	## Tournée 20
184	66	143	62	202	15	120	140	266	267	114	298	138	235	216	203	299	195	113	24	296	279	172	166	118	175	## Tournée 21
236	258	133	179	225	100	76	150	265	242	200	46	148	290	214	29	116	20	207	192	81	283	135	280	291	247	173	269	272	222	19	## Tournée 22
102	248	186	197	132	245	129	95	73	86	108	152	183	32	93	275	79	56	243	72	39	273	145	## Tournée 23
240	131	71	14	253	110	16	238	261	246	17	48	7	47	206	284	6	181	244	65	## Tournée 24
285	67	260	## Tournée 25
