61262	## Somme des retards
620	## Temps CPU (millisecondes)
183	137	12	104	262	51	229	245	293	76	136	16	7	40	298	71	143	97	266	86	214	110	138	132	141	277	252	119	198	184	274	146	109	60	5	94	157	127	202	181	101	273	50	63	285	128	250	111	95	195	43	68	13	155	166	246	26	216	209	32	241	244	151	65	254	106	73	287	162	164	291	102	255	226	280	27	92	295	160	114	158	191	296	14	123	89	107	85	79	213	231	188	275	147	57	9	203	249	168	170	108	292	232	4	125	96	176	201	117	265	205	1	144	156	83	276	82	279	237	208	190	105	234	236	84	186	145	131	290	30	142	113	91	41	74	272	163	135	45	24	197	271	88	212	152	161	185	98	178	80	257	67	240	59	2	173	99	21	10	207	37	52	8	268	256	211	182	25	169	215	218	139	177	289	22	247	270	204	210	283	179	300	47	33	93	31	194	23	180	56	29	118	238	172	115	6	58	28	224	154	269	282	206	81	189	62	124	267	297	171	159	87	133	55	288	149	192	34	264	150	126	90	175	253	3	49	140	294	36	174	165	261	42	72	258	251	69	35	11	281	196	286	15	233	77	103	18	121	242	134	148	17	153	54	122	78	66	278	217	228	239	130	19	187	70	220	20	230	200	129	299	243	46	235	120	53	248	222	227	260	100	75	263	64	61	225	112	221	284	116	223	167	44	39	48	219	259	38	199	193	## Ordonnancement
24	## Nombre de tournées
2	3	3	4	6	8	8	8	11	14	16	15	19	27	24	21	21	28	25	15	9	6	5	2	## Nombre de sites par tournée
183	137	## Tournée 1
104	262	12	## Tournée 2
51	229	245	## Tournée 3
136	16	76	293	## Tournée 4
7	298	40	71	143	97	## Tournée 5
110	141	277	138	86	214	132	266	## Tournée 6
198	109	252	60	274	146	119	184	## Tournée 7
273	157	181	127	202	5	101	94	## Tournée 8
285	195	50	63	128	68	95	250	13	43	111	## Tournée 9
246	155	65	26	32	151	166	244	73	216	254	241	209	106	## Tournée 10
164	114	191	102	226	92	158	287	291	255	295	160	162	280	27	296	## Tournée 11
14	231	213	9	107	275	85	203	57	89	79	249	147	123	188	## Tournée 12
83	1	201	170	265	276	176	205	82	125	156	4	144	108	96	117	168	232	292	## Tournée 13
24	135	131	234	91	74	271	236	88	142	197	163	145	237	45	41	279	105	30	290	208	272	212	190	186	84	113	## Tournée 14
59	52	21	67	256	2	161	268	98	185	8	178	182	25	211	10	173	240	257	80	207	99	37	152	## Tournée 15
210	93	289	177	169	23	47	22	270	31	179	247	283	33	300	180	139	204	215	194	218	## Tournée 16
81	28	62	118	115	58	56	29	6	297	189	154	238	269	171	224	124	282	206	172	267	## Tournée 17
175	49	264	149	261	159	165	192	294	72	34	3	133	258	90	35	174	140	288	42	55	69	36	87	251	150	253	126	## Tournée 18
18	77	217	239	103	122	121	278	78	148	233	66	130	11	15	153	196	134	242	54	228	286	19	281	17	## Tournée 19
187	70	200	53	220	230	222	299	243	46	120	248	20	235	129	## Tournée 20
260	100	61	112	75	225	263	64	227	## Tournée 21
116	284	223	221	44	167	## Tournée 22
219	48	38	39	259	## Tournée 23
193	199	## Tournée 24
