85739	## Somme des retards
4294965577	## Temps CPU (millisecondes)
147	101	81	54	57	143	198	86	166	118	33	102	93	150	127	25	6	76	24	69	37	13	65	164	90	29	128	134	94	123	19	1	165	135	52	182	73	39	74	132	148	68	88	172	187	3	49	89	21	179	195	67	92	55	157	108	31	115	154	64	96	161	105	142	180	18	77	112	110	75	98	126	47	114	9	107	83	111	14	43	155	27	42	53	59	145	11	41	8	141	40	32	160	120	72	192	84	152	194	20	103	199	196	23	133	130	163	17	129	38	177	36	80	138	109	156	181	140	78	4	149	151	158	173	191	113	193	48	183	176	184	122	44	139	61	200	100	16	119	91	50	169	46	66	178	144	167	131	63	97	95	136	106	82	79	2	146	28	190	171	12	189	185	197	70	188	71	5	125	174	7	22	58	162	104	121	62	168	56	15	117	186	87	85	159	124	35	116	170	45	30	10	34	26	175	153	137	51	99	60	## Ordonnancement
24	## Nombre de tournées
2	2	3	3	6	5	9	10	8	11	11	13	15	14	16	16	14	13	13	6	3	3	3	1	## Nombre de sites par tournée
147	101	## Tournée 1
54	81	## Tournée 2
143	198	57	## Tournée 3
166	86	118	## Tournée 4
102	33	93	127	25	150	## Tournée 5
76	37	6	24	69	## Tournée 6
134	29	94	65	90	128	164	13	123	## Tournée 7
135	1	52	132	39	74	19	165	182	73	## Tournée 8
3	172	148	68	49	187	88	89	## Tournée 9
108	195	179	21	55	92	31	157	67	115	154	## Tournée 10
110	96	180	18	161	112	105	77	142	75	64	## Tournée 11
47	107	42	14	9	83	126	155	43	98	27	111	114	## Tournée 12
84	40	11	160	141	120	32	72	8	145	152	192	53	41	59	## Tournée 13
194	38	17	133	130	36	177	23	20	129	196	163	199	103	## Tournée 14
78	151	158	191	173	109	138	140	48	113	149	193	80	181	4	156	## Tournée 15
61	46	119	91	139	16	169	100	184	183	50	66	200	44	176	122	## Tournée 16
2	28	63	167	131	79	97	144	136	106	178	146	82	95	## Tournée 17
197	185	188	5	71	190	12	7	189	174	171	125	70	## Tournée 18
117	162	87	62	22	56	58	104	85	15	186	168	121	## Tournée 19
35	159	170	116	124	45	## Tournée 20
10	30	34	## Tournée 21
153	175	26	## Tournée 22
137	51	99	## Tournée 23
60	## Tournée 24
