60077	## Somme des retards
2015	## Temps CPU (millisecondes)
9	92	30	90	88	110	57	78	96	48	17	41	124	46	58	28	34	122	74	140	15	35	134	22	21	56	14	50	109	6	84	68	99	36	87	139	54	62	105	2	4	11	93	69	80	29	129	85	116	150	67	40	148	7	51	117	120	89	12	125	26	38	114	107	47	135	33	142	43	149	128	108	132	121	115	146	52	16	141	91	3	101	95	145	112	65	59	137	130	61	103	1	82	63	79	10	27	13	104	64	126	20	143	77	127	100	31	113	144	44	111	60	131	42	83	72	119	118	45	147	53	102	39	97	24	37	73	71	32	18	75	133	136	123	138	66	76	98	19	23	8	55	25	5	70	94	106	86	49	81	## Ordonnancement
19	## Nombre de tournées
3	2	4	6	7	7	8	10	13	13	18	17	15	10	8	5	2	1	1	## Nombre de sites par tournée
9	30	92	## Tournée 1
88	90	## Tournée 2
57	110	96	78	## Tournée 3
48	17	41	58	46	124	## Tournée 4
74	122	28	35	34	15	140	## Tournée 5
109	22	14	56	50	134	21	## Tournée 6
99	139	84	54	68	87	36	6	## Tournée 7
93	69	129	11	80	2	4	105	29	62	## Tournée 8
150	51	120	12	148	40	85	7	125	116	89	67	117	## Tournée 9
107	26	132	149	47	108	135	33	43	114	128	142	38	## Tournée 10
16	61	137	141	95	3	91	65	112	145	59	52	130	115	146	101	121	103	## Tournée 11
10	1	82	113	77	20	126	127	31	63	27	100	79	143	64	104	13	## Tournée 12
42	102	144	44	119	53	111	60	147	45	72	131	118	39	83	## Tournée 13
32	24	75	133	37	136	71	73	18	97	## Tournée 14
138	19	98	76	66	123	23	8	## Tournée 15
25	70	55	94	5	## Tournée 16
106	86	## Tournée 17
49	## Tournée 18
81	## Tournée 19
