29581	## Somme des retards
1610	## Temps CPU (millisecondes)
42	58	67	83	10	11	17	12	82	90	64	57	37	96	26	19	68	86	66	44	40	95	100	81	24	53	78	39	50	7	9	31	70	4	30	98	84	41	71	46	91	18	48	54	8	5	72	29	87	1	20	65	77	94	62	21	49	85	93	13	27	22	73	60	88	23	2	79	63	34	6	99	14	55	76	3	51	33	47	52	43	59	69	38	16	92	45	61	80	89	15	25	97	56	36	74	32	28	75	35	## Ordonnancement
17	## Nombre de tournées
1	2	2	2	10	6	7	10	11	12	10	8	8	5	2	2	2	## Nombre de sites par tournée
42	## Tournée 1
67	58	## Tournée 2
83	10	## Tournée 3
11	17	## Tournée 4
90	57	82	19	12	64	37	68	96	26	## Tournée 5
100	86	40	66	44	95	## Tournée 6
78	81	50	39	24	53	7	## Tournée 7
98	41	30	4	31	84	46	71	9	70	## Tournée 8
8	48	18	20	54	91	72	87	1	29	5	## Tournée 9
94	73	62	13	93	65	49	27	22	85	77	21	## Tournée 10
2	99	34	60	23	14	79	88	6	63	## Tournée 11
76	55	33	51	52	43	47	3	## Tournée 12
61	38	80	69	45	59	92	16	## Tournée 13
25	15	89	56	97	## Tournée 14
36	74	## Tournée 15
32	28	## Tournée 16
35	75	## Tournée 17
