118329	## Somme des retards
4294965882	## Temps CPU (millisecondes)
191	36	25	4	234	167	144	197	1	102	111	244	112	156	75	18	51	185	50	145	122	218	177	160	198	60	140	199	97	193	21	126	107	62	165	181	40	188	237	113	67	221	168	131	146	208	241	247	133	223	205	33	37	52	58	9	232	53	225	80	71	78	90	88	138	83	43	123	42	153	47	190	134	148	203	154	7	66	35	183	55	106	130	215	31	245	135	3	176	103	72	136	163	93	161	212	124	20	73	220	77	29	219	172	105	246	204	235	159	250	98	14	210	26	68	45	76	226	202	227	182	173	84	115	27	15	228	114	132	121	119	54	8	41	158	170	48	5	224	10	229	192	214	28	117	248	100	104	200	195	206	108	155	16	169	57	175	249	34	164	137	141	32	147	125	120	56	143	238	139	222	142	2	194	89	86	213	236	243	187	87	44	17	189	150	110	178	231	129	152	240	99	211	196	116	81	38	30	216	24	118	70	59	64	184	127	101	65	151	82	74	96	13	63	180	39	166	239	162	12	128	179	22	46	61	174	186	209	217	171	157	230	79	94	201	11	207	91	85	95	242	69	49	233	92	6	149	23	19	109	## Ordonnancement
24	## Nombre de tournées
1	2	5	7	6	4	6	8	6	7	9	15	17	17	15	18	24	23	27	19	10	2	1	1	## Nombre de sites par tournée
191	## Tournée 1
36	25	## Tournée 2
234	4	144	167	197	## Tournée 3
1	111	156	244	75	112	102	## Tournée 4
51	18	185	50	122	145	## Tournée 5
177	198	218	160	## Tournée 6
21	140	60	199	193	97	## Tournée 7
181	165	62	107	188	126	40	237	## Tournée 8
113	67	221	131	168	146	## Tournée 9
241	33	223	205	133	208	247	## Tournée 10
37	232	225	53	58	52	80	9	71	## Tournée 11
90	190	138	134	47	88	148	153	154	203	83	43	42	123	78	## Tournée 12
176	55	135	106	136	7	72	183	163	130	35	245	3	103	31	66	215	## Tournée 13
73	105	124	246	212	219	159	161	29	20	93	204	172	235	220	77	250	## Tournée 14
84	182	210	68	45	227	173	76	26	27	226	202	115	98	14	## Tournée 15
8	170	114	132	5	214	192	224	158	121	119	54	228	229	41	10	48	15	## Tournée 16
248	57	28	164	117	141	249	125	206	155	120	16	100	195	56	34	169	200	104	32	137	175	108	147	## Tournée 17
150	86	243	139	89	194	187	189	142	231	236	213	44	87	129	2	222	178	238	143	152	17	110	## Tournée 18
82	64	101	196	70	211	99	74	127	13	65	240	39	30	116	59	184	151	63	166	216	180	38	96	118	81	24	## Tournée 19
171	230	174	217	186	61	201	12	94	162	128	179	239	46	209	22	79	157	11	## Tournée 20
95	85	91	6	242	49	207	69	233	92	## Tournée 21
23	149	## Tournée 22
19	## Tournée 23
109	## Tournée 24
