194390	## Somme des retards
535	## Temps CPU (millisecondes)
11	217	155	105	190	41	250	120	84	118	53	106	31	165	134	129	130	90	186	89	54	14	245	73	15	117	200	241	158	188	191	167	206	49	168	136	224	163	45	216	114	169	208	28	64	115	125	212	30	18	199	225	160	210	46	111	233	140	229	219	242	29	51	184	247	207	154	193	26	133	62	72	239	86	214	39	185	131	78	21	248	171	203	202	79	88	68	102	77	121	232	143	132	55	152	161	236	127	187	146	42	17	222	27	128	5	108	70	137	71	156	94	67	235	13	211	215	95	147	57	6	151	230	103	238	60	81	48	116	196	218	226	112	110	148	85	25	65	164	221	234	228	142	149	99	246	175	98	69	201	12	240	181	249	66	198	87	162	159	178	113	179	107	38	231	209	1	123	20	43	10	223	180	176	47	52	59	80	34	204	144	37	16	173	24	213	220	192	177	153	4	83	3	82	7	237	32	183	205	172	58	74	122	170	109	22	150	76	19	9	174	92	63	135	23	124	8	50	157	61	101	138	166	126	96	35	119	40	91	243	197	189	100	139	56	194	33	244	227	36	75	44	195	182	93	104	97	145	2	141	## Ordonnancement
26	## Nombre de tournées
1	3	3	5	3	5	7	8	9	11	10	14	18	17	15	18	20	19	19	13	11	8	4	4	3	2	## Nombre de sites par tournée
11	## Tournée 1
155	105	217	## Tournée 2
41	190	250	## Tournée 3
84	53	106	118	120	## Tournée 4
165	31	134	## Tournée 5
186	90	130	129	89	## Tournée 6
54	14	245	15	73	200	117	## Tournée 7
206	241	49	167	191	168	188	158	## Tournée 8
169	28	216	224	136	208	45	163	114	## Tournée 9
30	212	160	115	18	225	210	199	64	46	125	## Tournée 10
219	140	242	51	233	247	229	29	111	184	## Tournée 11
26	214	239	193	185	62	39	72	78	133	154	131	86	207	## Tournée 12
203	236	171	68	88	143	102	152	202	248	79	21	77	121	161	55	232	132	## Tournée 13
137	5	156	108	27	127	128	17	146	222	42	71	67	187	94	70	235	## Tournée 14
116	6	238	147	95	81	60	151	230	215	48	103	57	211	13	## Tournée 15
112	234	218	228	175	226	65	164	85	142	148	149	99	25	110	221	196	246	## Tournée 16
66	98	240	231	178	249	69	162	201	87	159	181	113	107	12	198	179	38	209	1	## Tournée 17
43	176	37	34	213	47	204	144	24	223	180	10	173	80	16	123	20	52	59	## Tournée 18
192	153	7	237	205	170	220	109	3	4	32	122	83	82	172	74	183	58	177	## Tournée 19
174	8	50	150	135	124	76	63	9	22	92	19	23	## Tournée 20
157	126	138	101	61	166	119	35	91	40	96	## Tournée 21
194	56	139	197	189	33	100	243	## Tournée 22
227	244	36	75	## Tournée 23
195	182	93	44	## Tournée 24
97	145	104	## Tournée 25
2	141	## Tournée 26
