133862	## Somme des retards
4294966027	## Temps CPU (millisecondes)
132	197	130	244	117	75	239	124	226	154	113	122	71	97	164	80	250	203	166	58	236	6	208	25	213	70	77	9	238	233	22	26	156	67	56	53	127	181	100	20	92	91	221	7	66	82	196	63	134	31	98	150	120	220	94	228	139	28	47	167	84	249	237	205	160	55	89	101	137	179	93	245	40	223	140	34	18	149	219	72	173	43	195	106	175	85	10	96	158	210	90	206	215	1	200	184	131	64	32	153	33	16	81	224	229	60	141	202	190	186	135	189	143	5	59	151	180	242	42	214	128	24	13	218	198	169	121	105	79	187	201	182	230	95	207	248	99	126	162	194	234	125	86	41	185	8	171	216	57	144	37	165	68	11	217	69	212	193	115	188	62	148	192	73	111	103	209	83	222	142	102	112	2	246	50	123	146	49	116	243	225	138	27	161	46	155	4	231	48	38	235	61	145	172	107	241	35	23	163	232	30	191	177	88	118	147	74	14	129	227	108	65	240	52	136	45	170	76	29	36	157	19	183	174	119	204	247	39	87	12	54	178	133	78	199	159	109	114	3	44	104	168	152	21	15	176	51	211	17	110	## Ordonnancement
22	## Nombre de tournées
2	2	2	2	4	4	6	11	12	12	17	17	20	20	18	25	25	20	17	8	4	2	## Nombre de sites par tournée
197	132	## Tournée 1
244	130	## Tournée 2
75	117	## Tournée 3
124	239	## Tournée 4
113	122	226	154	## Tournée 5
97	71	164	80	## Tournée 6
166	6	58	203	236	250	## Tournée 7
26	9	77	70	25	233	22	208	238	156	213	## Tournée 8
66	7	92	100	67	91	53	181	56	20	127	221	## Tournée 9
220	82	196	94	63	134	228	150	139	31	98	120	## Tournée 10
55	237	245	101	179	28	84	167	249	205	89	137	160	223	40	47	93	## Tournée 11
34	18	158	43	175	195	149	10	140	210	173	90	72	85	106	219	96	## Tournée 12
200	190	153	186	32	141	1	131	64	202	206	33	16	135	224	81	229	215	184	60	## Tournée 13
42	187	198	143	79	24	13	105	218	5	59	214	151	121	180	189	169	242	201	128	## Tournée 14
234	182	171	216	185	95	230	162	8	125	248	86	207	41	57	126	99	194	## Tournée 15
37	62	217	102	112	188	103	73	111	212	148	209	2	115	142	83	11	68	144	246	192	69	165	193	222	## Tournée 16
35	155	46	161	27	49	235	50	61	231	23	163	38	123	138	116	4	243	48	146	145	225	107	172	241	## Tournée 17
45	118	170	29	108	65	14	147	232	191	177	30	136	74	227	88	76	52	129	240	## Tournée 18
183	178	19	54	119	204	39	133	157	247	87	174	78	12	199	159	36	## Tournée 19
109	21	104	3	114	152	44	168	## Tournée 20
176	15	51	211	## Tournée 21
17	110	## Tournée 22
