370376	## Somme des retards
1565	## Temps CPU (millisecondes)
62	91	55	43	178	198	80	226	177	97	272	263	134	258	156	11	239	208	234	121	4	267	63	119	172	46	47	35	106	32	155	280	297	271	150	231	296	90	207	222	20	269	252	6	26	27	293	294	185	76	276	277	220	39	67	33	265	217	114	278	281	203	31	246	181	14	79	193	167	77	65	285	160	162	242	86	53	130	71	12	241	3	189	15	145	299	102	7	298	143	279	184	66	112	108	149	49	212	266	144	137	50	78	98	9	274	268	44	153	51	61	232	103	300	85	196	209	25	57	159	126	259	96	257	191	206	21	199	72	133	74	131	213	187	94	54	169	125	5	275	58	224	124	92	192	248	295	205	1	88	251	182	73	164	244	158	141	142	163	249	288	168	101	204	22	236	132	19	165	109	166	176	197	75	113	70	107	118	221	214	69	283	250	215	202	256	95	229	68	122	157	284	123	170	105	186	42	128	146	140	59	111	235	175	120	48	40	116	34	17	60	188	262	52	100	152	84	228	292	154	238	148	2	82	243	115	261	230	36	194	87	223	161	225	200	127	240	129	273	180	227	255	93	219	183	286	218	245	8	117	216	104	45	264	287	24	233	247	29	28	99	136	190	16	173	260	23	18	270	282	174	83	81	89	13	30	171	56	201	139	147	138	41	110	253	151	289	195	135	64	37	290	179	211	291	10	237	38	254	210	## Ordonnancement
31	## Nombre de tournées
3	1	3	2	2	2	4	4	4	5	8	10	8	12	12	16	12	20	17	22	19	24	22	17	18	11	8	6	4	2	2	## Nombre de sites par tournée
55	91	62	## Tournée 1
43	## Tournée 2
198	80	178	## Tournée 3
226	177	## Tournée 4
272	97	## Tournée 5
263	134	## Tournée 6
258	156	11	239	## Tournée 7
121	208	234	4	## Tournée 8
63	267	119	172	## Tournée 9
47	32	35	106	46	## Tournée 10
297	231	155	271	90	280	296	150	## Tournée 11
207	269	252	222	294	20	27	26	6	293	## Tournée 12
220	277	39	67	185	33	276	76	## Tournée 13
14	193	114	281	265	278	31	79	181	203	217	246	## Tournée 14
53	86	285	130	77	71	12	242	160	65	167	162	## Tournée 15
3	298	108	299	149	7	189	102	66	143	15	279	112	184	145	241	## Tournée 16
9	274	78	268	49	50	98	137	212	44	144	266	## Tournée 17
21	61	57	85	96	206	51	232	191	126	257	199	25	300	153	209	196	259	159	103	## Tournée 18
192	169	275	187	58	125	72	74	133	124	94	92	224	5	213	131	54	## Tournée 19
295	142	204	73	164	288	251	163	158	1	141	182	132	205	168	22	249	248	88	244	101	236	## Tournée 20
176	256	109	69	75	113	165	221	202	70	107	250	118	166	19	214	215	283	197	## Tournée 21
59	170	40	34	229	284	42	120	111	157	105	68	122	17	116	128	175	146	186	123	95	235	48	140	## Tournée 22
100	188	238	154	52	228	36	82	152	230	223	261	292	148	115	60	2	194	87	243	84	262	## Tournée 23
93	240	227	161	129	127	225	218	183	255	286	219	273	200	245	180	8	## Tournée 24
247	104	233	45	117	260	29	99	136	173	264	24	28	16	287	216	190	23	## Tournée 25
30	18	56	83	13	270	174	89	81	171	282	## Tournée 26
201	110	151	138	139	253	147	41	## Tournée 27
195	290	289	37	135	64	## Tournée 28
10	291	179	211	## Tournée 29
237	38	## Tournée 30
210	254	## Tournée 31
