63347	## Somme des retards
4294965742	## Temps CPU (millisecondes)
19	45	6	124	22	65	80	97	122	87	47	117	42	29	138	27	141	12	10	139	105	16	114	52	110	70	24	127	95	134	46	96	34	128	73	31	63	33	149	20	136	131	106	49	8	148	112	53	14	93	90	28	40	21	83	88	38	125	41	71	94	44	17	104	98	7	25	1	92	118	15	145	79	75	137	135	64	111	84	129	100	58	60	147	76	121	150	72	113	140	85	108	2	109	78	69	133	123	51	68	56	143	142	48	37	77	120	103	74	130	50	116	62	99	82	39	36	32	18	86	57	11	23	107	91	3	132	115	144	26	5	126	54	43	146	59	61	35	67	4	55	102	13	119	66	101	9	81	30	89	## Ordonnancement
25	## Nombre de tournées
1	2	1	2	3	3	3	4	5	7	7	8	10	12	10	11	14	14	10	10	5	3	2	2	1	## Nombre de sites par tournée
19	## Tournée 1
45	6	## Tournée 2
124	## Tournée 3
65	22	## Tournée 4
97	80	122	## Tournée 5
87	117	47	## Tournée 6
42	138	29	## Tournée 7
27	10	12	141	## Tournée 8
139	16	105	114	52	## Tournée 9
110	46	127	134	70	24	95	## Tournée 10
63	33	73	128	34	31	96	## Tournée 11
131	106	136	8	20	49	148	149	## Tournée 12
53	40	90	93	28	83	21	112	14	88	## Tournée 13
104	1	98	41	17	44	125	71	7	38	94	25	## Tournée 14
135	111	145	75	137	79	92	118	64	15	## Tournée 15
113	60	121	84	100	76	147	129	72	58	150	## Tournée 16
56	2	133	68	123	85	143	51	78	142	108	140	109	69	## Tournée 17
82	74	116	36	103	130	50	120	48	39	77	99	62	37	## Tournée 18
86	18	107	57	91	11	32	3	23	132	## Tournée 19
5	26	115	54	144	61	59	43	126	146	## Tournée 20
55	35	4	102	67	## Tournée 21
13	66	119	## Tournée 22
101	9	## Tournée 23
81	30	## Tournée 24
89	## Tournée 25
