67371	## Somme des retards
1215	## Temps CPU (millisecondes)
181	65	107	80	106	177	15	115	100	5	61	180	42	154	189	25	40	55	94	190	98	34	162	76	160	45	47	112	6	120	172	169	75	30	91	93	191	99	52	194	56	151	82	182	143	157	28	10	70	59	105	125	102	43	149	86	128	41	97	89	159	147	164	29	96	1	145	155	117	104	129	31	170	176	195	27	88	171	83	122	114	22	37	144	183	173	124	193	72	179	116	108	127	63	168	13	150	184	38	137	48	18	51	121	62	109	187	146	185	9	118	163	66	196	198	119	139	134	50	175	20	36	73	7	81	12	46	26	131	123	138	3	136	64	79	126	186	132	92	158	141	103	130	84	68	14	74	60	53	161	32	4	153	166	197	58	148	2	24	69	8	152	90	44	39	33	188	111	101	142	95	200	85	178	35	16	133	49	23	77	165	17	21	174	87	199	167	11	110	54	192	71	57	140	19	135	156	113	67	78	## Ordonnancement
24	## Nombre de tournées
2	5	6	6	7	7	6	8	8	8	9	16	13	15	15	16	12	11	11	9	4	3	2	1	## Nombre de sites par tournée
65	181	## Tournée 1
80	107	106	15	177	## Tournée 2
61	100	180	5	115	42	## Tournée 3
189	55	25	40	94	154	## Tournée 4
160	162	45	76	190	34	98	## Tournée 5
112	6	120	75	172	47	169	## Tournée 6
30	52	91	93	191	99	## Tournée 7
151	56	157	194	182	82	28	143	## Tournée 8
102	59	149	70	125	10	43	105	## Tournée 9
128	41	147	159	97	86	164	89	## Tournée 10
145	155	31	29	104	96	1	129	117	## Tournée 11
122	195	83	176	37	171	193	183	88	22	124	170	114	173	144	27	## Tournée 12
13	108	137	116	72	127	184	168	179	63	150	38	48	## Tournée 13
109	119	185	187	198	18	9	51	121	146	66	163	62	118	196	## Tournée 14
20	46	73	123	12	175	131	7	138	50	139	36	134	26	81	## Tournée 15
132	92	136	158	130	68	64	141	74	186	3	79	14	84	103	126	## Tournée 16
148	153	2	197	166	60	32	58	4	53	161	24	## Tournée 17
33	44	152	8	69	90	188	142	39	101	111	## Tournée 18
178	200	49	16	165	77	23	35	133	85	95	## Tournée 19
199	174	21	54	11	87	110	167	17	## Tournée 20
192	140	71	57	## Tournée 21
19	135	156	## Tournée 22
67	113	## Tournée 23
78	## Tournée 24
