136730	## Somme des retards
1765	## Temps CPU (millisecondes)
144	154	45	74	141	2	44	168	132	200	31	42	195	20	193	160	35	25	27	114	81	133	127	43	76	99	64	165	17	188	34	139	119	72	101	98	140	138	60	172	66	69	173	110	111	146	87	157	84	63	77	40	93	108	180	100	112	184	86	171	54	137	23	36	104	131	136	79	73	47	175	57	49	6	1	148	197	155	120	199	116	96	7	103	95	11	152	128	130	12	58	41	68	51	170	28	198	186	48	177	185	134	9	19	78	149	33	8	151	176	56	123	115	142	174	147	15	24	16	55	178	192	158	38	32	62	161	91	179	102	143	82	117	18	189	194	162	37	59	159	126	26	13	46	105	39	21	30	80	118	67	187	75	183	107	89	53	163	153	90	22	196	122	135	106	124	166	71	164	94	4	65	169	3	190	50	5	92	10	182	83	14	29	129	167	150	191	156	125	61	121	181	88	70	109	97	52	85	113	145	## Ordonnancement
25	## Nombre de tournées
1	2	4	4	3	6	8	6	7	10	10	10	16	16	19	14	14	16	16	6	5	3	2	1	1	## Nombre de sites par tournée
144	## Tournée 1
45	154	## Tournée 2
2	44	141	74	## Tournée 3
168	200	132	31	## Tournée 4
195	42	20	## Tournée 5
114	25	193	35	27	160	## Tournée 6
99	76	165	133	81	43	127	64	## Tournée 7
139	72	119	188	34	17	## Tournée 8
101	140	172	60	66	98	138	## Tournée 9
110	146	84	63	111	173	69	77	157	87	## Tournée 10
40	184	108	93	54	112	100	171	180	86	## Tournée 11
47	131	104	73	23	36	175	136	137	79	## Tournée 12
96	199	95	148	1	103	120	152	11	6	57	155	197	116	49	7	## Tournée 13
186	185	12	41	48	130	177	28	51	58	134	170	128	198	68	9	## Tournée 14
142	151	174	33	24	15	8	16	78	149	147	56	123	19	115	178	176	192	55	## Tournée 15
189	38	158	117	143	102	62	91	18	82	194	179	32	161	## Tournée 16
159	30	126	46	118	37	59	105	13	21	162	80	26	39	## Tournée 17
187	67	90	75	196	22	124	163	107	183	122	135	106	89	153	53	## Tournée 18
190	182	83	92	164	3	94	5	65	10	169	50	166	14	4	71	## Tournée 19
150	167	29	191	129	156	## Tournée 20
61	181	121	125	88	## Tournée 21
70	109	97	## Tournée 22
85	52	## Tournée 23
113	## Tournée 24
145	## Tournée 25
