34615	## Somme des retards
1505	## Temps CPU (millisecondes)
149	2	16	99	10	144	138	116	50	87	88	38	51	102	107	115	111	60	31	5	17	20	40	148	130	108	32	9	123	29	106	48	127	105	70	132	45	84	36	25	93	53	6	134	131	22	82	112	142	1	140	125	121	72	33	103	14	73	44	26	43	117	55	15	11	143	133	119	34	3	78	83	136	35	139	65	104	126	76	13	63	122	135	145	90	7	46	12	57	150	58	49	92	75	41	54	81	95	114	146	85	4	110	71	100	28	86	27	61	69	59	128	137	101	118	42	79	97	141	30	56	129	124	113	77	37	47	64	19	120	98	39	94	23	67	89	52	8	109	18	91	74	96	147	21	62	68	80	24	66	## Ordonnancement
19	## Nombre de tournées
1	2	4	4	3	5	4	6	9	10	11	16	15	16	17	16	7	2	2	## Nombre de sites par tournée
149	## Tournée 1
16	2	## Tournée 2
144	99	138	10	## Tournée 3
87	88	50	116	## Tournée 4
51	102	38	## Tournée 5
115	107	31	60	111	## Tournée 6
17	5	40	20	## Tournée 7
123	148	32	9	108	130	## Tournée 8
29	48	45	106	84	132	70	105	127	## Tournée 9
53	36	134	82	25	131	6	93	112	22	## Tournée 10
14	121	73	33	72	140	142	44	103	125	1	## Tournée 11
26	133	55	11	139	136	35	119	78	83	143	15	117	34	43	3	## Tournée 12
57	150	63	90	65	126	145	76	122	7	13	46	12	135	104	## Tournée 13
92	114	100	49	75	4	81	54	58	85	95	71	146	110	28	41	## Tournée 14
86	42	137	56	97	30	128	118	129	79	124	61	59	101	141	27	69	## Tournée 15
52	94	23	109	8	120	113	19	67	47	64	39	98	89	77	37	## Tournée 16
74	147	18	62	21	91	96	## Tournée 17
68	80	## Tournée 18
24	66	## Tournée 19
