234010	## Somme des retards
4294967082	## Temps CPU (millisecondes)
30	197	58	66	98	147	39	137	152	184	17	97	249	20	64	126	172	165	7	9	242	138	151	188	110	239	204	175	227	79	81	178	76	211	62	220	93	111	16	35	185	134	171	31	53	34	128	87	180	24	32	207	13	230	73	193	119	234	170	102	206	156	141	225	195	10	95	208	84	6	59	163	25	162	112	99	14	201	45	245	104	136	224	205	117	54	88	44	29	209	72	158	221	69	200	146	67	219	22	92	176	189	144	169	114	210	166	78	181	15	55	107	223	187	47	121	215	229	145	52	202	214	177	237	5	4	233	125	11	23	216	238	142	241	40	57	49	91	132	236	173	86	159	143	217	61	43	248	123	50	3	213	247	191	124	46	135	222	164	33	153	183	167	70	127	168	160	94	106	60	140	130	18	38	105	133	116	231	90	65	82	8	131	194	192	51	182	199	190	129	26	212	56	157	179	150	21	2	243	196	139	203	12	101	85	240	250	41	63	232	100	28	174	148	120	89	115	42	74	149	235	1	96	68	161	19	154	77	109	103	83	75	113	80	186	228	27	122	246	198	37	71	48	118	155	244	108	218	36	226	## Ordonnancement
28	## Nombre de tournées
1	1	2	2	4	3	4	5	6	8	12	12	12	11	17	14	19	18	18	20	22	19	9	4	3	2	1	1	## Nombre de sites par tournée
30	## Tournée 1
197	## Tournée 2
66	58	## Tournée 3
98	147	## Tournée 4
184	39	137	152	## Tournée 5
17	249	97	## Tournée 6
20	172	126	64	## Tournée 7
242	138	9	7	165	## Tournée 8
175	151	239	188	204	110	## Tournée 9
79	227	62	178	81	220	211	76	## Tournée 10
31	128	34	185	87	16	35	53	111	93	134	171	## Tournée 11
193	102	180	32	207	119	234	170	13	73	24	230	## Tournée 12
195	141	156	208	84	59	10	163	6	225	206	95	## Tournée 13
25	104	224	136	112	245	99	14	162	45	201	## Tournée 14
200	72	221	69	29	205	44	88	219	209	117	158	146	22	92	54	67	## Tournée 15
114	223	55	78	181	210	187	15	189	176	107	169	166	144	## Tournée 16
11	237	229	238	233	214	5	121	177	145	142	52	47	23	215	4	125	202	216	## Tournée 17
49	159	123	86	61	3	241	143	217	132	50	173	236	43	248	40	91	57	## Tournée 18
46	222	124	168	160	135	94	183	70	191	106	247	127	153	167	164	213	33	## Tournée 19
192	90	194	18	60	190	199	131	65	51	140	130	38	105	133	8	82	182	116	231	## Tournée 20
26	2	21	100	85	157	150	56	212	129	250	232	139	179	243	203	41	12	63	240	196	101	## Tournée 21
74	42	109	149	174	115	28	96	154	235	120	89	148	1	77	68	103	161	19	## Tournée 22
80	75	122	27	246	186	113	228	83	## Tournée 23
198	71	37	48	## Tournée 24
155	118	244	## Tournée 25
218	108	## Tournée 26
36	## Tournée 27
226	## Tournée 28
