172255	## Somme des retards
1430	## Temps CPU (millisecondes)
15	149	196	59	114	17	72	113	112	117	200	16	56	174	140	175	161	190	129	68	36	28	79	121	77	118	5	153	82	130	197	106	136	119	188	185	86	159	186	138	134	49	194	71	100	128	96	183	58	57	45	151	105	18	19	30	157	87	7	102	21	93	11	179	167	98	40	53	171	111	54	22	84	122	126	137	184	76	12	115	61	127	155	20	4	154	13	67	31	62	189	48	191	81	97	178	66	80	69	195	163	124	51	25	170	64	42	156	187	92	34	78	23	65	116	44	104	88	70	1	145	29	50	14	144	109	180	132	35	108	158	176	181	9	160	198	193	47	90	107	99	52	172	39	169	83	135	101	3	177	168	110	85	91	147	141	32	150	166	41	94	139	10	123	26	2	142	125	120	73	152	95	24	103	164	46	63	8	60	33	192	55	165	162	182	89	37	133	146	6	43	27	38	148	173	131	75	199	143	74	## Ordonnancement
28	## Nombre de tournées
1	4	2	4	4	6	5	6	7	8	10	12	12	16	18	17	13	12	11	10	7	4	3	3	2	1	1	1	## Nombre de sites par tournée
15	## Tournée 1
196	59	149	114	## Tournée 2
17	72	## Tournée 3
113	112	117	200	## Tournée 4
174	16	140	56	## Tournée 5
68	36	175	129	161	190	## Tournée 6
77	79	121	118	28	## Tournée 7
106	153	82	130	5	197	## Tournée 8
86	119	188	159	185	186	136	## Tournée 9
100	71	96	138	194	134	49	128	## Tournée 10
57	18	45	105	157	58	183	30	19	151	## Tournée 11
21	87	171	7	167	11	179	93	98	102	40	53	## Tournée 12
61	84	22	111	54	184	126	115	137	122	12	76	## Tournée 13
4	67	66	31	62	48	154	127	191	13	155	189	178	97	20	81	## Tournée 14
116	170	78	42	34	195	51	156	92	23	163	25	187	124	65	64	80	69	## Tournée 15
50	158	88	180	44	1	108	176	109	70	29	104	35	14	145	144	132	## Tournée 16
198	90	107	169	99	193	47	52	172	181	160	39	9	## Tournée 17
32	147	110	85	141	101	91	83	3	168	135	177	## Tournée 18
123	150	166	26	2	41	139	142	125	10	94	## Tournée 19
95	120	63	164	152	103	24	46	8	73	## Tournée 20
33	192	60	165	55	182	162	## Tournée 21
37	146	89	133	## Tournée 22
43	27	6	## Tournée 23
38	148	173	## Tournée 24
75	131	## Tournée 25
199	## Tournée 26
143	## Tournée 27
74	## Tournée 28
