82576	## Somme des retards
340	## Temps CPU (millisecondes)
7	111	122	24	46	50	34	33	3	52	37	132	42	28	4	57	43	126	18	133	100	121	25	84	23	129	44	144	36	95	99	21	113	127	35	29	118	10	101	56	66	27	143	104	131	51	82	76	142	137	105	62	93	88	14	13	116	69	45	147	30	71	17	38	89	90	75	98	117	136	120	80	112	6	68	59	63	39	106	138	58	123	96	2	92	60	150	26	72	67	114	128	74	91	65	124	70	102	86	149	119	5	20	110	12	77	103	109	87	94	78	108	79	64	22	130	48	61	140	41	81	47	1	85	55	145	15	141	49	135	54	16	97	40	115	134	125	83	31	146	148	19	32	9	107	8	53	73	11	139	## Ordonnancement
20	## Nombre de tournées
1	2	4	5	6	2	4	7	7	6	9	13	13	14	18	18	9	6	4	2	## Nombre de sites par tournée
7	## Tournée 1
111	122	## Tournée 2
24	46	34	50	## Tournée 3
33	3	132	52	37	## Tournée 4
4	57	28	43	42	126	## Tournée 5
133	18	## Tournée 6
100	25	121	84	## Tournée 7
99	23	44	144	36	129	95	## Tournée 8
113	29	127	21	35	10	118	## Tournée 9
104	27	143	101	56	66	## Tournée 10
105	62	76	82	51	131	142	137	93	## Tournée 11
45	88	38	89	14	71	13	69	90	17	147	30	116	## Tournée 12
6	68	117	98	39	112	106	80	120	59	75	63	136	## Tournée 13
58	114	72	2	138	74	26	96	150	128	60	67	92	123	## Tournée 14
109	70	119	77	12	103	102	110	149	124	86	87	65	20	78	91	5	94	## Tournée 15
81	55	48	79	22	41	15	85	140	145	61	141	64	47	130	1	49	108	## Tournée 16
135	16	40	134	97	125	83	115	54	## Tournée 17
31	19	9	148	146	32	## Tournée 18
53	73	107	8	## Tournée 19
11	139	## Tournée 20
