66338	## Somme des retards
4294965342	## Temps CPU (millisecondes)
53	9	29	68	57	76	86	1	15	26	83	24	14	97	67	74	72	87	78	19	96	30	71	80	75	95	81	11	65	50	44	59	23	66	56	10	94	45	100	77	61	60	89	48	22	49	62	58	69	84	85	63	17	43	12	27	21	32	64	99	4	28	40	34	36	98	6	20	82	8	31	91	39	18	7	73	79	93	38	13	70	90	54	46	88	35	3	42	16	55	52	92	37	33	25	5	2	41	47	51	## Ordonnancement
19	## Nombre de tournées
2	2	2	4	5	4	6	6	6	7	10	10	12	10	6	3	2	2	1	## Nombre de sites par tournée
9	53	## Tournée 1
29	68	## Tournée 2
76	57	## Tournée 3
1	26	86	15	## Tournée 4
67	97	14	83	24	## Tournée 5
72	78	87	74	## Tournée 6
71	19	96	75	80	30	## Tournée 7
11	95	81	65	44	50	## Tournée 8
56	23	94	66	59	10	## Tournée 9
48	45	100	61	77	60	89	## Tournée 10
43	84	17	62	22	49	69	63	58	85	## Tournée 11
27	28	34	32	64	99	12	4	40	21	## Tournée 12
6	31	91	98	18	73	82	36	39	7	8	20	## Tournée 13
79	88	90	54	38	46	35	93	13	70	## Tournée 14
55	3	52	42	16	92	## Tournée 15
25	37	33	## Tournée 16
2	5	## Tournée 17
41	47	## Tournée 18
51	## Tournée 19
