50784	## Somme des retards
1000	## Temps CPU (millisecondes)
40	32	17	5	26	81	63	76	39	10	21	12	83	54	15	27	37	55	6	7	58	31	2	30	13	28	71	16	85	96	51	70	3	35	46	62	93	49	92	8	36	34	67	95	45	52	59	89	18	74	84	69	41	47	65	88	61	98	23	87	94	82	11	9	38	14	43	99	56	4	1	33	91	64	97	77	48	60	22	24	50	19	79	29	80	53	20	100	66	75	72	68	25	90	42	57	73	78	86	44	## Ordonnancement
15	## Nombre de tournées
1	3	1	2	4	4	6	7	8	10	13	13	11	12	5	## Nombre de sites par tournée
40	## Tournée 1
5	17	32	## Tournée 2
26	## Tournée 3
81	63	## Tournée 4
39	21	76	10	## Tournée 5
15	12	54	83	## Tournée 6
37	7	58	55	6	27	## Tournée 7
31	28	30	2	13	16	71	## Tournée 8
51	35	46	62	85	70	3	96	## Tournée 9
52	67	34	36	95	45	93	92	49	8	## Tournée 10
65	23	61	18	41	69	47	59	88	89	84	98	74	## Tournée 11
9	82	14	87	33	11	43	38	94	1	56	4	99	## Tournée 12
64	24	97	22	79	50	48	91	60	77	19	## Tournée 13
66	80	53	20	29	100	75	42	72	25	68	90	## Tournée 14
78	73	86	44	57	## Tournée 15
