94611	## Somme des retards
4294965687	## Temps CPU (millisecondes)
64	34	113	86	20	23	43	99	100	109	17	135	40	95	25	90	85	91	42	144	101	129	57	111	107	114	52	124	141	119	21	93	87	136	102	7	3	145	63	83	46	72	82	48	32	50	22	29	123	55	108	106	31	97	15	28	69	13	84	80	116	120	12	1	8	26	126	36	96	137	122	149	103	139	74	77	76	142	53	19	73	92	11	125	38	56	58	121	4	18	133	147	134	45	140	41	14	71	88	130	62	98	30	81	59	112	5	24	54	94	51	89	143	6	78	138	60	39	35	67	66	118	110	127	105	70	148	68	10	47	61	131	104	115	146	2	33	75	49	117	79	150	16	9	37	65	44	27	128	132	## Ordonnancement
23	## Nombre de tournées
1	1	2	1	3	2	4	4	5	4	6	9	10	12	9	14	19	14	18	7	3	1	1	## Nombre de sites par tournée
64	## Tournée 1
34	## Tournée 2
86	113	## Tournée 3
20	## Tournée 4
43	99	23	## Tournée 5
100	109	## Tournée 6
40	135	95	17	## Tournée 7
90	85	25	91	## Tournée 8
42	57	129	101	144	## Tournée 9
111	114	107	52	## Tournée 10
141	21	124	87	93	119	## Tournée 11
46	7	145	136	102	72	3	63	83	## Tournée 12
50	82	55	29	32	22	48	123	106	108	## Tournée 13
28	13	69	12	120	31	116	97	80	1	84	15	## Tournée 14
137	96	103	26	8	126	122	149	36	## Tournée 15
19	142	76	77	125	38	73	56	139	53	92	11	74	58	## Tournée 16
147	45	62	59	14	134	130	41	112	121	133	140	81	18	4	98	30	88	71	## Tournée 17
51	6	24	54	5	39	35	143	138	67	94	78	89	60	## Tournée 18
146	61	70	47	131	2	148	104	105	127	118	66	10	68	110	33	75	115	## Tournée 19
49	16	150	79	9	117	37	## Tournée 20
27	65	44	## Tournée 21
128	## Tournée 22
132	## Tournée 23
