58885	## Somme des retards
4294965232	## Temps CPU (millisecondes)
34	35	72	17	7	94	68	76	74	23	9	43	62	30	71	93	48	55	77	20	97	11	39	27	84	53	37	28	98	96	45	82	31	80	13	3	81	85	1	79	86	22	92	51	64	87	4	12	40	33	91	32	10	50	57	52	83	69	90	24	36	44	49	14	60	15	88	19	75	95	59	46	67	73	16	38	29	8	61	2	18	63	89	42	66	54	6	65	100	99	70	58	25	56	78	41	5	47	26	21	## Ordonnancement
20	## Nombre de tournées
1	2	2	1	2	1	6	5	3	9	9	9	10	11	10	7	6	3	2	1	## Nombre de sites par tournée
34	## Tournée 1
35	72	## Tournée 2
7	17	## Tournée 3
94	## Tournée 4
68	76	## Tournée 5
74	## Tournée 6
23	9	71	43	30	62	## Tournée 7
55	77	48	93	20	## Tournée 8
39	97	11	## Tournée 9
82	28	84	45	96	37	98	53	27	## Tournée 10
86	85	80	79	81	31	1	13	3	## Tournée 11
4	92	87	40	33	12	51	22	64	## Tournée 12
83	91	90	24	50	10	69	32	57	52	## Tournée 13
36	59	19	44	88	14	75	60	49	15	95	## Tournée 14
18	16	73	67	61	29	2	8	38	46	## Tournée 15
54	6	66	42	89	63	65	## Tournée 16
100	56	58	70	25	99	## Tournée 17
78	5	41	## Tournée 18
26	47	## Tournée 19
21	## Tournée 20
