57052	## Somme des retards
1770	## Temps CPU (millisecondes)
91	66	22	37	75	28	64	76	62	70	13	49	15	40	83	8	65	16	87	85	63	1	59	86	50	92	69	71	43	67	94	21	44	58	72	98	53	60	7	48	95	78	96	29	9	97	45	14	56	51	4	68	90	46	3	30	89	31	33	12	47	38	54	100	42	41	80	6	27	23	11	20	84	25	26	36	17	74	61	2	55	81	79	73	18	10	88	57	99	35	24	52	19	5	34	82	32	39	93	77	## Ordonnancement
19	## Nombre de tournées
1	1	2	1	2	3	3	5	6	9	6	6	13	12	15	6	4	3	2	## Nombre de sites par tournée
91	## Tournée 1
66	## Tournée 2
37	22	## Tournée 3
75	## Tournée 4
28	64	## Tournée 5
76	62	70	## Tournée 6
15	49	13	## Tournée 7
16	8	65	83	40	## Tournée 8
63	1	85	86	87	59	## Tournée 9
44	50	92	71	69	94	67	21	43	## Tournée 10
60	53	58	98	7	72	## Tournée 11
9	95	29	78	96	48	## Tournée 12
4	89	97	56	3	68	51	45	14	90	31	46	30	## Tournée 13
100	33	27	12	47	38	6	42	41	23	80	54	## Tournée 14
73	79	17	11	20	25	36	81	26	74	2	55	61	84	18	## Tournée 15
35	10	88	24	99	57	## Tournée 16
52	34	19	5	## Tournée 17
82	32	39	## Tournée 18
93	77	## Tournée 19
