131323	## Somme des retards
290	## Temps CPU (millisecondes)
156	37	41	66	3	95	111	5	102	181	179	91	68	105	38	148	169	27	54	187	142	132	170	77	178	88	71	188	149	200	104	127	92	81	125	76	199	90	58	11	192	22	193	198	114	165	134	109	55	172	182	194	97	112	12	122	4	124	59	67	36	39	176	79	57	80	151	180	6	14	2	72	75	185	168	93	99	161	106	30	120	128	166	49	25	146	31	183	171	189	110	139	44	24	84	48	138	141	62	1	96	89	42	28	34	184	145	16	191	53	35	70	115	63	118	43	10	61	121	137	73	23	167	101	175	85	195	147	130	108	7	69	154	158	78	140	64	196	8	51	117	40	131	52	26	94	17	123	9	190	82	103	46	33	100	162	15	29	157	133	144	136	159	21	74	13	143	119	174	163	32	153	107	186	177	155	19	197	129	164	98	173	83	152	86	50	56	60	150	65	126	135	87	47	116	20	113	160	18	45	## Ordonnancement
22	## Nombre de tournées
2	3	3	5	4	5	7	8	11	10	12	16	16	13	21	19	19	14	6	3	2	1	## Nombre de sites par tournée
156	37	## Tournée 1
41	66	3	## Tournée 2
95	5	111	## Tournée 3
102	68	181	91	179	## Tournée 4
169	38	148	105	## Tournée 5
54	187	132	27	142	## Tournée 6
77	88	71	170	188	149	178	## Tournée 7
199	92	200	125	104	81	76	127	## Tournée 8
193	90	114	22	58	109	11	192	134	165	198	## Tournée 9
97	55	12	122	124	4	194	172	182	112	## Tournée 10
36	57	6	67	14	80	151	176	180	39	79	59	## Tournée 11
106	166	146	30	25	128	120	93	2	185	75	99	168	161	49	72	## Tournée 12
24	183	84	31	139	141	62	138	110	96	89	1	171	189	44	48	## Tournée 13
16	42	53	34	63	184	145	118	35	115	191	70	28	## Tournée 14
154	175	61	167	23	10	130	121	195	85	101	69	147	7	140	73	43	108	158	137	78	## Tournée 15
82	64	190	33	17	103	100	9	94	8	196	52	46	131	123	117	40	51	26	## Tournée 16
13	74	162	163	136	174	119	21	29	15	159	144	157	133	107	186	153	32	143	## Tournée 17
129	83	56	60	197	164	50	155	152	19	98	177	86	173	## Tournée 18
135	47	65	87	126	150	## Tournée 19
116	113	20	## Tournée 20
160	18	## Tournée 21
45	## Tournée 22
