100746	## Somme des retards
4294966927	## Temps CPU (millisecondes)
84	28	78	1	133	42	114	14	145	60	98	67	10	80	12	61	119	129	47	124	4	88	125	57	142	144	66	76	22	87	102	116	11	146	138	21	126	62	70	77	104	52	59	30	71	118	130	13	69	135	127	90	149	24	120	97	51	134	45	40	79	39	49	123	56	27	106	2	111	29	103	108	122	65	58	85	44	82	3	17	41	113	54	147	137	89	55	64	86	136	20	140	8	150	32	74	68	53	37	15	33	139	73	75	121	128	132	109	110	107	48	117	23	63	72	92	93	6	91	16	112	18	46	115	99	83	36	131	31	81	101	95	143	19	9	94	35	26	100	43	34	148	141	5	96	50	7	105	38	25	## Ordonnancement
22	## Nombre de tournées
1	2	4	3	1	2	3	6	7	9	7	9	10	11	15	14	15	14	7	4	4	2	## Nombre de sites par tournée
84	## Tournée 1
78	28	## Tournée 2
133	1	42	114	## Tournée 3
145	14	60	## Tournée 4
98	## Tournée 5
10	67	## Tournée 6
61	12	80	## Tournée 7
88	119	4	124	47	129	## Tournée 8
142	66	125	22	144	76	57	## Tournée 9
21	146	62	138	87	116	126	11	102	## Tournée 10
30	52	77	104	59	70	71	## Tournée 11
90	135	24	130	118	13	149	69	127	## Tournée 12
40	79	51	123	45	49	97	120	134	39	## Tournée 13
29	108	111	56	65	106	122	103	27	2	58	## Tournée 14
82	17	137	136	3	64	41	54	44	113	55	89	147	86	85	## Tournée 15
68	140	74	15	8	32	20	139	73	150	75	37	53	33	## Tournée 16
63	117	93	110	107	6	109	48	72	91	92	121	132	128	23	## Tournée 17
16	81	99	143	115	83	101	112	46	36	18	31	131	95	## Tournée 18
26	100	43	9	19	35	94	## Tournée 19
34	148	141	5	## Tournée 20
50	96	7	105	## Tournée 21
25	38	## Tournée 22
