96230	## Somme des retards
4294966347	## Temps CPU (millisecondes)
2	18	14	150	109	77	17	41	66	12	9	121	16	57	10	141	34	54	98	35	143	100	130	20	29	122	82	96	11	56	144	63	138	136	137	107	64	43	86	1	42	65	99	26	126	25	83	105	33	90	132	72	85	129	60	21	6	134	79	47	70	46	7	131	28	125	49	112	37	24	48	13	146	32	95	67	123	78	23	84	101	92	40	51	5	106	62	116	50	44	15	135	94	74	147	45	102	36	87	120	89	55	61	133	113	142	76	81	8	80	22	114	53	73	4	118	117	111	27	108	127	31	71	104	69	52	97	3	119	145	88	115	91	139	110	38	103	59	19	149	128	124	68	148	39	75	58	30	140	93	## Ordonnancement
25	## Nombre de tournées
1	2	3	3	2	2	3	5	7	8	6	8	9	12	12	12	12	11	7	9	6	4	3	2	1	## Nombre de sites par tournée
2	## Tournée 1
18	14	## Tournée 2
109	77	150	## Tournée 3
66	41	17	## Tournée 4
12	9	## Tournée 5
121	16	## Tournée 6
141	57	10	## Tournée 7
98	34	143	35	54	## Tournée 8
100	29	122	82	96	20	130	## Tournée 9
63	136	138	56	107	144	137	11	## Tournée 10
65	64	86	43	42	1	## Tournée 11
33	90	83	25	99	26	126	105	## Tournée 12
6	129	85	134	79	21	60	132	72	## Tournée 13
112	7	28	125	37	47	46	70	131	48	24	49	## Tournée 14
32	95	67	13	92	101	84	146	123	40	23	78	## Tournée 15
5	50	94	62	147	44	74	106	15	51	135	116	## Tournée 16
89	87	61	55	133	45	102	142	113	120	76	36	## Tournée 17
4	22	114	81	118	8	117	111	80	53	73	## Tournée 18
104	69	27	71	31	127	108	## Tournée 19
139	52	3	115	88	119	91	145	97	## Tournée 20
19	103	38	110	149	59	## Tournée 21
128	124	68	148	## Tournée 22
58	39	75	## Tournée 23
140	30	## Tournée 24
93	## Tournée 25
