102905	## Somme des retards
4294965402	## Temps CPU (millisecondes)
2	18	14	150	77	109	16	17	41	9	121	66	12	57	10	141	34	54	98	35	143	29	63	20	136	122	56	82	130	138	137	96	11	107	64	144	43	86	1	42	100	65	33	126	26	25	83	105	90	132	72	85	129	60	21	6	134	131	79	47	99	112	46	7	49	125	37	70	24	48	92	15	84	146	95	13	67	28	23	32	147	78	69	40	76	94	50	123	106	44	30	101	62	5	74	55	51	81	36	114	19	87	120	135	4	113	80	142	45	118	8	102	111	22	133	68	145	89	31	3	53	71	73	108	127	61	88	91	116	139	115	104	52	149	148	103	27	128	97	59	117	38	119	110	140	124	93	58	75	39	## Ordonnancement
24	## Nombre de tournées
1	3	2	1	3	3	3	5	5	8	8	7	10	11	14	13	16	10	10	7	4	3	2	1	## Nombre de sites par tournée
2	## Tournée 1
18	14	150	## Tournée 2
109	77	## Tournée 3
16	## Tournée 4
9	41	17	## Tournée 5
66	121	12	## Tournée 6
141	57	10	## Tournée 7
98	34	143	35	54	## Tournée 8
29	122	136	63	20	## Tournée 9
82	96	138	56	107	137	130	11	## Tournée 10
100	65	64	86	43	144	42	1	## Tournée 11
33	90	83	25	126	105	26	## Tournée 12
6	129	85	131	21	79	134	132	72	60	## Tournée 13
99	112	7	125	37	47	46	70	24	48	49	## Tournée 14
32	95	67	13	92	69	147	23	78	15	40	146	84	28	## Tournée 15
5	50	94	62	101	55	30	44	76	74	106	51	123	## Tournée 16
4	87	19	142	113	120	80	135	111	36	8	118	81	102	114	45	## Tournée 17
89	3	22	133	145	71	31	53	73	68	## Tournée 18
139	52	104	61	115	88	127	108	116	91	## Tournée 19
128	59	148	97	149	27	103	## Tournée 20
119	117	38	110	## Tournée 21
140	124	93	## Tournée 22
58	75	## Tournée 23
39	## Tournée 24
