38945	## Somme des retards
1250	## Temps CPU (millisecondes)
27	73	95	60	89	5	1	92	62	32	30	99	24	44	76	33	67	65	81	19	36	52	56	53	10	71	86	14	57	79	85	94	46	84	66	43	54	98	88	55	96	74	75	70	41	20	47	45	48	8	100	11	82	16	23	21	6	72	77	42	2	7	34	91	49	63	90	22	37	9	29	4	83	17	64	78	15	38	93	58	59	12	97	68	25	61	3	51	28	35	69	26	18	39	87	40	50	31	80	13	## Ordonnancement
18	## Nombre de tournées
1	3	2	1	2	3	5	7	6	8	9	10	13	10	11	6	2	1	## Nombre de sites par tournée
27	## Tournée 1
60	73	95	## Tournée 2
89	5	## Tournée 3
1	## Tournée 4
92	62	## Tournée 5
99	32	30	## Tournée 6
76	67	44	33	24	## Tournée 7
52	65	36	53	56	19	81	## Tournée 8
10	71	57	86	14	79	## Tournée 9
94	66	98	84	54	46	85	43	## Tournée 10
88	75	41	47	55	96	20	70	74	## Tournée 11
23	16	8	45	11	48	21	6	100	82	## Tournée 12
34	63	91	90	22	77	42	2	37	7	9	72	49	## Tournée 13
4	17	93	78	15	29	64	38	58	83	## Tournée 14
69	51	12	28	61	25	68	3	97	59	35	## Tournée 15
26	87	40	18	39	50	## Tournée 16
80	31	## Tournée 17
13	## Tournée 18
