134180	## Somme des retards
4294967067	## Temps CPU (millisecondes)
9	130	52	51	142	62	11	76	45	34	125	71	100	57	43	123	75	68	134	38	33	48	88	56	42	114	117	25	14	29	87	144	24	132	15	2	59	55	37	128	145	31	102	39	19	98	137	124	44	82	95	99	53	129	119	91	133	150	23	109	21	97	8	22	108	112	118	73	67	138	101	6	139	27	4	104	86	20	120	141	13	69	64	60	127	65	113	47	116	79	18	78	121	122	83	107	92	49	94	85	106	146	81	105	77	70	7	74	135	58	126	80	143	66	5	93	35	148	30	63	46	17	84	136	40	140	149	61	131	28	50	32	72	36	26	1	41	147	103	115	54	3	12	90	110	89	10	111	16	96	## Ordonnancement
21	## Nombre de tournées
1	2	3	4	3	5	5	6	6	10	9	13	13	11	13	16	13	10	4	2	1	## Nombre de sites par tournée
9	## Tournée 1
52	130	## Tournée 2
142	51	62	## Tournée 3
76	11	45	34	## Tournée 4
100	125	71	## Tournée 5
43	57	75	68	123	## Tournée 6
88	38	33	48	134	## Tournée 7
117	42	25	14	56	114	## Tournée 8
144	15	29	87	132	24	## Tournée 9
128	37	19	39	145	59	2	31	102	55	## Tournée 10
82	95	124	137	53	98	44	99	129	## Tournée 11
112	21	8	150	91	108	118	109	119	133	97	23	22	## Tournée 12
20	120	141	4	138	86	104	6	27	139	67	101	73	## Tournée 13
64	116	69	113	127	79	65	13	60	47	18	## Tournée 14
105	107	146	106	121	85	83	122	92	94	78	81	49	## Tournée 15
58	80	74	66	93	7	63	143	77	70	126	35	148	135	5	30	## Tournée 16
17	131	149	46	136	61	140	28	84	72	50	32	40	## Tournée 17
147	54	41	103	36	115	12	3	26	1	## Tournée 18
10	89	110	90	## Tournée 19
16	111	## Tournée 20
96	## Tournée 21
