148926	## Somme des retards
690	## Temps CPU (millisecondes)
145	114	30	2	129	126	72	105	81	48	24	94	144	35	116	149	6	5	22	31	113	57	136	20	119	147	45	102	86	85	32	106	63	13	21	103	69	87	26	10	78	41	150	93	120	47	19	44	36	60	66	52	54	108	97	37	46	133	75	50	23	67	128	122	107	123	74	146	89	61	109	4	58	38	101	98	33	14	68	137	104	132	29	83	111	117	56	55	90	96	12	7	88	53	140	28	118	127	135	125	99	138	1	40	82	18	91	70	84	43	25	95	148	142	49	110	139	80	76	11	141	3	62	73	121	112	27	9	79	65	8	17	59	115	77	131	16	100	134	15	34	71	51	130	143	42	64	92	124	39	## Ordonnancement
22	## Nombre de tournées
1	1	2	1	4	3	4	7	6	5	5	6	9	11	14	15	16	16	14	6	3	1	## Nombre de sites par tournée
145	## Tournée 1
114	## Tournée 2
30	2	## Tournée 3
129	## Tournée 4
81	105	72	126	## Tournée 5
24	94	48	## Tournée 6
35	116	144	149	## Tournée 7
57	31	6	22	136	5	113	## Tournée 8
119	86	45	147	102	20	## Tournée 9
13	85	106	32	63	## Tournée 10
21	26	103	69	87	## Tournée 11
150	93	120	41	10	78	## Tournée 12
108	52	60	47	44	54	36	66	19	## Tournée 13
107	122	75	128	133	37	46	67	50	97	23	## Tournée 14
68	101	123	38	4	58	146	98	33	109	14	61	74	89	## Tournée 15
137	12	56	88	132	29	90	53	55	104	96	7	117	83	111	## Tournée 16
125	140	135	99	127	40	1	28	91	70	43	138	118	84	82	18	## Tournée 17
73	25	49	95	80	142	148	121	112	62	3	141	76	11	110	139	## Tournée 18
134	79	9	59	131	27	100	8	17	65	16	15	77	115	## Tournée 19
42	71	130	51	34	143	## Tournée 20
124	64	92	## Tournée 21
39	## Tournée 22
