149381	## Somme des retards
1125	## Temps CPU (millisecondes)
153	102	129	126	120	136	170	39	114	17	104	96	144	132	77	43	37	78	151	62	75	182	35	1	38	89	142	73	133	140	53	45	108	36	152	7	83	16	186	65	26	48	171	156	93	178	100	191	101	50	27	172	174	192	72	165	19	9	63	200	193	116	190	47	40	34	55	20	59	125	199	127	197	128	173	109	135	168	51	177	105	184	113	97	13	18	194	145	106	139	29	74	3	52	12	98	175	176	180	14	2	81	160	95	112	92	115	181	147	85	8	159	188	123	148	32	58	146	99	137	103	154	166	56	161	61	33	64	68	163	121	21	54	69	189	80	30	42	6	157	183	164	187	5	179	57	76	143	94	79	41	46	122	66	134	91	162	70	67	138	44	149	11	28	158	198	10	15	88	167	22	31	169	117	25	23	87	124	82	71	60	84	130	185	111	196	90	24	107	49	131	86	155	110	141	4	119	150	195	118	## Ordonnancement
21	## Nombre de tournées
3	1	3	1	4	3	3	6	8	11	10	14	13	13	18	19	18	23	16	9	4	## Nombre de sites par tournée
153	102	129	## Tournée 1
126	## Tournée 2
120	170	136	## Tournée 3
39	## Tournée 4
17	96	104	114	## Tournée 5
144	132	77	## Tournée 6
37	43	78	## Tournée 7
35	151	75	182	1	62	## Tournée 8
140	73	45	142	38	89	133	53	## Tournée 9
48	186	16	83	65	36	26	7	171	152	108	## Tournée 10
156	191	50	27	178	174	172	100	93	101	## Tournée 11
165	192	193	116	190	200	40	72	34	9	55	47	19	63	## Tournée 12
177	197	51	135	20	199	109	168	127	125	128	173	59	## Tournée 13
13	74	194	184	105	106	145	139	3	29	97	113	18	## Tournée 14
115	112	85	81	92	2	181	175	52	95	12	147	98	8	14	160	180	176	## Tournée 15
163	188	103	148	159	161	166	32	99	137	68	123	58	64	33	154	61	146	56	## Tournée 16
183	6	157	164	42	69	30	80	179	54	57	187	143	21	189	76	5	121	## Tournée 17
15	162	167	44	46	88	67	41	66	79	198	122	70	94	149	138	134	10	158	28	11	22	91	## Tournée 18
84	130	117	90	185	111	23	60	82	71	124	196	31	25	169	87	## Tournée 19
49	131	107	86	24	4	110	141	155	## Tournée 20
150	195	119	118	## Tournée 21
