37427	## Somme des retards
1590	## Temps CPU (millisecondes)
27	95	60	73	5	1	89	62	67	92	30	32	99	33	76	81	24	19	14	44	36	52	53	85	71	86	65	79	56	10	46	43	66	57	84	70	20	88	47	96	41	75	94	54	74	55	98	45	48	8	72	100	11	82	16	21	6	34	93	49	23	63	22	91	15	29	9	78	4	38	77	17	42	2	7	51	90	37	18	28	64	3	83	58	59	12	68	35	69	26	40	97	61	39	87	31	50	13	80	25	## Ordonnancement
17	## Nombre de tournées
1	2	2	1	2	5	3	7	6	8	10	10	10	11	11	8	3	## Nombre de sites par tournée
27	## Tournée 1
60	95	## Tournée 2
5	73	## Tournée 3
1	## Tournée 4
89	62	## Tournée 5
99	32	67	92	30	## Tournée 6
76	81	33	## Tournée 7
52	36	53	19	44	14	24	## Tournée 8
65	56	79	85	86	71	## Tournée 9
66	84	20	10	70	57	43	46	## Tournée 10
94	88	98	75	41	47	55	54	96	74	## Tournée 11
16	8	45	11	48	21	6	100	82	72	## Tournée 12
34	63	93	91	15	23	49	29	9	22	## Tournée 13
4	17	78	51	90	77	42	2	37	7	38	## Tournée 14
69	28	12	58	35	83	59	3	18	68	64	## Tournée 15
26	61	40	87	31	97	39	50	## Tournée 16
80	25	13	## Tournée 17
