74254	## Somme des retards
1860	## Temps CPU (millisecondes)
50	84	8	56	59	70	16	69	60	82	44	36	76	77	26	100	3	91	71	64	22	79	40	51	20	33	88	39	61	97	52	96	9	17	65	57	62	6	4	37	45	29	94	68	13	28	24	54	85	19	43	2	66	35	72	34	80	75	46	55	78	18	93	15	98	92	81	47	83	99	73	38	48	58	30	41	67	90	32	63	74	14	95	12	7	21	11	10	23	5	53	49	86	1	27	42	87	25	89	31	## Ordonnancement
22	## Nombre de tournées
1	1	2	1	1	2	3	2	2	1	5	7	7	7	10	10	11	11	8	5	2	1	## Nombre de sites par tournée
50	## Tournée 1
84	## Tournée 2
8	56	## Tournée 3
59	## Tournée 4
70	## Tournée 5
16	69	## Tournée 6
60	82	44	## Tournée 7
36	76	## Tournée 8
77	26	## Tournée 9
100	## Tournée 10
71	22	3	64	91	## Tournée 11
88	33	51	20	39	40	79	## Tournée 12
9	65	96	52	17	97	61	## Tournée 13
45	6	62	4	57	29	37	## Tournée 14
28	68	54	2	13	19	24	94	43	85	## Tournée 15
55	34	72	46	66	35	18	75	78	80	## Tournée 16
92	98	93	15	73	83	81	48	99	38	47	## Tournée 17
63	95	12	90	14	32	30	41	74	58	67	## Tournée 18
53	21	49	11	23	5	10	7	## Tournée 19
87	27	1	42	86	## Tournée 20
25	89	## Tournée 21
31	## Tournée 22
