270518	## Somme des retards
1930	## Temps CPU (millisecondes)
192	65	92	120	187	183	81	131	97	149	147	84	9	197	61	133	24	112	137	85	31	77	55	132	62	14	59	154	176	40	23	13	72	3	161	1	48	123	34	33	99	16	46	108	87	150	181	179	105	195	148	165	196	172	15	199	126	74	144	185	12	44	163	49	151	54	117	64	111	56	76	89	138	141	75	39	37	173	93	156	153	6	167	178	10	171	100	136	113	170	145	20	21	169	41	19	114	103	63	152	124	146	139	86	53	191	5	94	102	166	78	175	58	45	28	110	143	194	184	174	83	79	188	119	25	107	17	142	162	52	22	168	35	190	129	96	140	11	27	128	88	67	32	159	2	157	182	116	68	122	127	186	121	4	158	101	200	50	193	115	73	180	80	8	134	91	135	71	43	160	47	36	26	70	98	189	177	69	7	57	125	95	106	90	155	38	51	60	82	109	118	30	198	104	42	29	130	18	66	164	## Ordonnancement
25	## Nombre de tournées
1	4	1	1	3	4	4	6	6	9	11	11	8	10	15	15	16	16	22	16	9	6	3	2	1	## Nombre de sites par tournée
192	## Tournée 1
120	65	187	92	## Tournée 2
183	## Tournée 3
81	## Tournée 4
131	97	149	## Tournée 5
197	9	84	147	## Tournée 6
61	133	24	112	## Tournée 7
55	85	132	31	137	77	## Tournée 8
154	176	14	62	40	59	## Tournée 9
23	48	72	161	3	123	1	13	34	## Tournée 10
108	195	150	99	179	33	16	46	105	87	181	## Tournée 11
165	12	196	126	185	172	199	148	74	144	15	## Tournée 12
49	117	64	111	54	44	151	163	## Tournée 13
93	141	75	89	138	56	37	39	173	76	## Tournée 14
169	20	113	100	170	21	178	171	6	156	145	153	10	136	167	## Tournée 15
63	41	102	94	53	19	139	86	114	146	191	103	124	152	5	## Tournée 16
175	28	110	143	174	78	188	119	166	79	25	83	194	184	58	45	## Tournée 17
128	52	190	96	142	27	162	17	140	129	11	22	107	35	168	88	## Tournée 18
180	115	159	127	73	200	68	116	158	122	182	101	186	80	50	121	67	4	32	193	157	2	## Tournée 19
43	8	69	70	177	98	91	7	189	47	160	135	134	26	71	36	## Tournée 20
51	155	125	57	90	95	106	60	38	## Tournée 21
104	82	118	198	30	109	## Tournée 22
130	29	42	## Tournée 23
18	66	## Tournée 24
164	## Tournée 25
