153045	## Somme des retards
4294965242	## Temps CPU (millisecondes)
161	100	169	99	115	11	166	2	51	152	19	22	45	102	8	132	4	122	65	189	67	21	44	142	69	38	83	49	29	185	105	103	138	70	77	197	94	151	42	3	39	27	182	141	10	172	143	200	199	130	165	118	131	167	82	191	181	162	17	75	193	93	36	53	109	89	148	127	78	12	91	140	179	139	68	106	171	54	63	87	76	126	150	90	180	198	9	107	71	80	30	111	6	174	88	145	134	146	129	116	57	85	186	154	133	175	190	50	147	40	183	28	170	124	37	156	24	52	114	61	20	121	25	137	104	120	47	64	196	13	178	160	74	159	79	62	157	97	18	32	123	33	110	173	163	177	84	135	113	23	194	158	15	81	96	55	16	195	31	35	46	34	125	56	192	5	48	43	1	92	164	112	128	95	60	58	153	187	168	26	73	188	119	108	66	7	14	86	155	149	184	72	117	98	176	41	59	144	136	101	## Ordonnancement
25	## Nombre de tournées
1	1	1	3	3	5	4	3	9	8	9	11	10	15	18	16	18	20	17	14	5	3	3	2	1	## Nombre de sites par tournée
161	## Tournée 1
100	## Tournée 2
169	## Tournée 3
115	99	11	## Tournée 4
51	2	166	## Tournée 5
45	152	102	22	19	## Tournée 6
122	132	8	4	## Tournée 7
65	189	67	## Tournée 8
44	29	69	38	142	185	49	21	83	## Tournée 9
151	70	105	77	94	197	138	103	## Tournée 10
10	3	39	172	143	42	27	141	182	## Tournée 11
181	162	130	200	167	165	118	199	82	131	191	## Tournée 12
75	89	36	127	93	193	109	148	17	53	## Tournée 13
171	87	78	12	150	91	54	68	179	139	106	140	63	76	126	## Tournée 14
80	146	71	180	9	129	107	30	90	198	174	116	88	6	134	111	57	145	## Tournée 15
170	154	175	190	85	183	24	50	186	28	147	156	124	37	133	40	## Tournée 16
159	13	52	64	137	74	114	160	47	121	196	25	104	120	20	178	61	79	## Tournée 17
33	81	18	97	163	157	113	177	110	62	173	135	194	123	158	15	84	32	23	96	## Tournée 18
48	112	55	5	56	125	34	46	31	35	16	92	43	195	1	164	192	## Tournée 19
73	108	168	95	7	119	60	153	26	187	66	188	58	128	## Tournée 20
86	14	155	184	149	## Tournée 21
117	72	98	## Tournée 22
41	176	59	## Tournée 23
136	144	## Tournée 24
101	## Tournée 25
