148196	## Somme des retards
4294965887	## Temps CPU (millisecondes)
145	114	30	2	72	105	129	48	126	24	81	94	31	149	136	116	35	144	6	57	86	5	119	32	45	102	22	13	106	113	10	20	69	103	41	21	63	87	26	47	78	150	19	93	85	147	120	36	60	44	66	52	108	54	37	74	46	133	97	75	50	23	67	128	122	107	123	146	89	61	109	4	58	38	101	98	33	14	68	137	104	132	29	83	111	117	56	55	90	96	12	7	88	53	140	148	28	118	127	135	125	99	138	1	40	82	18	70	95	91	84	43	73	49	139	142	80	76	110	11	141	3	62	121	34	27	9	79	65	92	59	115	77	8	131	25	16	134	15	100	112	71	17	130	51	124	64	39	143	42	## Ordonnancement
19	## Nombre de tournées
2	2	3	5	4	5	5	4	9	8	8	11	13	15	18	12	17	5	4	## Nombre de sites par tournée
145	114	## Tournée 1
30	2	## Tournée 2
129	105	72	## Tournée 3
24	94	126	48	81	## Tournée 4
31	116	136	149	## Tournée 5
35	57	6	86	144	## Tournée 6
119	45	5	102	32	## Tournée 7
13	106	113	22	## Tournée 8
21	41	10	103	26	69	87	63	20	## Tournée 9
150	47	93	147	120	78	19	85	## Tournée 10
108	52	60	44	54	37	36	66	## Tournée 11
107	122	75	128	133	74	23	97	50	67	46	## Tournée 12
68	101	123	38	4	58	146	98	33	109	14	61	89	## Tournée 13
137	12	56	88	132	29	90	53	55	104	96	7	117	83	111	## Tournée 14
125	140	95	135	99	127	40	1	28	91	43	138	118	70	82	84	18	148	## Tournée 15
73	49	80	142	3	62	121	141	76	11	110	139	## Tournée 16
134	79	9	25	59	131	27	100	8	65	16	15	34	115	92	112	77	## Tournée 17
71	124	130	51	17	## Tournée 18
42	64	39	143	## Tournée 19
