47314	## Somme des retards
2000	## Temps CPU (millisecondes)
10	89	51	2	67	48	72	14	40	76	56	78	34	29	93	16	70	33	61	90	96	79	20	100	42	8	35	18	31	26	85	69	99	24	71	59	19	49	1	66	12	87	57	46	97	9	41	27	30	17	45	50	47	75	60	38	4	68	62	39	15	37	44	52	53	36	83	74	86	82	58	63	28	80	11	84	22	13	73	6	43	54	21	23	92	32	94	77	25	3	95	88	55	91	5	7	81	98	64	65	## Ordonnancement
19	## Nombre de tournées
2	1	2	1	3	1	4	6	8	10	6	13	12	10	10	4	4	2	1	## Nombre de sites par tournée
89	10	## Tournée 1
51	## Tournée 2
67	2	## Tournée 3
48	## Tournée 4
14	72	40	## Tournée 5
76	## Tournée 6
34	56	78	29	## Tournée 7
16	70	93	61	90	33	## Tournée 8
8	42	20	18	79	96	35	100	## Tournée 9
24	85	99	19	59	69	31	49	26	71	## Tournée 10
46	87	57	1	12	66	## Tournée 11
30	47	9	50	75	4	27	97	45	60	41	38	17	## Tournée 12
62	86	53	37	52	39	83	68	74	15	44	36	## Tournée 13
82	13	84	80	58	63	28	22	73	11	## Tournée 14
92	25	23	32	6	77	43	94	21	54	## Tournée 15
95	55	3	88	## Tournée 16
5	81	7	91	## Tournée 17
64	98	## Tournée 18
65	## Tournée 19
