115749	## Somme des retards
4294965917	## Temps CPU (millisecondes)
63	51	72	15	53	25	146	73	139	8	138	59	71	70	61	42	129	45	39	48	57	26	147	144	49	52	96	89	18	121	2	80	79	135	12	65	40	64	31	21	19	128	111	75	86	13	125	1	3	32	150	20	143	116	117	131	68	103	82	56	35	105	133	109	85	69	29	106	77	74	11	149	120	130	107	4	127	91	66	114	137	92	41	124	46	145	10	141	104	134	7	50	54	118	83	38	58	102	36	6	140	24	87	90	22	112	119	123	84	28	27	93	97	81	44	142	14	17	113	132	94	37	110	126	148	33	76	23	98	55	101	99	136	43	95	47	78	115	30	16	62	108	100	88	5	60	34	122	67	9	## Ordonnancement
24	## Nombre de tournées
1	1	1	1	2	2	5	2	2	4	3	7	8	10	10	10	14	14	15	18	12	4	3	1	## Nombre de sites par tournée
63	## Tournée 1
51	## Tournée 2
72	## Tournée 3
15	## Tournée 4
25	53	## Tournée 5
73	146	## Tournée 6
8	139	59	138	71	## Tournée 7
70	61	## Tournée 8
129	42	## Tournée 9
39	48	57	45	## Tournée 10
26	147	144	## Tournée 11
96	18	89	121	52	2	49	## Tournée 12
65	31	64	135	79	80	40	12	## Tournée 13
19	128	86	13	125	21	75	111	3	1	## Tournée 14
117	82	20	68	143	150	116	32	131	103	## Tournée 15
35	106	69	105	29	133	85	56	109	77	## Tournée 16
11	66	4	107	137	91	92	127	130	74	114	41	120	149	## Tournée 17
134	83	54	124	46	10	145	104	58	7	118	38	141	50	## Tournée 18
112	27	28	84	90	36	119	24	123	102	140	22	87	93	6	## Tournée 19
132	44	37	126	55	76	33	23	97	148	14	142	17	81	94	113	98	110	## Tournée 20
43	78	136	16	115	108	62	101	47	30	95	99	## Tournée 21
60	88	100	5	## Tournée 22
122	67	34	## Tournée 23
9	## Tournée 24
