127070	## Somme des retards
4294966802	## Temps CPU (millisecondes)
156	37	3	111	66	5	181	95	41	91	179	102	105	169	148	187	142	68	132	38	188	77	54	27	170	71	178	88	149	200	104	127	92	81	125	76	199	90	58	11	192	22	193	198	114	165	134	109	4	194	36	97	112	172	182	6	12	122	49	124	72	55	14	39	176	79	57	80	168	151	180	59	30	120	67	99	93	146	161	106	185	128	75	25	2	42	141	171	183	110	139	44	189	24	84	48	138	166	62	1	31	89	23	96	53	145	34	184	175	191	16	70	28	35	115	63	43	101	10	61	7	130	167	85	73	195	137	147	121	108	69	154	158	118	140	100	33	8	103	117	40	131	52	21	26	94	123	9	190	82	15	46	64	78	51	186	196	32	163	174	144	13	74	159	143	136	17	119	116	133	157	29	153	107	162	177	155	197	129	152	83	164	86	50	56	60	150	65	19	47	173	135	98	87	18	126	160	20	45	113	## Ordonnancement
23	## Nombre de tournées
3	3	3	3	6	6	5	8	11	12	14	11	17	14	19	19	20	12	5	3	3	2	1	## Nombre de sites par tournée
3	156	37	## Tournée 1
66	5	111	## Tournée 2
41	181	95	## Tournée 3
102	91	179	## Tournée 4
68	169	187	105	142	148	## Tournée 5
54	77	132	27	38	188	## Tournée 6
149	170	71	88	178	## Tournée 7
199	92	200	125	104	81	76	127	## Tournée 8
193	90	114	22	58	109	11	192	134	165	198	## Tournée 9
97	36	12	122	6	124	4	194	172	182	49	112	## Tournée 10
55	72	57	151	176	180	39	79	14	120	30	59	168	80	## Tournée 11
106	146	25	128	93	67	2	185	75	99	161	## Tournée 12
24	183	84	31	139	141	166	42	62	138	110	89	1	171	189	44	48	## Tournée 13
175	16	23	53	34	96	63	184	145	35	115	191	70	28	## Tournée 14
154	61	167	10	130	121	195	85	101	69	147	7	140	73	43	118	158	108	137	## Tournée 15
82	64	190	33	52	46	103	100	15	94	9	21	8	26	131	123	117	40	78	## Tournée 16
13	74	196	163	136	174	119	29	17	159	144	157	133	107	186	153	32	143	51	116	## Tournée 17
129	83	162	56	60	197	164	50	155	152	177	86	## Tournée 18
173	47	65	150	19	## Tournée 19
135	87	98	## Tournée 20
160	18	126	## Tournée 21
45	20	## Tournée 22
113	## Tournée 23
