69327	## Somme des retards
1600	## Temps CPU (millisecondes)
57	24	23	92	19	76	15	61	11	66	75	27	31	83	84	77	12	14	2	82	6	34	54	22	90	71	99	68	9	36	96	97	91	35	55	18	42	64	40	85	95	63	58	52	88	67	89	93	4	26	21	56	7	45	62	46	81	17	73	100	87	80	53	10	94	1	72	50	60	78	20	3	65	86	32	29	38	8	37	79	43	39	44	51	49	33	13	98	25	59	5	41	48	28	69	30	70	74	47	16	## Ordonnancement
17	## Nombre de tournées
1	4	3	4	5	8	7	6	8	8	13	11	8	5	4	3	2	## Nombre de sites par tournée
57	## Tournée 1
19	92	23	24	## Tournée 2
15	61	76	## Tournée 3
66	75	11	27	## Tournée 4
77	83	31	84	12	## Tournée 5
82	34	2	6	22	90	14	54	## Tournée 6
9	96	68	97	36	99	71	## Tournée 7
42	55	91	35	64	18	## Tournée 8
58	95	40	63	88	52	67	85	## Tournée 9
21	89	56	93	7	26	4	45	## Tournée 10
10	80	100	62	73	72	87	81	53	1	94	17	46	## Tournée 11
65	60	3	8	86	50	20	29	78	38	32	## Tournée 12
43	37	51	79	44	33	39	49	## Tournée 13
98	59	25	5	13	## Tournée 14
69	41	48	28	## Tournée 15
70	74	30	## Tournée 16
16	47	## Tournée 17
