121992	## Somme des retards
4294965272	## Temps CPU (millisecondes)
190	84	168	131	26	31	23	101	21	146	138	185	193	195	109	49	150	6	127	18	175	37	41	62	133	1	121	2	144	48	79	77	166	180	151	28	167	8	97	98	169	108	147	159	197	9	114	92	157	34	93	91	80	53	107	78	171	88	105	81	176	96	198	14	74	173	123	191	152	83	85	182	142	130	66	33	118	38	90	104	27	7	113	12	179	145	50	187	82	76	103	155	46	116	56	120	128	194	99	24	87	51	58	132	117	10	44	54	47	111	5	196	135	36	188	115	141	177	200	52	184	15	143	126	122	162	160	170	125	106	119	29	153	136	39	55	69	25	22	40	189	65	11	16	32	68	75	192	72	59	172	89	110	199	94	112	140	102	3	17	129	156	158	67	178	134	165	100	45	4	164	124	137	95	161	183	35	13	63	174	70	181	20	57	30	43	163	19	60	186	149	148	73	139	71	154	61	64	42	86	## Ordonnancement
26	## Nombre de tournées
2	1	2	2	4	4	5	7	7	8	8	11	10	14	16	16	18	19	17	11	8	4	2	2	1	1	## Nombre de sites par tournée
84	190	## Tournée 1
168	## Tournée 2
26	131	## Tournée 3
23	31	## Tournée 4
138	21	101	146	## Tournée 5
185	193	195	109	## Tournée 6
127	150	6	49	18	## Tournée 7
121	41	175	133	37	1	62	## Tournée 8
144	180	48	166	2	79	77	## Tournée 9
8	97	167	151	98	108	169	28	## Tournée 10
147	197	9	159	114	92	157	34	## Tournée 11
78	80	81	91	171	88	105	93	107	176	53	## Tournée 12
96	83	14	85	152	198	74	123	191	173	## Tournée 13
142	12	182	33	7	90	130	179	66	118	38	27	113	104	## Tournée 14
103	145	87	194	99	82	76	128	116	187	155	120	46	56	50	24	## Tournée 15
5	58	54	188	111	36	10	44	196	141	51	115	132	135	47	117	## Tournée 16
52	39	136	15	125	143	126	153	162	177	160	119	184	29	170	106	122	200	## Tournée 17
172	59	189	68	32	89	11	69	199	40	16	55	22	65	110	192	72	75	25	## Tournée 18
17	4	67	45	100	158	178	165	94	102	156	164	129	3	112	140	134	## Tournée 19
95	124	161	63	183	13	35	70	174	181	137	## Tournée 20
57	186	19	30	60	163	20	43	## Tournée 21
73	148	139	149	## Tournée 22
71	154	## Tournée 23
61	64	## Tournée 24
42	## Tournée 25
86	## Tournée 26
