175164	## Somme des retards
4294965742	## Temps CPU (millisecondes)
185	143	10	173	68	20	94	49	73	26	7	13	162	141	147	132	77	88	74	154	33	85	80	113	30	61	167	101	123	107	137	57	198	39	128	75	168	194	65	89	134	56	46	51	90	91	64	184	151	165	171	17	129	172	163	183	78	53	15	166	58	197	8	188	5	71	29	93	105	189	116	3	191	31	117	84	63	120	24	104	115	174	2	67	1	196	199	69	195	181	23	140	50	139	186	41	121	86	62	119	136	11	148	153	144	169	122	22	47	145	42	190	142	16	108	18	48	177	76	102	54	55	179	12	135	152	70	146	81	87	130	125	82	6	83	175	98	97	38	92	4	72	34	59	160	112	192	159	19	182	118	32	124	111	131	52	126	176	100	193	95	103	14	66	37	200	149	187	45	157	150	28	158	36	25	110	27	79	99	127	35	180	40	114	133	155	60	178	106	161	96	21	156	164	43	9	170	44	138	109	## Ordonnancement
25	## Nombre de tournées
2	2	1	2	4	3	5	6	7	7	11	9	11	14	12	16	17	17	19	15	10	4	3	2	1	## Nombre de sites par tournée
185	143	## Tournée 1
10	173	## Tournée 2
68	## Tournée 3
20	94	## Tournée 4
7	73	49	26	## Tournée 5
13	141	162	## Tournée 6
74	132	147	88	77	## Tournée 7
80	33	113	85	30	154	## Tournée 8
137	101	61	107	123	57	167	## Tournée 9
168	39	65	128	194	198	75	## Tournée 10
56	64	51	184	46	90	91	165	134	89	151	## Tournée 11
78	17	163	129	183	172	15	53	171	## Tournée 12
29	188	197	5	189	166	93	71	8	58	105	## Tournée 13
191	117	174	116	115	84	2	104	3	120	63	31	24	67	## Tournée 14
199	1	181	140	50	41	23	196	69	186	139	195	## Tournée 15
169	136	22	42	148	119	121	11	190	47	145	62	144	86	122	153	## Tournée 16
102	81	135	70	76	12	108	48	179	54	142	55	152	177	16	18	146	## Tournée 17
125	38	34	72	98	82	59	87	92	83	130	175	112	160	97	4	6	## Tournée 18
37	124	100	19	176	32	14	52	192	118	131	111	182	66	193	126	95	159	103	## Tournée 19
99	157	45	158	79	110	127	187	28	149	25	27	150	200	36	## Tournée 20
60	155	106	180	40	114	178	35	133	161	## Tournée 21
164	156	21	96	## Tournée 22
170	43	9	## Tournée 23
138	44	## Tournée 24
109	## Tournée 25
