153101	## Somme des retards
4294965432	## Temps CPU (millisecondes)
46	27	35	43	34	107	36	91	97	148	15	18	167	200	92	189	69	146	81	73	90	24	77	98	117	11	78	178	151	42	22	67	40	26	176	156	14	121	196	104	120	6	175	70	122	187	119	106	159	4	53	101	153	86	28	136	102	20	168	93	13	99	150	103	157	197	191	66	171	143	68	79	116	50	131	44	37	125	57	47	154	137	61	45	16	8	105	94	162	64	30	2	96	193	10	100	145	41	183	72	166	134	31	155	133	19	163	192	114	84	177	132	55	75	9	141	160	161	59	54	12	71	129	95	195	85	169	179	128	135	7	23	158	112	109	76	17	65	194	62	74	32	52	51	144	170	39	127	89	180	164	186	172	87	165	140	118	111	130	126	110	48	82	174	29	182	49	88	173	63	138	147	3	25	124	83	115	38	188	184	149	113	60	5	152	185	190	108	58	80	56	1	198	199	139	123	33	181	142	21	## Ordonnancement
24	## Nombre de tournées
1	2	3	3	4	5	6	6	7	9	9	10	11	17	16	16	17	17	19	10	5	4	2	1	## Nombre de sites par tournée
46	## Tournée 1
27	35	## Tournée 2
107	43	34	## Tournée 3
36	91	97	## Tournée 4
167	15	148	18	## Tournée 5
189	146	69	200	92	## Tournée 6
73	90	98	24	81	77	## Tournée 7
151	178	42	11	117	78	## Tournée 8
156	26	22	176	67	40	14	## Tournée 9
121	6	175	104	70	120	196	122	187	## Tournée 10
4	159	101	86	28	119	106	53	153	## Tournée 11
157	93	168	136	150	13	102	103	99	20	## Tournée 12
44	68	171	143	66	79	116	197	191	131	50	## Tournée 13
61	154	47	64	16	8	45	57	2	125	37	94	30	105	137	162	96	## Tournée 14
100	192	163	19	31	145	134	183	10	41	114	133	166	72	193	155	## Tournée 15
161	12	84	95	177	75	141	55	9	54	195	129	59	71	160	132	## Tournée 16
23	194	112	17	179	76	74	135	169	128	62	7	65	109	158	85	32	## Tournée 17
89	118	144	140	172	127	111	52	164	186	180	130	51	39	165	87	170	## Tournée 18
25	3	38	82	126	147	124	48	182	173	110	29	115	138	63	174	49	88	83	## Tournée 19
5	152	185	60	113	108	184	149	190	188	## Tournée 20
56	198	80	58	1	## Tournée 21
123	199	33	139	## Tournée 22
181	142	## Tournée 23
21	## Tournée 24
