180015	## Somme des retards
4294965217	## Temps CPU (millisecondes)
10	95	193	4	163	64	28	94	128	104	175	103	67	121	90	125	126	180	87	20	198	192	96	149	140	189	111	184	80	7	115	77	179	112	143	152	156	54	105	69	42	70	174	169	120	190	41	170	72	185	159	161	76	83	59	55	12	162	17	98	16	186	178	129	51	151	24	157	93	49	27	131	124	38	85	147	142	9	29	155	167	18	68	46	200	133	53	15	191	123	117	138	196	33	25	171	145	168	92	36	8	110	65	21	35	66	134	187	71	166	100	74	19	182	181	172	136	183	132	153	52	2	78	3	57	56	37	106	173	97	81	113	150	31	199	165	30	101	119	26	176	45	118	148	86	43	5	158	14	62	34	82	116	61	137	107	188	130	50	75	114	44	32	102	99	1	39	6	48	194	84	73	13	11	22	141	154	89	47	91	135	146	195	58	23	164	139	160	108	60	177	122	79	197	144	88	63	109	127	40	## Ordonnancement
24	## Nombre de tournées
1	2	1	3	2	2	4	4	7	6	4	10	13	11	12	14	19	18	19	20	18	4	3	3	## Nombre de sites par tournée
10	## Tournée 1
95	193	## Tournée 2
4	## Tournée 3
64	163	28	## Tournée 4
94	128	## Tournée 5
104	175	## Tournée 6
67	121	103	90	## Tournée 7
126	125	87	180	## Tournée 8
149	20	198	140	96	192	189	## Tournée 9
7	80	184	77	111	115	## Tournée 10
152	143	179	112	## Tournée 11
120	156	42	105	190	69	169	174	54	70	## Tournée 12
161	72	41	59	17	162	170	76	83	12	185	55	159	## Tournée 13
16	49	93	98	129	151	186	178	51	157	24	## Tournée 14
18	29	124	38	85	167	147	131	155	142	27	9	## Tournée 15
196	117	25	200	171	191	133	33	68	15	123	46	53	138	## Tournée 16
182	166	36	110	35	181	8	65	21	92	100	187	71	145	19	74	66	134	168	## Tournée 17
153	172	183	52	113	81	37	78	2	57	97	106	132	136	56	3	173	150	## Tournée 18
165	26	199	43	82	31	118	62	176	14	158	34	86	148	45	5	30	101	119	## Tournée 19
188	48	73	44	137	194	102	75	39	84	6	130	99	1	116	50	114	61	107	32	## Tournée 20
58	154	139	91	135	47	60	160	22	141	11	13	23	195	146	164	108	89	## Tournée 21
79	197	177	122	## Tournée 22
88	144	63	## Tournée 23
40	127	109	## Tournée 24
