122246	## Somme des retards
990	## Temps CPU (millisecondes)
42	55	128	107	77	89	109	5	68	117	36	57	144	129	17	27	46	50	78	130	116	15	139	21	134	53	73	38	8	47	24	83	103	60	149	121	67	69	48	7	91	13	146	84	52	14	61	131	18	98	41	142	135	136	106	70	93	120	28	72	141	113	76	138	44	63	143	88	54	111	31	58	29	40	37	56	49	105	124	23	114	35	119	33	26	51	145	59	102	133	137	126	30	101	132	19	65	74	79	82	62	3	71	39	87	32	2	22	95	92	110	115	9	64	10	86	45	85	140	148	127	122	4	1	147	99	108	90	12	16	75	96	80	150	112	123	94	125	100	97	118	20	6	43	11	104	34	66	25	81	## Ordonnancement
21	## Nombre de tournées
2	1	3	3	5	7	5	8	8	8	12	14	13	16	15	12	8	5	3	1	1	## Nombre de sites par tournée
55	42	## Tournée 1
128	## Tournée 2
89	107	77	## Tournée 3
68	109	5	## Tournée 4
129	36	57	117	144	## Tournée 5
17	50	116	46	130	78	27	## Tournée 6
15	53	139	134	21	## Tournée 7
38	47	60	24	103	8	73	83	## Tournée 8
48	149	91	67	7	69	121	13	## Tournée 9
98	52	146	84	14	61	131	18	## Tournée 10
120	113	93	72	106	28	70	135	136	41	141	142	## Tournée 11
58	143	76	56	40	44	54	63	29	138	111	37	31	88	## Tournée 12
51	49	23	35	26	105	119	33	145	102	114	59	124	## Tournée 13
62	71	39	87	126	79	65	101	30	132	19	3	74	82	133	137	## Tournée 14
64	10	115	85	9	95	92	22	148	32	86	45	110	2	140	## Tournée 15
12	99	1	16	108	90	127	75	96	122	4	147	## Tournée 16
97	150	112	123	100	125	94	80	## Tournée 17
43	6	118	11	20	## Tournée 18
66	104	34	## Tournée 19
25	## Tournée 20
81	## Tournée 21
