56906	## Somme des retards
10	## Temps CPU (millisecondes)
82	87	68	51	98	14	45	59	66	8	4	60	86	79	94	64	97	3	53	70	67	74	24	20	42	33	57	48	28	83	12	61	91	10	69	5	80	35	84	47	52	16	50	2	43	26	49	85	88	6	37	44	36	25	89	62	41	92	30	63	54	19	56	95	15	78	18	29	90	72	21	71	34	11	13	7	17	76	81	27	31	38	75	1	46	32	99	22	23	39	40	65	77	55	73	93	96	58	9	100	## Ordonnancement
19	## Nombre de tournées
2	1	1	1	2	2	1	2	3	3	7	7	7	10	11	14	16	8	2	## Nombre de sites par tournée
82	87	## Tournée 1
68	## Tournée 2
51	## Tournée 3
98	## Tournée 4
14	45	## Tournée 5
59	66	## Tournée 6
8	## Tournée 7
60	4	## Tournée 8
79	86	94	## Tournée 9
64	3	97	## Tournée 10
67	53	70	20	42	24	74	## Tournée 11
48	57	61	12	83	33	28	## Tournée 12
5	80	84	10	35	69	91	## Tournée 13
88	49	47	2	43	50	16	52	26	85	## Tournée 14
37	62	63	44	89	25	92	6	41	36	30	## Tournée 15
95	19	29	78	18	34	54	15	90	56	11	72	21	71	## Tournée 16
75	46	32	38	13	22	27	99	17	81	1	7	76	31	23	39	## Tournée 17
58	96	40	65	93	73	77	55	## Tournée 18
9	100	## Tournée 19
