86175	## Somme des retards
110	## Temps CPU (millisecondes)
37	29	129	205	160	213	53	79	71	88	50	207	102	124	204	212	228	128	226	196	47	134	171	140	146	172	151	11	101	173	76	30	43	132	206	166	68	223	158	200	94	38	81	231	119	175	126	162	13	227	152	229	238	49	169	98	164	176	149	153	210	42	216	35	104	107	72	125	27	161	48	209	51	7	19	103	159	34	16	89	199	143	235	135	147	122	14	73	33	55	40	133	36	2	74	6	54	75	246	121	215	203	225	156	211	190	179	248	155	232	64	117	41	25	243	97	163	193	1	21	93	197	198	57	181	145	77	178	67	4	154	65	183	118	83	62	84	95	31	137	61	78	23	234	142	233	18	116	189	12	112	217	150	111	245	99	70	131	249	237	224	208	96	236	191	115	139	170	63	250	66	100	240	39	56	239	168	230	17	91	244	108	80	59	113	192	44	22	120	130	186	46	165	241	201	60	247	219	86	214	180	127	138	85	92	148	20	58	32	110	182	188	28	202	221	194	5	24	52	218	69	195	15	242	174	109	144	141	8	105	106	184	185	157	87	114	220	177	222	3	45	123	82	10	187	167	26	136	9	90	## Ordonnancement
19	## Nombre de tournées
3	3	4	7	7	9	10	13	14	15	15	17	19	19	23	27	24	19	2	## Nombre de sites par tournée
129	29	37	## Tournée 1
160	213	205	## Tournée 2
79	88	71	53	## Tournée 3
102	207	124	212	228	204	50	## Tournée 4
226	140	134	128	171	196	47	## Tournée 5
43	146	151	76	101	11	172	173	30	## Tournée 6
68	158	206	166	94	200	81	132	223	38	## Tournée 7
119	162	227	238	98	126	231	169	175	49	152	229	13	## Tournée 8
107	149	72	176	42	125	164	216	153	27	35	161	104	210	## Tournée 9
209	147	143	16	48	89	135	103	51	199	34	7	19	159	235	## Tournée 10
122	73	246	14	6	133	2	55	74	121	36	54	33	40	75	## Tournée 11
155	41	215	64	190	179	232	211	225	156	203	243	117	97	248	163	25	## Tournée 12
21	57	154	193	145	4	198	83	181	183	77	178	118	1	197	93	65	67	62	## Tournée 13
18	78	111	12	61	150	84	233	217	142	23	31	234	116	112	245	95	189	137	## Tournée 14
115	139	70	191	236	131	208	96	237	249	230	66	224	240	63	39	170	56	250	168	239	100	99	## Tournée 15
201	60	241	192	80	46	130	44	180	108	247	138	86	113	219	85	127	17	59	120	165	22	92	91	214	186	244	## Tournée 16
58	69	15	8	141	188	109	144	24	110	202	218	182	20	242	28	148	5	195	32	174	194	221	52	## Tournée 17
123	157	82	184	106	3	167	114	177	26	105	87	222	220	185	187	10	136	45	## Tournée 18
9	90	## Tournée 19
