66559	## Somme des retards
0	## Temps CPU (millisecondes)
63	53	56	61	68	23	1	39	98	74	80	18	78	37	70	91	29	64	75	17	48	45	93	13	90	46	31	32	100	60	27	66	2	35	89	77	19	38	41	94	54	14	20	73	79	26	99	9	83	71	69	7	4	65	8	12	42	49	86	30	82	55	22	67	88	62	95	40	24	76	92	43	44	85	50	6	57	15	3	16	34	5	72	28	52	81	10	51	11	87	47	36	59	58	25	97	84	96	33	21	## Ordonnancement
14	## Nombre de tournées
1	2	3	3	7	6	8	10	8	10	12	15	13	2	## Nombre de sites par tournée
63	## Tournée 1
56	53	## Tournée 2
23	61	68	## Tournée 3
39	1	98	## Tournée 4
78	91	18	70	74	80	37	## Tournée 5
48	29	45	75	64	17	## Tournée 6
32	60	31	93	46	13	90	100	## Tournée 7
66	94	41	19	77	89	38	2	35	27	## Tournée 8
54	79	14	26	9	73	20	99	## Tournée 9
4	83	12	42	7	71	69	8	65	49	## Tournée 10
86	67	55	76	22	95	24	82	62	40	30	88	## Tournée 11
44	43	52	57	85	34	50	16	6	15	72	5	3	28	92	## Tournée 12
11	84	87	51	81	97	96	25	59	10	58	47	36	## Tournée 13
33	21	## Tournée 14
