45134	## Somme des retards
40	## Temps CPU (millisecondes)
115	5	52	76	138	16	48	142	32	132	79	147	105	82	143	10	20	29	58	85	78	21	70	69	13	3	101	150	118	4	86	107	43	54	22	26	129	55	30	42	77	53	111	34	56	65	139	126	117	38	33	44	39	27	62	97	89	19	66	93	37	114	125	83	144	24	130	87	121	28	49	123	128	95	104	8	145	110	103	72	35	36	102	75	45	96	98	6	119	140	11	133	100	137	120	127	17	122	88	113	40	64	109	148	134	94	31	106	149	57	47	2	68	81	18	60	74	59	67	61	73	25	124	63	116	12	146	131	112	1	90	108	71	136	91	99	46	15	92	135	14	7	50	23	141	41	80	51	84	9	## Ordonnancement
17	## Nombre de tournées
1	2	2	2	5	4	5	8	9	13	13	14	16	17	18	20	1	## Nombre de sites par tournée
115	## Tournée 1
52	5	## Tournée 2
76	138	## Tournée 3
16	48	## Tournée 4
142	147	79	32	132	## Tournée 5
82	10	105	143	## Tournée 6
29	85	78	58	20	## Tournée 7
13	3	70	118	21	150	69	101	## Tournée 8
55	26	86	107	43	22	4	129	54	## Tournée 9
42	38	56	139	65	34	126	33	117	30	111	77	53	## Tournée 10
125	19	83	97	27	93	37	114	44	39	89	66	62	## Tournée 11
95	144	130	28	104	110	121	24	145	49	128	123	8	87	## Tournée 12
137	103	72	75	35	102	45	140	119	11	98	6	100	133	96	36	## Tournée 13
127	57	64	47	88	40	149	17	106	134	109	148	31	113	122	94	120	## Tournée 14
81	67	12	146	18	73	59	74	116	2	68	131	25	63	61	112	60	124	## Tournée 15
41	7	136	51	23	80	15	14	1	108	135	141	99	90	84	46	91	50	92	71	## Tournée 16
9	## Tournée 17
