477201	## Somme des retards
200	## Temps CPU (millisecondes)
62	80	91	43	178	198	55	226	177	263	272	134	11	234	156	239	4	121	97	267	63	119	172	208	35	46	106	297	271	150	231	47	296	258	6	90	293	20	252	67	26	280	27	276	277	220	39	33	222	269	32	155	114	278	281	203	14	76	31	246	79	294	207	86	162	266	160	285	242	65	130	53	77	12	265	217	167	102	7	298	143	279	268	184	185	181	71	189	149	193	15	212	137	144	98	78	44	9	145	274	108	299	66	112	241	3	96	54	159	25	50	209	196	300	57	125	85	257	103	61	199	51	49	275	259	169	213	75	118	221	94	187	126	131	224	133	58	124	92	191	206	21	1	74	88	283	109	197	251	176	182	73	164	288	5	236	22	72	153	232	192	248	101	168	249	142	158	19	165	214	70	113	107	69	215	202	244	141	205	250	204	34	132	262	229	120	175	111	140	146	123	170	105	186	42	128	166	284	59	235	157	122	48	295	40	163	17	60	223	188	116	68	93	82	115	292	240	104	83	148	154	238	24	2	84	243	228	261	100	225	36	256	52	152	95	218	194	286	219	200	289	127	139	287	264	45	211	38	147	81	129	273	180	227	255	216	30	230	161	183	87	8	23	245	173	16	28	247	89	282	37	195	10	291	237	138	64	179	233	29	117	190	99	260	56	136	253	41	174	135	254	210	290	110	151	201	171	270	18	13	## Ordonnancement
29	## Nombre de tournées
2	1	1	2	1	1	1	2	2	3	3	4	4	7	8	8	12	12	16	14	18	20	19	21	25	27	28	22	16	## Nombre de sites par tournée
80	62	## Tournée 1
91	## Tournée 2
43	## Tournée 3
198	178	## Tournée 4
55	## Tournée 5
226	## Tournée 6
177	## Tournée 7
272	263	## Tournée 8
134	11	## Tournée 9
156	234	239	## Tournée 10
121	97	4	## Tournée 11
63	267	119	172	## Tournée 12
208	35	106	46	## Tournée 13
297	231	271	47	258	296	150	## Tournée 14
252	90	280	20	26	6	67	293	## Tournée 15
220	277	39	222	276	33	269	27	## Tournée 16
14	114	281	31	278	79	32	294	76	203	155	246	## Tournée 17
207	53	86	285	130	77	12	242	160	65	266	162	## Tournée 18
193	298	71	149	265	7	185	189	102	143	279	268	184	181	167	217	## Tournée 19
9	108	299	274	78	112	145	137	98	212	15	44	66	144	## Tournée 20
3	196	209	300	25	50	85	96	57	61	125	51	54	241	257	199	103	159	## Tournée 21
21	169	275	259	92	94	124	49	221	213	118	131	126	133	58	206	191	75	187	224	## Tournée 22
192	176	73	164	109	288	251	72	1	74	232	236	182	5	22	153	283	197	88	## Tournée 23
142	204	34	69	101	113	165	205	168	202	70	107	250	141	249	19	248	214	215	244	158	## Tournée 24
59	295	170	40	229	284	42	120	111	157	105	163	122	17	262	166	132	128	175	146	186	123	235	140	48	## Tournée 25
93	100	240	188	256	52	238	154	104	115	225	60	2	148	261	292	116	68	243	84	36	82	152	83	228	223	24	## Tournée 26
30	161	227	87	194	200	255	183	38	289	286	219	273	45	218	129	127	139	264	230	8	81	147	180	211	95	287	216	## Tournée 27
195	247	10	23	282	37	233	291	237	117	138	260	245	190	29	99	173	64	28	16	179	89	## Tournée 28
210	201	110	18	151	56	254	136	135	270	174	41	290	171	253	13	## Tournée 29
