352638	## Somme des retards
260	## Temps CPU (millisecondes)
234	54	168	20	95	161	230	222	223	103	9	163	241	43	130	112	201	173	27	30	99	198	235	247	117	150	250	220	180	100	56	63	48	59	195	141	134	147	32	78	53	152	1	246	83	40	10	24	139	153	120	144	18	178	135	33	26	233	96	69	231	190	70	186	206	184	71	28	38	6	226	52	200	158	236	211	169	25	67	127	72	229	138	123	156	41	165	210	2	177	3	11	131	125	19	188	155	170	243	55	242	228	175	74	50	85	45	185	181	143	124	98	215	36	79	216	115	60	75	151	121	49	196	128	7	81	199	207	171	237	136	44	197	122	213	118	57	248	97	218	82	29	13	114	89	15	92	148	146	16	108	22	88	208	34	91	102	65	162	245	39	172	84	116	21	37	133	107	239	203	31	132	110	93	51	232	106	209	17	101	167	164	76	109	160	87	194	192	204	4	189	176	105	145	77	8	154	12	142	182	90	126	73	174	5	219	217	140	66	94	240	238	137	35	113	221	64	23	214	183	224	61	159	149	227	80	193	129	249	42	166	212	244	202	68	86	187	179	119	46	58	205	62	47	14	225	157	104	191	111	## Ordonnancement
25	## Nombre de tournées
1	1	2	1	2	3	3	4	4	8	6	9	7	11	14	14	15	17	19	21	19	21	24	23	1	## Nombre de sites par tournée
234	## Tournée 1
54	## Tournée 2
168	20	## Tournée 3
95	## Tournée 4
230	161	## Tournée 5
103	222	223	## Tournée 6
163	241	9	## Tournée 7
112	201	43	130	## Tournée 8
27	173	30	99	## Tournée 9
150	198	250	247	220	235	180	117	## Tournée 10
195	48	59	56	63	100	## Tournée 11
53	78	141	246	134	147	152	1	32	## Tournée 12
139	120	40	153	24	83	10	## Tournée 13
233	178	190	26	96	144	69	231	18	33	135	## Tournée 14
52	186	70	200	28	38	6	226	211	206	71	184	158	236	## Tournée 15
165	138	169	210	72	25	127	229	123	67	156	41	177	2	## Tournée 16
19	242	125	131	155	175	188	11	243	74	3	50	55	170	228	## Tournée 17
98	115	151	75	60	36	79	49	85	124	185	215	143	45	121	216	181	## Tournée 18
122	171	81	136	128	82	213	57	248	7	97	207	118	199	44	196	237	218	197	## Tournée 19
39	162	13	102	89	148	114	172	146	22	108	208	88	91	15	65	34	29	16	92	245	## Tournée 20
133	84	101	232	107	106	21	239	93	132	51	37	167	209	17	203	31	116	110	## Tournée 21
87	189	145	194	164	204	4	90	160	142	176	12	154	105	8	182	109	76	126	192	77	## Tournée 22
219	183	94	149	227	5	159	113	73	61	174	221	240	23	66	238	214	137	35	64	217	224	140	80	## Tournée 23
179	166	244	104	47	14	191	129	58	86	42	62	225	119	212	202	187	68	46	205	157	249	193	## Tournée 24
111	## Tournée 25
