131498	## Somme des retards
60	## Temps CPU (millisecondes)
181	65	80	177	5	107	25	15	100	106	34	61	42	55	162	180	160	189	6	93	40	94	115	190	154	91	112	76	98	45	157	169	172	120	41	182	47	52	99	43	97	125	102	151	191	75	30	149	143	147	82	105	59	56	28	194	31	164	70	117	122	89	114	155	159	1	128	86	10	176	96	88	104	37	145	168	158	22	83	171	144	183	29	193	72	195	27	108	127	146	185	39	73	13	150	116	173	179	124	170	119	129	38	66	62	118	63	67	187	109	184	196	51	137	48	139	134	198	131	26	79	175	20	163	36	81	166	9	12	130	46	121	148	50	136	18	123	138	74	14	68	84	126	152	186	103	141	7	199	92	132	153	197	58	32	161	64	24	3	53	200	2	101	111	156	49	90	78	16	44	57	33	188	178	4	8	69	142	77	60	165	17	110	192	11	23	71	87	35	135	133	19	85	174	140	21	95	54	167	113	## Ordonnancement
21	## Nombre de tournées
1	1	1	2	3	4	4	7	7	7	9	10	13	14	16	16	23	21	21	18	2	## Nombre de sites par tournée
181	## Tournée 1
65	## Tournée 2
80	## Tournée 3
177	5	## Tournée 4
25	107	15	## Tournée 5
61	100	106	34	## Tournée 6
55	180	162	42	## Tournée 7
6	189	160	40	94	93	115	## Tournée 8
112	98	91	154	190	76	45	## Tournée 9
120	172	47	182	169	157	41	## Tournée 10
102	75	52	191	125	43	97	99	151	## Tournée 11
59	149	143	30	28	82	147	194	105	56	## Tournée 12
122	128	70	155	114	159	31	86	117	1	10	164	89	## Tournée 13
83	176	37	171	104	29	96	22	88	158	144	145	168	183	## Tournée 14
13	108	73	150	193	185	195	179	116	72	27	127	39	124	146	173	## Tournée 15
109	38	119	48	187	63	67	196	118	137	62	184	170	66	51	129	## Tournée 16
20	148	46	123	12	198	18	138	50	139	9	121	79	36	166	134	26	81	136	175	131	130	163	## Tournée 17
199	153	132	92	126	161	64	68	141	74	58	7	32	186	3	14	84	197	103	152	24	## Tournée 18
178	33	200	53	4	101	78	111	16	49	2	44	8	77	69	60	156	188	142	57	90	## Tournée 19
174	21	192	54	71	19	135	133	85	17	95	140	11	165	23	87	35	110	## Tournée 20
113	167	## Tournée 21
