138352	## Somme des retards
70	## Temps CPU (millisecondes)
131	141	94	220	24	69	238	176	144	164	127	10	68	159	52	115	53	31	30	42	93	149	134	84	145	123	4	3	161	60	85	108	239	103	177	152	39	27	189	245	61	23	179	50	217	147	200	208	183	82	48	158	235	206	210	198	148	213	224	246	218	17	169	219	11	124	1	214	49	216	6	229	125	87	37	83	211	72	55	110	196	191	202	150	86	143	121	63	241	168	25	221	178	250	101	100	204	139	130	56	156	187	57	199	248	205	172	51	46	76	215	96	5	67	247	181	120	126	65	28	133	119	47	35	166	142	232	89	138	165	222	186	26	170	227	77	173	154	71	223	21	12	14	203	64	237	116	226	92	242	184	22	43	104	188	73	44	38	207	117	62	45	153	15	228	185	225	79	136	135	193	137	40	114	231	29	91	240	111	163	54	88	112	98	113	171	33	81	106	249	182	80	234	151	194	95	190	2	230	128	66	74	146	192	8	132	109	175	180	19	78	16	243	105	36	7	167	41	155	102	201	160	58	162	97	13	18	157	174	233	99	244	59	32	20	236	122	209	212	195	90	197	75	118	129	70	107	140	34	9	## Ordonnancement
24	## Nombre de tournées
1	1	1	1	1	2	2	3	5	6	9	8	13	13	16	19	17	17	23	23	24	26	18	1	## Nombre de sites par tournée
131	## Tournée 1
141	## Tournée 2
94	## Tournée 3
220	## Tournée 4
24	## Tournée 5
69	238	## Tournée 6
144	176	## Tournée 7
127	164	10	## Tournée 8
52	53	159	115	68	## Tournée 9
93	31	42	149	134	30	## Tournée 10
145	108	4	84	161	85	60	123	3	## Tournée 11
177	39	239	245	189	103	152	27	## Tournée 12
158	183	147	208	217	50	61	235	23	200	48	179	82	## Tournée 13
11	206	210	198	219	148	169	246	218	17	124	213	224	## Tournée 14
83	55	87	214	229	72	196	191	49	110	211	125	6	216	37	1	## Tournée 15
202	204	168	143	241	121	250	150	139	63	100	25	221	56	156	86	101	178	130	## Tournée 16
187	5	248	181	76	205	247	172	57	215	46	199	96	120	51	126	67	## Tournée 17
142	166	165	138	232	227	65	170	222	28	186	89	47	35	133	119	26	## Tournée 18
116	77	173	73	223	104	154	237	242	21	226	92	184	12	14	43	203	22	188	64	71	38	44	## Tournée 19
135	231	111	163	54	117	40	137	240	15	153	185	225	29	45	79	136	91	228	62	207	114	193	## Tournée 20
171	182	151	81	128	249	192	146	98	66	74	190	80	2	194	8	33	88	234	230	95	113	106	112	## Tournée 21
36	157	41	201	58	132	180	155	162	19	102	16	160	174	7	243	78	175	18	97	13	109	99	167	233	105	## Tournée 22
118	20	212	75	195	140	197	70	107	34	122	32	90	236	129	209	244	59	## Tournée 23
9	## Tournée 24
