170248	## Somme des retards
60	## Temps CPU (millisecondes)
94	187	116	43	141	87	59	139	152	171	78	157	183	114	172	93	53	144	15	84	200	5	95	6	176	182	118	35	32	81	162	146	14	123	199	92	76	126	51	198	167	52	105	148	62	34	185	193	68	134	137	45	158	46	64	161	132	145	66	106	121	189	102	113	63	166	8	7	80	74	184	16	133	155	140	170	181	109	1	26	142	89	173	3	143	38	192	125	83	100	17	96	129	111	31	48	177	131	77	164	119	169	49	91	23	72	190	30	56	61	186	147	97	11	28	70	79	69	12	90	27	50	99	195	86	153	175	29	19	196	136	110	24	101	107	117	108	138	33	163	128	21	58	88	82	165	179	151	42	191	20	197	135	41	104	168	36	160	13	115	57	55	40	98	60	130	180	39	122	67	10	37	159	73	71	149	154	18	85	178	124	103	9	174	2	47	150	22	127	54	188	194	112	44	156	4	120	65	25	75	## Ordonnancement
22	## Nombre de tournées
2	1	1	1	2	2	3	4	5	5	9	8	10	13	14	16	18	19	20	21	20	6	## Nombre de sites par tournée
187	94	## Tournée 1
116	## Tournée 2
43	## Tournée 3
141	## Tournée 4
87	59	## Tournée 5
152	139	## Tournée 6
78	171	157	## Tournée 7
93	183	114	172	## Tournée 8
200	144	53	84	15	## Tournée 9
176	95	182	6	5	## Tournée 10
162	81	118	14	146	32	123	35	199	## Tournée 11
52	105	126	51	167	76	92	198	## Tournée 12
34	134	193	45	185	148	137	68	62	158	## Tournée 13
102	46	63	66	106	113	189	161	132	64	166	145	121	## Tournée 14
170	16	109	8	80	155	7	26	74	1	133	140	184	181	## Tournée 15
173	100	125	89	111	38	17	48	129	96	143	192	83	31	142	3	## Tournée 16
169	177	147	23	72	56	11	164	91	77	131	119	186	61	97	30	49	190	## Tournée 17
19	136	69	175	99	12	29	153	195	50	196	110	86	79	28	27	24	70	90	## Tournée 18
163	20	135	197	101	128	58	117	179	191	151	33	88	107	138	42	82	108	21	165	## Tournée 19
104	67	130	57	160	40	98	159	115	37	41	10	13	122	39	55	168	180	73	36	60	## Tournée 20
85	174	194	112	124	127	9	103	149	71	18	22	178	2	44	188	150	54	154	47	## Tournée 21
156	25	65	4	75	120	## Tournée 22
