84338	## Somme des retards
90	## Temps CPU (millisecondes)
3	36	135	28	119	150	145	22	181	42	5	124	172	148	32	157	160	117	186	131	1	98	68	103	65	61	79	167	175	76	39	67	178	24	58	136	37	106	138	129	8	192	197	19	45	154	21	13	78	152	20	16	33	50	142	128	57	84	86	158	80	43	94	99	199	107	49	121	114	196	179	182	187	166	109	162	125	46	155	64	132	141	176	38	52	174	139	190	101	69	163	74	97	189	104	23	95	60	191	92	62	185	70	18	14	96	108	137	15	77	118	75	111	116	54	48	11	188	153	173	177	115	169	44	55	31	91	2	170	105	171	194	164	73	123	110	200	26	87	133	165	193	30	146	102	53	140	122	156	17	10	168	134	126	88	100	66	40	27	195	29	6	151	59	93	198	82	63	127	35	180	51	41	12	7	144	71	72	83	130	112	89	47	34	183	147	113	149	4	120	56	85	143	90	184	9	25	161	159	81	## Ordonnancement
19	## Nombre de tournées
1	2	2	3	2	6	6	8	10	13	13	14	15	18	18	21	20	23	5	## Nombre de sites par tournée
3	## Tournée 1
36	135	## Tournée 2
119	28	## Tournée 3
145	22	150	## Tournée 4
42	181	## Tournée 5
157	5	32	172	148	124	## Tournée 6
131	160	117	186	98	1	## Tournée 7
68	79	167	76	65	175	103	61	## Tournée 8
136	67	58	24	106	178	129	37	39	138	## Tournée 9
16	154	45	192	21	152	197	19	78	20	8	13	33	## Tournée 10
128	107	158	80	94	86	99	142	43	50	84	57	199	## Tournée 11
46	109	121	187	162	114	196	155	182	125	49	166	64	179	## Tournée 12
141	189	139	190	104	97	101	174	38	132	176	163	74	52	69	## Tournée 13
18	70	15	185	60	23	75	191	77	14	118	137	95	108	96	111	62	92	## Tournée 14
2	116	169	44	11	105	31	115	153	173	55	188	48	91	177	170	171	54	## Tournée 15
123	53	146	156	140	200	26	10	30	193	165	133	73	87	110	164	102	168	122	194	17	## Tournée 16
59	93	35	180	63	100	88	29	127	134	126	151	27	51	66	198	6	195	82	40	## Tournée 17
143	147	71	184	144	72	34	90	12	149	113	47	83	85	4	7	183	89	41	112	56	120	130	## Tournée 18
159	25	161	81	9	## Tournée 19
