197584	## Somme des retards
120	## Temps CPU (millisecondes)
144	154	44	74	45	141	2	200	31	168	42	195	132	35	25	114	20	27	76	43	99	165	160	127	98	188	60	139	193	81	72	133	17	140	77	34	172	64	119	101	87	111	146	138	157	184	63	66	69	93	180	100	73	173	110	112	175	84	171	54	40	47	23	36	104	131	136	79	108	103	11	49	96	199	148	197	155	120	6	186	86	7	116	95	152	58	48	41	68	51	170	28	185	1	198	128	177	24	134	9	137	147	15	149	12	115	33	8	151	176	56	142	174	130	55	57	158	38	32	117	179	3	102	143	91	82	161	62	123	18	78	16	19	162	118	189	59	30	39	4	13	126	169	89	159	26	46	145	21	22	80	37	194	178	192	14	106	135	187	75	183	105	121	53	190	107	109	191	129	163	153	65	90	196	83	67	124	88	125	164	181	29	50	150	167	85	70	156	92	10	122	182	71	166	94	5	113	52	61	97	## Ordonnancement
20	## Nombre de tournées
2	1	4	2	4	4	5	7	10	9	12	10	15	15	16	16	23	22	17	6	## Nombre de sites par tournée
144	154	## Tournée 1
44	## Tournée 2
45	2	141	74	## Tournée 3
31	200	## Tournée 4
195	132	168	42	## Tournée 5
114	25	35	20	## Tournée 6
99	76	165	43	27	## Tournée 7
139	98	60	188	193	127	160	## Tournée 8
64	140	72	172	119	77	34	133	17	81	## Tournée 9
184	101	146	138	157	87	111	63	66	## Tournée 10
110	180	84	171	173	100	69	112	175	73	54	93	## Tournée 11
47	40	104	131	79	136	103	23	36	108	## Tournée 12
186	96	199	95	148	120	152	11	6	155	197	116	49	7	86	## Tournée 13
185	48	41	1	177	28	51	58	134	170	128	198	24	68	9	## Tournée 14
142	151	174	33	15	8	149	147	56	57	55	115	130	137	176	12	## Tournée 15
78	16	38	158	117	143	102	62	123	91	18	82	3	179	32	161	## Tournée 16
145	159	189	30	4	89	39	26	80	19	169	59	37	118	178	46	13	22	162	21	192	194	126	## Tournée 17
190	187	67	83	121	90	75	196	191	107	183	14	106	153	65	53	105	124	163	109	135	129	## Tournée 18
182	70	181	85	92	164	29	125	150	167	71	122	166	156	50	88	10	## Tournée 19
61	113	52	94	5	97	## Tournée 20
