94762	## Somme des retards
60	## Temps CPU (millisecondes)
22	138	127	34	74	101	50	139	142	112	45	109	81	123	71	68	2	117	3	99	131	116	43	13	118	77	26	57	1	73	105	128	149	124	143	51	29	66	27	39	136	108	60	37	114	65	144	102	67	80	35	126	132	95	90	140	125	120	31	93	11	92	42	76	137	36	46	106	33	21	122	19	91	24	12	41	25	94	97	7	86	82	16	58	14	64	115	30	113	107	38	55	47	145	83	134	10	6	104	18	69	141	8	59	146	61	100	129	88	56	5	96	32	9	20	78	53	89	121	49	70	15	17	62	54	98	75	87	135	52	110	23	111	72	148	130	48	119	85	4	79	44	40	63	133	147	150	28	103	84	## Ordonnancement
17	## Nombre de tournées
2	1	3	4	6	6	7	7	11	13	11	13	14	14	19	17	2	## Nombre de sites par tournée
22	138	## Tournée 1
127	## Tournée 2
74	101	34	## Tournée 3
139	142	112	50	## Tournée 4
109	81	71	68	45	123	## Tournée 5
2	99	3	117	131	116	## Tournée 6
77	1	57	118	43	26	13	## Tournée 7
143	73	128	149	51	124	105	## Tournée 8
39	136	29	144	108	65	66	27	37	60	114	## Tournée 9
31	80	102	125	120	35	93	90	126	140	67	95	132	## Tournée 10
137	122	92	11	106	36	33	21	42	46	76	## Tournée 11
16	25	91	94	7	19	82	86	12	24	58	41	97	## Tournée 12
115	64	10	113	83	14	47	38	55	30	6	145	134	107	## Tournée 13
100	88	5	96	146	8	69	56	104	129	59	18	141	61	## Tournée 14
20	78	135	110	52	49	62	87	9	98	15	54	75	89	32	70	121	17	53	## Tournée 15
133	79	4	40	85	72	28	150	63	44	130	147	119	148	23	111	48	## Tournée 16
103	84	## Tournée 17
