138757	## Somme des retards
120	## Temps CPU (millisecondes)
101	54	147	81	198	143	57	127	86	166	118	33	93	150	102	25	24	76	128	90	6	134	69	37	29	164	52	65	94	74	1	135	165	182	39	132	13	123	19	3	88	187	157	49	89	73	148	68	67	161	108	55	31	21	195	179	92	115	64	18	96	172	9	105	180	77	112	154	110	126	47	142	14	107	83	111	114	43	155	27	75	98	84	59	32	141	23	8	160	40	41	120	72	103	20	42	53	139	17	163	196	130	16	133	38	11	199	177	194	36	173	192	152	80	129	193	50	170	4	140	78	61	100	151	181	158	156	113	145	48	138	184	169	122	190	91	119	12	149	185	175	200	82	63	99	44	2	191	109	46	66	183	85	28	176	167	171	153	188	106	136	35	10	197	95	97	137	79	131	146	144	22	178	117	7	174	5	168	189	30	121	116	70	162	34	71	125	58	186	87	124	56	159	26	62	104	60	51	45	15	## Ordonnancement
22	## Nombre de tournées
1	1	2	1	1	2	3	4	8	5	9	10	9	12	13	15	17	16	23	20	18	10	## Nombre de sites par tournée
101	## Tournée 1
54	## Tournée 2
147	81	## Tournée 3
198	## Tournée 4
143	## Tournée 5
127	57	## Tournée 6
166	86	118	## Tournée 7
102	33	93	150	## Tournée 8
134	76	90	6	24	69	25	128	## Tournée 9
29	65	52	37	164	## Tournée 10
135	94	1	182	165	13	132	39	74	## Tournée 11
3	123	148	73	89	157	88	187	19	49	## Tournée 12
108	195	179	21	55	31	161	68	67	## Tournée 13
172	18	115	180	96	154	64	77	105	9	112	92	## Tournée 14
47	110	107	14	83	142	126	155	43	75	27	111	114	## Tournée 15
84	40	160	141	103	98	8	72	32	120	42	59	41	23	20	## Tournée 16
11	194	38	17	53	192	130	16	36	139	177	173	199	163	196	152	133	## Tournée 17
78	151	158	50	140	113	145	129	193	100	80	181	4	170	61	156	## Tournée 18
2	46	190	119	12	91	99	191	66	185	63	200	48	149	138	44	109	175	183	184	169	82	122	## Tournée 19
197	137	35	167	28	153	188	136	22	144	97	176	79	85	131	106	171	146	95	10	## Tournée 20
117	162	87	125	58	34	70	5	186	178	7	121	168	189	116	174	71	30	## Tournée 21
51	62	104	15	56	124	45	26	60	159	## Tournée 22
