206728	## Somme des retards
100	## Temps CPU (millisecondes)
198	37	16	142	25	39	167	49	123	41	30	5	67	101	60	151	13	7	112	134	120	69	119	47	82	44	176	80	2	192	106	157	76	156	172	164	126	31	53	187	136	131	149	161	175	20	185	45	188	159	138	29	54	3	137	79	27	186	173	125	115	62	118	35	87	88	190	170	72	197	200	181	48	195	58	24	113	191	55	97	22	93	96	124	70	34	6	155	158	150	92	33	14	141	194	59	12	166	36	139	10	21	122	61	19	57	26	174	1	99	74	103	15	17	183	95	46	38	121	109	108	168	133	86	107	128	90	100	64	145	132	75	152	135	84	73	144	199	127	78	140	154	98	9	56	102	129	130	105	104	143	179	65	42	178	32	153	94	50	160	111	81	77	177	182	171	63	146	23	189	165	28	163	68	110	147	116	162	196	148	89	91	114	117	51	180	184	71	85	193	66	18	83	40	169	8	4	43	52	11	## Ordonnancement
22	## Nombre de tournées
1	2	2	4	3	4	4	5	6	9	9	10	12	10	13	14	17	16	22	18	17	2	## Nombre de sites par tournée
198	## Tournée 1
16	37	## Tournée 2
142	25	## Tournée 3
49	167	123	39	## Tournée 4
5	41	30	## Tournée 5
67	151	101	60	## Tournée 6
112	134	13	7	## Tournée 7
120	69	47	119	82	## Tournée 8
176	2	106	192	44	80	## Tournée 9
53	31	157	156	187	164	76	172	126	## Tournée 10
149	161	45	185	175	20	131	136	188	## Tournée 11
173	54	79	27	137	186	138	3	159	29	## Tournée 12
72	170	190	115	125	200	118	62	35	88	197	87	## Tournée 13
195	181	97	113	55	22	58	191	48	24	## Tournée 14
96	6	124	33	14	150	70	155	93	34	158	92	141	## Tournée 15
21	10	57	12	19	122	194	59	61	139	166	174	36	26	## Tournée 16
86	38	168	183	121	46	109	1	133	17	107	108	74	99	103	15	95	## Tournée 17
145	127	128	199	100	84	78	152	135	73	90	75	144	140	64	132	## Tournée 18
42	81	77	56	104	154	105	153	111	129	65	98	50	143	32	160	102	94	9	130	179	178	## Tournée 19
146	162	148	63	163	68	147	89	116	165	177	182	23	196	189	28	110	171	## Tournée 20
18	51	180	85	91	4	83	117	66	40	184	169	114	43	71	8	193	## Tournée 21
52	11	## Tournée 22
