94281	## Somme des retards
0	## Temps CPU (millisecondes)
90	30	9	96	88	57	78	92	58	110	41	17	48	28	46	124	122	74	34	35	14	56	134	22	21	140	50	15	84	68	99	36	87	139	54	109	6	80	105	2	4	11	93	69	89	12	129	62	116	117	51	47	148	7	150	40	67	125	26	128	38	142	107	16	114	3	33	43	120	85	29	108	137	112	52	141	91	27	79	135	146	65	149	132	61	121	59	115	145	95	143	126	13	60	10	20	101	63	127	100	1	103	77	130	82	45	118	104	72	42	131	83	119	64	111	147	53	31	113	39	102	97	32	25	73	71	66	5	37	18	24	94	75	133	136	144	44	23	98	106	70	81	55	49	86	76	19	138	8	123	## Ordonnancement
16	## Nombre de tournées
1	2	2	3	5	6	8	9	11	11	13	13	18	17	18	13	## Nombre de sites par tournée
90	## Tournée 1
9	30	## Tournée 2
88	96	## Tournée 3
57	92	78	## Tournée 4
48	17	110	41	58	## Tournée 5
74	122	28	34	46	124	## Tournée 6
35	22	14	56	50	134	140	21	## Tournée 7
109	54	68	87	84	139	99	36	15	## Tournée 8
93	6	12	105	4	2	89	69	129	11	80	## Tournée 9
150	51	62	47	148	40	117	7	125	116	67	## Tournée 10
107	16	38	26	120	29	43	33	114	85	3	128	142	## Tournée 11
132	149	27	52	79	135	108	146	137	141	65	112	91	## Tournée 12
61	10	1	103	20	95	126	59	127	145	13	143	60	115	100	101	121	63	## Tournée 13
42	31	119	53	111	130	45	147	64	72	104	131	118	77	113	82	83	## Tournée 14
25	102	32	144	44	75	5	136	66	71	73	39	18	97	24	133	94	37	## Tournée 15
106	138	19	98	76	81	49	23	123	8	70	55	86	## Tournée 16
