37133	## Somme des retards
10	## Temps CPU (millisecondes)
59	20	100	97	3	48	66	8	64	4	52	16	95	21	32	49	82	88	75	40	45	43	23	86	29	51	92	74	33	87	85	11	47	15	80	61	12	18	37	96	24	1	41	78	62	13	36	5	81	38	25	93	42	65	77	83	55	58	54	76	26	6	79	31	94	63	35	22	60	27	14	57	84	39	46	30	34	89	28	19	99	98	56	72	67	91	50	68	90	17	73	7	44	10	53	2	9	71	69	70	## Ordonnancement
14	## Nombre de tournées
1	1	3	2	3	6	6	10	7	12	12	14	14	9	## Nombre de sites par tournée
59	## Tournée 1
20	## Tournée 2
97	100	3	## Tournée 3
66	48	## Tournée 4
4	8	64	## Tournée 5
49	52	21	32	95	16	## Tournée 6
45	88	40	82	75	43	## Tournée 7
87	29	92	86	23	33	85	51	74	11	## Tournée 8
61	15	47	80	37	12	18	## Tournée 9
13	96	25	24	36	5	62	38	41	81	1	78	## Tournée 10
54	26	83	93	76	6	77	65	58	42	55	79	## Tournée 11
46	31	39	30	84	14	94	34	60	22	27	35	63	57	## Tournée 12
28	98	99	67	90	50	17	89	56	19	73	91	72	68	## Tournée 13
10	69	71	53	9	2	7	70	44	## Tournée 14
