31068	## Somme des retards
20	## Temps CPU (millisecondes)
1	44	57	2	32	27	30	73	51	99	50	43	9	58	12	52	18	15	72	41	92	94	93	54	77	60	56	21	69	79	33	23	3	64	47	22	84	17	53	14	13	29	89	38	96	66	86	68	11	70	35	24	40	65	5	82	100	16	6	48	61	62	98	34	28	80	95	19	90	39	8	74	87	76	81	10	83	75	4	55	49	59	97	36	42	78	20	46	37	31	7	45	88	91	25	63	67	71	26	85	## Ordonnancement
13	## Nombre de tournées
2	4	4	4	7	7	7	11	12	12	14	12	4	## Nombre de sites par tournée
44	1	## Tournée 1
27	57	32	2	## Tournée 2
51	73	99	30	## Tournée 3
43	9	58	50	## Tournée 4
41	92	18	52	72	12	15	## Tournée 5
21	94	77	60	54	93	56	## Tournée 6
3	47	23	33	79	69	64	## Tournée 7
14	89	66	13	96	53	38	29	22	17	84	## Tournée 8
16	86	24	70	11	68	35	5	40	65	100	82	## Tournée 9
34	39	48	98	90	19	61	6	95	28	62	80	## Tournée 10
76	83	81	97	49	36	75	8	10	74	4	59	87	55	## Tournée 11
25	42	7	20	91	31	78	37	88	63	45	46	## Tournée 12
85	67	71	26	## Tournée 13
