479844	## Somme des retards
80	## Temps CPU (millisecondes)
296	104	80	186	262	20	265	293	24	289	157	188	51	48	139	282	66	63	243	15	135	171	68	109	26	300	96	35	1	233	129	277	160	222	177	16	46	162	174	128	281	299	36	127	100	217	286	120	71	252	295	183	145	224	55	89	23	235	113	39	7	272	149	67	182	225	279	92	27	110	49	249	22	154	54	197	125	288	76	82	147	117	231	191	240	239	53	18	116	152	165	236	103	173	86	207	93	64	274	121	155	124	91	47	206	164	77	273	214	201	6	87	181	57	237	232	247	50	13	245	3	263	4	52	220	159	30	106	151	285	38	209	43	132	158	219	83	179	81	226	143	283	107	45	264	204	138	134	70	144	44	122	130	298	9	11	257	228	276	266	268	184	170	193	85	254	271	176	95	78	246	244	167	74	32	205	185	278	163	153	56	65	84	12	73	234	238	270	126	202	21	118	251	61	97	29	261	292	101	133	2	198	142	112	146	31	211	123	221	280	253	192	259	269	256	195	156	40	119	79	212	115	169	227	287	60	267	58	275	59	99	187	62	216	25	14	8	196	166	172	230	28	88	10	75	178	140	161	223	284	297	105	34	150	290	194	137	168	208	19	41	114	72	102	258	190	210	291	17	189	108	242	175	229	141	42	294	69	218	5	37	200	213	255	180	90	215	33	131	260	248	94	250	203	241	98	199	136	148	111	## Ordonnancement
25	## Nombre de tournées
1	2	2	2	3	4	4	5	8	7	9	9	10	11	12	11	17	18	20	22	20	25	23	29	26	## Nombre de sites par tournée
296	## Tournée 1
80	104	## Tournée 2
262	186	## Tournée 3
265	20	## Tournée 4
293	289	24	## Tournée 5
48	157	51	188	## Tournée 6
139	66	282	63	## Tournée 7
135	15	243	68	171	## Tournée 8
35	96	1	129	26	109	300	233	## Tournée 9
277	160	222	16	177	46	162	## Tournée 10
127	281	286	217	174	100	36	128	299	## Tournée 11
295	89	183	145	120	55	252	71	224	## Tournée 12
39	235	7	23	182	149	272	67	225	113	## Tournée 13
110	54	92	125	22	27	49	154	279	197	249	## Tournée 14
117	288	147	240	82	18	191	231	239	76	53	116	## Tournée 15
86	64	93	165	274	121	103	173	207	152	236	## Tournée 16
124	247	6	91	181	87	155	206	164	201	47	273	237	232	214	57	77	## Tournée 17
132	209	245	38	30	285	220	159	4	13	50	158	43	3	151	263	52	106	## Tournée 18
44	264	45	70	143	219	122	134	9	107	283	298	204	138	81	179	226	130	83	144	## Tournée 19
257	276	205	254	170	246	11	193	32	184	176	185	268	244	228	95	78	167	266	74	85	271	## Tournée 20
84	97	251	29	261	12	56	153	238	202	118	126	65	163	21	270	73	61	278	234	## Tournée 21
79	211	123	195	212	101	280	221	2	156	133	146	259	112	115	253	40	292	269	198	31	142	192	256	119	## Tournée 22
75	60	216	59	172	267	230	58	10	25	169	287	166	62	196	187	14	28	227	99	8	275	88	## Tournée 23
208	102	189	223	140	229	290	284	150	72	161	17	108	291	297	178	105	19	258	194	114	210	242	175	168	34	190	41	137	## Tournée 24
250	294	131	255	200	241	90	33	37	5	148	94	260	248	98	136	199	203	42	141	213	111	69	215	218	180	## Tournée 25
