286284	## Somme des retards
110	## Temps CPU (millisecondes)
11	155	217	190	41	105	53	120	250	165	84	31	134	118	130	186	106	89	90	245	191	14	129	73	54	158	167	206	188	15	117	200	208	241	136	224	163	212	49	45	168	169	225	30	242	199	125	114	216	160	28	210	229	219	140	29	18	233	51	184	247	46	64	115	193	26	133	62	72	239	86	214	39	185	131	152	207	203	79	88	68	102	77	121	232	108	143	55	161	111	154	248	171	70	146	42	17	222	27	128	234	5	202	132	94	236	78	235	187	60	103	215	147	142	228	221	112	57	6	151	238	95	71	21	137	13	156	211	246	226	110	149	25	85	65	164	148	162	99	230	81	48	127	67	218	201	178	12	198	66	180	176	249	181	87	159	205	107	98	116	179	175	24	38	113	16	145	59	3	82	240	237	52	47	83	223	80	34	204	37	43	173	177	231	209	1	69	109	123	192	20	153	166	195	76	7	32	141	174	183	4	144	10	172	58	170	213	196	220	122	74	150	63	119	23	92	2	75	126	104	36	227	56	101	135	244	124	8	22	157	50	91	61	44	194	197	189	138	9	97	182	19	96	100	139	93	35	243	40	33	## Ordonnancement
23	## Nombre de tournées
1	1	1	3	3	3	5	6	9	10	9	11	14	14	17	17	20	18	25	21	23	18	1	## Nombre de sites par tournée
11	## Tournée 1
155	## Tournée 2
217	## Tournée 3
105	41	190	## Tournée 4
53	120	250	## Tournée 5
84	165	31	## Tournée 6
186	130	106	118	134	## Tournée 7
14	245	90	129	191	89	## Tournée 8
54	206	15	158	200	73	188	117	167	## Tournée 9
169	212	241	136	224	49	168	208	45	163	## Tournée 10
28	216	242	160	30	125	225	199	114	## Tournée 11
219	140	46	18	247	233	51	229	210	29	184	## Tournée 12
26	214	239	193	185	115	72	152	86	131	133	62	64	39	## Tournée 13
203	108	161	121	77	79	111	232	55	207	102	143	88	68	## Tournée 14
5	236	42	154	222	171	78	146	17	128	248	202	94	70	132	27	234	## Tournée 15
112	6	238	221	147	95	228	60	151	235	215	21	142	57	187	103	71	## Tournée 16
137	156	127	81	226	65	164	85	162	211	67	246	13	48	148	149	99	25	230	110	## Tournée 17
66	98	116	176	205	178	218	175	179	180	12	198	107	249	201	87	159	181	## Tournée 18
43	240	231	237	37	34	47	204	209	1	24	145	82	69	83	223	173	177	3	38	59	52	16	80	113	## Tournée 19
192	123	196	195	183	172	76	166	7	153	144	174	170	213	20	109	4	32	10	58	141	## Tournée 20
227	157	220	126	56	8	101	50	150	36	122	104	135	124	119	244	63	74	22	92	2	75	23	## Tournée 21
194	91	35	9	243	182	93	44	61	138	189	197	139	97	100	19	40	96	## Tournée 22
33	## Tournée 23
