114057	## Somme des retards
60	## Temps CPU (millisecondes)
29	25	120	27	47	112	72	95	26	88	159	104	195	15	149	157	5	167	75	45	8	179	133	196	50	172	16	106	22	76	163	12	192	140	124	36	150	102	17	142	105	80	69	146	158	18	116	171	90	101	60	49	100	125	97	190	56	143	193	89	155	44	147	135	103	42	2	83	178	156	166	188	123	51	70	152	96	66	191	198	78	84	28	46	65	7	98	54	121	55	53	63	200	134	160	115	126	184	199	109	38	122	117	132	64	93	161	10	87	108	74	3	119	162	154	37	194	43	168	35	94	114	34	67	113	73	13	6	59	52	182	79	127	131	175	186	111	189	39	130	23	183	33	197	20	61	144	136	177	138	58	176	24	153	77	19	181	11	145	21	187	99	169	118	30	31	40	81	57	91	4	85	185	170	141	137	1	110	165	107	129	92	71	174	151	139	82	14	48	9	173	164	62	41	128	68	180	32	148	86	## Ordonnancement
20	## Nombre de tournées
1	1	1	2	3	3	4	4	8	7	8	12	13	16	18	20	18	20	21	20	## Nombre de sites par tournée
29	## Tournée 1
25	## Tournée 2
120	## Tournée 3
27	47	## Tournée 4
112	95	72	## Tournée 5
159	88	26	## Tournée 6
149	15	195	104	## Tournée 7
75	167	157	5	## Tournée 8
172	196	8	133	50	16	179	45	## Tournée 9
12	140	192	163	76	22	106	## Tournée 10
17	124	102	105	142	150	36	80	## Tournée 11
90	158	116	69	18	49	101	100	171	125	146	60	## Tournée 12
56	135	42	190	44	147	97	193	103	143	155	2	89	## Tournée 13
28	188	66	166	51	191	78	96	70	178	83	123	198	156	152	84	## Tournée 14
54	7	200	115	126	38	199	109	46	121	184	55	160	63	65	134	53	98	## Tournée 15
132	108	64	87	43	94	35	37	194	154	117	93	161	74	168	122	119	162	10	3	## Tournée 16
186	73	182	39	175	111	59	114	52	131	67	34	189	6	79	113	127	13	## Tournée 17
58	145	177	23	11	24	181	144	197	61	176	20	183	130	138	19	153	33	136	77	## Tournée 18
57	81	1	21	30	169	137	85	185	91	141	165	118	110	4	107	187	40	170	99	31	## Tournée 19
148	174	71	173	32	41	68	9	62	92	86	48	129	14	151	180	139	164	128	82	## Tournée 20
