100856	## Somme des retards
40	## Temps CPU (millisecondes)
130	84	106	33	12	286	157	216	56	253	73	173	291	194	38	211	229	77	276	135	214	193	68	168	293	195	257	125	155	167	133	30	149	118	245	252	47	44	241	272	122	290	64	105	244	277	6	72	154	96	123	228	192	233	283	270	138	45	67	28	19	236	278	213	48	147	103	54	248	212	1	144	139	9	17	46	284	87	289	161	104	237	292	280	113	197	25	62	14	20	117	78	137	89	91	218	57	172	101	180	32	112	79	258	267	169	262	150	186	222	202	93	21	152	246	58	8	39	223	166	285	238	86	65	76	232	3	191	296	263	10	24	198	174	18	269	119	261	94	97	92	181	74	230	300	61	250	235	132	55	127	242	136	259	98	7	71	121	50	203	221	159	5	239	34	210	69	240	274	227	171	295	207	114	42	297	51	288	140	35	209	279	90	264	243	175	116	201	148	249	49	100	225	85	120	234	224	115	164	23	271	294	281	70	176	165	266	40	196	282	88	82	95	231	273	111	4	63	199	265	102	129	184	99	187	53	298	190	146	60	134	143	11	183	188	200	31	107	75	108	109	126	26	37	142	215	145	287	52	205	163	13	158	66	217	15	81	189	254	153	29	255	124	251	178	41	27	59	80	16	204	206	299	177	220	185	268	179	162	208	43	256	110	151	36	22	247	131	170	275	141	182	160	226	83	128	2	260	156	219	## Ordonnancement
24	## Nombre de tournées
1	1	1	1	2	2	3	4	4	8	9	10	12	14	16	19	18	21	25	26	25	28	27	23	## Nombre de sites par tournée
130	## Tournée 1
84	## Tournée 2
106	## Tournée 3
33	## Tournée 4
286	12	## Tournée 5
157	216	## Tournée 6
73	253	56	## Tournée 7
291	194	38	173	## Tournée 8
211	77	229	276	## Tournée 9
168	195	293	214	68	135	193	257	## Tournée 10
252	155	149	245	125	133	167	118	30	## Tournée 11
244	122	105	64	272	277	241	44	290	47	## Tournée 12
154	138	72	6	45	123	233	96	270	283	192	228	## Tournée 13
147	278	28	144	54	236	213	67	103	212	1	48	19	248	## Tournée 14
17	289	284	46	139	113	9	62	25	292	237	87	197	104	280	161	## Tournée 15
32	57	172	89	117	14	79	262	258	218	101	267	78	137	112	91	20	169	180	## Tournée 16
222	246	93	8	166	238	285	21	58	76	152	186	65	150	202	39	223	86	## Tournée 17
230	18	263	119	94	24	198	3	232	181	269	97	296	74	10	191	92	61	261	300	174	## Tournée 18
69	240	34	50	221	98	136	5	159	250	259	7	227	171	55	239	121	71	274	132	203	242	210	235	127	## Tournée 19
42	297	224	35	225	100	51	207	249	175	90	120	243	295	201	148	85	49	264	116	234	279	209	114	140	288	## Tournée 20
4	164	165	129	82	111	63	176	70	273	115	281	23	102	199	265	271	231	196	40	95	282	294	266	88	## Tournée 21
287	187	205	183	188	215	53	200	26	146	52	11	142	107	190	31	108	109	60	145	126	143	37	184	99	298	134	75	## Tournée 22
217	204	81	163	41	254	206	13	158	59	177	255	189	16	80	66	124	178	185	251	153	220	27	299	15	268	29	## Tournée 23
156	260	151	219	182	162	131	83	2	36	160	275	43	208	256	179	226	247	22	141	170	110	128	## Tournée 24
