399201	## Somme des retards
120	## Temps CPU (millisecondes)
272	67	200	293	178	227	33	30	190	228	31	292	69	165	295	230	45	73	164	181	243	97	223	209	158	133	277	50	92	72	129	123	249	288	16	37	284	241	191	82	83	252	17	10	285	80	100	38	204	8	183	126	107	173	251	6	19	110	176	282	120	153	136	189	245	47	213	275	170	235	205	119	138	24	186	210	198	225	85	219	105	70	54	149	246	3	159	248	116	177	270	247	232	84	155	65	52	57	96	102	23	163	32	1	168	63	269	297	62	262	104	48	2	26	90	294	160	179	211	103	108	161	196	187	162	113	142	125	78	240	28	13	131	79	256	218	229	66	114	81	43	75	197	172	289	14	195	77	151	203	9	59	127	15	88	267	280	144	236	180	242	106	27	35	146	132	278	40	221	231	56	74	61	273	299	226	152	139	281	217	259	258	93	254	150	171	154	29	95	145	199	112	134	276	44	60	157	130	18	55	239	265	216	53	174	253	194	21	296	141	214	193	283	201	128	279	121	215	89	115	4	291	220	68	20	182	290	51	137	22	264	238	167	202	212	11	71	185	25	255	87	261	222	156	233	12	7	99	287	169	58	257	147	98	117	39	34	268	109	111	101	300	250	298	207	135	124	263	206	94	208	36	188	286	42	143	224	234	166	5	76	118	175	192	271	46	184	260	140	122	91	266	274	49	64	148	86	41	237	244	## Ordonnancement
25	## Nombre de tournées
1	1	2	1	2	3	4	6	8	8	8	11	11	12	15	15	19	17	20	24	22	26	25	28	11	## Nombre de sites par tournée
272	## Tournée 1
67	## Tournée 2
293	200	## Tournée 3
178	## Tournée 4
33	227	## Tournée 5
228	190	30	## Tournée 6
69	292	165	31	## Tournée 7
230	295	73	181	164	45	## Tournée 8
209	50	223	277	97	133	158	243	## Tournée 9
123	92	288	249	16	129	37	72	## Tournée 10
82	17	83	241	284	252	191	10	## Tournée 11
100	173	251	8	285	38	80	204	107	126	183	## Tournée 12
189	176	120	245	136	110	6	47	19	153	282	## Tournée 13
275	235	24	198	186	205	138	213	225	119	210	170	## Tournée 14
246	105	219	85	159	247	177	149	232	54	116	3	270	70	248	## Tournée 15
65	23	269	84	1	168	63	155	163	102	52	32	57	297	96	## Tournée 16
104	161	179	113	142	48	187	108	196	160	26	103	62	90	262	294	162	211	2	## Tournée 17
43	66	79	78	256	131	13	75	218	240	172	81	229	28	125	197	114	## Tournée 18
59	203	127	106	9	236	151	15	289	144	88	242	280	14	180	27	35	77	267	195	## Tournée 19
93	139	221	217	259	281	273	299	74	254	61	152	171	132	29	56	258	226	40	231	154	150	146	278	## Tournée 20
141	21	216	44	60	55	265	194	53	276	296	199	18	130	157	134	239	145	174	95	253	112	## Tournée 21
202	283	115	264	182	20	220	51	4	11	137	238	279	68	214	212	128	193	201	121	290	89	167	22	291	215	## Tournée 22
109	101	98	147	233	25	58	268	99	287	7	156	39	71	255	261	117	185	12	257	34	87	222	111	169	## Tournée 23
76	140	184	192	298	250	36	188	263	175	206	135	208	94	286	224	260	166	46	124	234	207	42	118	143	5	271	300	## Tournée 24
122	41	244	91	237	148	86	49	266	274	64	## Tournée 25
