171163	## Somme des retards
80	## Temps CPU (millisecondes)
234	36	144	25	191	4	197	1	112	111	156	167	75	145	244	102	62	50	160	185	122	18	218	177	199	198	51	21	181	193	97	140	188	60	126	67	131	165	221	168	241	107	146	247	232	123	106	133	40	52	237	33	113	80	9	42	58	47	223	205	208	71	37	88	225	53	43	73	226	153	83	190	138	90	154	66	136	148	134	176	183	55	20	130	31	173	135	3	103	203	78	72	235	93	105	245	219	77	14	45	220	29	172	124	215	204	7	35	250	159	212	115	84	26	68	76	194	202	227	210	182	98	246	192	163	214	228	229	114	121	158	54	8	187	41	119	170	206	48	27	5	132	161	15	104	147	224	34	249	57	16	213	155	243	169	175	108	137	100	164	195	200	32	10	56	28	120	178	238	110	142	139	222	2	86	89	38	87	44	17	189	150	125	141	129	143	231	248	117	180	211	151	196	184	116	24	30	216	236	81	118	70	64	127	101	82	74	13	63	39	152	166	96	11	94	65	157	59	209	46	61	174	49	22	186	217	233	179	171	128	12	79	239	230	201	162	240	207	6	109	92	95	23	242	69	85	149	91	99	19	## Ordonnancement
22	## Nombre de tournées
2	2	3	5	4	5	6	7	8	9	10	14	16	17	17	18	22	24	22	26	12	1	## Nombre de sites par tournée
234	36	## Tournée 1
144	25	## Tournée 2
191	4	197	## Tournée 3
1	111	156	167	112	## Tournée 4
102	244	75	145	## Tournée 5
185	50	122	160	62	## Tournée 6
51	18	177	199	198	218	## Tournée 7
181	21	140	60	188	193	97	## Tournée 8
241	67	221	165	131	168	107	126	## Tournée 9
106	232	123	247	52	133	40	237	146	## Tournée 10
113	33	9	223	80	205	42	208	58	47	## Tournée 11
73	90	190	37	138	88	153	154	71	83	43	226	225	53	## Tournée 12
176	55	135	134	136	183	148	203	20	103	3	130	78	66	173	31	## Tournée 13
105	72	7	220	235	172	45	215	77	204	93	245	14	35	29	219	124	## Tournée 14
84	182	210	68	194	163	202	115	98	250	26	76	227	246	212	159	192	## Tournée 15
8	170	114	132	5	214	121	161	119	54	228	229	41	187	206	27	48	158	## Tournée 16
57	243	104	200	249	164	155	169	34	56	224	195	100	16	213	108	147	10	175	137	15	32	## Tournée 17
248	150	86	139	89	117	28	143	238	38	178	222	120	44	87	129	2	141	125	189	142	231	17	110	## Tournée 18
82	64	101	196	152	70	211	180	74	127	13	216	236	81	24	118	184	30	116	39	63	151	## Tournée 19
171	230	174	217	186	61	96	201	12	94	162	65	49	166	128	240	179	239	59	22	209	46	233	11	79	157	## Tournée 20
95	85	91	23	6	99	242	207	69	109	92	149	## Tournée 21
19	## Tournée 22
