65506	## Somme des retards
10	## Temps CPU (millisecondes)
149	16	138	87	144	2	50	116	115	102	88	99	51	111	10	17	107	60	38	31	40	20	130	32	9	108	5	148	45	106	127	105	132	123	29	84	112	48	70	25	53	93	6	131	134	82	44	142	1	103	125	121	72	33	140	14	73	22	36	26	43	136	15	119	11	143	133	34	3	78	55	35	139	150	117	46	126	145	135	122	76	13	63	92	114	90	83	104	65	57	12	49	81	110	85	54	75	128	41	47	4	79	27	100	7	28	95	71	30	69	59	118	146	19	98	137	101	42	141	97	61	86	124	58	109	129	91	77	18	64	120	94	39	24	80	23	67	89	52	8	56	37	113	68	74	96	66	147	21	62	## Ordonnancement
20	## Nombre de tournées
1	1	2	1	1	1	1	3	4	5	7	9	10	13	14	16	16	19	19	7	## Nombre de sites par tournée
149	## Tournée 1
16	## Tournée 2
87	138	## Tournée 3
144	## Tournée 4
2	## Tournée 5
50	## Tournée 6
116	## Tournée 7
115	88	102	## Tournée 8
10	99	111	51	## Tournée 9
107	31	60	38	17	## Tournée 10
32	9	5	40	130	108	20	## Tournée 11
29	123	148	45	106	84	132	127	105	## Tournée 12
53	48	134	82	25	131	70	6	93	112	## Tournée 13
14	121	73	36	1	22	140	72	33	44	103	125	142	## Tournée 14
26	133	55	11	139	136	35	119	78	143	15	34	43	3	## Tournée 15
92	114	150	145	126	76	122	83	13	46	117	104	135	65	90	63	## Tournée 16
100	49	75	57	81	4	128	54	79	7	47	85	12	110	27	41	## Tournée 17
86	42	137	97	30	118	58	124	61	95	98	71	59	101	146	69	141	28	19	## Tournée 18
52	80	120	113	56	67	129	37	64	39	91	89	18	8	109	23	94	24	77	## Tournée 19
68	147	74	62	21	96	66	## Tournée 20
