62534	## Somme des retards
0	## Temps CPU (millisecondes)
19	71	49	97	52	72	63	29	96	67	42	43	35	100	81	7	83	18	88	66	16	92	1	13	57	64	4	89	93	15	77	38	8	76	94	14	37	60	84	65	50	85	41	44	33	91	45	55	79	58	78	32	2	95	46	61	47	28	54	69	62	36	74	40	10	27	98	6	31	86	25	80	12	21	39	82	68	53	70	75	22	34	73	99	23	51	48	87	24	5	9	11	26	30	20	17	59	56	3	90	## Ordonnancement
15	## Nombre de tournées
1	1	2	2	4	6	4	7	6	8	11	11	15	13	9	## Nombre de sites par tournée
19	## Tournée 1
71	## Tournée 2
97	49	## Tournée 3
52	72	## Tournée 4
29	67	63	96	## Tournée 5
43	100	42	81	7	35	## Tournée 6
66	18	83	88	## Tournée 7
64	92	1	13	16	57	4	## Tournée 8
15	89	8	93	77	38	## Tournée 9
94	84	37	14	60	76	65	50	## Tournée 10
41	85	58	91	32	79	33	44	45	78	55	## Tournée 11
95	28	2	54	61	46	47	69	36	74	62	## Tournée 12
27	6	80	25	86	10	82	53	98	31	12	39	21	40	68	## Tournée 13
22	87	70	99	23	48	51	73	34	9	24	75	5	## Tournée 14
56	17	59	20	26	90	11	3	30	## Tournée 15
