307227	## Somme des retards
370	## Temps CPU (millisecondes)
100	77	161	158	264	103	225	210	220	238	134	293	192	145	65	183	261	116	279	107	218	85	16	30	176	79	280	216	204	130	11	289	180	91	189	205	237	83	22	110	5	133	111	297	207	277	170	252	139	90	250	14	44	94	45	182	294	171	72	132	154	163	193	19	167	291	142	92	17	270	239	13	273	230	290	188	227	35	255	284	223	55	174	295	248	206	88	84	211	18	66	2	124	191	122	202	155	151	12	43	15	136	281	256	299	135	217	59	249	95	48	98	121	106	254	101	53	232	87	57	269	104	226	82	262	62	267	9	276	196	166	194	173	272	215	153	263	300	251	67	28	228	150	126	127	172	74	258	187	156	287	99	208	143	47	298	49	144	241	52	224	247	6	242	63	214	184	1	27	266	231	233	165	286	186	190	20	41	96	36	229	97	75	212	26	21	159	81	160	162	213	179	39	76	56	3	58	46	119	169	141	201	244	33	222	198	25	288	51	4	125	178	24	37	197	115	29	199	175	7	253	73	34	240	275	102	113	219	140	236	38	78	177	64	86	282	278	123	80	71	292	109	68	157	149	257	93	259	168	23	10	69	70	148	112	105	296	283	268	271	108	234	61	138	181	152	203	42	274	185	221	260	54	147	50	131	32	209	60	114	129	146	245	117	235	8	246	128	195	164	200	40	118	31	285	265	243	89	137	120	## Ordonnancement
27	## Nombre de tournées
1	1	1	1	1	3	3	3	5	5	7	7	9	10	10	16	11	16	16	20	20	26	26	26	27	24	5	## Nombre de sites par tournée
100	## Tournée 1
77	## Tournée 2
161	## Tournée 3
158	## Tournée 4
264	## Tournée 5
225	210	103	## Tournée 6
238	220	134	## Tournée 7
192	293	145	## Tournée 8
261	279	65	116	183	## Tournée 9
30	218	16	107	85	## Tournée 10
130	11	216	79	204	280	176	## Tournée 11
289	91	83	189	237	180	205	## Tournée 12
22	111	207	297	110	170	277	133	5	## Tournée 13
45	182	294	90	94	44	252	14	250	139	## Tournée 14
291	72	132	142	154	163	19	171	167	193	## Tournée 15
174	227	35	223	13	17	230	255	273	239	290	270	284	55	188	92	## Tournée 16
2	18	211	191	248	124	206	295	84	66	88	## Tournée 17
256	299	135	122	249	59	155	281	217	15	95	151	12	202	136	43	## Tournée 18
121	106	53	226	57	82	262	254	87	232	48	98	104	269	101	62	## Tournée 19
9	263	127	153	150	126	228	194	196	267	272	276	300	251	215	172	173	166	67	28	## Tournée 20
6	99	143	187	144	258	74	287	47	49	63	242	241	247	224	156	214	208	52	298	## Tournée 21
212	36	286	190	26	233	165	75	97	231	1	266	213	41	159	160	81	162	20	21	179	96	229	184	27	186	## Tournée 22
222	25	199	33	37	198	39	56	119	4	201	125	29	24	141	197	115	244	51	288	76	178	169	58	46	3	## Tournée 23
253	278	175	78	34	236	157	68	71	292	38	140	7	86	64	123	73	240	109	275	219	102	282	80	113	177	## Tournée 24
149	257	259	274	108	181	221	296	23	168	42	10	234	93	61	185	148	112	268	152	105	69	70	283	271	203	138	## Tournée 25
54	147	129	128	8	200	260	40	118	245	131	50	195	246	31	235	285	117	114	209	60	164	146	32	## Tournée 26
89	243	137	120	265	## Tournée 27
