237700	## Somme des retards
140	## Temps CPU (millisecondes)
274	126	196	104	124	51	22	199	223	13	50	168	254	182	262	230	43	151	99	282	75	105	123	287	153	187	293	264	278	190	37	251	226	292	106	277	209	41	252	156	23	208	109	80	136	98	178	85	300	227	177	276	112	78	141	3	154	176	164	161	137	122	127	155	228	33	49	158	107	134	289	11	224	229	139	205	88	128	204	218	8	159	157	144	68	142	63	220	288	221	180	61	201	10	130	215	165	4	83	163	259	149	57	212	77	170	9	231	26	87	59	5	171	84	12	94	25	210	27	30	191	174	18	256	234	2	92	211	271	70	162	147	167	36	232	263	44	160	239	55	21	35	74	270	297	169	194	40	54	250	103	185	31	45	58	119	60	121	198	146	249	193	295	117	111	90	89	97	286	219	188	28	255	294	217	213	96	69	189	268	82	64	233	91	296	34	38	125	237	53	281	42	115	195	257	52	235	120	138	172	184	245	175	266	241	62	203	140	202	15	114	299	66	298	143	216	267	1	101	290	118	279	283	225	133	192	207	46	291	102	197	258	243	148	129	269	150	236	20	265	116	100	81	247	166	214	113	179	272	242	222	56	280	32	186	145	108	248	79	183	273	152	95	73	275	86	132	173	39	135	29	93	200	76	19	24	244	261	14	16	48	253	72	7	246	238	71	285	6	260	47	110	67	240	131	65	17	206	181	284	## Ordonnancement
26	## Nombre de tournées
1	1	1	1	1	2	3	4	5	7	7	8	10	13	14	16	17	19	20	20	22	27	28	29	22	2	## Nombre de sites par tournée
274	## Tournée 1
126	## Tournée 2
196	## Tournée 3
104	## Tournée 4
124	## Tournée 5
22	51	## Tournée 6
199	223	13	## Tournée 7
168	182	254	50	## Tournée 8
99	151	43	262	230	## Tournée 9
75	153	287	187	123	282	105	## Tournée 10
37	293	251	190	278	226	264	## Tournée 11
277	106	41	209	23	252	292	156	## Tournée 12
227	98	208	109	80	177	178	85	300	136	## Tournée 13
137	276	155	127	141	164	176	122	112	161	3	78	154	## Tournée 14
228	205	11	128	229	49	33	289	139	134	88	224	158	107	## Tournée 15
204	157	218	220	159	288	63	10	201	8	61	221	144	142	180	68	## Tournée 16
57	163	130	9	212	165	83	59	259	170	231	215	4	87	26	77	149	## Tournée 17
234	30	210	18	191	25	171	2	92	271	211	27	174	12	5	94	84	256	70	## Tournée 18
297	239	54	44	36	263	74	162	35	147	270	169	40	232	21	167	194	160	55	250	## Tournée 19
31	295	286	60	193	89	45	58	198	90	97	219	146	121	185	117	103	119	249	111	## Tournée 20
53	188	233	96	255	82	294	189	281	268	69	64	28	38	42	213	34	91	237	217	296	125	## Tournée 21
184	66	143	62	202	15	52	245	101	267	114	298	138	235	216	203	115	266	140	120	172	195	1	299	257	241	175	## Tournée 22
102	197	283	81	192	207	20	166	290	214	129	148	46	243	225	100	150	265	269	291	247	118	113	279	116	258	236	133	## Tournée 23
248	186	132	95	135	145	29	86	73	108	152	183	32	24	173	93	275	79	280	200	242	56	76	272	222	19	39	273	179	## Tournée 24
240	131	71	14	253	67	7	17	246	238	261	16	110	48	260	72	206	285	47	6	244	65	## Tournée 25
181	284	## Tournée 26
