281261	## Somme des retards
200	## Temps CPU (millisecondes)
113	278	95	142	236	281	97	110	186	83	198	283	293	163	170	118	217	224	84	13	49	59	53	78	30	3	24	299	254	119	15	66	2	151	256	252	192	43	215	112	133	147	93	240	277	45	89	159	211	152	288	226	287	143	106	117	137	72	266	99	165	298	155	296	184	194	221	190	114	61	237	156	41	19	214	203	282	259	276	17	270	91	248	36	37	70	238	102	178	261	223	264	40	286	94	230	177	262	48	80	28	208	144	23	62	38	207	104	33	73	219	108	279	191	284	5	258	250	275	9	265	57	145	244	131	150	295	64	111	227	212	172	232	269	267	134	60	92	233	136	25	127	169	138	105	20	11	245	249	130	188	220	149	123	21	146	46	242	168	206	74	63	222	255	77	291	12	216	195	82	39	196	292	22	54	182	58	86	193	34	52	76	167	124	126	290	26	153	199	201	154	51	7	42	251	103	32	161	231	285	8	289	71	75	280	187	181	44	27	180	246	50	139	10	135	247	175	179	274	218	115	122	79	140	173	81	14	4	65	69	160	162	116	29	272	229	225	241	67	210	6	47	129	101	100	228	234	209	148	109	271	141	171	87	174	243	235	120	96	98	85	185	1	121	68	164	56	200	35	31	268	107	18	253	132	55	128	202	176	157	90	158	239	125	166	297	260	213	189	183	300	257	204	88	197	294	263	16	205	273	## Ordonnancement
24	## Nombre de tournées
1	1	1	1	2	4	6	9	8	9	10	11	11	16	14	18	17	22	24	23	24	26	30	12	## Nombre de sites par tournée
113	## Tournée 1
278	## Tournée 2
95	## Tournée 3
142	## Tournée 4
281	236	## Tournée 5
186	110	83	97	## Tournée 6
163	283	293	198	118	170	## Tournée 7
84	49	217	30	78	224	13	53	59	## Tournée 8
254	119	3	2	24	15	66	299	## Tournée 9
112	256	133	147	215	151	252	43	192	## Tournée 10
226	89	211	45	93	152	277	288	240	159	## Tournée 11
266	99	117	72	165	298	287	143	155	106	137	## Tournée 12
237	114	61	194	190	184	41	19	221	156	296	## Tournée 13
248	214	17	37	102	282	178	261	270	238	91	203	259	276	36	70	## Tournée 14
28	48	80	40	144	208	286	223	23	262	264	230	94	177	## Tournée 15
279	191	33	275	265	104	250	38	9	207	284	258	5	62	57	73	219	108	## Tournée 16
212	145	111	232	150	269	134	244	172	64	60	233	227	92	295	267	131	## Tournée 17
188	11	138	20	206	21	242	127	123	136	220	25	249	245	146	130	169	168	74	149	105	46	## Tournée 18
22	124	86	255	77	292	193	52	82	63	196	182	126	76	291	222	39	12	58	216	195	54	34	167	## Tournée 19
153	199	7	8	231	181	251	290	201	51	154	103	280	187	285	42	75	44	161	26	289	71	32	## Tournée 20
65	122	218	160	81	247	14	135	27	10	115	162	274	179	69	139	4	175	246	140	180	173	79	50	## Tournée 21
225	101	6	29	171	243	109	116	271	241	47	229	235	100	210	148	141	228	272	234	174	209	87	67	129	120	## Tournée 22
268	121	185	128	98	56	164	260	31	297	202	157	18	213	253	176	1	132	68	85	90	158	35	55	166	239	96	125	107	200	## Tournée 23
204	183	294	88	205	197	300	263	16	257	189	273	## Tournée 24
