182417	## Somme des retards
140	## Temps CPU (millisecondes)
224	123	214	63	5	16	244	133	22	21	115	232	41	6	172	94	81	35	204	25	92	91	14	156	155	76	78	184	3	96	227	179	189	151	86	113	38	163	243	13	167	149	80	222	186	154	58	79	124	203	67	54	2	108	181	160	9	119	53	17	162	231	171	134	217	1	237	128	242	20	140	77	87	104	23	198	118	209	207	66	61	74	110	106	46	4	55	90	42	213	188	185	220	72	39	102	117	165	145	137	83	19	191	107	105	82	215	158	210	195	127	182	70	249	146	168	239	166	138	241	36	194	103	229	233	236	88	196	121	32	200	10	206	101	89	197	235	212	48	27	45	125	75	247	176	122	169	8	64	136	97	183	192	57	68	143	161	141	246	130	180	208	142	18	114	226	24	201	85	29	147	221	248	116	170	159	71	230	59	216	7	40	47	228	218	132	129	49	164	178	95	234	205	99	250	60	15	111	26	31	223	69	98	131	193	65	152	177	43	62	157	126	30	112	153	245	135	173	84	11	219	33	100	12	44	93	240	174	56	190	52	175	150	238	34	139	187	199	73	144	120	225	51	37	148	28	202	109	211	50	## Ordonnancement
23	## Nombre de tournées
1	1	1	2	1	5	3	6	8	8	11	11	13	14	15	15	21	23	21	24	26	16	4	## Nombre de sites par tournée
224	## Tournée 1
123	## Tournée 2
214	## Tournée 3
5	63	## Tournée 4
16	## Tournée 5
133	115	244	22	21	## Tournée 6
6	232	41	## Tournée 7
25	204	35	172	81	94	## Tournée 8
184	76	92	14	91	155	156	78	## Tournée 9
86	96	113	179	3	189	151	227	## Tournée 10
163	167	80	13	154	38	186	58	222	149	243	## Tournée 11
108	9	203	124	181	79	160	54	119	2	67	## Tournée 12
53	20	162	171	17	242	1	237	140	231	217	134	128	## Tournée 13
46	23	207	77	118	104	198	66	74	106	87	61	209	110	## Tournée 14
220	213	42	185	102	188	4	39	72	165	55	137	145	90	117	## Tournée 15
70	210	19	215	82	249	195	105	146	158	191	107	83	182	127	## Tournée 16
121	168	89	36	194	32	233	241	236	138	229	101	10	196	200	88	166	197	206	239	103	## Tournée 17
48	246	75	136	212	122	45	183	64	141	235	169	8	161	176	97	68	125	143	57	27	247	192	## Tournée 18
130	180	201	29	248	142	71	226	208	116	221	216	159	147	170	230	24	18	85	114	59	## Tournée 19
131	69	47	49	31	223	228	250	7	234	178	111	164	60	98	218	26	15	132	95	99	129	205	40	## Tournée 20
33	100	245	157	193	44	112	93	84	153	174	152	11	177	43	30	56	240	173	126	62	190	219	65	12	135	## Tournée 21
28	225	199	187	238	34	37	120	73	52	139	51	150	175	144	148	## Tournée 22
109	202	50	211	## Tournée 23
