52120	## Somme des retards
30	## Temps CPU (millisecondes)
86	99	69	114	129	138	27	103	134	147	119	128	42	133	97	25	108	56	95	105	30	19	132	89	57	14	82	111	63	62	29	24	15	137	94	8	96	130	87	135	120	81	78	71	79	123	124	33	93	55	64	67	113	45	54	127	17	88	4	150	125	80	91	85	40	36	83	115	145	118	140	49	104	11	101	148	10	110	16	9	84	73	28	75	122	21	77	48	131	5	37	100	35	112	32	70	92	142	144	146	46	38	41	12	90	20	98	59	1	107	102	39	136	66	47	58	61	34	53	13	3	26	143	141	74	149	44	139	109	18	76	7	43	22	52	60	72	23	106	50	65	116	121	6	2	126	31	117	68	51	## Ordonnancement
20	## Nombre de tournées
1	1	2	1	1	3	2	3	4	6	8	11	10	12	15	15	20	19	13	3	## Nombre de sites par tournée
86	## Tournée 1
99	## Tournée 2
114	69	## Tournée 3
129	## Tournée 4
138	## Tournée 5
103	134	27	## Tournée 6
119	147	## Tournée 7
128	42	133	## Tournée 8
108	25	56	97	## Tournée 9
30	95	105	132	19	89	## Tournée 10
63	111	14	62	57	82	24	29	## Tournée 11
130	94	96	81	120	15	137	87	8	135	78	## Tournée 12
93	113	55	33	71	64	79	124	123	67	## Tournée 13
91	80	17	4	88	150	127	40	125	54	85	45	## Tournée 14
10	115	104	16	148	110	9	83	11	140	145	36	49	101	118	## Tournée 15
35	122	100	32	5	37	84	77	21	48	112	73	28	131	75	## Tournée 16
12	92	41	66	90	39	47	46	142	70	146	59	38	20	102	144	1	98	136	107	## Tournée 17
139	3	26	143	149	34	58	22	53	18	61	109	7	43	76	74	141	13	44	## Tournée 18
72	65	116	126	52	23	50	6	60	2	106	31	121	## Tournée 19
117	51	68	## Tournée 20
