224610	## Somme des retards
40	## Temps CPU (millisecondes)
193	128	104	190	77	26	78	194	23	171	25	146	110	59	191	45	66	97	125	11	184	116	119	20	92	63	76	122	14	178	40	177	180	145	172	179	10	51	112	141	157	70	198	79	175	41	138	7	183	47	90	120	136	91	131	135	134	139	189	151	168	162	18	94	24	58	163	149	169	133	129	197	144	196	186	123	65	127	17	96	155	161	3	42	182	82	108	140	30	50	158	81	33	73	126	98	95	100	160	57	154	159	174	52	19	9	21	22	43	2	38	164	15	31	29	109	53	156	44	60	195	102	150	88	114	101	68	46	188	124	35	148	130	56	200	113	28	181	107	8	121	49	61	87	54	72	34	147	32	75	143	173	142	27	69	105	117	55	16	74	6	192	137	86	48	166	132	4	36	185	170	153	93	99	176	37	115	89	83	67	152	187	106	103	39	71	199	167	85	84	80	62	118	111	5	165	64	12	13	1	## Ordonnancement
23	## Nombre de tournées
1	2	1	1	2	2	2	4	4	8	8	7	10	11	14	13	14	16	19	18	21	21	1	## Nombre de sites par tournée
193	## Tournée 1
104	128	## Tournée 2
190	## Tournée 3
77	## Tournée 4
78	26	## Tournée 5
23	194	## Tournée 6
25	171	## Tournée 7
191	146	110	59	## Tournée 8
97	125	45	66	## Tournée 9
11	119	20	116	92	184	63	76	## Tournée 10
145	178	14	172	177	180	122	40	## Tournée 11
70	179	51	157	10	141	112	## Tournée 12
7	47	79	138	183	90	120	175	41	198	## Tournée 13
131	91	162	134	136	18	135	168	151	139	189	## Tournée 14
149	169	58	123	129	186	163	144	94	197	133	24	65	196	## Tournée 15
42	30	17	50	140	161	3	96	108	82	155	182	127	## Tournée 16
126	81	158	154	160	100	73	52	159	57	174	98	33	95	## Tournée 17
21	44	22	29	9	15	164	38	156	43	2	109	19	60	31	53	## Tournée 18
101	88	200	68	28	124	148	35	107	114	181	188	130	56	46	150	195	102	113	## Tournée 19
54	121	49	75	61	32	105	117	142	8	34	72	143	173	69	27	87	147	## Tournée 20
55	99	93	37	137	192	48	153	176	74	89	170	86	115	185	16	132	166	4	6	36	## Tournée 21
165	13	80	62	64	5	12	199	83	85	106	39	111	67	152	71	103	187	118	167	84	## Tournée 22
1	## Tournée 23
