97636	## Somme des retards
70	## Temps CPU (millisecondes)
19	45	6	124	22	65	80	97	87	122	138	12	29	42	10	141	117	105	16	47	27	70	7	127	139	134	52	46	63	24	20	106	110	96	95	34	147	71	128	73	114	8	149	131	31	90	28	40	83	49	33	112	92	53	135	21	136	41	107	145	14	88	148	1	111	17	125	94	75	60	79	93	44	38	104	98	25	118	129	116	137	76	69	58	150	15	64	84	113	140	85	108	51	101	123	121	109	9	133	100	2	68	72	143	142	36	39	56	99	43	77	54	78	74	103	4	11	130	120	50	86	3	18	82	37	48	132	62	81	13	119	5	23	89	91	66	26	59	32	115	144	146	55	30	57	102	61	126	67	35	## Ordonnancement
20	## Nombre de tournées
2	2	2	2	2	4	3	3	7	6	9	9	12	13	13	16	21	13	8	3	## Nombre de sites par tournée
45	19	## Tournée 1
124	6	## Tournée 2
65	22	## Tournée 3
97	80	## Tournée 4
87	122	## Tournée 5
12	138	29	42	## Tournée 6
10	117	141	## Tournée 7
47	16	105	## Tournée 8
27	7	127	134	70	139	52	## Tournée 9
63	110	106	46	20	24	## Tournée 10
71	96	34	147	8	95	114	128	73	## Tournée 11
33	40	131	90	31	28	83	49	149	## Tournée 12
53	107	88	14	41	136	92	21	148	112	145	135	## Tournée 13
104	1	98	60	17	44	111	125	75	79	38	93	94	## Tournée 14
116	113	84	15	76	25	64	129	118	150	69	137	58	## Tournée 15
101	121	100	9	51	143	85	123	68	133	2	140	142	108	109	72	## Tournée 16
82	86	18	56	36	74	103	130	4	3	77	39	48	78	120	50	11	54	37	43	99	## Tournée 17
5	26	81	91	13	66	59	62	119	89	23	132	32	## Tournée 18
55	115	57	30	144	61	146	102	## Tournée 19
35	126	67	## Tournée 20
