44110	## Somme des retards
40	## Temps CPU (millisecondes)
13	5	48	37	67	79	38	47	69	14	65	57	78	56	50	31	46	33	87	76	61	49	17	20	44	41	27	63	73	11	51	88	55	66	80	64	99	9	19	3	74	84	90	54	96	28	10	23	100	21	4	43	45	32	92	52	15	81	12	30	8	26	22	62	35	75	71	89	34	6	59	40	24	18	16	85	91	36	82	53	58	25	29	68	1	72	98	42	39	86	93	2	83	77	70	97	95	60	7	94	## Ordonnancement
15	## Nombre de tournées
1	2	1	3	3	4	5	8	11	12	8	12	16	11	3	## Nombre de sites par tournée
13	## Tournée 1
48	5	## Tournée 2
37	## Tournée 3
67	79	38	## Tournée 4
47	69	14	## Tournée 5
56	65	78	57	## Tournée 6
87	50	31	33	46	## Tournée 7
27	17	20	49	76	41	44	61	## Tournée 8
51	55	88	11	99	63	80	64	9	73	66	## Tournée 9
21	96	3	28	74	84	23	54	100	19	90	10	## Tournée 10
15	81	4	52	43	32	92	45	## Tournée 11
89	30	26	34	35	12	75	22	8	71	6	62	## Tournée 12
16	36	58	85	53	1	25	72	29	59	91	68	24	82	18	40	## Tournée 13
77	95	97	93	42	86	2	98	83	70	39	## Tournée 14
60	7	94	## Tournée 15
