106679	## Somme des retards
80	## Temps CPU (millisecondes)
183	104	137	12	51	229	262	76	136	16	97	245	143	71	40	293	7	110	141	132	138	86	298	266	277	198	214	184	146	109	252	273	157	181	202	274	127	195	119	60	50	68	43	101	128	250	111	95	285	94	63	5	13	73	254	166	216	209	32	241	244	151	26	246	106	155	191	291	102	160	79	231	280	27	92	226	255	65	114	164	162	249	14	89	107	147	188	295	176	201	290	213	275	85	57	203	158	296	287	123	83	292	232	4	125	117	204	99	30	96	205	1	144	108	9	276	168	88	170	24	45	135	156	41	91	113	142	265	131	186	163	234	105	197	237	279	82	185	208	236	84	8	67	74	207	10	21	173	2	59	145	37	52	272	178	190	271	212	169	25	23	98	218	268	93	240	289	22	270	282	210	283	247	300	33	257	80	31	256	211	182	161	152	180	215	29	139	177	172	81	6	179	206	28	224	154	269	58	49	47	115	189	62	124	118	194	297	171	35	55	42	192	165	264	150	36	90	175	3	18	72	253	267	140	294	126	174	34	261	238	149	288	258	133	56	11	19	159	281	228	66	54	233	242	121	284	148	103	134	77	17	153	15	122	299	286	78	196	217	278	220	251	69	239	87	130	222	44	187	61	129	219	20	167	221	223	230	100	260	75	48	200	227	243	263	46	64	235	259	225	70	112	53	248	116	199	39	120	38	193	## Ordonnancement
21	## Nombre de tournées
2	2	2	4	7	6	8	9	13	13	15	17	18	21	21	25	24	29	30	28	6	## Nombre de sites par tournée
104	183	## Tournée 1
12	137	## Tournée 2
51	229	## Tournée 3
262	76	16	136	## Tournée 4
7	40	245	71	143	293	97	## Tournée 5
110	141	138	86	298	132	## Tournée 6
198	109	252	277	214	184	266	146	## Tournée 7
195	60	274	273	157	181	127	119	202	## Tournée 8
285	50	63	128	68	95	250	13	43	111	94	101	5	## Tournée 9
246	155	26	32	151	166	244	73	216	254	241	209	106	## Tournée 10
164	114	191	102	226	92	231	160	255	291	79	162	280	27	65	## Tournée 11
201	296	176	213	107	275	85	203	290	57	89	295	249	147	188	158	14	## Tournée 12
83	1	276	205	125	9	144	4	108	96	117	123	232	287	99	292	30	204	## Tournée 13
24	135	131	234	91	113	88	142	197	163	168	105	279	41	45	237	82	156	186	170	265	## Tournée 14
59	52	21	67	212	272	185	190	8	178	208	2	145	173	10	271	74	207	236	37	84	## Tournée 15
210	93	289	256	22	270	268	98	31	161	211	247	182	283	25	33	300	282	152	240	257	80	169	23	218	## Tournée 16
49	62	28	81	179	172	206	269	154	47	189	297	177	118	115	58	29	194	215	124	224	180	139	6	## Tournée 17
18	175	149	264	261	11	288	174	140	35	90	258	133	267	3	34	72	294	56	165	192	253	126	150	238	55	42	171	36	## Tournée 18
77	217	239	103	122	121	159	278	78	148	233	66	284	130	15	153	220	196	134	242	299	251	54	228	286	69	19	87	281	17	## Tournée 19
187	70	260	100	219	61	44	20	167	248	48	230	53	112	75	222	225	259	263	64	243	46	223	235	221	129	227	200	## Tournée 20
116	193	120	38	39	199	## Tournée 21
