169884	## Somme des retards
40	## Temps CPU (millisecondes)
9	51	52	130	62	142	76	45	34	123	11	125	71	75	57	48	134	38	43	33	88	42	117	114	25	68	100	29	87	144	24	14	132	56	119	39	31	128	37	102	55	15	59	129	137	145	124	95	82	99	2	19	98	91	44	21	150	133	109	8	22	53	73	6	97	139	101	4	23	108	138	20	141	112	86	13	113	92	69	60	65	127	116	64	67	118	70	18	104	49	122	106	146	85	27	79	83	78	81	80	58	66	121	47	126	107	5	94	74	7	120	93	35	10	77	46	17	61	40	140	135	131	136	149	28	84	50	143	32	12	105	63	72	89	26	1	90	41	147	103	96	148	115	111	110	36	3	16	30	54	## Ordonnancement
21	## Nombre de tournées
1	1	1	1	1	1	2	3	4	5	7	7	9	10	9	11	13	12	16	18	18	## Nombre de sites par tournée
9	## Tournée 1
51	## Tournée 2
52	## Tournée 3
130	## Tournée 4
62	## Tournée 5
142	## Tournée 6
76	45	## Tournée 7
11	34	123	## Tournée 8
57	75	71	125	## Tournée 9
43	48	134	38	33	## Tournée 10
88	117	42	100	25	114	68	## Tournée 11
144	56	14	87	132	24	29	## Tournée 12
128	37	15	59	31	102	55	39	119	## Tournée 13
82	95	19	99	145	2	137	124	98	129	## Tournée 14
21	8	150	91	109	133	44	53	22	## Tournée 15
20	4	141	73	101	138	108	6	97	23	139	## Tournée 16
112	64	116	118	13	65	127	67	92	113	69	86	60	## Tournée 17
146	106	85	83	122	70	79	78	18	27	49	104	## Tournée 18
107	58	80	74	66	120	93	7	121	81	10	94	47	126	35	5	## Tournée 19
105	17	131	149	46	136	61	143	77	12	40	32	84	28	140	50	135	63	## Tournée 20
30	147	54	41	103	16	36	90	110	115	89	111	3	96	72	1	148	26	## Tournée 21
