197128	## Somme des retards
30	## Temps CPU (millisecondes)
114	30	145	2	129	81	72	105	94	24	48	126	116	144	35	149	113	6	136	86	31	119	32	45	57	5	21	103	63	13	22	20	69	85	106	87	102	26	147	41	150	78	93	120	10	107	52	19	44	60	36	54	66	37	67	97	46	75	133	61	47	50	23	128	122	108	98	109	4	38	58	89	14	101	146	33	68	123	104	132	29	83	111	117	56	55	90	96	7	28	118	127	135	125	99	138	1	40	82	91	70	137	84	74	88	73	3	142	76	80	139	110	11	141	148	95	53	121	140	12	43	27	9	79	65	49	59	115	8	17	92	77	131	16	100	134	34	25	18	39	130	51	143	71	112	15	42	64	124	62	## Ordonnancement
22	## Nombre de tournées
1	2	1	1	1	1	2	3	4	4	5	5	7	8	8	13	11	12	15	16	19	11	## Nombre de sites par tournée
114	## Tournée 1
145	30	## Tournée 2
2	## Tournée 3
129	## Tournée 4
81	## Tournée 5
72	## Tournée 6
94	105	## Tournée 7
24	48	126	## Tournée 8
35	116	144	149	## Tournée 9
6	86	136	113	## Tournée 10
119	57	31	45	32	## Tournée 11
21	13	63	5	103	## Tournée 12
85	106	20	87	102	69	22	## Tournée 13
150	93	147	41	120	10	26	78	## Tournée 14
52	60	107	44	54	36	66	19	## Tournée 15
108	122	75	128	133	37	61	67	46	47	23	97	50	## Tournée 16
68	101	38	4	58	146	98	33	109	14	89	## Tournée 17
111	83	117	7	55	104	96	90	29	123	56	132	## Tournée 18
137	125	74	135	99	127	40	1	28	91	70	118	138	82	84	## Tournée 19
12	73	140	95	80	53	142	148	121	141	76	11	110	139	88	3	## Tournée 20
134	79	9	25	49	59	131	27	100	8	17	65	16	92	115	43	34	77	18	## Tournée 21
42	71	124	130	64	15	62	112	143	39	51	## Tournée 22
