211233	## Somme des retards
100	## Temps CPU (millisecondes)
193	10	95	4	64	28	163	128	94	175	104	125	67	90	180	198	126	192	103	96	149	87	121	20	80	184	115	77	7	189	140	111	105	112	179	174	143	120	42	69	156	54	70	152	190	59	41	72	159	161	76	83	186	170	17	55	162	169	185	178	129	51	151	12	24	157	49	98	16	131	124	38	85	147	142	9	29	18	93	68	46	53	27	133	15	191	123	200	155	196	117	171	33	138	167	168	36	21	110	65	35	66	134	187	166	71	100	74	25	145	92	19	132	153	52	2	78	3	57	56	37	106	173	97	113	81	181	136	150	182	183	199	165	101	119	26	176	45	118	148	86	43	5	158	14	73	172	30	8	82	116	62	31	137	1	135	130	107	188	50	75	114	61	102	99	32	39	48	84	6	34	139	13	91	160	164	23	177	141	154	89	47	146	195	22	44	40	108	60	194	63	197	58	109	144	127	122	11	79	88	## Ordonnancement
25	## Nombre de tournées
1	1	1	1	1	2	2	2	3	2	7	7	8	7	13	9	12	16	15	20	19	22	19	9	1	## Nombre de sites par tournée
193	## Tournée 1
10	## Tournée 2
95	## Tournée 3
4	## Tournée 4
64	## Tournée 5
163	28	## Tournée 6
94	128	## Tournée 7
104	175	## Tournée 8
67	125	90	## Tournée 9
198	180	## Tournée 10
126	149	87	96	192	103	121	## Tournée 11
7	80	184	77	20	115	189	## Tournée 12
120	111	140	174	179	143	105	112	## Tournée 13
156	152	42	190	69	54	70	## Tournée 14
161	72	41	59	17	162	170	76	186	169	55	83	159	## Tournée 15
49	129	151	24	157	185	12	178	51	## Tournée 16
18	16	29	124	93	85	38	147	131	142	98	9	## Tournée 17
196	117	155	200	171	191	133	27	68	33	15	123	46	167	53	138	## Tournée 18
166	36	110	35	168	21	65	100	187	71	145	74	66	134	25	## Tournée 19
153	182	37	81	113	52	97	106	92	132	136	56	19	3	173	150	2	57	181	78	## Tournée 20
165	26	199	172	183	73	43	118	8	45	148	86	14	158	176	5	30	101	119	## Tournée 21
188	48	107	32	82	31	39	75	102	34	62	135	137	116	50	114	61	1	99	130	84	6	## Tournée 22
154	44	47	91	139	164	194	13	177	141	160	22	60	23	40	195	146	89	108	## Tournée 23
58	79	11	122	197	109	63	127	144	## Tournée 24
88	## Tournée 25
