129627	## Somme des retards
40	## Temps CPU (millisecondes)
46	24	7	33	126	111	50	34	133	122	52	4	3	37	57	28	43	18	100	121	25	84	132	42	144	44	95	36	99	113	23	129	35	127	104	118	66	27	101	56	21	29	10	131	51	76	82	142	143	137	105	30	62	88	14	13	116	69	45	147	17	68	71	38	89	93	106	59	136	120	80	112	6	117	39	63	98	75	90	72	12	114	2	138	58	123	96	128	92	60	150	67	74	78	26	91	77	86	70	102	87	124	149	119	5	20	65	103	109	94	145	146	11	22	64	130	41	48	61	140	15	47	141	1	85	55	81	79	49	9	115	31	108	139	40	19	16	148	125	97	134	54	83	135	32	53	73	110	107	8	## Ordonnancement
22	## Nombre de tournées
1	1	1	1	1	2	1	3	3	4	5	6	7	7	10	13	13	14	18	18	19	2	## Nombre de sites par tournée
46	## Tournée 1
24	## Tournée 2
7	## Tournée 3
33	## Tournée 4
126	## Tournée 5
50	111	## Tournée 6
34	## Tournée 7
133	122	52	## Tournée 8
3	4	37	## Tournée 9
57	28	18	43	## Tournée 10
100	25	132	121	84	## Tournée 11
99	36	42	144	44	95	## Tournée 12
104	113	23	127	129	35	118	## Tournée 13
27	29	101	10	56	21	66	## Tournée 14
105	62	76	82	51	131	142	137	30	143	## Tournée 15
45	88	38	89	68	14	71	13	69	17	93	147	116	## Tournée 16
6	117	98	90	75	59	63	136	120	80	39	112	106	## Tournée 17
58	114	72	2	138	12	74	96	150	128	60	67	92	123	## Tournée 18
109	70	119	77	78	91	5	94	26	103	102	145	149	124	86	87	65	20	## Tournée 19
81	11	55	48	79	22	41	15	85	140	146	64	47	130	141	61	1	49	## Tournée 20
135	16	40	73	134	97	125	148	108	9	115	139	19	31	53	54	32	110	83	## Tournée 21
8	107	## Tournée 22
