203235	## Somme des retards
260	## Temps CPU (millisecondes)
161	100	169	115	99	2	11	51	166	102	152	22	19	45	122	8	189	132	67	65	83	142	29	4	44	69	38	77	185	49	138	103	197	70	94	21	42	10	3	39	27	182	141	151	105	200	82	130	118	165	167	172	75	143	162	127	199	89	131	36	53	106	93	193	181	191	17	126	63	87	171	109	68	107	139	179	54	148	12	78	150	76	124	174	88	140	6	111	80	9	91	198	133	145	170	129	52	154	180	37	30	40	147	71	190	183	186	134	146	175	116	57	90	79	114	135	47	104	121	50	20	61	120	28	25	156	74	85	24	159	18	178	23	33	173	163	123	46	110	31	177	84	32	64	113	1	137	13	158	160	15	96	157	97	164	195	196	144	125	98	5	56	117	35	16	48	43	55	194	92	192	81	62	112	7	34	108	119	73	168	136	72	41	187	101	58	188	59	60	95	128	14	149	86	176	153	155	26	66	184	## Ordonnancement
21	## Nombre de tournées
1	1	2	3	3	4	4	6	5	8	7	10	12	14	16	17	15	24	21	18	9	## Nombre de sites par tournée
161	## Tournée 1
100	## Tournée 2
115	169	## Tournée 3
2	99	11	## Tournée 4
51	102	166	## Tournée 5
45	152	22	19	## Tournée 6
122	132	189	8	## Tournée 7
65	142	29	83	67	4	## Tournée 8
44	69	38	185	77	## Tournée 9
70	49	21	138	42	103	197	94	## Tournée 10
10	151	3	39	141	182	27	## Tournée 11
75	105	200	167	165	143	118	172	82	130	## Tournée 12
181	162	127	36	89	106	93	199	131	193	191	53	## Tournée 13
171	87	78	107	12	179	68	54	139	109	63	148	17	126	## Tournée 14
80	170	9	129	140	76	145	124	133	111	150	91	6	174	88	198	## Tournée 15
146	154	175	190	90	30	186	147	57	180	71	52	183	116	134	40	37	## Tournée 16
85	61	79	20	50	74	114	28	47	121	135	156	25	104	120	## Tournée 17
159	13	33	178	1	177	110	158	123	173	31	46	15	160	96	23	32	137	64	84	24	18	163	113	## Tournée 18
48	55	5	56	117	125	192	164	144	81	98	97	157	195	35	62	196	92	16	43	194	## Tournée 19
136	112	73	108	168	95	7	119	41	60	72	59	101	128	58	34	187	188	## Tournée 20
86	153	26	155	14	184	66	149	176	## Tournée 21
