86843	## Somme des retards
20	## Temps CPU (millisecondes)
72	34	35	7	94	17	76	74	68	48	30	62	43	9	93	23	20	71	77	11	97	39	27	96	98	55	28	53	37	84	82	31	45	81	13	3	85	1	79	86	22	92	51	64	80	4	87	40	33	24	90	10	69	50	73	15	88	57	12	36	91	59	19	44	42	66	60	14	49	75	83	32	29	95	46	67	47	16	70	38	89	8	52	61	26	2	65	21	63	25	58	78	41	54	6	56	99	5	18	100	## Ordonnancement
19	## Nombre de tournées
1	1	2	1	1	1	1	4	2	3	5	9	9	9	12	11	13	14	1	## Nombre de sites par tournée
72	## Tournée 1
34	## Tournée 2
7	35	## Tournée 3
94	## Tournée 4
17	## Tournée 5
76	## Tournée 6
74	## Tournée 7
68	48	30	62	## Tournée 8
9	43	## Tournée 9
23	93	20	## Tournée 10
39	71	77	97	11	## Tournée 11
55	82	28	84	37	96	98	53	27	## Tournée 12
86	85	79	81	31	1	13	45	3	## Tournée 13
4	92	87	40	33	80	22	51	64	## Tournée 14
36	91	90	24	50	88	10	15	73	57	69	12	## Tournée 15
83	59	19	66	44	14	75	60	49	32	42	## Tournée 16
16	67	61	29	26	52	47	89	8	38	95	46	70	## Tournée 17
54	6	56	58	21	78	5	2	63	41	65	99	25	18	## Tournée 18
100	## Tournée 19
