62508	## Somme des retards
20	## Temps CPU (millisecondes)
10	51	89	67	2	48	14	72	76	40	56	78	34	29	93	35	70	33	61	90	79	16	100	42	71	8	20	18	26	31	59	24	30	12	99	85	19	49	96	1	9	87	66	27	69	57	46	47	17	41	45	50	75	39	60	4	97	11	68	63	37	15	36	44	53	83	74	86	38	13	84	58	80	7	88	52	23	28	21	82	62	77	3	91	43	6	98	65	92	54	95	94	73	22	64	55	5	81	32	25	## Ordonnancement
17	## Nombre de tournées
1	2	1	1	1	1	3	4	6	8	11	8	9	12	13	13	6	## Nombre de sites par tournée
10	## Tournée 1
89	51	## Tournée 2
67	## Tournée 3
2	## Tournée 4
48	## Tournée 5
14	## Tournée 6
72	40	76	## Tournée 7
34	56	78	29	## Tournée 8
33	90	35	61	70	93	## Tournée 9
8	71	42	20	18	79	16	100	## Tournée 10
30	24	85	99	19	59	31	49	26	96	12	## Tournée 11
9	46	87	69	27	1	57	66	## Tournée 12
47	50	75	4	45	60	41	39	17	## Tournée 13
86	53	37	11	83	68	63	97	74	15	44	36	## Tournée 14
62	82	52	23	88	84	13	80	58	21	28	38	7	## Tournée 15
95	3	98	65	54	73	92	6	77	43	94	22	91	## Tournée 16
55	25	32	5	81	64	## Tournée 17
