310206	## Somme des retards
130	## Temps CPU (millisecondes)
192	187	120	92	183	65	81	131	97	197	84	9	112	149	133	24	61	137	85	147	31	55	132	176	62	14	59	154	40	77	23	13	72	3	161	1	48	123	33	150	46	179	87	181	105	34	16	195	99	165	185	196	15	199	126	74	148	172	163	108	49	54	151	117	64	144	37	20	75	76	56	138	141	39	111	173	93	44	21	153	53	6	136	10	171	100	167	113	170	156	89	12	86	63	103	191	124	178	41	139	114	146	19	5	119	94	145	78	175	58	45	28	110	143	194	83	152	188	25	169	102	17	27	11	107	186	162	121	168	35	190	129	22	96	79	174	38	140	52	128	142	166	109	50	69	200	158	116	68	122	127	182	159	101	7	184	2	4	193	115	67	88	32	189	98	157	47	43	71	36	135	26	91	177	70	42	29	8	73	180	125	60	51	155	134	66	160	30	106	90	57	118	104	130	80	164	198	82	95	18	## Ordonnancement
24	## Nombre de tournées
1	1	1	1	1	2	2	5	3	6	7	8	10	10	9	11	14	14	15	20	20	19	15	5	## Nombre de sites par tournée
192	## Tournée 1
187	## Tournée 2
120	## Tournée 3
92	## Tournée 4
183	## Tournée 5
81	65	## Tournée 6
131	97	## Tournée 7
197	9	84	112	149	## Tournée 8
61	133	24	## Tournée 9
55	85	132	31	137	147	## Tournée 10
154	176	14	62	40	77	59	## Tournée 11
23	48	72	161	3	123	1	13	## Tournée 12
195	150	179	33	16	46	105	87	34	181	## Tournée 13
165	99	172	185	126	196	199	148	74	15	## Tournée 14
49	108	163	54	151	37	64	144	117	## Tournée 15
93	20	141	75	138	56	39	44	111	173	76	## Tournée 16
113	100	170	21	89	171	6	156	12	53	10	153	136	167	## Tournée 17
63	41	94	19	139	86	114	146	119	178	191	103	124	5	## Tournée 18
169	175	28	110	102	143	194	145	25	83	58	45	188	152	78	## Tournée 19
128	52	190	96	142	186	162	27	38	121	129	79	140	17	11	22	174	168	107	35	## Tournée 20
115	159	127	200	68	116	158	122	182	7	101	2	184	50	67	4	166	193	109	69	## Tournée 21
180	88	43	8	70	73	71	36	42	29	32	26	135	47	189	91	177	98	157	## Tournée 22
51	155	104	125	118	130	66	90	106	60	134	160	80	57	30	## Tournée 23
18	82	164	95	198	## Tournée 24
