96286	## Somme des retards
20	## Temps CPU (millisecondes)
9	68	53	76	29	26	86	15	1	57	24	14	87	75	74	67	97	83	71	78	19	72	81	96	66	30	65	95	56	23	44	50	94	80	45	77	61	60	89	10	11	59	58	82	100	69	62	17	63	4	43	85	84	7	49	27	64	32	21	22	99	73	40	48	28	98	8	91	20	31	39	18	6	36	12	38	88	54	90	37	13	70	2	16	35	34	79	93	55	41	51	5	25	42	46	3	52	92	47	33	## Ordonnancement
19	## Nombre de tournées
1	1	1	1	3	1	2	2	6	4	5	7	7	11	12	10	12	13	1	## Nombre de sites par tournée
9	## Tournée 1
68	## Tournée 2
53	## Tournée 3
76	## Tournée 4
29	86	26	## Tournée 5
15	## Tournée 6
57	1	## Tournée 7
14	24	## Tournée 8
67	97	75	83	87	74	## Tournée 9
71	19	72	78	## Tournée 10
81	65	96	66	30	## Tournée 11
56	80	94	23	50	44	95	## Tournée 12
11	89	77	60	10	61	45	## Tournée 13
43	17	62	63	4	58	85	100	69	59	82	## Tournée 14
27	84	32	64	22	49	99	73	7	40	21	48	## Tournée 15
28	6	31	91	98	18	36	39	8	20	## Tournée 16
34	88	90	38	16	54	2	37	35	13	12	70	## Tournée 17
41	79	55	47	25	46	52	3	93	5	42	92	51	## Tournée 18
33	## Tournée 19
