204998	## Somme des retards
70	## Temps CPU (millisecondes)
37	41	156	66	111	3	5	91	95	179	181	68	169	148	187	38	102	105	27	54	188	142	132	77	170	178	88	149	71	76	92	192	125	81	127	104	199	200	22	90	58	193	165	134	109	124	12	172	97	11	194	180	6	114	112	122	198	55	4	59	93	57	80	176	36	151	182	14	120	146	72	30	39	75	161	79	99	168	106	185	25	67	128	49	2	166	141	171	183	110	139	44	189	24	84	48	138	62	1	89	31	42	28	34	184	175	85	145	191	53	16	70	35	115	63	118	101	10	61	23	137	121	167	73	195	147	130	108	7	69	154	158	96	140	78	46	15	51	117	9	144	94	52	21	26	123	131	40	82	103	8	196	43	64	153	190	32	133	116	86	143	13	74	159	136	19	17	119	174	163	157	29	33	100	162	173	113	56	50	152	83	197	129	65	20	98	135	164	155	177	60	107	186	150	87	126	45	18	47	160	## Ordonnancement
20	## Nombre de tournées
1	2	2	2	4	6	6	6	8	8	12	13	14	16	16	17	20	21	19	7	## Nombre de sites par tournée
37	## Tournée 1
41	156	## Tournée 2
66	111	## Tournée 3
5	3	## Tournée 4
181	95	179	91	## Tournée 5
102	68	169	38	148	187	## Tournée 6
54	132	27	105	142	188	## Tournée 7
77	88	71	170	149	178	## Tournée 8
199	92	125	104	81	192	76	127	## Tournée 9
193	200	90	165	134	109	58	22	## Tournée 10
97	12	114	124	6	172	194	11	112	180	122	198	## Tournée 11
36	55	57	93	14	80	4	151	176	120	182	146	59	## Tournée 12
106	72	67	30	25	128	168	99	185	75	161	49	79	39	## Tournée 13
24	183	84	139	141	166	62	138	110	89	2	1	48	171	189	44	## Tournée 14
175	16	42	31	28	70	191	118	35	115	145	184	85	63	34	53	## Tournée 15
154	61	167	23	10	130	121	96	101	69	147	7	73	137	195	158	108	## Tournée 16
82	196	8	94	15	103	9	21	46	52	26	131	123	43	117	40	51	140	144	78	## Tournée 17
64	13	74	190	33	17	100	159	32	153	143	19	116	163	136	174	119	29	86	157	133	## Tournée 18
129	135	65	56	162	83	60	197	113	50	164	155	152	177	98	186	107	20	173	## Tournée 19
47	160	18	87	126	150	45	## Tournée 20
