240256	## Somme des retards
50	## Temps CPU (millisecondes)
46	35	27	43	91	107	34	167	36	189	148	18	15	69	97	146	117	90	77	178	200	98	92	73	81	11	24	78	42	196	176	40	26	67	156	14	151	175	104	6	120	22	122	101	53	20	86	119	159	106	121	70	4	187	153	136	13	93	168	102	99	103	157	28	131	50	191	68	66	171	79	116	150	143	197	30	47	154	137	61	45	16	8	105	94	162	64	44	2	57	19	100	145	37	10	183	72	166	134	155	133	163	125	114	96	95	129	132	141	193	55	177	39	9	135	160	59	31	12	71	41	192	74	84	75	112	127	7	23	109	89	52	76	17	179	65	54	195	32	161	194	165	186	128	144	158	113	180	51	82	164	173	140	118	172	169	111	87	130	62	85	48	126	170	184	142	149	1	21	56	174	123	29	182	33	138	199	147	3	63	25	124	188	80	139	181	49	60	88	190	152	5	198	58	185	110	83	115	38	108	## Ordonnancement
23	## Nombre de tournées
1	1	1	1	1	2	2	3	4	7	6	7	7	10	11	11	13	17	17	17	21	22	18	## Nombre de sites par tournée
46	## Tournée 1
35	## Tournée 2
27	## Tournée 3
43	## Tournée 4
91	## Tournée 5
107	34	## Tournée 6
167	36	## Tournée 7
189	148	18	## Tournée 8
97	146	15	69	## Tournée 9
90	178	98	92	117	77	200	## Tournée 10
73	42	11	81	78	24	## Tournée 11
156	26	67	176	40	196	14	## Tournée 12
151	6	175	104	120	22	122	## Tournée 13
4	159	101	121	119	106	70	53	20	86	## Tournée 14
157	93	168	28	136	153	13	102	103	187	99	## Tournée 15
68	171	143	66	150	79	116	197	191	131	50	## Tournée 16
44	61	154	47	64	16	8	45	162	137	105	30	94	## Tournée 17
100	163	19	37	155	72	57	166	133	114	10	134	183	96	145	2	125	## Tournée 18
12	192	95	177	135	39	132	41	160	71	31	141	55	9	129	59	193	## Tournée 19
23	89	17	112	179	76	74	32	7	75	195	65	109	54	127	84	52	## Tournée 20
194	164	161	172	140	118	144	82	173	51	169	128	87	62	113	130	180	186	111	158	165	## Tournée 21
25	3	56	126	123	199	174	33	48	124	147	182	29	138	142	184	149	63	170	1	85	21	## Tournée 22
38	5	152	110	115	58	108	190	185	49	181	88	83	60	188	80	139	198	## Tournée 23
