197406	## Somme des retards
80	## Temps CPU (millisecondes)
37	41	156	66	111	3	5	91	95	179	181	68	169	148	187	38	102	105	27	54	188	142	132	77	170	178	88	149	71	76	92	192	125	81	127	104	199	200	193	58	11	90	198	22	134	165	109	172	97	194	180	182	6	114	12	112	122	124	4	55	93	57	80	176	36	151	59	120	72	30	161	75	39	79	99	168	106	14	67	25	128	49	146	171	183	110	139	44	189	24	84	185	62	138	48	141	1	166	89	2	96	115	53	145	34	184	175	191	16	70	28	63	35	42	118	31	101	10	117	7	130	167	85	73	195	137	147	121	69	108	23	61	154	158	43	196	8	103	9	144	94	52	21	26	123	131	82	40	51	15	46	78	140	100	33	29	157	163	174	19	143	13	74	159	119	136	17	56	133	32	190	153	64	186	173	60	177	50	164	135	98	20	129	65	45	197	83	152	86	155	113	107	162	150	87	18	126	116	47	160	## Ordonnancement
20	## Nombre de tournées
1	2	2	2	4	6	6	6	8	10	11	10	15	17	16	18	19	20	20	7	## Nombre de sites par tournée
37	## Tournée 1
41	156	## Tournée 2
66	111	## Tournée 3
5	3	## Tournée 4
181	95	179	91	## Tournée 5
102	68	169	38	148	187	## Tournée 6
54	132	27	105	142	188	## Tournée 7
77	88	71	170	149	178	## Tournée 8
199	92	125	104	81	192	76	127	## Tournée 9
193	200	90	198	165	134	11	109	58	22	## Tournée 10
97	12	114	124	6	172	194	112	180	182	122	## Tournée 11
36	55	57	93	120	80	4	151	176	59	## Tournée 12
106	146	30	25	128	14	67	72	79	39	49	161	75	99	168	## Tournée 13
24	183	84	139	141	166	62	138	110	89	185	2	1	171	189	44	48	## Tournée 14
175	16	42	31	28	70	191	118	35	115	145	184	63	96	34	53	## Tournée 15
154	61	167	23	10	130	121	195	85	101	69	147	7	73	137	117	158	108	## Tournée 16
82	196	8	94	15	103	9	21	46	52	26	131	123	43	51	40	140	144	78	## Tournée 17
64	13	74	56	190	33	17	100	159	32	153	143	19	133	157	29	119	174	136	163	## Tournée 18
129	135	65	60	197	113	50	164	155	152	177	98	186	107	45	20	86	162	83	173	## Tournée 19
47	160	18	87	126	150	116	## Tournée 20
