53772	## Somme des retards
10	## Temps CPU (millisecondes)
27	60	95	5	73	89	1	99	62	92	30	81	33	76	32	67	52	36	44	19	24	53	56	79	86	14	71	10	65	85	20	43	57	66	84	46	98	88	55	96	74	75	70	41	54	94	47	48	8	100	11	82	16	23	21	6	45	72	42	49	2	7	63	91	22	9	29	78	93	15	4	38	77	17	64	83	34	39	90	58	18	37	28	25	61	13	69	35	3	59	51	12	26	68	87	31	97	80	40	50	## Ordonnancement
18	## Nombre de tournées
1	1	1	1	1	2	2	2	5	5	8	8	9	10	10	14	14	6	## Nombre de sites par tournée
27	## Tournée 1
60	## Tournée 2
95	## Tournée 3
5	## Tournée 4
73	## Tournée 5
1	89	## Tournée 6
99	62	## Tournée 7
30	92	## Tournée 8
76	32	81	67	33	## Tournée 9
52	36	19	44	24	## Tournée 10
65	53	56	79	14	86	71	10	## Tournée 11
98	66	84	20	46	85	57	43	## Tournée 12
94	88	75	41	55	54	96	70	74	## Tournée 13
23	16	8	47	11	48	21	6	100	82	## Tournée 14
63	91	45	22	2	42	9	72	49	7	## Tournée 15
34	4	17	93	78	15	29	64	77	58	83	90	39	38	## Tournée 16
69	51	12	28	26	61	25	68	13	18	3	37	59	35	## Tournée 17
80	31	97	50	87	40	## Tournée 18
