71384	## Somme des retards
20	## Temps CPU (millisecondes)
91	66	22	37	75	28	64	76	62	70	13	15	83	8	65	49	40	16	87	63	43	69	1	59	94	50	71	92	21	58	72	98	86	53	7	60	85	95	78	96	29	67	9	48	44	97	30	45	56	4	68	90	46	14	89	12	3	47	38	54	100	41	80	6	42	51	27	31	11	20	26	2	25	17	36	74	61	33	84	55	81	79	73	23	10	39	88	34	19	32	99	35	5	52	82	24	18	77	57	93	## Ordonnancement
16	## Nombre de tournées
2	1	2	2	2	3	6	6	5	7	9	10	13	16	13	3	## Nombre de sites par tournée
66	91	## Tournée 1
22	## Tournée 2
75	37	## Tournée 3
28	64	## Tournée 4
76	62	## Tournée 5
15	70	13	## Tournée 6
16	8	65	83	40	49	## Tournée 7
63	1	69	87	59	43	## Tournée 8
50	92	71	94	21	## Tournée 9
60	53	58	98	86	7	72	## Tournée 10
44	95	9	85	48	96	67	29	78	## Tournée 11
4	89	97	56	68	45	14	90	46	30	## Tournée 12
100	27	12	47	38	3	51	6	42	41	80	54	31	## Tournée 13
33	73	79	17	11	20	25	23	55	2	74	26	61	81	36	84	## Tournée 14
35	10	88	24	82	99	32	34	18	19	52	5	39	## Tournée 15
57	77	93	## Tournée 16
