177082	## Somme des retards
60	## Temps CPU (millisecondes)
84	190	168	131	26	31	146	23	21	101	185	109	193	138	127	150	6	195	49	41	62	77	175	37	18	2	144	133	1	121	180	28	98	8	9	167	48	166	151	159	79	197	114	92	157	169	97	108	147	93	198	107	78	53	91	88	105	80	81	34	176	173	14	74	171	123	191	85	152	83	96	142	113	99	82	90	33	187	118	38	66	104	130	182	179	24	50	194	120	116	155	54	46	27	128	145	7	12	117	58	76	103	10	132	44	184	200	47	15	87	111	5	196	56	36	188	51	29	136	94	119	125	160	162	124	143	126	65	52	135	170	106	115	153	141	39	177	89	112	59	72	122	25	32	22	40	86	95	189	11	16	75	192	69	158	68	172	55	164	45	4	165	61	102	67	156	17	13	42	129	137	3	178	134	30	100	57	110	199	20	149	140	181	174	70	63	43	161	154	183	35	163	19	148	64	71	139	60	186	73	## Ordonnancement
24	## Nombre de tournées
1	1	1	1	1	1	1	3	4	4	5	7	8	10	12	11	13	14	19	19	22	21	20	1	## Nombre de sites par tournée
84	## Tournée 1
190	## Tournée 2
168	## Tournée 3
131	## Tournée 4
26	## Tournée 5
31	## Tournée 6
146	## Tournée 7
23	21	101	## Tournée 8
185	138	193	109	## Tournée 9
195	127	150	6	## Tournée 10
49	41	175	62	77	## Tournée 11
144	121	1	18	37	133	2	## Tournée 12
8	167	48	180	28	9	166	98	## Tournée 13
97	151	114	92	157	159	79	197	108	169	## Tournée 14
147	78	80	198	93	105	88	91	53	81	107	34	## Tournée 15
96	83	14	85	176	152	74	123	171	191	173	## Tournée 16
142	182	33	90	130	187	104	82	99	38	66	118	113	## Tournée 17
54	145	50	27	155	7	128	116	179	120	46	24	12	194	## Tournée 18
5	58	103	188	15	87	111	76	36	10	44	196	117	47	200	132	56	51	184	## Tournée 19
52	39	136	125	143	126	153	162	65	94	141	115	160	119	106	170	29	135	124	## Tournée 20
172	95	59	177	189	68	32	89	11	158	69	40	22	16	55	25	122	86	112	75	72	192	## Tournée 21
17	57	61	4	67	45	30	100	13	178	165	199	156	102	110	3	42	129	164	137	134	## Tournée 22
71	161	63	154	19	183	60	64	186	35	163	149	140	139	20	70	174	148	181	43	## Tournée 23
73	## Tournée 24
