62948	## Somme des retards
10	## Temps CPU (millisecondes)
5	40	32	17	26	81	21	63	76	39	10	7	83	54	15	37	12	31	55	27	6	30	71	2	13	28	58	16	85	8	51	96	70	46	3	52	62	93	36	92	95	45	49	34	65	18	35	47	41	74	84	9	89	67	88	61	94	38	11	14	43	82	69	99	56	4	33	98	59	23	87	64	97	77	48	60	22	24	19	50	57	91	79	1	68	29	80	86	53	20	100	44	75	72	25	66	42	73	78	90	## Ordonnancement
16	## Nombre de tournées
1	1	2	2	2	3	4	6	7	7	9	12	14	15	12	3	## Nombre de sites par tournée
5	## Tournée 1
40	## Tournée 2
17	32	## Tournée 3
81	26	## Tournée 4
21	63	## Tournée 5
39	76	10	## Tournée 6
15	7	54	83	## Tournée 7
37	31	12	6	27	55	## Tournée 8
28	30	2	13	16	71	58	## Tournée 9
51	96	3	8	70	85	46	## Tournée 10
52	34	36	95	45	62	93	92	49	## Tournée 11
65	61	18	67	35	41	47	88	89	84	74	9	## Tournée 12
23	82	14	33	11	43	38	98	94	59	4	56	69	99	## Tournée 13
64	24	97	22	79	50	87	48	91	60	77	57	19	1	68	## Tournée 14
66	80	44	86	42	72	25	75	100	29	20	53	## Tournée 15
78	73	90	## Tournée 16
