96210	## Somme des retards
10	## Temps CPU (millisecondes)
56	84	50	8	59	70	69	36	82	16	60	76	77	26	22	100	44	3	64	88	71	20	52	91	51	40	79	65	96	9	17	85	39	6	62	37	54	68	33	61	45	97	57	43	13	28	29	24	4	19	94	2	66	72	35	34	80	75	46	55	78	18	30	15	93	83	47	10	81	92	98	14	73	99	38	48	95	67	90	32	25	21	58	41	74	63	27	7	87	86	89	31	23	5	11	1	53	49	12	42	## Ordonnancement
23	## Nombre de tournées
1	1	1	1	1	1	1	1	1	2	1	2	3	3	6	7	9	10	10	14	12	11	1	## Nombre de sites par tournée
56	## Tournée 1
84	## Tournée 2
50	## Tournée 3
8	## Tournée 4
59	## Tournée 5
70	## Tournée 6
69	## Tournée 7
36	## Tournée 8
82	## Tournée 9
60	16	## Tournée 10
76	## Tournée 11
77	26	## Tournée 12
22	100	44	## Tournée 13
88	3	64	## Tournée 14
71	51	20	52	40	91	## Tournée 15
9	65	96	39	17	85	79	## Tournée 16
45	68	54	33	6	62	97	61	37	## Tournée 17
28	4	2	13	24	19	94	43	29	57	## Tournée 18
55	34	72	46	66	35	18	75	78	80	## Tournée 19
92	98	93	15	73	83	10	81	48	99	30	38	14	47	## Tournée 20
63	27	95	25	41	74	58	67	7	90	32	21	## Tournée 21
53	87	1	12	31	49	11	89	86	5	23	## Tournée 22
42	## Tournée 23
