51875	## Somme des retards
0	## Temps CPU (millisecondes)
58	42	83	67	17	10	11	12	90	64	57	37	96	26	68	19	66	95	24	40	82	100	78	44	86	39	50	81	30	41	53	7	98	70	4	84	48	71	46	18	29	5	54	85	8	72	31	87	27	1	9	91	22	62	21	49	51	93	13	99	73	20	60	88	23	38	36	79	2	63	34	77	6	94	65	43	47	33	3	15	25	75	92	69	35	76	52	14	16	89	28	32	59	45	97	74	61	55	56	80	## Ordonnancement
13	## Nombre de tournées
1	1	1	4	7	8	5	12	11	12	12	14	12	## Nombre de sites par tournée
58	## Tournée 1
42	## Tournée 2
83	## Tournée 3
11	67	10	17	## Tournée 4
90	57	12	64	37	96	26	## Tournée 5
100	40	19	82	66	24	68	95	## Tournée 6
86	44	78	50	39	## Tournée 7
48	98	41	30	4	46	71	53	70	7	81	84	## Tournée 8
8	18	31	5	85	29	54	72	27	87	1	## Tournée 9
99	13	62	73	51	93	49	22	91	20	9	21	## Tournée 10
94	2	34	60	23	38	88	6	77	63	36	79	## Tournée 11
35	25	76	14	52	69	33	65	43	92	47	75	3	15	## Tournée 12
61	89	56	32	28	16	97	55	45	59	74	80	## Tournée 13
