219811	## Somme des retards
20	## Temps CPU (millisecondes)
193	128	104	190	77	26	78	194	23	171	25	191	59	97	110	146	125	66	45	11	184	116	119	20	92	63	76	122	14	178	40	177	180	145	172	198	179	10	51	112	141	157	70	79	175	41	138	7	183	47	90	120	136	91	131	135	134	139	189	151	168	162	18	65	58	163	149	169	133	129	197	144	196	186	123	94	127	17	82	155	161	3	42	182	96	108	140	50	30	24	52	19	81	33	73	126	98	95	100	57	160	154	159	174	158	195	9	21	22	43	29	31	15	114	164	38	109	53	156	44	60	107	102	150	2	35	188	46	101	88	68	124	148	130	56	200	113	28	181	105	142	87	27	121	143	34	147	32	75	49	173	8	61	69	54	117	55	16	74	192	6	132	48	166	137	72	4	36	185	170	153	93	176	99	37	115	89	83	67	187	1	106	103	80	71	199	85	86	84	39	62	118	111	5	152	64	12	13	165	167	## Ordonnancement
23	## Nombre de tournées
1	2	1	1	2	2	2	5	3	8	8	8	9	11	13	15	14	16	18	17	21	21	2	## Nombre de sites par tournée
193	## Tournée 1
104	128	## Tournée 2
190	## Tournée 3
77	## Tournée 4
78	26	## Tournée 5
23	194	## Tournée 6
25	171	## Tournée 7
97	146	191	110	59	## Tournée 8
66	125	45	## Tournée 9
11	119	20	116	92	184	63	76	## Tournée 10
145	178	14	172	177	180	122	40	## Tournée 11
70	179	51	157	198	10	141	112	## Tournée 12
7	47	79	138	183	90	120	175	41	## Tournée 13
131	91	162	134	136	18	135	168	151	139	189	## Tournée 14
149	169	58	123	129	186	163	144	94	197	133	65	196	## Tournée 15
42	30	17	50	140	24	161	3	96	108	82	52	182	155	127	## Tournée 16
126	81	158	154	160	100	73	159	19	57	174	98	33	95	## Tournée 17
21	44	22	114	29	9	15	164	38	156	43	195	60	31	53	109	## Tournée 18
101	88	200	68	28	124	148	35	107	181	188	130	56	46	150	2	102	113	## Tournée 19
54	121	49	75	61	32	105	117	142	8	34	69	173	143	27	87	147	## Tournée 20
55	99	93	37	137	192	48	153	176	74	89	170	115	185	16	132	166	72	4	6	36	## Tournée 21
103	13	80	62	64	5	12	199	86	111	39	106	85	83	67	152	71	118	187	1	84	## Tournée 22
165	167	## Tournée 23
