49706	## Somme des retards
0	## Temps CPU (millisecondes)
72	78	76	28	49	24	46	31	89	20	88	55	56	10	81	35	40	99	27	86	82	73	43	33	47	9	92	75	41	64	83	54	52	95	5	17	1	91	15	58	61	42	90	80	66	22	67	2	3	100	94	57	62	87	18	60	53	74	44	93	16	19	4	63	29	68	51	69	50	7	6	77	13	45	8	79	65	26	21	48	96	70	14	34	38	98	59	39	97	32	71	36	23	12	25	30	37	11	85	84	## Ordonnancement
15	## Nombre de tournées
1	1	1	2	5	2	4	6	8	10	10	12	14	15	9	## Nombre de sites par tournée
72	## Tournée 1
78	## Tournée 2
76	## Tournée 3
49	28	## Tournée 4
89	20	46	31	24	## Tournée 5
88	55	## Tournée 6
35	56	10	81	## Tournée 7
99	73	86	27	82	40	## Tournée 8
64	92	75	33	9	47	43	41	## Tournée 9
83	54	91	5	58	52	15	95	17	1	## Tournée 10
61	67	90	2	66	80	3	22	42	100	## Tournée 11
19	18	16	74	57	62	60	93	87	94	53	44	## Tournée 12
77	79	6	4	63	69	29	68	50	13	45	8	51	7	## Tournée 13
32	48	96	26	98	59	65	70	21	71	34	14	39	97	38	## Tournée 14
85	25	36	11	30	23	12	84	37	## Tournée 15
