57646	## Somme des retards
10	## Temps CPU (millisecondes)
114	86	69	99	129	138	27	103	134	147	119	128	42	133	56	108	19	25	97	95	132	30	105	24	89	82	111	63	62	29	14	57	78	81	120	135	8	96	87	130	137	15	113	67	64	124	33	93	55	94	123	79	71	45	54	127	150	17	88	4	125	80	91	85	40	36	83	115	145	118	140	49	104	11	101	148	10	110	16	9	84	73	28	122	5	131	48	20	77	21	37	75	35	112	32	70	92	142	144	146	46	38	1	59	98	90	12	41	100	107	102	39	136	66	47	58	61	34	53	13	3	26	143	141	74	149	44	139	109	18	76	7	43	22	51	126	117	68	121	116	50	106	23	6	60	52	31	72	65	2	## Ordonnancement
20	## Nombre de tournées
1	1	2	1	1	3	2	3	5	4	9	10	11	12	15	15	20	19	13	3	## Nombre de sites par tournée
114	## Tournée 1
86	## Tournée 2
69	99	## Tournée 3
129	## Tournée 4
138	## Tournée 5
103	134	27	## Tournée 6
119	147	## Tournée 7
128	42	133	## Tournée 8
108	25	56	19	97	## Tournée 9
30	95	105	132	## Tournée 10
63	111	89	14	62	57	82	24	29	## Tournée 11
130	96	81	120	15	137	87	8	135	78	## Tournée 12
93	94	113	55	33	71	64	79	124	123	67	## Tournée 13
91	80	17	4	88	150	127	40	125	54	85	45	## Tournée 14
10	115	104	16	148	110	9	83	11	140	145	36	49	101	118	## Tournée 15
35	122	112	73	28	131	75	48	20	21	77	84	37	5	32	## Tournée 16
12	92	41	66	90	39	47	46	142	70	146	59	38	98	136	1	100	144	102	107	## Tournée 17
139	3	26	143	149	34	58	22	53	18	61	109	7	43	76	74	141	13	44	## Tournée 18
50	23	52	117	126	116	106	31	121	51	68	60	6	## Tournée 19
72	65	2	## Tournée 20
