484880	## Somme des retards
40	## Temps CPU (millisecondes)
296	104	80	186	262	20	265	293	24	289	157	188	51	48	139	282	66	63	243	15	135	171	68	129	1	300	35	26	233	162	46	177	160	96	222	277	16	109	286	217	100	127	36	281	128	174	183	295	252	299	71	145	120	224	55	89	23	235	113	39	7	272	149	67	182	225	279	92	27	110	49	249	22	154	54	197	125	76	82	117	231	191	240	147	239	53	18	116	288	152	165	236	103	173	86	207	93	64	274	121	155	124	91	47	206	164	77	273	214	201	87	6	181	57	237	232	247	158	132	38	43	263	4	52	220	159	30	106	151	3	209	245	13	50	9	298	130	122	44	144	283	107	45	264	204	138	134	70	285	143	226	81	179	83	219	185	205	32	266	268	184	170	193	85	254	271	176	95	78	246	244	167	74	228	257	11	261	29	276	56	65	84	12	73	234	238	270	126	202	21	118	251	61	97	153	163	278	115	212	119	156	256	259	2	198	142	112	146	31	211	123	221	280	269	192	101	253	195	40	79	292	75	10	88	230	28	267	58	166	62	41	25	216	187	14	99	8	59	196	275	172	60	227	287	169	178	140	161	223	284	297	105	133	190	258	102	72	137	208	19	168	114	194	290	150	34	210	291	17	189	108	242	175	229	111	148	136	218	5	203	200	213	255	180	90	215	33	131	260	248	94	250	37	241	98	199	294	42	141	69	## Ordonnancement
26	## Nombre de tournées
1	2	2	2	3	4	4	5	6	9	8	10	10	11	11	12	17	17	21	21	21	24	24	29	25	1	## Nombre de sites par tournée
296	## Tournée 1
80	104	## Tournée 2
262	186	## Tournée 3
265	20	## Tournée 4
293	289	24	## Tournée 5
48	157	51	188	## Tournée 6
139	66	282	63	## Tournée 7
135	15	243	68	171	## Tournée 8
35	1	129	26	233	300	## Tournée 9
96	277	160	222	16	177	162	46	109	## Tournée 10
127	281	286	217	174	100	36	128	## Tournée 11
295	89	183	145	120	55	252	71	224	299	## Tournée 12
39	235	7	23	182	149	272	67	225	113	## Tournée 13
110	54	92	125	22	27	49	154	279	197	249	## Tournée 14
117	147	240	82	18	191	231	239	76	53	116	## Tournée 15
288	86	64	93	165	274	121	103	173	207	152	236	## Tournée 16
124	247	6	91	181	87	155	206	164	201	47	273	237	232	214	57	77	## Tournée 17
132	209	245	38	30	220	159	4	13	50	158	43	3	151	263	52	106	## Tournée 18
44	264	45	70	143	219	122	134	9	107	283	298	204	138	81	179	226	130	285	144	83	## Tournée 19
257	246	205	254	170	11	193	32	184	176	185	268	244	228	95	78	167	266	74	85	271	## Tournée 20
84	97	276	251	29	261	12	56	153	238	202	118	126	65	163	21	270	234	61	278	73	## Tournée 21
79	211	123	195	212	101	280	221	2	156	146	259	112	115	253	40	292	269	198	31	142	192	256	119	## Tournée 22
75	60	216	59	172	267	230	58	10	25	41	169	287	166	62	196	187	14	28	227	99	8	275	88	## Tournée 23
208	102	189	223	140	229	290	284	150	72	161	17	108	291	297	178	105	19	258	194	114	133	210	242	175	168	34	190	137	## Tournée 24
250	294	131	255	200	241	90	33	37	5	148	94	260	248	98	136	199	203	42	141	213	111	215	218	180	## Tournée 25
69	## Tournée 26
