192903	## Somme des retards
20	## Temps CPU (millisecondes)
224	123	214	63	5	16	22	244	21	115	41	133	6	232	172	94	81	35	204	25	92	91	14	156	155	76	78	184	3	96	227	179	189	151	86	113	38	163	243	13	167	149	80	203	186	154	58	17	79	124	222	67	54	2	108	181	160	9	119	140	53	162	231	171	134	217	1	237	128	242	20	77	87	104	23	198	118	209	207	66	61	74	110	106	46	4	55	90	42	213	188	185	220	72	39	102	117	165	145	146	83	19	191	127	195	82	215	158	210	236	105	107	70	249	137	168	239	166	138	182	200	32	121	196	88	233	229	103	194	36	241	10	206	101	89	197	246	141	161	27	45	125	75	247	176	122	169	8	64	136	97	183	192	57	68	48	212	235	130	59	230	71	159	170	116	248	221	85	29	147	24	226	114	18	142	208	180	143	216	131	98	69	218	132	129	49	33	60	178	99	205	201	234	95	11	164	15	111	26	31	223	47	40	7	193	65	152	240	93	44	126	100	112	153	211	84	144	173	135	250	245	219	30	12	157	62	43	174	56	190	228	202	28	148	37	238	51	225	120	199	73	187	139	34	109	50	150	175	177	52	## Ordonnancement
22	## Nombre de tournées
1	1	1	2	2	3	4	6	8	8	11	12	12	14	14	16	21	22	21	25	27	19	## Nombre de sites par tournée
224	## Tournée 1
123	## Tournée 2
214	## Tournée 3
5	63	## Tournée 4
16	22	## Tournée 5
115	244	21	## Tournée 6
6	133	232	41	## Tournée 7
25	204	35	172	81	94	## Tournée 8
184	76	92	14	91	155	156	78	## Tournée 9
86	96	113	179	3	189	151	227	## Tournée 10
163	167	80	13	154	38	186	58	203	243	149	## Tournée 11
108	9	124	17	67	2	79	160	54	119	181	222	## Tournée 12
53	20	162	171	242	1	237	140	231	217	134	128	## Tournée 13
46	23	207	77	118	104	198	66	74	106	87	61	209	110	## Tournée 14
220	213	42	185	102	188	4	39	72	165	55	145	90	117	## Tournée 15
70	210	19	215	82	249	195	236	105	146	158	191	107	137	83	127	## Tournée 16
121	168	89	36	194	32	233	241	138	182	229	101	10	196	200	88	166	197	206	239	103	## Tournée 17
48	246	75	136	212	122	45	183	64	141	235	169	8	161	176	97	68	125	57	27	247	192	## Tournée 18
130	180	170	216	221	147	159	116	29	248	143	71	142	226	208	85	114	59	18	24	230	## Tournée 19
131	69	33	47	49	31	223	99	178	111	164	60	98	218	11	95	15	201	132	26	129	7	234	205	40	## Tournée 20
100	228	44	112	93	84	153	174	152	211	30	144	43	62	126	193	157	245	250	190	65	219	12	135	56	240	173	## Tournée 21
109	28	225	199	187	238	34	202	50	148	37	120	73	52	139	51	150	175	177	## Tournée 22
