372539	## Somme des retards
20	## Temps CPU (millisecondes)
234	54	20	168	95	161	230	222	223	241	163	103	9	43	130	112	201	173	27	30	99	198	235	247	117	150	250	220	180	100	56	63	48	59	195	246	1	147	53	78	32	152	141	134	83	40	10	24	139	153	69	120	144	96	233	26	38	33	135	231	211	190	206	18	200	52	226	6	28	71	178	158	236	186	177	25	210	165	72	156	138	123	229	41	184	127	2	70	169	3	11	131	125	19	188	155	170	243	55	242	228	67	74	50	85	151	75	60	143	124	98	215	36	79	216	115	118	181	185	121	49	82	97	175	248	57	207	171	237	136	44	197	122	213	102	81	7	45	128	196	218	114	162	142	92	148	51	16	108	22	88	146	34	91	15	199	17	13	29	39	245	21	37	106	133	107	208	203	31	132	110	93	239	232	65	89	209	116	101	84	167	126	90	182	12	154	194	192	204	4	189	176	105	145	77	8	240	87	160	76	164	172	174	227	219	217	140	66	212	94	23	64	137	35	113	221	119	238	214	183	109	224	61	159	149	80	73	193	5	111	249	42	166	62	205	58	46	187	179	86	68	202	244	47	14	225	157	129	104	191	## Ordonnancement
24	## Nombre de tournées
1	1	1	2	2	2	4	4	4	8	6	8	9	8	14	15	15	17	18	20	21	22	25	23	## Nombre de sites par tournée
234	## Tournée 1
54	## Tournée 2
20	## Tournée 3
95	168	## Tournée 4
230	161	## Tournée 5
222	223	## Tournée 6
163	103	241	9	## Tournée 7
112	201	43	130	## Tournée 8
27	173	30	99	## Tournée 9
150	198	250	247	220	235	180	117	## Tournée 10
195	48	59	56	63	100	## Tournée 11
53	78	141	246	32	152	1	147	## Tournée 12
139	120	40	153	69	24	83	10	134	## Tournée 13
233	26	96	144	231	33	135	38	## Tournée 14
52	178	186	200	28	6	18	226	211	206	71	158	236	190	## Tournée 15
165	138	169	70	210	72	25	127	229	123	156	41	177	2	184	## Tournée 16
19	242	67	125	131	155	243	74	188	11	3	50	55	170	228	## Tournée 17
98	115	151	75	60	36	79	49	85	124	185	215	118	143	121	216	181	## Tournée 18
122	171	81	136	128	82	213	57	248	7	97	102	207	175	45	44	237	197	## Tournée 19
92	16	29	34	15	91	88	218	142	199	196	108	146	22	17	148	114	13	51	162	## Tournée 20
39	133	245	84	101	232	107	65	106	21	239	93	132	37	89	203	31	116	208	110	209	## Tournée 21
87	189	145	194	167	172	90	4	204	164	77	105	240	8	182	76	126	192	154	12	176	160	## Tournée 22
219	183	94	149	227	119	212	159	113	73	61	174	221	23	66	109	238	214	137	35	64	217	224	140	80	## Tournée 23
179	166	244	104	47	14	191	129	58	86	42	62	5	225	202	187	68	46	111	193	205	157	249	## Tournée 24
