37748	## Somme des retards
0	## Temps CPU (millisecondes)
59	20	100	48	3	97	4	66	64	8	95	21	32	49	52	82	88	16	40	45	43	86	29	92	74	87	51	75	85	11	37	18	12	80	61	33	15	47	23	96	24	1	41	78	62	13	36	5	81	38	25	42	65	77	83	67	58	54	76	26	6	93	94	34	63	46	39	84	57	27	14	55	60	22	35	79	30	31	89	73	19	71	9	50	91	72	56	98	99	90	17	28	70	69	68	2	44	7	10	53	## Ordonnancement
15	## Nombre de tournées
1	1	3	1	4	5	6	9	9	12	11	16	14	6	2	## Nombre de sites par tournée
59	## Tournée 1
20	## Tournée 2
3	48	100	## Tournée 3
97	## Tournée 4
4	8	66	64	## Tournée 5
49	52	21	32	95	## Tournée 6
45	88	40	82	16	43	## Tournée 7
87	29	92	86	85	51	74	11	75	## Tournée 8
61	15	47	80	33	23	18	37	12	## Tournée 9
13	96	25	24	36	5	62	38	41	81	1	78	## Tournée 10
54	26	83	93	67	76	6	77	65	58	42	## Tournée 11
46	31	39	30	84	14	94	34	55	60	79	22	27	35	63	57	## Tournée 12
28	98	99	90	50	17	71	89	56	9	19	73	91	72	## Tournée 13
68	2	69	7	70	44	## Tournée 14
10	53	## Tournée 15
