182493	## Somme des retards
10	## Temps CPU (millisecondes)
94	187	116	43	141	87	59	139	152	171	78	157	183	114	172	93	200	144	15	53	182	84	95	6	176	5	14	81	32	146	35	199	123	118	51	198	105	162	167	126	52	76	92	148	62	185	34	68	193	134	137	45	158	64	161	132	145	66	106	121	189	102	113	166	63	26	7	80	74	184	16	133	155	140	170	181	109	1	46	8	142	89	173	3	143	38	192	125	83	100	17	96	129	111	31	48	177	131	77	164	119	169	49	91	23	72	190	30	56	61	186	147	97	11	12	128	50	27	99	195	86	153	196	175	110	29	19	136	28	79	70	24	101	107	197	42	179	117	108	138	163	90	33	21	58	88	82	165	69	151	191	135	73	20	104	168	36	160	115	13	57	55	98	40	60	130	180	39	122	67	10	37	159	41	44	120	154	18	85	178	124	103	150	47	174	9	65	22	127	54	188	194	112	149	71	75	25	2	4	156	## Ordonnancement
23	## Nombre de tournées
1	1	1	1	1	2	2	3	4	4	6	8	9	10	12	15	16	18	18	20	22	21	5	## Nombre de sites par tournée
94	## Tournée 1
187	## Tournée 2
116	## Tournée 3
43	## Tournée 4
141	## Tournée 5
87	59	## Tournée 6
152	139	## Tournée 7
78	171	157	## Tournée 8
93	183	114	172	## Tournée 9
200	144	53	15	## Tournée 10
176	95	84	182	6	5	## Tournée 11
81	118	14	146	32	123	35	199	## Tournée 12
162	198	105	126	51	167	76	92	52	## Tournée 13
34	134	193	45	185	148	137	68	62	158	## Tournée 14
102	145	166	132	64	161	189	113	106	66	63	121	## Tournée 15
170	16	46	109	8	80	155	7	26	74	1	133	140	184	181	## Tournée 16
173	100	125	89	111	38	17	48	129	96	143	192	83	31	142	3	## Tournée 17
169	177	147	23	72	56	11	164	91	77	131	119	186	61	97	30	49	190	## Tournée 18
19	136	175	99	12	29	153	195	50	196	110	86	28	79	128	24	70	27	## Tournée 19
163	69	135	197	90	101	108	21	165	58	117	179	191	151	33	88	107	138	42	82	## Tournée 20
104	20	40	160	57	130	67	98	159	115	37	41	10	13	122	39	55	168	180	73	36	60	## Tournée 21
85	174	194	112	124	65	127	9	103	149	71	18	22	178	150	44	188	54	154	120	47	## Tournée 22
156	25	4	2	75	## Tournée 23
