67509	## Somme des retards
0	## Temps CPU (millisecondes)
63	53	56	61	68	23	98	39	37	1	91	70	80	18	78	74	45	48	17	64	29	32	46	13	90	75	31	100	60	93	66	2	35	89	77	19	38	41	94	54	14	20	73	79	26	99	9	27	49	71	69	7	4	65	8	12	42	24	83	82	55	22	67	88	62	95	40	30	76	86	52	43	34	6	57	15	3	5	28	50	85	44	72	92	96	84	87	47	36	59	16	58	33	97	25	11	51	81	10	21	## Ordonnancement
14	## Nombre de tournées
1	2	3	4	6	5	9	9	9	11	11	14	14	2	## Nombre de sites par tournée
63	## Tournée 1
56	53	## Tournée 2
23	61	68	## Tournée 3
39	37	98	1	## Tournée 4
78	91	18	70	80	74	## Tournée 5
48	29	45	17	64	## Tournée 6
32	60	31	93	46	13	75	90	100	## Tournée 7
66	94	41	19	77	89	38	2	35	## Tournée 8
54	79	14	26	9	73	20	27	99	## Tournée 9
4	83	12	42	7	24	71	69	8	65	49	## Tournée 10
86	67	55	76	22	95	82	62	40	30	88	## Tournée 11
44	43	52	57	85	34	50	6	15	72	5	3	28	92	## Tournée 12
11	84	87	51	16	33	81	97	96	25	59	36	58	47	## Tournée 13
21	10	## Tournée 14
