96604	## Somme des retards
50	## Temps CPU (millisecondes)
130	84	106	33	12	286	157	216	56	253	73	38	291	194	211	173	229	77	276	135	214	193	68	168	293	195	257	125	155	167	133	30	149	118	245	252	47	44	241	272	122	290	64	105	244	277	6	72	154	96	123	228	192	233	283	270	138	45	67	28	19	236	278	213	48	147	103	54	248	212	1	144	139	9	17	46	284	87	289	161	104	237	292	280	113	197	25	62	14	20	117	78	137	89	91	218	57	172	101	180	32	112	79	258	267	169	262	150	186	222	202	285	21	166	246	58	8	39	223	152	93	238	86	65	76	3	61	300	191	296	263	10	24	198	174	18	269	119	261	94	97	92	181	74	230	232	171	227	274	240	69	210	242	136	221	98	7	71	121	50	203	259	159	5	239	34	120	127	55	132	235	250	295	207	201	85	225	297	51	288	140	35	209	279	90	243	175	116	148	249	49	264	42	114	234	224	129	199	63	4	111	273	281	70	176	165	266	40	196	282	88	82	95	231	100	294	271	23	164	115	265	102	184	99	187	53	298	190	146	60	134	143	11	183	188	200	31	107	75	108	109	126	26	37	142	215	145	287	52	205	220	208	204	177	27	80	124	153	66	217	15	81	189	254	29	158	16	41	13	178	251	163	59	299	206	185	268	43	256	131	36	22	247	110	255	170	275	141	182	219	160	226	83	260	128	156	2	162	179	151	## Ordonnancement
25	## Nombre de tournées
1	1	1	1	2	2	3	5	3	8	9	10	12	14	16	19	19	20	26	24	26	28	27	22	1	## Nombre de sites par tournée
130	## Tournée 1
84	## Tournée 2
106	## Tournée 3
33	## Tournée 4
286	12	## Tournée 5
157	216	## Tournée 6
73	253	56	## Tournée 7
211	291	194	38	173	## Tournée 8
77	229	276	## Tournée 9
168	195	293	214	68	135	193	257	## Tournée 10
252	155	149	245	125	133	167	118	30	## Tournée 11
244	122	105	64	272	277	241	44	290	47	## Tournée 12
154	138	72	6	45	123	233	96	270	283	192	228	## Tournée 13
147	278	28	144	54	236	213	67	103	212	1	48	19	248	## Tournée 14
17	289	284	46	139	113	9	62	25	292	237	87	197	104	280	161	## Tournée 15
32	57	172	89	117	14	79	262	258	218	101	267	78	137	112	91	20	169	180	## Tournée 16
222	246	93	8	166	238	285	21	58	3	186	65	150	76	152	202	39	223	86	## Tournée 17
230	18	263	119	94	24	198	232	181	269	97	296	74	10	191	92	261	300	61	174	## Tournée 18
69	240	34	50	221	98	136	5	159	250	259	7	227	120	55	171	239	121	71	274	132	203	242	210	235	127	## Tournée 19
42	297	224	35	225	295	201	243	51	207	249	175	90	85	49	264	234	279	116	148	209	114	140	288	## Tournée 20
4	164	165	129	82	111	63	176	70	273	115	281	23	102	199	100	196	40	95	282	265	271	231	88	266	294	## Tournée 21
287	187	205	183	188	215	53	200	26	146	52	11	142	107	190	31	108	109	60	145	126	143	37	184	99	298	134	75	## Tournée 22
217	204	81	163	41	254	206	13	158	59	177	189	16	80	66	124	208	251	153	220	27	299	15	268	29	178	185	## Tournée 23
156	260	219	182	162	131	83	2	36	160	275	43	256	179	226	247	255	22	141	170	110	128	## Tournée 24
151	## Tournée 25
