140947	## Somme des retards
10	## Temps CPU (millisecondes)
55	49	122	35	148	128	103	91	89	25	3	40	142	43	121	129	115	66	144	26	36	102	140	10	69	137	20	37	13	118	62	39	71	12	65	119	27	74	110	50	47	93	78	11	95	53	106	109	72	105	113	44	7	28	112	1	5	126	125	68	64	99	133	42	143	127	131	141	2	33	116	94	81	70	51	14	15	29	32	52	134	111	57	4	61	24	97	45	150	54	124	21	130	59	146	86	73	6	108	8	19	145	9	136	100	34	132	149	88	85	96	90	48	83	22	38	104	123	18	147	30	80	139	107	76	60	135	17	67	75	16	98	46	138	56	58	92	82	114	101	87	41	77	84	23	117	31	79	120	63	## Ordonnancement
18	## Nombre de tournées
1	1	2	3	3	5	5	5	7	6	8	9	11	13	16	16	17	22	## Nombre de sites par tournée
55	## Tournée 1
49	## Tournée 2
35	122	## Tournée 3
128	148	103	## Tournée 4
91	25	89	## Tournée 5
142	40	121	43	3	## Tournée 6
144	129	26	66	115	## Tournée 7
10	36	69	102	140	## Tournée 8
20	62	118	137	39	37	13	## Tournée 9
74	12	65	71	119	27	## Tournée 10
78	53	11	50	95	110	47	93	## Tournée 11
112	7	44	28	106	113	109	72	105	## Tournée 12
126	99	143	127	1	42	133	125	5	68	64	## Tournée 13
33	70	29	32	116	141	2	14	81	131	94	51	15	## Tournée 14
146	24	61	111	4	54	134	150	97	124	45	59	52	130	57	21	## Tournée 15
132	86	19	85	88	145	9	8	34	96	149	100	108	73	136	6	## Tournée 16
22	107	90	18	123	135	104	83	60	38	76	30	147	80	139	48	17	## Tournée 17
120	114	16	67	87	92	117	23	84	56	63	46	31	75	101	98	58	41	82	79	77	138	## Tournée 18
