220986	## Somme des retards
50	## Temps CPU (millisecondes)
251	149	243	201	111	269	184	5	129	293	290	250	266	4	152	100	93	54	62	94	235	16	120	28	97	172	255	225	194	116	196	277	244	267	183	150	242	252	110	188	187	77	75	103	119	215	257	295	198	73	258	271	283	98	185	135	292	134	123	220	264	249	268	234	92	130	229	191	11	155	238	275	300	82	10	118	273	199	44	67	132	261	272	102	31	224	13	20	49	173	233	192	286	232	151	36	105	57	167	8	43	141	210	226	157	106	254	46	222	51	247	47	114	168	95	193	108	144	7	227	288	189	128	12	9	165	39	202	52	161	71	296	109	203	68	131	6	72	86	101	76	81	265	179	180	276	223	284	230	19	89	274	133	159	218	64	90	74	297	17	171	212	21	136	248	245	219	289	3	279	117	294	181	166	29	38	156	70	145	139	147	66	35	169	55	281	104	262	41	287	78	48	158	164	174	278	22	99	50	138	115	154	56	182	15	209	91	190	58	285	259	32	25	112	299	207	18	208	213	246	241	63	217	237	239	30	107	83	221	61	253	85	140	175	170	127	26	24	186	178	121	37	206	146	40	124	34	33	176	204	65	45	195	205	1	96	53	160	270	282	125	122	177	137	163	216	27	60	260	142	42	87	84	2	162	148	214	263	14	231	280	211	113	80	79	197	200	88	143	236	69	256	23	153	228	126	298	59	240	291	## Ordonnancement
24	## Nombre de tournées
1	1	1	1	2	3	5	6	6	9	9	12	12	16	18	16	20	22	21	25	25	27	28	14	## Nombre de sites par tournée
251	## Tournée 1
149	## Tournée 2
243	## Tournée 3
201	## Tournée 4
269	111	## Tournée 5
129	5	184	## Tournée 6
250	290	266	293	4	## Tournée 7
62	152	54	100	93	94	## Tournée 8
235	120	28	16	172	97	## Tournée 9
225	267	196	255	194	116	277	244	183	## Tournée 10
187	103	110	252	242	77	150	75	188	## Tournée 11
295	73	257	198	215	271	135	283	185	258	98	119	## Tournée 12
130	264	220	92	191	123	234	134	292	229	249	268	## Tournée 13
155	67	199	118	132	273	44	275	238	300	261	102	10	82	272	11	## Tournée 14
36	141	43	192	8	286	232	151	20	57	13	49	233	224	167	105	173	31	## Tournée 15
168	47	247	222	210	193	106	157	108	254	226	46	114	51	144	95	## Tournée 16
189	161	68	128	165	203	7	202	9	39	71	6	109	12	227	72	52	288	131	296	## Tournée 17
218	81	223	179	90	133	230	276	76	159	64	180	297	284	74	17	101	265	19	86	274	89	## Tournée 18
139	171	147	38	136	279	70	219	166	181	156	289	145	245	294	21	212	3	117	248	29	## Tournée 19
262	281	35	154	78	169	209	182	104	55	15	99	22	66	174	164	41	50	56	287	158	48	278	115	138	## Tournée 20
259	91	107	239	112	63	25	83	61	285	190	208	32	241	299	207	18	253	30	213	217	237	246	58	221	## Tournée 21
53	170	206	85	24	96	34	124	37	45	26	195	127	178	204	121	1	65	140	205	160	146	186	176	33	175	40	## Tournée 22
270	211	162	197	280	216	214	27	125	163	80	177	79	113	87	60	282	14	260	263	231	2	137	148	42	122	142	84	## Tournée 23
153	200	228	240	69	126	256	298	236	143	88	59	291	23	## Tournée 24
