110443	## Somme des retards
50	## Temps CPU (millisecondes)
183	104	137	12	51	229	262	76	136	16	97	245	143	71	40	293	7	110	141	132	138	86	298	266	277	198	214	184	146	109	252	273	157	181	202	274	127	195	119	60	50	68	43	101	128	250	111	95	285	94	63	5	13	73	254	166	216	209	32	241	244	151	26	246	106	155	191	291	102	160	79	231	280	27	92	226	255	65	114	164	162	296	158	203	57	85	188	295	176	201	290	213	147	107	89	14	249	276	9	108	275	232	4	117	204	99	30	125	1	144	292	83	123	287	168	88	170	24	45	135	156	41	131	265	113	142	96	91	205	186	163	234	105	197	237	279	82	185	208	236	84	8	67	74	207	10	21	173	2	59	145	37	52	272	178	190	271	212	152	25	182	98	218	268	93	240	289	22	270	282	210	283	247	300	33	257	80	31	256	211	161	169	297	215	29	139	177	172	115	6	179	206	28	224	154	269	58	49	47	81	189	62	124	118	194	23	180	171	35	55	72	42	261	165	264	150	126	90	175	3	18	253	267	140	294	36	174	34	192	238	149	288	258	133	56	19	130	87	220	196	286	15	233	77	242	121	284	103	134	148	17	153	54	122	78	66	278	251	228	69	281	239	217	159	11	187	61	48	227	20	260	230	221	116	223	100	75	129	219	167	200	299	243	263	46	64	235	259	225	70	112	120	53	44	248	222	39	199	193	38	## Ordonnancement
21	## Nombre de tournées
2	2	2	4	7	6	8	9	13	13	15	16	17	23	21	24	25	28	30	31	4	## Nombre de sites par tournée
104	183	## Tournée 1
12	137	## Tournée 2
51	229	## Tournée 3
262	76	16	136	## Tournée 4
7	40	245	71	143	293	97	## Tournée 5
110	141	138	86	298	132	## Tournée 6
198	109	252	277	214	184	266	146	## Tournée 7
195	60	274	273	157	181	127	119	202	## Tournée 8
285	50	63	128	68	95	250	13	43	111	94	101	5	## Tournée 9
246	155	26	32	151	166	244	73	216	254	241	209	106	## Tournée 10
164	114	191	102	226	92	231	160	255	291	79	162	280	27	65	## Tournée 11
201	296	176	213	107	290	57	89	85	203	14	295	249	147	188	158	## Tournée 12
83	1	276	125	275	9	144	4	108	232	123	117	204	30	287	99	292	## Tournée 13
24	135	131	234	91	113	88	142	197	163	168	105	96	279	41	45	237	205	82	156	186	170	265	## Tournée 14
59	52	21	67	212	272	185	190	8	178	208	2	145	173	10	271	74	207	236	37	84	## Tournée 15
210	93	289	256	22	270	268	98	31	161	211	247	182	283	25	33	300	282	152	240	257	80	169	218	## Tournée 16
49	62	28	81	179	172	206	269	154	47	189	297	23	6	115	118	58	29	194	215	124	224	180	139	177	## Tournée 17
18	175	149	264	261	192	165	56	294	72	34	3	267	258	133	42	55	238	171	36	150	253	126	288	174	140	35	90	## Tournée 18
77	217	239	103	122	121	159	278	78	148	233	66	284	130	11	15	153	220	196	134	242	251	54	228	286	69	19	281	87	17	## Tournée 19
187	70	260	116	200	100	219	44	61	167	248	20	120	46	48	230	53	112	75	222	225	299	259	263	64	243	223	235	221	129	227	## Tournée 20
193	38	39	199	## Tournée 21
