62381	## Somme des retards
0	## Temps CPU (millisecondes)
19	71	49	97	52	72	63	29	96	67	7	35	100	81	42	43	83	88	66	18	16	92	1	13	57	64	4	89	93	15	77	38	8	50	85	14	37	60	84	65	94	76	79	91	45	55	44	58	41	78	32	69	61	47	28	54	33	46	62	95	36	2	74	53	68	82	40	10	27	98	6	31	86	25	80	21	24	12	39	9	70	75	22	26	73	99	23	51	48	87	5	11	34	30	20	17	59	56	3	90	## Ordonnancement
15	## Nombre de tournées
1	1	2	2	4	5	5	7	6	9	9	12	16	12	9	## Nombre de sites par tournée
19	## Tournée 1
71	## Tournée 2
97	49	## Tournée 3
52	72	## Tournée 4
29	67	63	96	## Tournée 5
100	42	81	7	35	## Tournée 6
43	66	18	83	88	## Tournée 7
64	92	1	13	16	57	4	## Tournée 8
15	89	8	93	77	38	## Tournée 9
85	50	65	76	60	14	37	84	94	## Tournée 10
41	58	91	32	79	44	45	78	55	## Tournée 11
95	28	2	54	61	33	62	74	36	69	47	46	## Tournée 12
27	6	80	25	86	10	82	53	98	31	24	39	12	21	40	68	## Tournée 13
22	87	70	99	23	26	75	5	73	51	48	9	## Tournée 14
56	17	34	90	11	3	30	59	20	## Tournée 15
