54806	## Somme des retards
0	## Temps CPU (millisecondes)
13	5	48	67	37	79	38	47	69	14	65	57	78	33	56	46	50	31	44	87	49	17	41	20	27	61	64	76	63	88	80	73	96	51	11	99	9	21	74	55	28	54	90	84	100	66	4	43	15	23	10	32	92	52	22	45	3	81	19	12	6	8	26	62	58	7	35	71	89	30	24	97	1	34	16	25	91	36	82	53	85	75	18	68	40	72	98	42	70	29	86	93	2	83	60	39	94	59	95	77	## Ordonnancement
16	## Nombre de tournées
1	2	1	1	2	3	5	5	8	9	9	13	12	15	13	1	## Nombre de sites par tournée
13	## Tournée 1
48	5	## Tournée 2
67	## Tournée 3
37	## Tournée 4
79	38	## Tournée 5
47	69	14	## Tournée 6
56	65	78	57	33	## Tournée 7
87	50	31	44	46	## Tournée 8
27	17	20	49	76	41	64	61	## Tournée 9
96	88	11	99	63	80	9	73	51	## Tournée 10
21	55	28	74	84	54	66	100	90	## Tournée 11
15	81	4	3	52	43	10	22	23	92	19	45	32	## Tournée 12
89	58	62	12	35	26	30	7	24	8	71	6	## Tournée 13
16	36	85	53	1	25	97	72	75	18	91	68	40	34	82	## Tournée 14
95	93	29	94	59	2	42	86	83	70	60	39	98	## Tournée 15
77	## Tournée 16
