58865	## Somme des retards
0	## Temps CPU (millisecondes)
87	82	51	68	98	14	45	59	66	8	4	60	86	79	94	64	97	3	53	70	67	74	24	20	42	61	57	48	28	83	12	33	35	69	5	80	91	84	47	85	10	50	2	43	26	49	16	52	63	88	37	44	36	25	89	62	41	92	30	6	19	56	95	15	78	18	29	90	72	21	71	34	54	11	39	7	22	99	32	46	1	38	31	27	81	76	17	58	13	100	23	96	93	75	73	55	77	65	40	9	## Ordonnancement
19	## Nombre de tournées
1	1	2	1	2	1	1	1	2	3	3	7	6	7	10	12	13	16	11	## Nombre de sites par tournée
87	## Tournée 1
82	## Tournée 2
68	51	## Tournée 3
98	## Tournée 4
14	45	## Tournée 5
59	## Tournée 6
66	## Tournée 7
8	## Tournée 8
60	4	## Tournée 9
79	86	94	## Tournée 10
64	3	97	## Tournée 11
67	53	70	20	42	24	74	## Tournée 12
48	57	61	12	83	28	## Tournée 13
5	80	84	33	69	91	35	## Tournée 14
49	47	2	10	50	43	26	52	16	85	## Tournée 15
37	88	62	63	44	89	25	92	6	41	36	30	## Tournée 16
95	19	29	78	18	34	54	15	90	56	72	21	71	## Tournée 17
58	46	32	38	13	22	27	99	17	81	1	11	7	76	31	39	## Tournée 18
75	55	77	100	65	93	73	40	96	9	23	## Tournée 19
