49482	## Somme des retards
10	## Temps CPU (millisecondes)
73	4	54	148	7	46	131	138	137	94	77	29	88	37	72	55	39	121	66	105	52	112	90	17	136	147	92	133	41	64	113	103	1	144	120	102	76	110	84	119	81	9	28	67	91	33	58	83	69	57	6	129	142	134	75	143	106	124	125	111	145	48	5	93	49	80	115	10	123	63	149	32	13	86	31	3	104	56	16	62	14	22	130	20	89	71	25	126	43	100	65	140	109	70	11	30	98	60	26	36	74	117	139	27	135	116	2	21	68	42	19	87	97	34	79	15	53	51	118	23	128	45	8	59	38	35	127	146	95	108	18	107	114	50	132	141	12	122	99	96	40	85	78	44	47	101	150	82	61	24	## Ordonnancement
16	## Nombre de tournées
1	1	3	3	3	7	7	6	9	12	13	14	20	17	18	16	## Nombre de sites par tournée
73	## Tournée 1
4	## Tournée 2
148	7	54	## Tournée 3
46	138	131	## Tournée 4
137	77	94	## Tournée 5
39	88	37	72	121	55	29	## Tournée 6
17	66	52	112	136	90	105	## Tournée 7
147	41	133	64	113	92	## Tournée 8
144	103	102	120	119	110	1	76	84	## Tournée 9
28	67	81	33	57	6	69	83	129	91	9	58	## Tournée 10
75	143	48	142	5	125	111	106	49	134	93	124	145	## Tournée 11
13	115	56	16	123	31	86	104	10	149	3	63	80	32	## Tournée 12
71	89	126	98	60	14	25	130	65	43	140	26	22	20	30	100	70	109	62	11	## Tournée 13
27	68	42	36	117	135	19	21	87	74	116	79	15	34	139	97	2	## Tournée 14
51	35	146	38	107	108	8	127	18	23	50	118	114	53	128	45	95	59	## Tournée 15
101	85	150	141	122	47	78	96	40	24	61	12	44	82	99	132	## Tournée 16
