204150	## Somme des retards
40	## Temps CPU (millisecondes)
37	41	156	66	111	3	5	91	95	179	181	68	169	148	187	38	102	105	27	54	188	142	132	77	170	178	88	149	71	104	127	92	192	81	76	199	200	125	58	11	22	90	165	193	134	109	198	114	182	80	194	180	97	6	172	112	12	122	124	59	4	36	93	57	176	151	55	14	120	146	72	30	39	75	161	79	99	168	106	185	25	67	128	49	2	166	141	171	183	110	139	44	189	24	84	48	138	62	1	89	96	115	53	145	34	184	175	191	16	70	28	63	35	42	118	31	101	10	61	23	121	167	85	73	195	137	147	26	130	108	7	69	154	158	140	78	196	8	103	40	131	123	52	21	94	144	9	82	117	51	15	46	64	43	33	29	157	163	174	116	19	143	13	74	159	136	119	17	155	56	133	32	190	153	100	186	173	47	177	86	152	83	98	20	129	65	45	197	18	135	164	50	113	60	162	160	87	126	150	107	## Ordonnancement
20	## Nombre de tournées
1	2	2	2	4	6	6	6	7	10	13	11	14	16	16	18	20	21	20	5	## Nombre de sites par tournée
37	## Tournée 1
41	156	## Tournée 2
66	111	## Tournée 3
5	3	## Tournée 4
181	95	179	91	## Tournée 5
102	68	169	38	148	187	## Tournée 6
54	132	27	105	142	188	## Tournée 7
77	88	71	170	149	178	## Tournée 8
199	92	127	76	81	192	104	## Tournée 9
193	200	90	125	165	58	109	11	134	22	## Tournée 10
97	12	114	124	6	80	172	194	112	180	182	198	122	## Tournée 11
36	55	57	93	14	120	4	151	176	146	59	## Tournée 12
106	72	67	30	25	128	168	99	185	75	161	49	79	39	## Tournée 13
24	183	84	139	141	166	62	138	110	89	2	1	48	171	189	44	## Tournée 14
175	16	42	31	28	70	191	118	35	115	145	184	63	96	34	53	## Tournée 15
154	61	167	23	10	130	121	195	85	101	69	147	7	73	26	137	158	108	## Tournée 16
82	64	196	8	94	9	103	15	21	46	52	131	123	43	117	40	51	140	144	78	## Tournée 17
13	74	56	190	33	17	100	159	155	116	19	143	153	32	133	157	29	119	174	136	163	## Tournée 18
129	47	135	65	60	197	113	50	164	177	152	98	186	45	20	86	18	162	83	173	## Tournée 19
160	87	126	150	107	## Tournée 20
