181562	## Somme des retards
0	## Temps CPU (millisecondes)
9	51	52	130	62	142	76	45	34	123	11	125	71	75	57	48	134	38	43	33	88	42	117	114	25	68	100	56	29	87	144	24	132	15	14	59	128	145	37	102	55	39	119	129	137	99	82	124	31	95	2	19	98	91	44	21	150	133	109	8	22	53	73	108	97	6	139	101	4	23	138	20	141	112	86	13	113	92	69	60	65	127	116	64	67	118	78	83	79	104	49	122	121	107	106	146	27	18	70	120	81	5	47	66	126	58	80	94	74	85	7	143	93	35	10	105	61	40	140	135	131	136	149	28	84	50	17	32	46	63	77	72	26	103	90	41	147	96	1	111	115	16	110	36	3	89	54	30	12	148	## Ordonnancement
21	## Nombre de tournées
1	1	1	1	1	1	2	3	4	5	7	8	8	10	9	11	13	13	16	16	19	## Nombre de sites par tournée
9	## Tournée 1
51	## Tournée 2
52	## Tournée 3
130	## Tournée 4
62	## Tournée 5
142	## Tournée 6
76	45	## Tournée 7
11	34	123	## Tournée 8
57	75	71	125	## Tournée 9
43	48	134	38	33	## Tournée 10
88	117	42	100	25	114	68	## Tournée 11
144	15	29	87	14	132	24	56	## Tournée 12
128	37	59	145	55	39	119	102	## Tournée 13
82	95	19	99	129	2	137	124	31	98	## Tournée 14
21	8	150	91	109	133	44	53	22	## Tournée 15
20	4	141	73	101	138	108	6	97	23	139	## Tournée 16
112	64	116	118	13	65	127	67	92	113	69	86	60	## Tournée 17
107	146	106	121	83	122	70	79	78	18	27	49	104	## Tournée 18
58	80	74	66	120	93	7	143	85	81	10	94	47	126	35	5	## Tournée 19
105	17	131	149	46	136	61	140	28	84	50	135	32	40	77	63	## Tournée 20
30	147	54	41	103	16	36	90	110	115	89	111	3	12	96	72	1	148	26	## Tournée 21
