96055	## Somme des retards
0	## Temps CPU (millisecondes)
9	68	53	76	26	86	15	29	1	57	24	14	97	74	87	83	75	78	19	72	67	81	96	66	30	65	71	95	56	23	44	50	94	80	59	10	100	77	61	60	89	45	11	43	58	82	69	62	63	17	4	85	99	40	84	49	27	64	32	21	22	73	48	28	98	6	91	8	20	31	39	2	18	7	36	12	38	90	37	88	13	70	54	16	46	35	34	79	93	55	42	41	51	5	33	25	3	52	92	47	## Ordonnancement
17	## Nombre de tournées
1	1	1	3	2	2	3	3	5	6	7	9	9	11	12	12	13	## Nombre de sites par tournée
9	## Tournée 1
68	## Tournée 2
53	## Tournée 3
76	26	86	## Tournée 4
29	15	## Tournée 5
57	1	## Tournée 6
97	14	24	## Tournée 7
87	74	83	## Tournée 8
67	19	72	75	78	## Tournée 9
71	81	65	96	66	30	## Tournée 10
56	80	94	23	50	44	95	## Tournée 11
11	89	77	60	10	59	61	100	45	## Tournée 12
43	17	62	63	4	58	85	69	82	## Tournée 13
27	84	32	64	22	49	99	73	40	21	48	## Tournée 14
28	6	31	91	98	2	18	36	39	7	8	20	## Tournée 15
34	88	90	38	16	54	46	35	13	12	70	37	## Tournée 16
41	79	55	47	25	5	52	3	93	42	33	92	51	## Tournée 17
