152830	## Somme des retards
10	## Temps CPU (millisecondes)
63	51	72	15	25	53	138	146	71	59	61	8	73	70	139	45	39	42	57	48	26	147	129	144	2	89	49	52	18	121	79	135	65	40	31	96	80	12	86	21	116	19	75	111	64	1	125	143	117	150	20	131	68	128	13	77	106	56	35	105	109	29	3	69	133	107	149	120	10	91	4	130	85	82	32	11	66	103	137	74	118	124	46	145	141	127	134	104	7	114	50	83	58	41	92	38	102	36	6	140	27	90	22	112	119	123	84	28	24	87	54	113	97	148	142	132	14	81	44	76	17	94	37	110	126	33	23	98	55	101	100	88	16	43	115	93	34	95	78	47	122	5	136	30	67	60	62	9	108	99	## Ordonnancement
23	## Nombre de tournées
1	1	1	1	1	1	1	1	2	2	3	4	5	6	7	8	10	10	14	15	17	18	21	## Nombre de sites par tournée
63	## Tournée 1
51	## Tournée 2
72	## Tournée 3
15	## Tournée 4
25	## Tournée 5
53	## Tournée 6
138	## Tournée 7
146	## Tournée 8
59	71	## Tournée 9
8	61	## Tournée 10
73	70	139	## Tournée 11
39	45	57	42	## Tournée 12
48	26	129	147	144	## Tournée 13
49	18	89	121	52	2	## Tournée 14
65	96	40	80	31	135	79	## Tournée 15
19	86	21	75	111	116	64	12	## Tournée 16
117	128	68	20	13	125	143	1	131	150	## Tournée 17
35	106	69	105	29	133	3	77	109	56	## Tournée 18
11	82	66	4	107	85	137	10	91	130	32	120	103	149	## Tournée 19
134	83	46	124	41	118	141	50	127	145	104	58	7	74	114	## Tournée 20
112	54	84	90	38	36	119	27	28	24	123	92	102	140	22	87	6	## Tournée 21
132	44	37	126	55	76	33	23	97	148	14	142	17	81	94	113	98	110	## Tournée 22
43	78	136	122	16	47	5	101	62	108	115	67	93	30	34	100	9	95	99	88	60	## Tournée 23
