78361	## Somme des retards
0	## Temps CPU (millisecondes)
66	91	22	37	75	28	64	76	62	15	70	13	65	83	16	59	8	49	40	87	43	1	63	92	69	71	50	21	94	58	72	98	86	53	7	60	85	95	78	96	29	67	9	48	44	97	30	45	56	4	68	90	46	14	89	12	3	47	38	54	100	41	80	6	42	51	27	31	11	20	26	2	25	17	36	74	61	33	84	55	81	79	73	23	10	39	88	34	19	93	57	99	32	35	5	52	82	24	18	77	## Ordonnancement
18	## Nombre de tournées
1	1	1	1	1	2	2	4	6	4	6	7	9	10	13	16	15	1	## Nombre de sites par tournée
66	## Tournée 1
91	## Tournée 2
22	## Tournée 3
37	## Tournée 4
75	## Tournée 5
28	64	## Tournée 6
76	62	## Tournée 7
65	70	13	15	## Tournée 8
16	8	83	59	40	49	## Tournée 9
63	1	87	43	## Tournée 10
50	92	71	69	94	21	## Tournée 11
60	53	58	98	86	7	72	## Tournée 12
44	95	9	85	48	96	67	29	78	## Tournée 13
4	89	97	56	68	45	14	90	46	30	## Tournée 14
100	27	12	47	38	3	51	6	42	41	80	54	31	## Tournée 15
33	73	79	17	11	20	25	23	55	2	74	26	61	81	36	84	## Tournée 16
35	10	88	24	82	99	32	34	18	19	57	93	5	39	52	## Tournée 17
77	## Tournée 18
