238946	## Somme des retards
30	## Temps CPU (millisecondes)
185	143	173	10	68	20	94	49	73	7	162	13	147	26	132	85	74	30	113	77	80	167	141	194	101	123	137	88	61	154	168	107	128	39	198	57	151	134	56	183	51	91	64	65	33	129	17	163	172	46	78	184	75	89	90	58	197	8	188	5	71	29	93	53	165	15	166	31	117	120	104	24	191	115	84	3	2	41	171	199	63	139	69	196	181	23	195	140	50	174	186	189	105	86	119	62	11	136	148	153	144	169	122	22	47	145	190	42	67	116	1	48	16	179	177	6	102	125	152	76	54	12	18	4	135	108	70	146	142	34	175	55	97	98	118	82	45	130	38	100	72	59	160	121	87	92	27	192	19	52	182	111	32	83	150	28	131	126	176	159	81	95	124	14	112	127	79	161	103	164	36	157	25	96	187	9	133	109	158	149	170	110	193	200	99	114	66	37	44	178	43	60	155	40	180	138	21	106	156	35	## Ordonnancement
22	## Nombre de tournées
2	1	2	2	2	3	5	6	6	7	9	10	10	14	14	17	18	15	22	23	11	1	## Nombre de sites par tournée
185	143	## Tournée 1
173	## Tournée 2
10	68	## Tournée 3
20	94	## Tournée 4
73	49	## Tournée 5
7	13	162	## Tournée 6
74	132	147	85	26	## Tournée 7
167	80	141	113	30	77	## Tournée 8
137	101	61	123	88	194	## Tournée 9
168	39	128	198	57	107	154	## Tournée 10
56	64	51	65	151	134	183	91	33	## Tournée 11
184	46	90	75	172	89	129	163	17	78	## Tournée 12
29	188	197	5	93	53	71	8	58	165	## Tournée 13
191	117	171	104	84	2	166	115	3	120	41	31	24	15	## Tournée 14
199	181	63	140	50	105	23	196	69	186	139	195	189	174	## Tournée 15
169	136	22	116	47	190	119	148	42	145	62	67	153	11	144	86	122	## Tournée 16
1	125	102	135	70	76	12	108	48	179	54	6	152	4	177	16	18	146	## Tournée 17
38	34	72	98	118	59	82	100	130	175	160	97	55	142	45	## Tournée 18
124	81	19	176	32	83	192	87	92	52	14	121	159	95	150	126	27	111	131	28	182	112	## Tournée 19
99	157	37	110	79	158	164	187	66	161	170	127	149	25	9	133	96	193	103	36	114	200	109	## Tournée 20
60	155	106	180	40	21	178	156	138	43	44	## Tournée 21
35	## Tournée 22
