66817	## Somme des retards
0	## Temps CPU (millisecondes)
10	51	89	67	2	48	14	72	76	40	56	78	34	29	93	35	70	33	61	90	79	16	100	42	71	8	20	18	85	30	19	99	24	49	59	26	96	46	12	87	66	27	69	57	9	31	4	17	47	41	50	45	75	39	60	1	68	63	37	15	36	44	53	83	74	86	97	82	21	11	80	58	7	88	52	23	28	84	13	38	62	22	94	43	6	98	65	92	54	64	95	81	91	73	25	3	32	55	5	77	## Ordonnancement
17	## Nombre de tournées
1	2	1	1	1	1	3	4	6	8	9	9	10	11	14	14	5	## Nombre de sites par tournée
10	## Tournée 1
89	51	## Tournée 2
67	## Tournée 3
2	## Tournée 4
48	## Tournée 5
14	## Tournée 6
72	40	76	## Tournée 7
34	56	78	29	## Tournée 8
33	90	35	61	70	93	## Tournée 9
8	71	42	20	18	79	16	100	## Tournée 10
30	24	85	99	19	59	26	96	49	## Tournée 11
9	46	87	31	69	27	12	66	57	## Tournée 12
47	50	75	4	45	1	60	41	39	17	## Tournée 13
86	53	37	83	68	63	97	74	15	44	36	## Tournée 14
62	82	52	11	23	88	84	13	80	58	21	28	38	7	## Tournée 15
95	92	25	6	94	43	22	91	81	98	64	65	54	73	## Tournée 16
55	3	32	77	5	## Tournée 17
