185814	## Somme des retards
10	## Temps CPU (millisecondes)
89	55	42	107	128	68	5	77	109	129	36	57	46	144	27	78	50	117	130	116	139	134	21	53	17	47	73	67	38	83	13	60	7	8	15	121	69	103	149	91	24	98	106	52	84	14	120	61	18	146	72	41	63	136	70	142	141	131	28	48	113	93	44	88	143	138	111	58	54	29	76	40	56	135	31	124	114	23	35	49	145	33	26	105	59	37	51	65	137	74	126	19	92	101	132	119	30	79	82	3	71	39	62	102	133	66	95	99	4	64	22	110	2	10	45	96	140	148	87	122	86	16	9	20	104	43	108	90	25	12	112	147	100	115	125	32	97	1	127	123	11	94	118	6	81	34	150	80	75	85	## Ordonnancement
19	## Nombre de tournées
1	1	1	2	2	3	4	5	6	7	9	9	11	13	12	17	16	19	12	## Nombre de sites par tournée
89	## Tournée 1
55	## Tournée 2
42	## Tournée 3
107	128	## Tournée 4
68	5	## Tournée 5
129	109	77	## Tournée 6
46	144	57	36	## Tournée 7
50	78	130	27	117	## Tournée 8
17	53	116	139	134	21	## Tournée 9
38	47	60	13	83	67	73	## Tournée 10
15	149	91	8	7	69	103	121	24	## Tournée 11
120	18	146	84	52	98	14	61	106	## Tournée 12
48	113	72	70	28	136	41	141	63	142	131	## Tournée 13
135	93	143	76	56	58	29	40	44	54	111	138	88	## Tournée 14
49	23	35	26	105	33	145	114	37	31	124	59	## Tournée 15
51	62	71	39	126	79	65	119	30	132	19	3	92	74	82	137	101	## Tournée 16
64	10	140	66	87	2	96	22	148	45	102	99	110	95	4	133	## Tournée 17
12	43	1	104	125	100	16	32	86	108	90	112	25	122	9	20	147	97	115	## Tournée 18
94	6	34	80	127	118	75	123	11	150	85	81	## Tournée 19
