61273	## Somme des retards
0	## Temps CPU (millisecondes)
114	86	99	69	129	138	27	103	134	147	119	128	42	133	97	25	108	56	105	30	19	132	95	24	89	82	111	63	62	29	14	57	78	81	120	135	8	96	87	130	137	15	113	67	64	124	33	93	55	94	123	79	71	45	54	127	150	17	88	4	125	80	91	85	40	36	83	115	145	118	140	49	104	11	101	148	10	110	16	9	32	112	35	100	75	5	131	48	20	77	21	37	122	28	73	84	70	47	66	136	39	102	107	1	59	98	90	12	41	38	46	146	144	142	92	22	43	7	76	18	109	26	143	141	74	149	44	139	13	53	34	61	58	51	126	2	72	68	23	106	50	65	116	121	3	6	117	60	52	31	## Ordonnancement
19	## Nombre de tournées
1	1	1	1	2	3	2	3	4	5	9	10	11	12	15	17	18	18	17	## Nombre de sites par tournée
114	## Tournée 1
86	## Tournée 2
99	## Tournée 3
69	## Tournée 4
138	129	## Tournée 5
103	134	27	## Tournée 6
119	147	## Tournée 7
128	42	133	## Tournée 8
108	25	56	97	## Tournée 9
30	95	105	132	19	## Tournée 10
63	111	89	14	62	57	82	24	29	## Tournée 11
130	96	81	120	15	137	87	8	135	78	## Tournée 12
93	94	113	55	33	71	64	79	124	123	67	## Tournée 13
91	80	17	4	88	150	127	40	125	54	85	45	## Tournée 14
10	115	104	16	148	110	9	83	11	140	145	36	49	101	118	## Tournée 15
35	122	100	32	5	37	84	77	21	20	48	70	112	73	28	131	75	## Tournée 16
12	92	41	66	90	39	47	46	142	98	136	38	59	146	1	144	102	107	## Tournée 17
139	44	74	141	13	76	7	43	18	61	109	53	149	34	58	22	143	26	## Tournée 18
3	50	23	52	117	2	51	68	60	6	72	65	116	126	106	31	121	## Tournée 19
