224473	## Somme des retards
20	## Temps CPU (millisecondes)
251	149	243	201	111	269	184	5	129	293	290	250	266	4	152	100	93	54	62	94	235	16	120	28	97	172	255	225	194	116	196	277	244	267	183	150	242	252	110	188	187	77	75	103	119	215	257	295	198	73	258	271	283	98	185	135	191	130	134	123	220	264	249	268	199	234	92	229	292	102	272	261	132	67	82	10	118	273	275	300	44	238	155	11	31	224	13	20	49	173	233	286	232	151	192	36	105	57	167	8	43	141	168	193	47	165	222	51	247	46	108	254	95	106	157	114	144	226	210	72	288	189	12	52	39	202	9	133	161	128	71	296	131	203	68	109	6	7	76	86	101	297	265	227	159	179	180	276	223	284	230	19	89	274	81	218	64	90	74	17	171	212	21	136	248	245	219	289	3	279	117	294	181	166	29	38	156	70	145	139	147	209	15	182	56	154	115	281	104	262	41	287	78	48	158	164	278	22	99	50	138	285	169	55	174	35	66	253	61	221	83	259	32	25	112	299	207	18	208	213	246	241	63	217	237	239	30	107	58	190	91	85	140	1	205	195	45	65	204	176	33	34	162	146	40	124	206	37	121	178	186	24	26	127	170	175	53	160	270	282	125	122	177	137	163	231	14	263	60	148	42	87	84	2	142	260	214	27	216	69	280	211	113	80	79	197	96	291	240	59	298	256	23	153	228	126	236	143	88	200	## Ordonnancement
24	## Nombre de tournées
1	1	1	1	2	3	5	6	6	9	9	12	13	15	18	17	19	22	21	26	24	27	29	13	## Nombre de sites par tournée
251	## Tournée 1
149	## Tournée 2
243	## Tournée 3
201	## Tournée 4
269	111	## Tournée 5
129	5	184	## Tournée 6
250	290	266	293	4	## Tournée 7
62	152	54	100	93	94	## Tournée 8
235	120	28	16	172	97	## Tournée 9
225	267	196	255	194	116	277	244	183	## Tournée 10
187	103	110	252	242	77	150	75	188	## Tournée 11
295	73	257	198	215	271	135	283	185	258	98	119	## Tournée 12
130	264	220	92	191	123	234	199	134	292	229	249	268	## Tournée 13
155	67	11	272	82	10	261	300	238	102	132	273	44	118	275	## Tournée 14
36	141	43	192	8	286	232	151	20	57	13	49	233	224	167	105	173	31	## Tournée 15
168	47	247	222	210	193	106	157	108	254	226	46	165	144	51	114	95	## Tournée 16
189	161	68	128	296	203	7	202	9	39	71	6	133	109	12	72	52	288	131	## Tournée 17
218	81	223	179	90	230	276	76	159	64	180	227	89	274	86	19	265	17	101	74	297	284	## Tournée 18
139	171	147	38	136	279	70	219	166	181	156	289	145	245	294	21	212	3	117	248	29	## Tournée 19
262	281	35	154	78	169	209	182	104	55	15	285	158	287	48	278	115	138	174	66	22	99	41	50	56	164	## Tournée 20
259	91	107	239	112	63	25	83	61	58	190	208	32	241	299	207	18	253	30	213	217	237	246	221	## Tournée 21
53	170	206	85	24	34	124	37	162	160	146	186	176	33	175	40	204	178	121	127	195	26	45	1	65	140	205	## Tournée 22
270	211	96	197	280	216	214	27	125	163	80	177	79	113	87	60	282	14	260	263	231	2	137	148	69	42	122	142	84	## Tournée 23
153	200	228	240	298	256	126	236	143	88	59	291	23	## Tournée 24
