53937	## Somme des retards
0	## Temps CPU (millisecondes)
72	78	28	76	49	20	46	31	89	88	55	24	56	10	81	35	73	82	27	86	75	99	40	43	33	47	92	5	9	41	64	58	15	91	1	17	95	52	54	83	61	42	90	80	66	22	67	2	3	100	19	57	93	62	87	18	60	53	74	44	16	8	94	4	63	45	13	77	6	34	7	50	69	51	68	29	79	71	32	97	39	59	98	38	14	70	96	48	21	26	65	36	23	12	25	30	37	11	85	84	## Ordonnancement
15	## Nombre de tournées
1	1	2	1	4	3	4	7	8	9	10	13	14	14	9	## Nombre de sites par tournée
72	## Tournée 1
78	## Tournée 2
28	76	## Tournée 3
49	## Tournée 4
89	20	46	31	## Tournée 5
88	24	55	## Tournée 6
35	56	10	81	## Tournée 7
99	75	73	86	27	82	40	## Tournée 8
64	92	33	9	47	5	43	41	## Tournée 9
83	54	91	58	52	15	95	17	1	## Tournée 10
61	67	90	2	66	80	3	22	42	100	## Tournée 11
19	16	18	74	57	62	60	93	87	94	8	53	44	## Tournée 12
77	79	6	4	63	69	34	7	13	50	68	29	45	51	## Tournée 13
32	48	96	26	98	59	65	70	21	71	14	39	97	38	## Tournée 14
85	25	36	11	30	23	12	84	37	## Tournée 15
