38049	## Somme des retards
0	## Temps CPU (millisecondes)
1	44	57	2	32	27	30	73	51	99	50	43	9	58	72	15	52	41	12	92	18	21	94	93	77	60	54	56	64	29	33	23	47	3	79	69	22	84	17	53	13	24	14	89	38	96	66	16	100	82	5	65	40	35	70	11	68	86	8	39	90	19	95	80	28	75	34	98	62	61	48	6	74	59	49	37	7	4	83	10	55	81	76	97	42	78	25	20	91	88	71	31	45	46	85	67	87	63	36	26	## Ordonnancement
13	## Nombre de tournées
2	4	4	4	6	8	8	10	12	14	12	15	1	## Nombre de sites par tournée
44	1	## Tournée 1
27	57	32	2	## Tournée 2
51	73	99	30	## Tournée 3
43	9	58	50	## Tournée 4
41	92	52	72	12	15	## Tournée 5
21	94	77	60	54	93	18	56	## Tournée 6
3	47	23	33	29	79	69	64	## Tournée 7
24	14	89	13	96	53	38	22	17	84	## Tournée 8
16	86	66	82	68	11	70	100	65	40	35	5	## Tournée 9
34	39	48	98	90	19	61	6	8	80	75	95	28	62	## Tournée 10
76	83	81	97	49	55	37	10	74	4	7	59	## Tournée 11
85	25	42	36	63	45	46	71	67	20	91	31	78	87	88	## Tournée 12
26	## Tournée 13
