241889	## Somme des retards
10	## Temps CPU (millisecondes)
143	185	173	10	68	94	20	73	49	7	162	13	147	26	132	85	74	30	113	77	80	167	141	194	101	123	137	88	61	154	168	107	128	39	198	57	151	134	56	183	51	91	64	65	33	129	17	46	163	172	78	184	75	89	90	58	197	8	188	5	71	29	93	53	165	15	166	31	117	120	104	24	191	115	84	3	2	41	171	199	63	139	69	196	181	23	195	140	50	174	186	189	105	86	119	62	11	136	148	153	144	169	122	22	47	145	190	42	67	116	1	48	4	108	135	18	54	125	102	76	177	179	12	16	70	146	160	59	72	175	55	97	98	118	82	6	83	45	130	38	100	152	34	142	112	14	124	95	159	176	126	131	28	150	32	111	182	52	19	192	27	92	81	87	121	127	79	161	103	164	36	157	25	96	187	9	133	109	158	149	170	110	193	200	99	114	66	37	156	44	178	43	60	155	40	180	138	21	106	35	## Ordonnancement
22	## Nombre de tournées
1	1	1	2	1	3	3	5	6	6	7	9	9	11	14	14	17	16	18	21	23	12	## Nombre de sites par tournée
143	## Tournée 1
185	## Tournée 2
173	## Tournée 3
10	68	## Tournée 4
94	## Tournée 5
73	49	20	## Tournée 6
7	13	162	## Tournée 7
74	132	147	85	26	## Tournée 8
167	80	141	113	30	77	## Tournée 9
137	101	61	123	88	194	## Tournée 10
168	39	128	198	57	107	154	## Tournée 11
56	64	51	65	151	134	183	91	33	## Tournée 12
184	46	172	75	89	129	163	17	78	## Tournée 13
29	188	197	5	90	93	53	71	8	58	165	## Tournée 14
191	117	171	104	84	2	166	115	3	120	41	31	24	15	## Tournée 15
199	181	63	140	50	105	23	196	69	186	139	195	189	174	## Tournée 16
169	136	22	116	47	190	119	148	42	145	62	67	153	11	144	86	122	## Tournée 17
1	125	102	135	70	76	12	108	48	179	54	4	177	16	18	146	## Tournée 18
38	34	72	98	118	59	83	82	100	130	175	97	160	152	55	6	142	45	## Tournée 19
124	81	19	176	32	14	52	192	87	92	131	111	121	159	95	150	126	27	182	112	28	## Tournée 20
99	157	37	110	79	158	164	187	66	161	170	127	149	25	9	133	96	193	103	36	114	200	109	## Tournée 21
60	155	106	180	40	21	178	156	35	44	43	138	## Tournée 22
