97879	## Somme des retards
0	## Temps CPU (millisecondes)
9	68	53	76	86	26	15	29	1	57	14	24	87	83	74	97	75	78	19	72	67	81	96	66	30	65	71	95	56	23	44	50	94	80	10	100	77	61	60	89	45	11	59	58	82	69	62	17	22	63	4	43	85	84	73	49	27	64	32	21	48	99	40	36	91	8	20	31	39	18	6	7	98	28	16	54	90	37	13	70	2	46	88	35	38	34	12	79	55	42	93	41	51	5	33	25	3	52	92	47	## Ordonnancement
18	## Nombre de tournées
1	1	1	1	2	2	1	3	4	5	6	7	8	11	10	11	13	13	## Nombre de sites par tournée
9	## Tournée 1
68	## Tournée 2
53	## Tournée 3
76	## Tournée 4
26	86	## Tournée 5
29	15	## Tournée 6
1	## Tournée 7
57	14	24	## Tournée 8
97	87	74	83	## Tournée 9
67	19	72	75	78	## Tournée 10
71	81	65	96	66	30	## Tournée 11
56	80	94	23	50	44	95	## Tournée 12
11	89	77	60	10	61	100	45	## Tournée 13
43	17	62	22	69	59	82	4	58	85	63	## Tournée 14
27	84	32	64	49	99	73	40	21	48	## Tournée 15
28	6	31	91	98	18	36	39	7	8	20	## Tournée 16
34	88	90	38	16	54	46	35	13	12	70	2	37	## Tournée 17
41	79	55	47	25	5	52	3	93	42	33	92	51	## Tournée 18
