136208	## Somme des retards
10	## Temps CPU (millisecondes)
46	24	7	33	50	126	111	34	133	52	122	4	3	37	57	28	43	18	121	132	25	100	99	144	95	44	84	36	42	23	113	129	35	127	104	118	56	21	143	27	101	29	10	131	142	66	76	82	51	137	105	30	62	38	71	14	89	116	69	45	93	147	13	17	88	106	75	98	117	120	80	136	68	112	6	59	63	39	72	90	74	2	138	58	123	96	92	150	26	60	67	114	128	12	146	91	103	87	77	86	119	102	149	124	5	20	65	109	94	145	78	11	81	1	130	70	48	22	140	64	47	41	61	85	55	15	141	49	108	9	135	115	54	31	97	139	40	32	16	148	8	134	125	83	19	79	53	73	110	107	## Ordonnancement
24	## Nombre de tournées
1	1	1	1	1	1	1	1	1	2	3	4	4	7	7	7	10	12	15	14	17	17	21	1	## Nombre de sites par tournée
46	## Tournée 1
24	## Tournée 2
7	## Tournée 3
33	## Tournée 4
50	## Tournée 5
126	## Tournée 6
111	## Tournée 7
34	## Tournée 8
133	## Tournée 9
122	52	## Tournée 10
3	4	37	## Tournée 11
57	28	18	43	## Tournée 12
100	25	132	121	## Tournée 13
99	36	42	144	44	84	95	## Tournée 14
104	113	23	127	129	35	118	## Tournée 15
27	29	101	10	56	21	143	## Tournée 16
105	62	76	82	51	131	66	142	137	30	## Tournée 17
45	88	38	89	14	71	13	69	17	93	147	116	## Tournée 18
6	68	117	72	106	112	39	80	120	90	98	136	63	75	59	## Tournée 19
58	114	2	138	12	74	26	96	150	128	60	67	92	123	## Tournée 20
109	119	77	78	91	5	94	103	102	145	149	146	65	20	124	86	87	## Tournée 21
81	11	55	48	22	70	85	41	15	49	1	61	141	64	47	130	140	## Tournée 22
135	16	40	73	134	97	125	148	108	9	8	115	139	19	31	79	53	54	32	110	83	## Tournée 23
107	## Tournée 24
