157019	## Somme des retards
0	## Temps CPU (millisecondes)
84	28	78	133	42	14	124	60	1	98	114	10	80	67	145	12	125	129	57	4	76	66	119	47	142	144	88	21	11	102	146	87	61	70	77	104	52	116	127	138	126	22	30	13	69	135	59	90	130	49	118	62	149	106	134	111	51	97	120	40	71	123	79	39	24	45	2	29	103	56	108	27	122	65	58	89	147	82	113	54	17	137	3	55	64	86	85	75	74	8	41	32	68	15	37	73	139	20	150	33	53	44	136	93	110	92	18	72	23	109	48	117	107	63	132	128	121	140	6	101	31	131	36	46	148	50	99	83	16	81	115	95	143	26	112	91	43	5	96	25	105	94	34	35	19	9	38	141	7	100	## Ordonnancement
19	## Nombre de tournées
1	2	2	3	3	3	3	3	6	7	9	10	10	12	12	16	16	18	14	## Nombre de sites par tournée
84	## Tournée 1
78	28	## Tournée 2
133	42	## Tournée 3
14	60	124	## Tournée 4
98	1	114	## Tournée 5
10	67	80	## Tournée 6
125	145	12	## Tournée 7
57	129	4	## Tournée 8
142	66	119	144	76	47	## Tournée 9
21	146	88	87	11	61	102	## Tournée 10
22	138	116	52	77	126	104	70	127	## Tournée 11
90	135	62	30	118	130	13	59	49	69	## Tournée 12
40	51	123	149	111	106	134	97	120	71	## Tournée 13
79	24	122	65	39	103	27	56	108	45	29	2	## Tournée 14
82	17	137	3	64	54	58	113	55	89	147	86	## Tournée 15
68	74	85	15	8	32	20	139	73	150	37	44	75	41	53	33	## Tournée 16
63	140	92	72	48	109	107	110	18	93	117	136	128	132	121	23	## Tournée 17
50	16	81	26	91	148	95	131	99	143	6	31	115	83	101	112	46	36	## Tournée 18
96	34	7	25	38	141	105	100	43	9	19	35	94	5	## Tournée 19
