204646	## Somme des retards
0	## Temps CPU (millisecondes)
114	145	30	2	129	72	81	94	105	48	24	126	116	144	35	149	113	6	136	86	57	119	32	45	13	31	21	103	63	5	22	20	69	85	106	87	102	26	147	41	150	78	93	120	10	36	47	19	44	60	66	52	54	107	122	23	61	133	50	75	46	128	97	67	37	108	98	109	4	38	58	89	14	101	146	33	68	123	104	132	29	83	111	117	56	55	90	96	7	28	118	127	135	125	99	138	1	40	82	91	70	137	84	74	140	148	49	139	142	80	76	110	11	141	3	95	12	73	121	88	53	43	131	65	77	17	59	115	92	8	79	16	134	9	100	27	15	34	25	18	42	130	39	143	124	51	71	62	64	112	## Ordonnancement
22	## Nombre de tournées
1	1	1	1	1	2	2	3	4	4	4	6	7	8	8	13	11	12	15	17	19	10	## Nombre de sites par tournée
114	## Tournée 1
145	## Tournée 2
30	## Tournée 3
2	## Tournée 4
129	## Tournée 5
81	72	## Tournée 6
94	105	## Tournée 7
24	48	126	## Tournée 8
35	116	144	149	## Tournée 9
6	86	136	113	## Tournée 10
119	57	45	32	## Tournée 11
21	31	13	63	5	103	## Tournée 12
85	106	20	87	102	69	22	## Tournée 13
150	93	147	41	120	10	26	78	## Tournée 14
52	60	47	44	54	36	66	19	## Tournée 15
108	107	122	75	128	133	37	61	67	46	50	97	23	## Tournée 16
68	101	38	4	58	146	98	33	109	14	89	## Tournée 17
111	83	117	7	55	104	96	90	29	123	56	132	## Tournée 18
137	125	74	135	99	127	40	1	28	91	70	118	138	82	84	## Tournée 19
12	73	49	140	95	80	53	142	148	121	141	76	11	110	139	88	3	## Tournée 20
134	79	9	25	59	131	27	100	8	17	65	16	15	43	34	115	92	77	18	## Tournée 21
42	71	124	130	64	51	39	143	112	62	## Tournée 22
