78600	## Somme des retards
0	## Temps CPU (millisecondes)
66	91	22	37	75	28	64	76	62	15	70	13	65	83	8	40	49	16	59	43	1	63	87	92	69	71	21	50	94	86	58	72	98	53	7	60	85	78	95	96	29	67	9	48	44	97	45	30	56	4	68	90	46	14	89	12	3	47	38	54	100	41	80	6	42	51	27	31	11	20	26	2	25	17	36	74	61	33	84	55	81	79	73	23	24	82	18	52	19	99	93	77	32	35	5	88	39	10	34	57	## Ordonnancement
17	## Nombre de tournées
1	2	1	1	2	2	4	5	5	6	7	9	10	13	16	14	2	## Nombre de sites par tournée
66	## Tournée 1
91	22	## Tournée 2
37	## Tournée 3
75	## Tournée 4
28	64	## Tournée 5
76	62	## Tournée 6
65	70	13	15	## Tournée 7
16	8	83	40	49	## Tournée 8
63	1	87	59	43	## Tournée 9
50	92	71	69	94	21	## Tournée 10
60	53	58	98	86	7	72	## Tournée 11
44	95	9	85	48	96	67	29	78	## Tournée 12
4	89	97	56	68	45	14	90	46	30	## Tournée 13
100	27	12	47	38	3	51	6	42	41	80	54	31	## Tournée 14
33	73	79	17	11	20	25	23	55	2	74	26	61	81	36	84	## Tournée 15
35	10	88	24	82	99	32	19	18	52	77	93	5	39	## Tournée 16
34	57	## Tournée 17
