39239	## Somme des retards
100	## Temps CPU (millisecondes)
13	5	48	67	37	79	38	47	69	14	56	65	46	57	78	33	87	50	31	44	99	61	76	49	17	20	27	64	63	74	55	96	41	11	100	88	66	9	19	80	54	28	51	73	32	90	23	21	4	12	6	15	84	52	92	22	45	3	43	81	1	34	89	71	35	7	10	26	8	30	72	24	25	85	91	29	82	98	40	58	62	75	18	68	97	59	94	39	16	83	93	53	77	70	42	95	86	2	60	36	## Ordonnancement
16	## Nombre de tournées
1	2	2	2	4	5	4	9	9	10	12	11	14	11	3	1	## Nombre de sites par tournée
13	## Tournée 1
48	5	## Tournée 2
67	37	## Tournée 3
79	38	## Tournée 4
56	47	69	14	## Tournée 5
65	78	57	33	46	## Tournée 6
87	50	31	44	## Tournée 7
27	17	20	49	76	61	63	99	64	## Tournée 8
96	88	11	55	74	41	9	66	100	## Tournée 9
21	51	28	32	73	23	80	54	19	90	## Tournée 10
15	81	4	3	52	43	84	12	22	92	45	6	## Tournée 11
89	30	26	34	7	35	1	10	71	8	72	## Tournée 12
58	85	62	25	97	18	75	91	68	24	82	98	40	29	## Tournée 13
16	39	70	83	42	59	94	53	77	95	93	## Tournée 14
60	86	2	## Tournée 15
36	## Tournée 16
