77182	## Somme des retards
250	## Temps CPU (millisecondes)
22	138	127	109	101	50	45	139	142	81	34	74	71	112	123	68	116	117	3	13	99	118	131	57	2	51	1	26	77	43	143	73	114	128	149	124	105	29	66	27	39	136	108	60	37	126	65	144	102	67	80	35	90	132	140	125	120	31	93	122	16	21	33	76	137	36	46	42	92	11	19	58	6	91	24	12	97	95	25	113	41	106	55	86	82	145	10	7	38	30	115	64	107	47	94	134	96	14	110	5	83	141	8	146	69	129	88	61	20	56	104	9	62	75	52	28	32	78	53	89	70	100	49	18	15	17	54	98	150	72	59	103	121	44	40	111	87	135	23	147	148	4	48	119	130	79	63	133	85	84	## Ordonnancement
18	## Nombre de tournées
2	1	2	7	4	9	6	6	11	11	13	14	11	18	14	11	8	2	## Nombre de sites par tournée
22	138	## Tournée 1
127	## Tournée 2
109	101	## Tournée 3
74	81	34	45	50	142	139	## Tournée 4
123	68	112	71	## Tournée 5
2	118	99	57	117	3	13	131	116	## Tournée 6
77	1	43	143	26	51	## Tournée 7
114	73	128	149	124	105	## Tournée 8
39	136	29	144	108	65	66	27	37	126	60	## Tournée 9
31	80	102	125	120	35	93	90	140	67	132	## Tournée 10
16	122	92	11	46	19	42	21	36	33	76	58	137	## Tournée 11
25	91	82	106	86	12	24	6	145	55	41	97	95	113	## Tournée 12
115	64	94	10	7	107	96	30	38	47	134	## Tournée 13
20	88	5	146	75	129	69	56	104	52	62	14	9	83	110	61	8	141	## Tournée 14
100	78	15	54	150	28	49	98	18	70	32	89	17	53	## Tournée 15
135	40	72	87	44	147	121	59	23	111	103	## Tournée 16
133	79	4	119	148	130	63	48	## Tournée 17
85	84	## Tournée 18
