83316	## Somme des retards
280	## Temps CPU (millisecondes)
29	129	37	205	160	213	53	79	71	88	50	207	124	102	204	212	228	128	226	196	47	134	171	140	146	172	151	11	101	173	76	30	43	132	206	166	68	223	158	200	94	38	81	98	169	49	126	162	13	227	152	229	238	119	231	164	175	27	125	72	107	216	35	104	210	153	149	176	161	48	209	51	73	199	89	103	159	34	16	42	19	7	143	235	135	147	121	246	75	211	6	74	2	133	40	55	33	54	14	122	62	203	225	156	117	190	179	57	155	36	248	232	198	64	41	25	243	215	163	97	83	118	145	21	67	178	181	142	77	197	4	65	154	1	193	84	95	31	137	93	116	234	233	18	23	189	183	61	12	112	217	150	111	245	230	239	249	237	78	224	96	236	250	170	115	191	63	66	208	100	240	39	56	70	99	138	127	91	214	108	131	247	60	168	192	241	165	46	186	139	130	22	44	201	113	59	80	219	86	180	120	17	85	92	58	109	174	20	188	182	5	194	202	24	52	218	69	195	15	110	148	8	141	244	26	242	136	184	185	87	221	114	157	220	28	45	177	3	222	32	82	9	187	144	10	106	105	123	90	167	## Ordonnancement
20	## Nombre de tournées
1	2	3	4	7	7	9	10	12	14	17	14	19	16	19	21	29	22	20	4	## Nombre de sites par tournée
29	## Tournée 1
129	37	## Tournée 2
160	213	205	## Tournée 3
79	88	71	53	## Tournée 4
102	207	124	212	228	204	50	## Tournée 5
226	140	134	128	171	196	47	## Tournée 6
43	146	151	76	101	11	172	173	30	## Tournée 7
68	158	206	166	94	200	81	132	223	38	## Tournée 8
119	162	227	238	98	126	231	169	13	49	152	229	## Tournée 9
107	149	72	176	216	153	27	35	161	104	210	175	125	164	## Tournée 10
209	147	143	16	48	89	135	42	103	51	199	34	7	19	159	73	235	## Tournée 11
122	246	14	6	133	2	55	74	121	33	54	40	75	211	## Tournée 12
155	41	215	64	190	179	232	225	198	156	203	36	243	117	163	25	62	248	57	## Tournée 13
21	65	197	97	1	118	142	178	77	181	4	145	83	193	154	67	## Tournée 14
93	112	116	31	234	23	217	233	84	183	245	95	150	189	137	12	111	61	18	## Tournée 15
115	70	191	236	208	96	237	249	230	66	224	240	63	39	170	56	250	239	78	100	99	## Tournée 16
201	60	241	192	80	46	139	130	44	180	108	168	247	138	86	113	219	85	127	17	59	120	131	165	22	92	91	214	186	## Tournée 17
58	69	15	8	141	188	109	24	110	202	26	52	244	194	174	20	218	182	242	148	5	195	## Tournée 18
9	157	82	184	28	106	3	114	177	222	220	185	187	144	221	87	32	45	136	10	## Tournée 19
123	90	167	105	## Tournée 20
