110865	## Somme des retards
620	## Temps CPU (millisecondes)
131	141	94	220	24	69	238	176	144	164	127	10	68	159	52	115	53	149	30	42	93	134	84	145	4	3	60	85	108	235	245	189	123	103	152	161	39	31	239	177	27	158	23	179	198	147	200	50	183	82	208	61	1	206	169	48	17	224	148	217	213	218	219	246	11	191	124	72	37	55	211	87	210	83	125	196	229	110	6	49	178	214	150	86	120	241	101	25	168	221	100	250	143	216	63	204	139	130	202	56	156	57	199	205	121	51	46	76	215	96	5	248	67	247	181	187	227	126	28	65	133	119	47	165	232	142	237	89	166	138	35	172	222	186	26	170	77	44	173	188	104	43	22	92	226	203	64	116	242	184	21	223	71	154	73	38	54	117	12	231	228	185	137	14	136	135	193	79	225	114	33	207	15	192	91	62	153	45	240	111	163	88	175	98	113	29	128	40	2	190	182	194	151	80	95	249	106	81	171	74	146	112	8	99	233	180	19	13	243	105	230	7	102	155	234	41	201	36	66	58	16	18	157	174	109	132	34	140	107	70	236	122	209	167	9	195	75	160	118	129	162	20	32	59	244	97	197	90	212	78	## Ordonnancement
24	## Nombre de tournées
1	1	1	1	1	2	2	3	5	5	7	12	11	15	15	19	17	18	21	25	21	23	19	5	## Nombre de sites par tournée
131	## Tournée 1
141	## Tournée 2
94	## Tournée 3
220	## Tournée 4
24	## Tournée 5
69	238	## Tournée 6
144	176	## Tournée 7
127	164	10	## Tournée 8
52	53	159	115	68	## Tournée 9
93	42	149	134	30	## Tournée 10
145	108	4	84	85	60	3	## Tournée 11
177	39	239	245	161	31	189	235	27	152	103	123	## Tournée 12
158	183	147	208	198	61	50	82	179	23	200	## Tournée 13
11	206	217	224	219	191	148	169	246	48	17	124	213	218	1	## Tournée 14
83	55	87	214	229	72	196	178	6	211	110	49	125	210	37	## Tournée 15
202	204	168	143	241	250	150	139	216	63	100	25	221	56	156	86	101	120	130	## Tournée 16
187	5	248	121	181	76	205	247	57	215	46	199	96	126	67	227	51	## Tournée 17
142	166	172	26	119	133	35	47	186	28	89	138	232	165	237	65	170	222	## Tournée 18
116	77	173	73	223	104	154	242	54	21	226	92	184	203	22	188	64	71	38	44	43	## Tournée 19
135	231	14	111	12	163	88	225	185	45	79	136	33	91	228	62	207	114	192	193	137	240	15	153	117	## Tournée 20
171	182	151	81	128	175	249	190	74	80	2	194	8	98	146	112	29	95	113	106	40	## Tournée 21
36	157	41	201	58	132	180	155	19	102	16	230	234	105	233	7	174	18	13	109	99	66	243	## Tournée 22
118	20	167	59	244	32	122	160	107	34	70	75	162	195	140	9	209	129	236	## Tournée 23
212	97	78	90	197	## Tournée 24
