198970	## Somme des retards
420	## Temps CPU (millisecondes)
193	128	104	77	190	23	78	26	194	25	191	171	59	110	146	184	92	125	97	45	116	11	122	63	20	66	119	76	14	178	40	177	180	145	172	179	10	51	112	141	157	70	198	18	90	47	138	7	183	175	79	120	136	91	41	151	134	139	189	135	131	196	168	162	65	24	58	144	197	133	169	149	163	186	123	50	94	52	30	140	182	42	3	155	82	96	108	17	127	158	9	81	33	73	160	126	129	95	100	31	57	159	174	44	107	21	113	53	15	38	98	161	114	164	29	154	109	2	43	22	156	60	19	195	102	200	56	148	35	188	46	101	88	68	124	130	150	28	181	8	105	87	121	49	72	34	147	32	75	143	173	69	142	27	176	54	64	117	83	1	37	16	36	48	166	132	170	185	6	153	192	61	93	74	99	115	55	89	67	137	111	86	13	4	80	62	106	5	187	12	152	103	39	199	71	167	85	84	118	165	## Ordonnancement
21	## Nombre de tournées
1	2	2	3	2	5	7	6	7	7	10	12	13	13	14	19	16	19	20	12	10	## Nombre de sites par tournée
193	## Tournée 1
104	128	## Tournée 2
190	77	## Tournée 3
78	26	23	## Tournée 4
25	194	## Tournée 5
191	171	110	146	59	## Tournée 6
97	11	116	125	45	184	92	## Tournée 7
119	20	63	122	66	76	## Tournée 8
145	178	14	172	177	180	40	## Tournée 9
70	179	51	157	10	141	112	## Tournée 10
7	47	79	138	183	90	120	175	198	18	## Tournée 11
131	91	162	134	136	135	41	168	151	139	196	189	## Tournée 12
149	169	58	123	186	163	144	50	197	133	24	65	94	## Tournée 13
42	30	17	158	82	108	96	3	52	182	155	127	140	## Tournée 14
126	44	160	100	73	129	9	174	33	31	81	159	57	95	## Tournée 15
21	22	154	29	114	109	19	2	38	164	15	156	43	113	60	98	161	53	107	## Tournée 16
101	88	200	68	28	124	148	35	102	195	130	188	56	46	150	181	## Tournée 17
54	121	49	75	32	105	117	142	8	34	72	143	173	69	64	27	176	87	147	## Tournée 18
55	99	93	37	16	185	115	170	89	1	74	153	48	192	36	61	132	166	83	6	## Tournée 19
13	137	80	62	86	111	67	106	4	5	12	187	## Tournée 20
165	103	71	39	85	199	118	167	84	152	## Tournée 21
