177987	## Somme des retards
500	## Temps CPU (millisecondes)
144	154	141	44	45	74	200	31	2	168	42	195	132	35	25	114	20	27	76	43	99	160	165	34	127	98	188	60	139	193	64	17	140	133	172	81	119	77	72	63	138	173	111	146	87	157	184	101	66	40	84	110	36	79	180	100	73	112	175	93	171	69	23	47	104	131	136	54	108	7	152	6	49	148	197	120	199	11	116	96	86	103	95	177	9	128	186	1	58	41	68	51	170	28	155	198	115	48	185	192	57	134	130	174	33	8	151	176	56	142	12	55	149	15	24	147	137	178	38	18	62	161	91	179	102	143	82	117	123	32	80	78	189	16	158	19	124	135	118	59	21	145	46	126	3	109	169	13	4	39	30	37	194	162	67	94	10	92	183	105	121	53	159	191	89	190	26	163	153	50	90	75	22	187	106	166	71	83	164	196	113	129	107	167	70	52	97	122	182	125	88	181	61	156	150	65	5	14	29	85	## Ordonnancement
22	## Nombre de tournées
1	1	2	1	4	4	4	6	7	9	10	12	10	12	16	18	19	18	21	16	7	2	## Nombre de sites par tournée
144	## Tournée 1
154	## Tournée 2
44	141	## Tournée 3
45	## Tournée 4
2	200	31	74	## Tournée 5
195	132	168	42	## Tournée 6
114	25	35	20	## Tournée 7
99	76	165	160	43	27	## Tournée 8
139	98	60	188	193	34	127	## Tournée 9
64	140	72	172	119	77	133	17	81	## Tournée 10
184	101	146	138	157	87	173	111	63	66	## Tournée 11
110	40	180	79	84	171	100	112	36	73	93	175	## Tournée 12
47	131	104	54	7	152	23	136	69	108	## Tournée 13
96	199	95	148	103	120	49	11	6	116	197	86	## Tournée 14
186	185	48	41	1	115	177	28	51	58	170	155	128	198	68	9	## Tournée 15
142	151	174	33	24	15	8	149	147	56	134	57	55	130	137	176	192	12	## Tournée 16
78	189	16	38	158	117	143	102	62	123	19	91	80	82	178	179	32	161	18	## Tournée 17
145	135	30	4	126	46	3	118	37	59	194	124	13	21	162	109	169	39	## Tournée 18
190	187	67	121	90	92	75	22	105	94	191	183	106	89	50	153	26	53	10	163	159	## Tournée 19
182	70	83	113	167	107	71	122	52	166	129	125	196	164	97	88	## Tournée 20
61	150	181	14	156	65	5	## Tournée 21
85	29	## Tournée 22
