92846	## Somme des retards
320	## Temps CPU (millisecondes)
29	25	120	27	47	112	72	95	26	88	159	104	195	15	149	157	5	167	75	8	76	50	133	196	179	172	16	45	106	22	150	140	142	163	12	124	18	17	102	116	36	105	49	192	80	69	146	158	44	171	60	101	90	100	125	2	42	103	135	147	89	155	193	143	56	190	97	83	46	178	156	198	191	66	96	63	152	70	51	123	188	78	84	65	28	122	7	98	166	126	115	200	53	134	160	55	121	54	184	199	117	109	38	94	35	132	64	93	87	119	10	161	108	154	3	194	43	168	37	34	39	189	111	186	175	13	74	59	52	6	79	131	162	113	114	67	73	127	183	23	197	144	177	20	61	138	33	182	24	110	153	58	77	19	136	11	130	21	181	118	30	31	176	9	62	4	185	170	141	169	137	187	1	145	99	165	107	129	92	71	174	151	82	57	173	91	48	81	85	180	32	148	86	40	41	164	128	68	139	14	## Ordonnancement
21	## Nombre de tournées
1	1	3	3	3	4	5	7	8	10	10	13	17	18	16	19	19	21	15	5	2	## Nombre de sites par tournée
29	## Tournée 1
25	## Tournée 2
120	27	47	## Tournée 3
112	95	72	## Tournée 4
159	88	26	## Tournée 5
149	15	195	104	## Tournée 6
75	8	167	157	5	## Tournée 7
172	196	133	50	16	76	179	## Tournée 8
12	140	163	22	106	142	150	45	## Tournée 9
17	116	124	192	102	105	18	49	36	80	## Tournée 10
90	158	69	100	101	44	60	171	125	146	## Tournée 11
56	135	42	190	83	147	97	193	103	143	155	2	89	## Tournée 12
28	188	66	51	191	46	178	70	96	78	63	84	65	152	156	123	198	## Tournée 13
54	7	200	115	126	38	199	109	121	184	122	55	160	117	98	134	53	166	## Tournée 14
132	108	64	87	43	94	35	37	194	154	161	168	93	10	119	3	## Tournée 15
186	73	39	175	111	59	114	52	74	131	67	34	162	189	6	79	113	127	13	## Tournée 16
182	58	177	23	11	24	144	197	61	20	183	130	138	19	153	33	136	110	77	## Tournée 17
1	21	30	169	181	137	9	141	165	185	176	118	4	107	187	62	170	145	129	99	31	## Tournée 18
148	57	174	71	173	32	85	91	180	151	92	86	48	81	82	## Tournée 19
41	68	164	128	40	## Tournée 20
14	139	## Tournée 21
