101460	## Somme des retards
290	## Temps CPU (millisecondes)
183	12	104	137	51	229	262	76	136	16	97	245	143	71	40	293	7	110	141	132	138	86	298	266	277	198	214	184	146	109	252	273	157	181	202	274	127	195	119	60	50	68	43	101	128	250	111	95	285	94	63	5	13	155	166	246	26	216	209	32	241	244	151	65	254	106	73	162	164	114	160	79	231	280	27	92	226	255	102	291	191	249	14	89	107	147	188	295	176	201	290	213	275	85	57	203	158	296	276	9	108	144	1	205	117	204	99	30	125	4	232	292	83	123	287	82	279	237	170	24	45	135	156	41	265	113	142	96	91	186	163	234	105	197	208	88	168	185	190	178	272	52	37	145	131	10	21	173	2	59	207	74	67	8	84	236	271	212	169	161	211	256	31	80	257	33	300	247	283	210	270	22	289	240	93	268	218	98	182	25	152	180	23	194	118	124	62	189	115	47	49	206	269	224	28	58	179	6	81	172	177	139	29	215	297	171	35	55	42	192	165	264	150	36	90	175	282	18	154	72	3	253	267	140	294	126	174	34	261	238	149	288	258	133	56	11	159	281	228	66	54	233	77	242	121	284	103	134	148	17	153	15	122	299	286	78	196	217	278	220	251	69	239	87	130	19	61	221	260	100	223	20	167	129	75	48	200	227	243	263	46	64	235	259	225	70	112	120	187	53	44	248	222	116	199	230	38	219	39	193	## Ordonnancement
21	## Nombre de tournées
1	3	2	4	7	6	8	9	13	14	14	17	17	22	21	23	24	30	31	27	7	## Nombre de sites par tournée
183	## Tournée 1
104	12	137	## Tournée 2
51	229	## Tournée 3
262	76	16	136	## Tournée 4
7	40	245	71	143	293	97	## Tournée 5
110	141	138	86	298	132	## Tournée 6
198	109	252	277	214	184	266	146	## Tournée 7
195	60	274	273	157	181	127	119	202	## Tournée 8
285	50	63	128	68	95	250	13	43	111	94	101	5	## Tournée 9
246	155	65	26	32	151	166	244	73	216	254	241	209	106	## Tournée 10
164	114	191	102	226	92	231	160	255	291	79	162	280	27	## Tournée 11
201	296	176	213	107	275	85	203	290	57	89	295	249	147	188	158	14	## Tournée 12
83	1	276	205	125	9	144	4	108	232	123	117	204	30	287	99	292	## Tournée 13
24	135	234	91	113	88	142	197	163	168	105	96	279	41	45	208	82	156	186	170	265	237	## Tournée 14
59	52	21	131	67	212	272	185	190	8	178	2	145	173	10	271	74	207	236	37	84	## Tournée 15
210	93	289	256	22	270	268	98	31	161	211	247	182	283	25	33	300	152	240	257	80	169	218	## Tournée 16
49	62	28	81	179	172	206	269	189	47	297	23	6	115	118	58	29	194	215	124	224	180	139	177	## Tournée 17
18	175	149	264	261	192	165	56	294	72	34	154	238	55	42	133	258	267	3	288	174	140	35	90	36	171	282	150	253	126	## Tournée 18
77	217	239	103	122	121	159	278	78	148	233	66	284	130	11	15	153	220	196	134	242	299	251	54	228	286	69	19	281	17	87	## Tournée 19
187	70	260	100	61	44	20	167	248	120	46	48	53	112	75	222	225	259	263	64	243	223	235	221	129	227	200	## Tournée 20
219	193	38	230	39	199	116	## Tournée 21
