266411	## Somme des retards
440	## Temps CPU (millisecondes)
197	30	66	58	147	39	184	97	17	98	64	137	126	152	20	7	9	242	249	110	239	204	76	165	175	172	79	188	178	53	211	81	138	151	220	62	35	185	134	34	171	128	31	16	87	227	32	230	73	195	193	13	170	207	111	93	180	141	225	208	10	119	6	95	234	162	102	206	67	59	25	14	45	99	245	112	104	84	136	156	24	163	189	221	72	29	201	209	158	44	200	69	88	54	219	224	117	107	169	114	229	210	166	181	15	55	146	144	205	176	223	23	11	4	61	217	215	145	78	52	202	214	121	237	5	47	125	216	22	92	233	50	248	49	91	132	236	173	86	159	143	57	43	177	123	3	187	238	142	130	222	46	124	164	33	153	183	167	70	94	40	168	160	106	213	140	182	192	131	38	18	105	133	231	135	90	65	82	8	191	194	247	127	199	190	241	60	129	212	28	56	161	12	21	243	116	150	179	196	139	149	203	101	51	68	85	240	250	63	232	100	109	198	157	174	148	89	155	2	71	74	42	118	235	1	96	120	19	154	41	26	77	103	244	246	122	27	48	80	37	226	218	108	186	36	228	113	83	75	115	## Ordonnancement
23	## Nombre de tournées
1	1	1	4	3	4	5	7	9	11	9	12	14	14	14	21	18	16	23	24	22	16	1	## Nombre de sites par tournée
197	## Tournée 1
30	## Tournée 2
66	## Tournée 3
184	39	58	147	## Tournée 4
17	98	97	## Tournée 5
137	126	152	64	## Tournée 6
249	20	9	7	242	## Tournée 7
175	204	165	110	172	76	239	## Tournée 8
79	53	178	81	220	211	188	151	138	## Tournée 9
227	62	31	128	34	185	87	16	35	134	171	## Tournée 10
195	230	193	32	207	111	13	170	73	## Tournée 11
141	102	180	95	208	93	225	162	6	10	119	234	## Tournée 12
156	136	112	206	14	99	84	245	24	104	25	45	67	59	## Tournée 13
200	72	221	69	29	44	88	201	219	209	158	189	163	54	## Tournée 14
114	229	55	181	210	205	224	169	166	144	15	117	146	107	## Tournée 15
11	237	223	78	202	125	4	215	92	216	22	176	23	47	217	61	214	5	121	145	52	## Tournée 16
49	159	123	233	238	86	3	143	177	91	187	132	50	173	236	43	248	57	## Tournée 17
46	222	124	168	160	94	183	70	106	40	130	153	167	164	142	33	## Tournée 18
192	90	194	18	60	135	190	199	131	65	191	105	247	38	127	140	213	133	8	82	182	241	231	## Tournée 19
21	100	85	28	56	150	212	129	250	232	51	68	139	179	243	203	12	116	161	240	63	196	149	101	## Tournée 20
26	2	74	42	109	174	157	96	154	235	120	89	118	1	77	148	71	103	198	19	155	41	## Tournée 21
218	108	228	113	27	246	186	122	75	226	80	36	83	244	37	48	## Tournée 22
115	## Tournée 23
