127631	## Somme des retards
980	## Temps CPU (millisecondes)
25	144	36	191	112	234	4	197	167	156	111	1	75	145	244	102	62	50	160	185	51	18	218	177	199	198	122	21	181	193	97	140	188	60	67	165	221	40	131	241	107	126	232	133	123	168	42	47	247	225	146	237	113	37	205	52	80	106	58	9	223	88	208	33	71	78	90	134	53	43	73	226	153	83	190	148	203	154	35	3	176	135	219	20	130	55	183	215	138	103	136	161	7	93	29	31	14	220	77	182	173	105	245	124	246	235	72	66	212	115	172	68	45	194	202	227	26	210	84	98	229	204	159	192	250	163	15	228	121	187	119	76	8	54	41	158	170	48	27	32	114	5	132	214	56	120	224	104	34	249	16	155	213	206	57	169	175	108	137	100	164	195	200	10	125	117	28	147	178	238	139	222	142	2	86	236	243	87	44	17	189	150	110	141	129	143	231	248	152	211	39	96	116	196	24	30	89	38	216	81	70	59	64	184	12	151	82	13	180	240	166	99	162	230	94	239	209	174	46	22	217	233	179	171	157	79	74	201	11	91	65	85	23	61	49	118	95	92	127	101	109	6	63	207	149	19	242	69	186	128	## Ordonnancement
21	## Nombre de tournées
3	5	4	4	5	6	7	7	12	11	14	13	17	18	18	22	22	23	18	15	6	## Nombre de sites par tournée
144	36	25	## Tournée 1
234	191	4	112	197	## Tournée 2
1	111	156	167	## Tournée 3
102	244	75	145	## Tournée 4
51	185	50	160	62	## Tournée 5
18	177	199	198	218	122	## Tournée 6
181	21	140	60	188	193	97	## Tournée 7
241	67	221	165	131	107	40	## Tournée 8
113	47	232	225	247	123	133	42	168	126	237	146	## Tournée 9
37	106	88	33	9	223	80	205	208	58	52	## Tournée 10
73	90	190	134	148	153	154	71	203	83	43	78	226	53	## Tournée 11
176	138	55	135	136	183	219	20	103	3	130	35	215	## Tournée 12
182	105	72	7	220	235	173	66	77	93	245	14	161	29	246	124	31	## Tournée 13
84	210	172	68	45	227	26	250	202	115	98	229	163	204	194	159	212	192	## Tournée 14
8	170	114	132	5	214	121	119	54	228	187	41	48	27	32	76	15	158	## Tournée 15
57	117	164	155	120	213	16	100	195	224	56	34	169	206	249	125	108	10	175	137	104	200	## Tournée 16
248	150	86	243	139	143	28	238	178	222	2	129	87	44	236	231	142	189	141	17	110	147	## Tournée 17
82	64	196	152	70	211	180	38	96	12	81	24	216	13	240	39	30	116	59	184	89	151	166	## Tournée 18
171	230	174	217	157	79	22	46	209	233	11	239	179	74	99	162	94	201	## Tournée 19
95	85	91	23	101	6	61	118	127	65	49	207	109	63	92	## Tournée 20
186	19	149	242	128	69	## Tournée 21
