296173	## Somme des retards
1020	## Temps CPU (millisecondes)
100	77	161	264	158	103	210	225	220	238	134	192	183	293	279	145	116	261	65	107	218	85	16	30	176	79	280	216	204	130	11	289	180	91	189	205	237	83	277	297	110	5	133	111	182	207	22	170	139	90	250	44	94	45	252	191	17	167	193	14	163	19	154	132	291	72	142	171	294	270	255	227	273	223	230	84	290	13	188	284	55	174	248	12	211	206	88	15	18	66	135	2	124	35	295	202	92	122	48	155	239	217	43	256	136	299	106	151	59	249	95	62	262	82	254	101	53	87	281	232	269	104	226	121	98	267	9	276	166	173	194	215	263	57	300	153	144	143	272	251	28	228	126	127	172	74	258	196	208	26	233	6	224	287	47	52	298	241	99	67	247	156	150	187	242	63	214	184	1	266	231	165	286	125	97	229	36	288	96	41	20	190	186	75	119	21	212	81	27	160	162	213	179	39	199	29	115	197	37	24	169	113	244	33	222	49	51	198	4	141	178	159	58	3	56	253	7	157	76	73	46	71	80	123	102	86	275	140	25	236	38	177	201	70	282	278	152	219	240	34	292	109	68	175	221	185	274	42	203	23	61	148	64	271	268	245	105	112	108	234	69	10	181	168	259	93	257	149	285	31	118	40	60	131	128	138	8	296	78	117	283	243	246	209	195	164	50	120	129	54	260	200	32	137	89	235	146	114	265	147	## Ordonnancement
27	## Nombre de tournées
1	1	1	2	2	1	3	5	3	5	6	8	9	8	14	13	15	14	14	20	22	26	24	27	24	23	9	## Nombre de sites par tournée
100	## Tournée 1
77	## Tournée 2
161	## Tournée 3
264	158	## Tournée 4
210	103	## Tournée 5
225	## Tournée 6
238	220	134	## Tournée 7
192	293	145	183	279	## Tournée 8
261	65	116	## Tournée 9
30	218	16	107	85	## Tournée 10
130	280	176	216	79	204	## Tournée 11
289	91	11	83	189	237	180	205	## Tournée 12
22	111	207	297	110	277	133	5	182	## Tournée 13
45	170	94	44	90	139	250	252	## Tournée 14
291	72	132	142	154	163	19	191	14	171	167	294	17	193	## Tournée 15
174	227	223	13	273	255	230	55	188	84	284	290	270	## Tournée 16
2	18	35	135	211	248	202	12	88	66	92	124	206	295	15	## Tournée 17
256	299	106	122	239	249	155	59	217	48	95	151	43	136	## Tournée 18
121	53	226	254	262	82	281	87	232	98	104	269	101	62	## Tournée 19
9	263	127	153	126	228	194	267	272	276	300	251	215	143	172	144	173	166	57	28	## Tournée 20
6	99	233	298	26	52	208	214	196	156	224	247	242	63	47	287	67	241	258	74	187	150	## Tournée 21
212	36	286	190	165	75	97	231	1	266	119	213	125	96	179	229	184	288	81	162	20	21	160	41	27	186	## Tournée 22
222	199	253	33	37	198	39	56	4	29	24	115	49	197	141	159	7	244	51	113	58	178	169	3	## Tournée 23
25	278	175	70	123	201	86	46	152	73	240	109	275	219	76	102	282	80	177	292	38	140	71	68	157	236	34	## Tournée 24
149	257	259	274	108	181	221	168	42	10	234	93	61	185	148	245	112	268	105	69	64	271	23	203	## Tournée 25
78	54	129	243	60	209	296	8	128	260	40	283	118	120	131	50	195	246	31	285	117	164	138	## Tournée 26
89	147	200	114	137	146	32	235	265	## Tournée 27
