30535	## Somme des retards
30	## Temps CPU (millisecondes)
1	44	57	2	32	27	30	73	51	99	50	43	9	58	52	60	15	72	12	92	93	77	41	18	54	56	94	21	69	79	33	23	3	64	47	96	38	29	24	13	89	14	53	17	84	22	66	16	100	82	5	65	40	35	70	11	68	86	39	90	19	95	80	28	75	34	98	62	61	48	6	42	97	49	55	7	4	83	10	37	81	59	74	8	63	25	91	46	45	71	88	85	67	87	36	78	31	26	20	76	## Ordonnancement
15	## Nombre de tournées
1	1	4	4	4	6	8	7	11	12	13	13	11	4	1	## Nombre de sites par tournée
1	## Tournée 1
44	## Tournée 2
27	57	32	2	## Tournée 3
51	73	99	30	## Tournée 4
43	9	58	50	## Tournée 5
15	12	60	72	52	92	## Tournée 6
21	41	18	56	93	54	77	94	## Tournée 7
3	47	23	33	79	69	64	## Tournée 8
24	14	89	13	96	53	38	29	22	17	84	## Tournée 9
16	86	66	82	68	11	70	100	65	40	35	5	## Tournée 10
34	39	48	98	90	75	80	6	61	95	28	19	62	## Tournée 11
7	4	74	10	37	59	42	8	97	81	83	49	55	## Tournée 12
85	25	67	71	46	45	63	36	88	87	91	## Tournée 13
20	31	78	26	## Tournée 14
76	## Tournée 15
