41861	## Somme des retards
90	## Temps CPU (millisecondes)
26	60	24	94	92	17	91	65	16	79	14	90	15	76	87	21	19	30	55	5	66	64	51	69	100	2	71	7	23	63	58	37	72	75	28	39	46	98	8	10	68	4	41	31	99	70	42	85	78	67	35	53	11	89	54	33	62	83	48	96	6	22	47	9	32	81	25	57	29	27	18	34	50	3	74	61	45	44	59	12	1	82	36	49	73	95	93	43	40	13	38	52	77	20	86	97	84	56	80	88	## Ordonnancement
18	## Nombre de tournées
1	1	1	2	2	3	3	4	6	5	7	8	12	10	12	13	6	4	## Nombre de sites par tournée
26	## Tournée 1
60	## Tournée 2
24	## Tournée 3
92	94	## Tournée 4
91	17	## Tournée 5
79	65	16	## Tournée 6
14	15	90	## Tournée 7
19	21	87	76	## Tournée 8
30	5	51	64	55	66	## Tournée 9
69	2	71	100	7	## Tournée 10
63	37	72	23	58	75	28	## Tournée 11
10	41	4	8	68	39	46	98	## Tournée 12
85	35	99	89	42	54	31	70	11	53	78	67	## Tournée 13
96	32	22	83	33	47	9	48	62	6	## Tournée 14
25	57	27	18	3	81	61	29	45	50	74	34	## Tournée 15
13	44	36	40	12	95	82	43	93	49	73	59	1	## Tournée 16
52	20	77	38	86	97	## Tournée 17
88	56	84	80	## Tournée 18
