370648	## Somme des retards
720	## Temps CPU (millisecondes)
272	67	293	178	200	227	33	30	190	228	31	292	165	69	295	230	45	73	164	181	243	97	223	209	158	133	277	50	92	72	129	123	249	288	16	37	10	17	252	82	191	241	284	251	173	107	126	183	8	83	204	38	100	80	285	6	19	110	176	282	120	153	136	189	245	47	275	213	170	235	205	119	138	24	186	210	85	219	70	54	149	246	3	159	248	116	177	198	270	105	225	247	232	84	297	155	65	52	57	96	102	23	163	32	1	168	63	269	262	62	104	187	196	66	160	179	103	211	108	294	90	161	48	162	113	142	125	197	2	75	28	236	131	127	256	218	229	79	114	13	240	78	242	289	172	35	27	106	231	43	180	9	59	280	15	88	267	273	144	81	151	26	77	195	14	146	132	278	171	221	93	74	203	217	299	226	152	139	281	61	259	258	254	40	21	154	29	141	296	283	194	253	174	56	60	216	265	130	18	220	239	51	157	137	53	44	150	134	112	199	145	95	214	71	185	201	276	117	264	22	89	290	291	55	68	20	4	115	215	121	279	128	167	202	212	193	111	11	184	268	25	124	58	287	99	12	182	156	233	222	7	261	169	87	257	147	98	255	39	238	46	109	101	300	34	175	207	135	286	263	208	36	94	234	206	42	166	5	76	118	41	298	192	250	271	260	140	244	237	266	64	148	143	86	224	91	122	274	188	49	## Ordonnancement
26	## Nombre de tournées
1	1	1	2	2	3	4	6	8	8	7	12	11	10	17	16	17	19	21	21	25	26	25	24	10	3	## Nombre de sites par tournée
272	## Tournée 1
67	## Tournée 2
293	## Tournée 3
178	200	## Tournée 4
33	227	## Tournée 5
228	190	30	## Tournée 6
69	292	165	31	## Tournée 7
230	295	73	181	164	45	## Tournée 8
209	50	223	277	97	133	158	243	## Tournée 9
123	92	288	249	16	129	37	72	## Tournée 10
82	17	241	284	252	191	10	## Tournée 11
100	173	251	83	8	285	38	80	204	107	126	183	## Tournée 12
189	176	120	245	136	110	6	47	19	153	282	## Tournée 13
275	235	24	186	205	138	213	210	170	119	## Tournée 14
246	105	219	85	159	198	232	54	116	3	270	70	225	248	247	177	149	## Tournée 15
65	23	269	84	1	168	63	155	262	163	102	52	32	57	297	96	## Tournée 16
66	104	161	179	113	142	48	187	108	196	160	103	62	90	294	162	211	## Tournée 17
127	114	197	125	236	28	289	131	256	78	172	240	218	75	242	13	2	229	79	## Tournée 18
43	59	195	267	273	77	35	27	180	81	280	14	231	144	26	151	15	146	106	9	88	## Tournée 19
203	74	21	93	139	221	217	259	281	299	226	258	29	171	61	152	132	40	254	278	154	## Tournée 20
141	283	216	44	60	265	194	56	53	18	199	296	157	134	239	137	145	150	174	51	220	95	253	112	130	## Tournée 21
202	22	291	264	115	89	167	290	71	215	55	276	68	214	111	212	185	128	117	201	193	121	279	11	4	20	## Tournée 22
109	101	184	98	182	147	233	25	58	238	268	99	287	7	39	156	261	46	87	124	257	12	222	169	255	## Tournée 23
76	140	298	192	41	250	36	175	263	206	135	208	94	286	166	260	5	234	207	34	42	118	271	300	## Tournée 24
122	244	91	237	148	86	224	266	64	143	## Tournée 25
49	274	188	## Tournée 26
