23521	## Somme des retards
80	## Temps CPU (millisecondes)
59	100	20	48	97	3	8	66	64	4	52	95	21	32	88	92	16	40	75	45	43	86	82	29	51	74	87	85	49	11	23	47	80	33	12	15	18	37	25	38	81	5	36	13	61	62	78	41	1	24	96	31	94	6	77	54	14	67	55	83	26	42	34	93	30	46	35	22	84	57	58	60	90	39	17	79	63	28	19	76	68	91	72	50	9	71	65	89	7	44	98	56	53	73	70	99	27	2	10	69	## Ordonnancement
14	## Nombre de tournées
1	2	3	5	3	9	7	8	13	13	13	11	7	5	## Nombre de sites par tournée
59	## Tournée 1
20	100	## Tournée 2
97	3	48	## Tournée 3
52	4	8	66	64	## Tournée 4
21	32	95	## Tournée 5
45	86	88	40	82	75	43	16	92	## Tournée 6
49	87	29	11	74	85	51	## Tournée 7
18	23	33	80	47	37	12	15	## Tournée 8
61	78	1	81	62	96	13	5	25	24	36	38	41	## Tournée 9
54	26	83	93	67	6	77	14	94	55	34	31	42	## Tournée 10
46	58	39	90	30	84	63	35	57	22	60	79	17	## Tournée 11
28	68	72	91	19	65	9	89	71	76	50	## Tournée 12
98	73	53	56	70	44	7	## Tournée 13
10	99	69	27	2	## Tournée 14
