89036	## Somme des retards
240	## Temps CPU (millisecondes)
19	45	6	124	22	65	80	97	122	87	42	29	138	141	12	10	117	105	16	47	52	134	139	127	70	27	46	63	7	73	20	114	106	110	96	34	147	71	128	95	8	112	49	53	31	40	90	24	83	131	149	33	148	88	135	28	136	41	107	21	14	92	98	104	38	17	125	94	75	60	79	93	44	64	25	1	140	113	118	15	145	58	109	69	76	137	116	129	111	142	85	108	56	51	150	123	121	133	9	120	100	2	68	72	84	143	48	36	39	82	99	101	50	130	103	4	74	78	77	3	18	62	37	132	61	86	26	13	5	67	119	66	81	59	32	144	43	91	126	11	57	146	102	115	35	55	23	89	54	30	## Ordonnancement
22	## Nombre de tournées
1	2	1	2	3	1	3	3	4	6	8	7	11	10	14	14	16	18	11	9	5	1	## Nombre de sites par tournée
19	## Tournée 1
45	6	## Tournée 2
124	## Tournée 3
65	22	## Tournée 4
97	80	122	## Tournée 5
87	## Tournée 6
42	138	29	## Tournée 7
10	12	141	## Tournée 8
47	117	16	105	## Tournée 9
27	127	134	70	139	52	## Tournée 10
63	110	106	7	46	20	114	73	## Tournée 11
71	96	34	147	8	95	128	## Tournée 12
53	33	40	131	90	31	83	24	49	112	149	## Tournée 13
107	88	14	41	136	28	92	21	148	135	## Tournée 14
104	1	98	60	17	44	125	75	79	38	93	94	64	25	## Tournée 15
116	111	145	140	142	69	109	137	118	129	76	15	113	58	## Tournée 16
56	121	84	100	9	51	143	85	123	68	133	2	108	150	120	72	## Tournée 17
82	18	101	36	74	103	130	4	3	132	77	39	48	78	37	62	99	50	## Tournée 18
5	86	81	26	32	13	66	61	59	119	67	## Tournée 19
115	57	91	11	144	146	43	126	102	## Tournée 20
55	35	23	89	54	## Tournée 21
30	## Tournée 22
