51039	## Somme des retards
40	## Temps CPU (millisecondes)
87	82	51	68	98	14	45	59	66	8	60	4	86	79	94	24	64	97	3	42	20	67	74	70	53	33	57	48	28	83	12	61	84	35	50	69	5	80	10	91	63	85	49	2	43	26	16	52	47	88	37	44	36	25	89	62	41	92	30	6	54	17	56	95	15	78	18	29	90	72	21	71	34	19	13	58	22	99	32	46	1	27	81	76	7	39	11	9	40	65	31	75	73	55	77	23	100	93	38	96	## Ordonnancement
18	## Nombre de tournées
1	1	2	1	2	2	3	3	4	6	7	8	9	11	14	13	10	3	## Nombre de sites par tournée
87	## Tournée 1
82	## Tournée 2
68	51	## Tournée 3
98	## Tournée 4
14	45	## Tournée 5
59	66	## Tournée 6
60	4	8	## Tournée 7
79	86	94	## Tournée 8
64	24	3	97	## Tournée 9
67	53	70	20	42	74	## Tournée 10
48	57	61	12	83	33	28	## Tournée 11
5	80	84	10	50	35	69	91	## Tournée 12
49	63	47	2	43	26	52	16	85	## Tournée 13
37	88	62	44	89	25	92	6	41	36	30	## Tournée 14
95	19	29	78	18	34	54	15	90	56	72	21	17	71	## Tournée 15
58	46	32	13	22	27	99	81	1	11	7	76	39	## Tournée 16
75	55	77	100	65	73	40	31	23	9	## Tournée 17
96	93	38	## Tournée 18
