97408	## Somme des retards
630	## Temps CPU (millisecondes)
5	181	80	65	15	177	25	107	100	106	34	61	42	55	162	180	115	94	40	6	189	154	45	160	76	112	93	91	98	190	157	169	172	120	41	182	47	75	191	56	43	102	151	99	52	30	10	149	143	59	97	114	125	105	82	147	28	194	86	128	1	159	155	89	122	117	70	164	31	176	29	96	88	104	37	145	168	158	22	83	171	144	183	195	124	193	170	137	173	27	184	13	185	39	73	108	116	129	179	72	48	51	196	66	62	127	118	63	67	146	163	150	46	121	38	119	138	134	198	14	79	20	109	132	187	81	166	9	36	103	130	175	26	131	18	123	139	3	24	53	68	161	84	126	197	12	92	7	141	186	4	32	148	50	64	136	74	60	110	200	2	8	152	188	57	44	199	16	90	178	111	69	142	77	165	21	167	23	19	153	33	35	113	49	156	58	11	54	192	174	71	135	101	140	95	17	87	78	85	133	## Ordonnancement
21	## Nombre de tournées
3	1	4	4	4	6	8	7	9	12	11	17	14	16	20	22	16	14	7	4	1	## Nombre de sites par tournée
80	5	181	## Tournée 1
65	## Tournée 2
25	107	15	177	## Tournée 3
61	100	106	34	## Tournée 4
55	180	162	42	## Tournée 5
6	189	40	94	115	154	## Tournée 6
112	160	98	91	93	190	76	45	## Tournée 7
120	172	47	182	169	157	41	## Tournée 8
102	75	30	52	191	43	99	56	151	## Tournée 9
59	149	143	28	82	147	114	97	125	10	194	105	## Tournée 10
122	128	70	155	159	31	86	117	1	89	164	## Tournée 11
195	83	176	37	171	104	29	124	22	88	158	144	145	168	183	193	96	## Tournée 12
13	108	73	179	116	72	27	137	184	39	170	173	129	185	## Tournée 13
46	150	63	67	196	118	127	62	163	66	146	121	51	48	38	119	## Tournée 14
20	109	132	123	198	18	138	9	79	36	166	134	187	103	26	81	14	175	131	130	## Tournée 15
148	92	136	12	7	32	50	139	60	186	3	74	141	68	64	161	4	53	126	84	197	24	## Tournée 16
199	178	2	16	77	8	44	152	111	142	188	57	110	90	69	200	## Tournée 17
21	33	153	54	113	19	167	58	156	35	165	49	11	23	## Tournée 18
174	192	140	71	95	101	135	## Tournée 19
78	85	17	87	## Tournée 20
133	## Tournée 21
