214666	## Somme des retards
200	## Temps CPU (millisecondes)
251	149	243	201	111	269	184	5	129	293	290	250	266	4	152	100	93	54	62	94	235	16	120	28	97	172	255	225	194	116	196	277	244	267	183	150	242	252	110	188	187	77	75	103	185	119	215	257	295	198	73	258	271	283	98	130	135	191	134	123	220	264	249	268	234	92	229	292	11	155	238	275	82	10	118	273	199	300	67	44	132	261	272	102	31	224	13	20	49	173	233	192	286	232	151	36	105	57	167	8	43	141	210	226	168	47	165	222	51	247	46	254	95	106	157	128	193	114	108	144	7	109	203	296	52	39	202	9	12	133	161	71	189	288	68	131	6	72	81	274	180	276	223	284	230	19	179	218	159	64	227	90	265	74	17	101	76	297	86	147	174	70	38	181	289	279	136	248	245	219	89	3	117	294	21	166	29	212	156	115	145	139	171	209	182	15	169	281	104	262	41	287	78	48	158	164	55	278	22	99	50	138	285	154	56	35	66	253	61	221	83	259	32	25	112	299	207	18	208	213	246	241	63	217	237	239	30	107	58	190	91	160	53	175	170	80	195	45	65	204	176	33	34	162	146	40	124	206	37	121	178	186	24	26	127	205	1	140	85	96	197	79	122	177	137	163	216	27	60	260	142	87	84	2	148	214	263	14	231	280	211	113	125	282	270	291	240	59	298	126	228	42	153	23	256	69	236	143	88	200	## Ordonnancement
24	## Nombre de tournées
1	1	1	1	2	3	5	6	6	9	9	13	11	16	18	18	18	21	24	24	24	28	26	15	## Nombre de sites par tournée
251	## Tournée 1
149	## Tournée 2
243	## Tournée 3
201	## Tournée 4
269	111	## Tournée 5
129	5	184	## Tournée 6
250	290	266	293	4	## Tournée 7
62	152	54	100	93	94	## Tournée 8
235	120	28	16	172	97	## Tournée 9
225	267	196	255	194	116	277	244	183	## Tournée 10
187	103	110	252	242	77	150	75	188	## Tournée 11
130	257	295	73	198	215	271	135	283	185	258	98	119	## Tournée 12
264	220	92	191	123	234	134	292	229	249	268	## Tournée 13
155	67	199	118	132	273	44	275	238	300	261	102	10	82	272	11	## Tournée 14
36	141	43	192	8	286	232	151	20	57	13	49	233	224	167	105	173	31	## Tournée 15
168	47	247	222	128	144	51	114	165	210	193	106	157	108	254	226	46	95	## Tournée 16
189	161	68	39	71	6	133	109	12	72	52	288	131	7	202	9	203	296	## Tournée 17
218	81	223	179	90	230	276	76	159	64	180	227	274	86	19	265	17	101	74	297	284	## Tournée 18
139	171	147	38	136	279	70	219	166	115	181	156	89	174	145	289	294	21	212	3	117	248	245	29	## Tournée 19
262	281	35	154	78	169	209	182	104	55	15	285	158	287	48	278	138	66	22	99	41	50	56	164	## Tournée 20
259	91	107	239	112	63	25	83	61	58	190	208	32	241	299	207	18	253	30	213	217	237	246	221	## Tournée 21
53	170	206	85	24	34	124	37	80	45	26	195	127	178	204	121	1	65	140	205	162	160	146	186	176	33	175	40	## Tournée 22
270	211	96	197	280	216	214	27	125	163	263	231	14	260	282	177	79	113	87	60	137	2	148	122	142	84	## Tournée 23
153	200	228	240	69	42	126	256	298	236	143	88	59	291	23	## Tournée 24
