46544	## Somme des retards
20	## Temps CPU (millisecondes)
72	78	76	46	49	28	20	89	31	24	88	55	56	10	81	35	40	73	82	27	86	75	99	43	33	47	92	5	9	41	64	58	15	91	1	17	95	52	54	83	61	42	90	80	66	22	67	2	3	100	94	57	62	87	18	60	53	74	44	93	16	19	79	8	45	6	34	7	77	50	69	13	51	68	29	63	4	71	84	26	21	59	98	14	96	48	97	32	65	85	12	37	25	38	70	39	11	36	23	30	## Ordonnancement
16	## Nombre de tournées
1	1	1	3	4	2	5	6	8	9	10	12	15	12	9	2	## Nombre de sites par tournée
72	## Tournée 1
78	## Tournée 2
76	## Tournée 3
49	28	46	## Tournée 4
89	20	31	24	## Tournée 5
88	55	## Tournée 6
35	56	10	40	81	## Tournée 7
99	75	73	86	27	82	## Tournée 8
64	92	33	9	47	5	43	41	## Tournée 9
83	54	91	58	52	15	95	17	1	## Tournée 10
61	67	90	2	66	80	3	22	42	100	## Tournée 11
19	18	16	74	57	62	60	93	87	94	53	44	## Tournée 12
77	79	6	4	63	69	34	7	13	50	68	29	45	8	51	## Tournée 13
32	48	96	26	98	59	65	21	84	97	14	71	## Tournée 14
85	25	36	11	38	37	12	70	39	## Tournée 15
30	23	## Tournée 16
