42120	## Somme des retards
60	## Temps CPU (millisecondes)
58	42	67	83	10	11	17	12	96	37	57	78	64	90	82	26	68	19	66	40	95	100	24	53	44	98	86	39	50	81	70	30	84	4	71	41	46	7	48	29	54	5	72	31	87	27	18	1	9	91	34	62	8	21	49	85	51	93	22	99	73	20	65	88	2	77	14	23	38	36	79	63	13	6	94	60	52	3	92	25	69	33	35	76	80	43	55	75	28	15	97	47	89	61	16	59	32	45	74	56	## Ordonnancement
14	## Nombre de tournées
1	2	2	2	9	6	7	9	10	14	14	10	9	5	## Nombre de sites par tournée
58	## Tournée 1
67	42	## Tournée 2
83	10	## Tournée 3
11	17	## Tournée 4
90	57	82	12	64	37	78	96	26	## Tournée 5
100	40	19	66	68	95	## Tournée 6
98	86	44	50	39	24	53	## Tournée 7
41	30	4	46	71	81	84	70	7	## Tournée 8
48	18	31	5	29	54	72	27	87	1	## Tournée 9
8	99	34	62	73	51	93	49	22	91	20	85	9	21	## Tournée 10
94	2	79	14	36	38	88	6	65	63	77	23	13	60	## Tournée 11
35	25	76	52	80	69	33	92	43	3	## Tournée 12
61	15	89	75	28	16	47	97	55	## Tournée 13
56	32	74	59	45	## Tournée 14
