263667	## Somme des retards
1590	## Temps CPU (millisecondes)
20	168	54	234	161	95	230	222	223	241	163	103	9	43	130	112	201	173	27	30	99	235	180	247	117	150	250	220	198	100	56	63	48	59	195	246	1	152	147	32	78	53	69	120	141	40	83	24	10	139	153	134	211	236	231	96	233	33	135	18	144	190	177	186	158	200	72	28	226	38	26	52	71	178	25	70	169	3	67	210	165	41	229	138	156	184	127	206	2	50	49	85	45	185	125	55	243	170	6	123	188	19	228	11	74	151	162	131	60	143	115	79	36	155	215	216	242	118	181	75	175	121	82	39	128	7	81	207	171	122	136	44	237	98	213	57	248	97	218	196	29	245	114	65	15	91	148	16	108	197	88	51	34	92	199	89	116	13	167	84	126	76	21	37	133	124	154	146	208	203	192	239	107	232	224	209	17	90	101	172	80	227	164	217	109	12	87	8	110	22	176	31	204	194	102	160	106	182	219	174	191	193	159	140	142	214	77	119	35	132	4	64	23	62	66	61	149	73	5	111	249	42	205	240	93	189	113	86	202	94	244	225	157	129	104	47	238	137	179	105	221	187	68	14	183	46	145	58	166	212	## Ordonnancement
26	## Nombre de tournées
2	2	2	1	2	4	4	5	7	6	10	7	10	14	15	14	17	18	19	21	20	18	16	10	5	1	## Nombre de sites par tournée
168	20	## Tournée 1
54	234	## Tournée 2
95	161	## Tournée 3
230	## Tournée 4
222	223	## Tournée 5
163	103	241	9	## Tournée 6
112	201	43	130	## Tournée 7
27	173	30	99	235	## Tournée 8
150	198	250	247	220	117	180	## Tournée 9
195	48	59	56	63	100	## Tournée 10
53	78	141	246	120	32	152	1	69	147	## Tournée 11
139	153	40	24	83	10	134	## Tournée 12
233	190	236	96	144	211	231	18	33	135	## Tournée 13
52	178	186	70	200	28	38	72	25	226	71	158	177	26	## Tournée 14
165	138	169	49	210	3	50	127	206	2	184	229	67	156	41	## Tournée 15
19	125	123	243	74	85	6	55	170	228	45	185	188	11	## Tournée 16
242	162	115	151	75	155	60	36	79	131	215	175	118	143	121	216	181	## Tournée 17
39	98	213	57	248	7	97	207	44	196	237	218	128	82	122	171	136	81	## Tournée 18
245	92	16	29	34	65	15	91	88	197	199	116	108	51	89	148	114	167	13	## Tournée 19
133	84	101	76	232	124	107	126	192	21	154	239	208	203	146	172	90	17	37	209	224	## Tournée 20
87	219	194	102	164	204	31	217	160	176	110	80	12	174	8	182	109	106	22	227	## Tournée 21
64	35	214	77	73	61	132	191	149	62	119	4	159	142	140	193	23	66	## Tournée 22
189	244	94	129	86	42	5	225	202	113	111	93	240	205	157	249	## Tournée 23
179	104	47	14	187	137	68	221	105	238	## Tournée 24
183	145	166	58	46	## Tournée 25
212	## Tournée 26
