131928	## Somme des retards
230	## Temps CPU (millisecondes)
101	81	54	147	143	198	57	127	86	166	118	33	93	150	102	37	24	6	128	76	25	69	52	164	90	29	134	132	13	65	39	165	172	135	182	1	74	94	148	73	195	67	88	187	3	49	89	19	123	157	55	161	108	68	179	21	31	77	9	105	142	180	18	64	112	115	92	154	75	126	47	96	14	107	83	111	114	43	155	27	110	42	98	41	32	141	23	8	160	40	120	11	72	59	84	53	50	38	199	163	133	130	17	36	16	156	177	194	145	173	103	192	20	152	48	158	113	139	181	100	61	196	140	78	4	170	149	151	129	193	80	28	183	138	184	169	122	44	91	125	63	82	185	175	200	12	119	99	190	2	191	109	46	66	144	178	176	167	171	153	159	60	106	136	35	10	197	95	97	188	137	79	131	146	22	87	186	58	5	168	30	104	121	116	70	62	189	56	174	7	117	85	124	45	51	34	162	26	71	15	## Ordonnancement
20	## Nombre de tournées
1	3	2	2	3	4	6	7	10	11	8	12	12	14	19	17	24	20	17	8	## Nombre de sites par tournée
101	## Tournée 1
147	54	81	## Tournée 2
143	198	## Tournée 3
127	57	## Tournée 4
166	86	118	## Tournée 5
102	33	93	150	## Tournée 6
76	37	6	24	25	128	## Tournée 7
134	29	90	52	132	69	164	## Tournée 8
135	94	172	65	1	182	165	13	74	39	## Tournée 9
3	123	148	195	73	89	88	187	19	67	49	## Tournée 10
108	179	21	55	31	157	161	68	## Tournée 11
18	115	180	154	75	64	142	77	105	9	112	92	## Tournée 12
47	110	107	96	27	43	155	126	83	14	111	114	## Tournée 13
84	40	11	42	141	160	120	32	72	8	98	59	41	23	## Tournée 14
156	194	38	17	53	192	130	16	36	177	173	50	103	199	145	163	152	20	133	## Tournée 15
78	151	158	140	48	113	149	196	129	193	100	80	181	4	170	139	61	## Tournée 16
2	28	185	63	200	66	191	99	183	184	175	109	144	138	44	125	91	12	119	190	46	122	82	169	## Tournée 17
197	137	35	167	131	79	176	97	22	136	188	153	159	95	146	178	106	171	60	10	## Tournée 18
117	87	62	5	186	189	168	116	174	121	7	30	104	58	85	70	56	## Tournée 19
162	51	71	26	124	45	34	15	## Tournée 20
