248351	## Somme des retards
760	## Temps CPU (millisecondes)
113	278	95	142	281	236	97	110	186	83	198	283	293	163	170	118	30	78	13	49	224	59	53	217	299	254	119	15	84	66	24	2	3	151	256	252	192	43	215	112	133	147	93	240	277	45	89	159	211	152	288	226	165	72	117	106	266	143	99	287	298	296	184	194	270	114	221	190	137	61	237	156	41	19	178	155	17	259	282	276	91	248	36	37	70	238	102	261	214	144	203	264	40	284	286	94	230	177	80	275	208	28	223	23	57	62	265	104	108	279	191	5	262	48	219	250	73	9	150	207	145	131	146	295	227	172	111	232	64	123	33	258	269	267	134	60	233	244	92	38	222	25	168	138	149	220	212	11	20	130	249	245	188	105	21	46	242	169	127	74	136	63	124	167	206	291	216	182	196	292	58	22	54	195	82	193	12	76	77	255	126	44	181	34	187	280	75	71	86	7	231	251	103	32	161	39	285	289	154	201	199	153	26	52	290	27	180	69	65	4	14	135	173	140	179	274	122	115	218	79	42	175	81	8	10	139	50	160	162	116	29	272	229	225	87	171	141	6	51	247	209	228	132	101	129	47	271	210	67	241	246	174	243	235	120	96	98	85	185	166	125	239	158	90	157	35	202	31	100	148	109	200	56	164	68	121	1	183	297	260	213	273	300	257	294	234	55	107	253	197	88	128	263	16	205	189	204	268	18	176	## Ordonnancement
24	## Nombre de tournées
1	1	1	3	4	6	8	9	9	10	9	15	13	15	16	20	21	21	23	24	26	26	15	4	## Nombre de sites par tournée
113	## Tournée 1
278	## Tournée 2
95	## Tournée 3
281	236	142	## Tournée 4
186	110	83	97	## Tournée 5
163	283	293	198	118	170	## Tournée 6
49	217	30	78	224	13	53	59	## Tournée 7
84	254	119	3	2	24	15	66	299	## Tournée 8
112	256	133	147	215	151	252	43	192	## Tournée 9
226	89	211	45	93	152	277	288	240	159	## Tournée 10
266	99	117	72	165	298	287	143	106	## Tournée 11
237	114	270	194	61	155	296	178	156	190	184	41	19	137	221	## Tournée 12
248	214	17	37	102	282	261	238	91	259	276	36	70	## Tournée 13
28	80	40	144	208	275	286	223	23	264	230	94	203	177	284	## Tournée 14
279	48	191	73	219	108	57	62	5	150	207	9	104	265	250	262	## Tournée 15
33	295	267	131	146	269	134	244	172	64	38	60	233	227	92	123	111	145	232	258	## Tournée 16
212	188	11	138	20	222	74	168	149	105	169	130	245	249	25	220	242	127	21	136	46	## Tournée 17
22	124	255	77	292	193	82	63	196	182	126	76	291	206	12	58	216	195	44	54	167	## Tournée 18
86	153	199	7	71	32	39	52	201	103	280	251	290	181	187	285	75	161	26	34	289	231	154	## Tournée 19
65	122	218	160	81	14	8	27	135	10	115	162	274	179	69	139	4	175	42	173	140	180	79	50	## Tournée 20
225	101	6	247	29	171	243	116	271	241	47	229	246	174	235	210	132	228	272	141	51	120	129	67	209	87	## Tournée 21
121	185	98	56	164	260	31	297	202	157	148	85	100	213	35	90	158	109	183	166	239	96	125	1	68	200	## Tournée 22
107	294	88	205	197	253	234	189	55	273	128	300	263	16	257	## Tournée 23
204	268	18	176	## Tournée 24
