128922	## Somme des retards
1200	## Temps CPU (millisecondes)
123	224	214	63	5	16	22	172	133	244	115	204	21	232	41	81	25	94	6	35	184	14	156	155	76	96	78	91	92	3	163	179	227	189	113	38	186	86	13	80	167	151	222	243	154	58	79	124	160	67	108	181	203	9	119	20	17	242	128	237	110	54	134	217	149	198	171	231	162	77	53	140	87	106	23	1	118	207	2	66	61	74	104	55	46	145	90	42	213	188	209	220	72	39	102	117	165	4	168	83	249	166	191	127	195	236	158	185	105	107	70	19	239	137	146	235	212	161	206	10	200	194	196	233	210	215	82	229	103	36	182	138	101	89	141	197	246	59	27	45	57	192	75	247	88	169	8	64	176	183	32	125	241	68	180	48	7	130	223	208	121	116	248	221	85	29	201	24	114	122	159	136	129	97	18	142	71	230	143	40	216	98	69	218	132	111	178	234	205	99	95	250	60	226	15	33	240	49	170	43	31	65	47	131	228	190	152	177	62	157	100	112	219	211	147	11	164	30	126	44	93	174	56	193	52	26	148	50	238	139	187	173	153	225	12	150	175	202	28	51	245	84	144	120	34	109	135	199	37	73	## Ordonnancement
24	## Nombre de tournées
2	1	2	2	4	3	6	9	6	11	9	17	13	13	17	21	20	25	23	20	14	8	3	1	## Nombre de sites par tournée
224	123	## Tournée 1
214	## Tournée 2
5	63	## Tournée 3
16	22	## Tournée 4
133	115	244	172	## Tournée 5
232	204	21	## Tournée 6
6	81	41	94	35	25	## Tournée 7
184	96	78	156	155	91	14	92	76	## Tournée 8
163	3	189	227	113	179	## Tournée 9
86	167	80	13	154	38	186	151	58	222	243	## Tournée 10
108	9	203	124	181	79	160	119	67	## Tournée 11
53	77	149	17	198	242	162	171	20	237	140	231	217	134	128	54	110	## Tournée 12
46	23	207	104	118	1	2	66	74	106	87	61	55	## Tournée 13
220	213	42	102	188	4	209	39	72	165	145	90	117	## Tournée 14
239	70	19	168	185	249	195	236	105	146	158	191	107	166	137	83	127	## Tournée 15
210	206	103	235	182	138	141	196	200	101	10	212	197	229	215	161	194	82	36	89	233	## Tournée 16
48	246	75	169	8	176	180	68	125	32	57	27	247	192	59	88	64	183	45	241	## Tournée 17
121	130	97	201	143	248	29	116	221	216	223	159	7	18	122	136	24	129	230	208	85	40	114	142	71	## Tournée 18
131	69	33	47	49	31	170	95	15	132	43	218	98	226	60	205	111	178	99	250	234	65	240	## Tournée 19
100	228	44	112	147	157	193	11	177	30	211	152	164	93	174	190	219	62	126	56	## Tournée 20
225	187	238	202	50	153	148	12	52	139	150	173	175	26	## Tournée 21
109	28	245	34	84	120	51	144	## Tournée 22
199	37	135	## Tournée 23
73	## Tournée 24
