44473	## Somme des retards
200	## Temps CPU (millisecondes)
149	16	144	87	138	99	116	2	50	88	51	115	102	10	107	17	111	31	60	38	5	123	20	130	32	9	108	40	84	29	106	127	105	132	45	148	112	48	70	25	53	93	6	131	134	82	36	44	142	1	125	121	72	33	140	103	14	73	22	139	43	78	133	143	13	34	11	119	3	15	136	83	55	35	26	65	46	63	90	122	92	145	135	12	114	4	126	104	117	150	7	95	49	79	47	41	76	128	75	54	146	81	100	28	57	124	71	27	69	42	101	137	85	118	110	97	59	141	30	129	86	58	113	37	61	8	18	67	19	98	24	94	120	89	52	91	56	109	62	77	96	64	39	66	74	147	21	68	23	80	## Ordonnancement
18	## Nombre de tournées
1	1	3	4	4	4	4	7	8	10	14	15	15	15	17	16	10	2	## Nombre de sites par tournée
149	## Tournée 1
16	## Tournée 2
87	144	138	## Tournée 3
99	2	116	50	## Tournée 4
115	88	51	102	## Tournée 5
107	10	111	17	## Tournée 6
31	60	38	5	## Tournée 7
123	32	9	40	130	20	108	## Tournée 8
29	45	106	84	132	148	127	105	## Tournée 9
53	48	134	82	25	131	70	6	93	112	## Tournée 10
14	121	73	36	1	22	140	72	33	44	103	139	125	142	## Tournée 11
26	133	55	11	136	35	119	78	83	13	143	15	34	43	3	## Tournée 12
92	114	150	63	90	65	126	145	4	122	46	12	117	104	135	## Tournée 13
100	49	75	57	81	128	54	76	79	7	47	95	146	28	41	## Tournée 14
86	42	137	97	30	129	118	58	124	85	59	101	141	110	27	69	71	## Tournée 15
52	94	24	109	8	120	113	56	19	67	61	98	91	89	18	37	## Tournée 16
68	147	74	62	77	21	39	96	64	66	## Tournée 17
80	23	## Tournée 18
