280654	## Somme des retards
300	## Temps CPU (millisecondes)
11	155	217	190	41	105	53	120	250	165	84	31	134	118	130	186	106	89	90	245	191	14	129	73	54	158	167	206	188	15	117	200	169	224	163	212	168	49	136	241	125	30	242	45	199	225	114	160	216	208	28	210	229	219	140	29	18	233	51	184	247	46	64	131	193	26	133	62	72	239	86	214	185	115	207	248	171	203	79	88	68	102	77	121	232	108	143	39	55	152	161	111	78	154	70	146	42	17	222	27	128	234	5	202	94	132	236	21	235	187	103	60	215	147	228	221	142	112	57	6	151	238	95	71	127	81	110	149	25	85	65	164	148	99	226	230	246	211	48	67	156	13	137	218	201	159	162	198	66	180	176	249	181	87	12	178	144	205	107	98	175	179	1	116	38	231	172	113	16	240	59	3	82	76	52	237	47	223	83	80	34	204	37	43	173	209	69	196	213	170	122	74	177	10	4	145	19	166	7	32	174	183	119	153	20	58	24	123	109	50	192	22	150	63	244	135	56	75	9	126	195	36	227	141	92	23	44	124	8	157	220	91	61	33	35	93	189	100	96	97	182	104	138	2	197	194	101	243	40	139	## Ordonnancement
23	## Nombre de tournées
1	1	1	3	3	3	5	6	9	8	11	11	12	18	16	16	19	21	23	22	22	18	1	## Nombre de sites par tournée
11	## Tournée 1
155	## Tournée 2
217	## Tournée 3
105	41	190	## Tournée 4
53	120	250	## Tournée 5
84	165	31	## Tournée 6
186	130	106	118	134	## Tournée 7
14	245	90	129	191	89	## Tournée 8
54	206	15	158	200	73	188	117	167	## Tournée 9
169	212	241	136	224	49	168	163	## Tournée 10
28	216	242	160	30	208	225	199	114	45	125	## Tournée 11
219	140	46	18	247	233	51	229	210	29	184	## Tournée 12
26	214	239	193	185	115	72	133	131	86	62	64	## Tournée 13
203	108	161	121	77	79	248	152	102	143	88	68	171	111	39	232	55	207	## Tournée 14
5	236	42	154	222	78	146	17	128	21	132	70	94	202	234	27	## Tournée 15
112	6	238	221	147	95	228	60	151	235	215	187	103	57	142	71	## Tournée 16
137	156	127	81	226	65	164	85	48	148	149	99	25	230	110	13	211	67	246	## Tournée 17
66	98	116	176	205	144	1	218	175	179	180	12	198	107	162	201	87	159	181	178	249	## Tournée 18
43	240	231	237	37	34	47	204	209	52	59	38	3	223	83	69	82	76	80	113	172	16	173	## Tournée 19
123	196	183	74	145	119	166	7	153	24	32	122	10	58	177	4	19	109	20	213	170	174	## Tournée 20
192	195	63	244	9	50	150	36	135	124	44	92	22	141	8	56	126	220	157	227	23	75	## Tournée 21
194	2	91	35	61	101	189	138	197	33	100	97	104	40	96	93	182	243	## Tournée 22
139	## Tournée 23
