445185	## Somme des retards
800	## Temps CPU (millisecondes)
296	104	80	186	262	20	265	293	24	289	157	188	51	48	139	282	66	63	243	15	135	171	68	129	1	96	35	26	233	162	109	46	177	160	300	222	277	16	286	217	128	299	36	127	281	100	224	174	120	71	295	252	183	145	55	89	23	235	113	39	7	272	149	67	182	225	116	22	27	110	49	154	54	92	197	279	125	18	53	117	231	191	240	249	147	239	82	76	288	152	165	236	103	173	86	207	93	64	274	121	155	124	91	47	206	164	77	273	214	201	6	87	181	57	237	232	247	158	13	245	38	43	285	4	52	220	159	30	106	151	3	209	122	132	83	50	9	179	81	44	144	107	45	264	204	138	134	70	283	263	143	226	130	298	219	11	185	205	32	266	268	184	84	193	254	271	95	78	246	244	167	74	228	257	278	276	97	61	251	29	170	21	176	261	234	238	270	126	202	85	12	118	65	56	195	153	163	292	10	119	156	2	112	146	211	62	101	123	198	73	221	280	269	192	259	253	40	79	212	115	175	140	169	88	28	230	256	166	31	142	41	25	187	14	99	8	275	267	34	291	58	60	227	287	161	75	178	141	108	189	17	172	105	133	190	150	290	194	216	208	137	102	258	59	196	210	241	297	284	223	242	229	42	294	199	98	200	213	255	260	131	72	19	33	114	215	90	180	94	250	37	69	136	148	111	5	248	168	203	218	## Ordonnancement
26	## Nombre de tournées
1	2	2	2	3	4	4	5	7	8	10	8	10	11	11	12	17	19	19	20	22	23	27	25	23	5	## Nombre de sites par tournée
296	## Tournée 1
80	104	## Tournée 2
262	186	## Tournée 3
265	20	## Tournée 4
293	289	24	## Tournée 5
48	157	51	188	## Tournée 6
139	66	282	63	## Tournée 7
135	15	243	68	171	## Tournée 8
35	96	1	129	162	233	26	## Tournée 9
277	160	222	16	177	46	109	300	## Tournée 10
127	224	286	217	174	100	281	36	128	299	## Tournée 11
295	89	183	145	120	55	252	71	## Tournée 12
39	235	7	23	182	149	272	67	225	113	## Tournée 13
110	54	92	125	22	27	49	154	279	197	116	## Tournée 14
117	147	240	82	249	239	76	53	18	191	231	## Tournée 15
288	86	64	93	165	274	121	103	173	207	152	236	## Tournée 16
124	247	6	91	181	87	155	206	164	201	47	273	237	232	214	57	77	## Tournée 17
132	209	245	38	83	106	52	285	30	220	122	159	4	13	50	158	43	3	151	## Tournée 18
44	264	45	70	143	219	226	179	81	138	204	9	107	283	298	134	144	263	130	## Tournée 19
257	84	246	205	254	278	11	193	32	184	167	78	95	268	244	228	185	266	74	271	## Tournée 20
97	276	251	29	261	12	56	195	170	61	234	270	21	163	176	118	202	238	153	85	126	65	## Tournée 21
79	211	123	212	62	101	280	221	2	156	146	259	112	115	253	40	292	269	198	10	192	73	119	## Tournée 22
75	60	140	31	99	291	227	28	14	142	161	187	178	275	230	58	175	25	256	34	169	287	166	41	267	88	8	## Tournée 23
208	102	189	223	229	290	216	284	241	150	141	297	108	17	258	194	133	196	59	172	190	137	210	242	105	## Tournée 24
250	294	131	255	200	90	33	37	114	19	215	180	72	42	111	213	69	136	199	94	148	260	98	## Tournée 25
203	168	248	5	218	## Tournée 26
