293801	## Somme des retards
4294965542	## Temps CPU (millisecondes)
101	27	202	28	160	16	62	112	36	162	241	4	286	273	293	172	110	22	137	267	8	269	182	166	61	70	10	221	206	213	95	161	259	125	277	234	96	252	124	258	233	151	185	289	40	271	139	150	254	242	1	13	219	218	154	180	46	20	126	155	38	43	210	64	226	113	197	106	222	146	31	153	196	94	186	24	236	268	251	245	191	250	138	297	60	122	287	187	39	99	75	171	257	71	55	41	156	228	86	90	199	92	93	57	174	76	208	283	181	295	285	144	87	195	18	5	276	240	189	7	9	178	216	32	190	299	192	232	294	23	118	152	291	79	255	111	274	188	281	239	282	80	74	249	21	263	128	284	72	133	82	217	212	280	51	53	35	177	37	50	66	264	17	248	109	246	266	290	169	272	19	52	65	141	15	209	68	85	33	14	261	229	121	11	25	198	247	81	143	164	114	205	298	204	115	147	157	170	48	184	58	173	158	97	136	107	83	220	67	29	238	89	6	179	98	88	30	59	54	117	130	176	34	149	104	227	214	262	142	134	296	103	2	203	148	123	211	12	127	56	235	140	84	135	175	119	300	167	44	47	193	275	77	256	265	49	260	278	243	3	63	279	230	120	100	223	237	129	224	42	215	26	225	145	201	159	45	163	270	132	253	102	73	69	91	183	292	288	168	231	78	105	207	200	244	131	194	165	116	108	## Ordonnancement
25	## Nombre de tournées
3	1	3	2	3	6	8	7	8	15	12	12	13	15	17	21	20	24	24	21	21	18	17	6	3	## Nombre de sites par tournée
101	27	202	## Tournée 1
28	## Tournée 2
62	160	16	## Tournée 3
112	36	## Tournée 4
162	4	241	## Tournée 5
273	110	172	293	22	286	## Tournée 6
70	269	137	182	166	267	8	61	## Tournée 7
259	161	221	95	213	10	206	## Tournée 8
252	234	125	124	277	258	233	96	## Tournée 9
1	185	13	219	254	150	151	40	218	271	154	289	242	139	180	## Tournée 10
113	38	64	46	20	43	106	226	126	155	197	210	## Tournée 11
245	222	186	196	24	94	153	236	268	251	31	146	## Tournée 12
99	39	138	60	297	287	191	122	257	187	250	75	171	## Tournée 13
76	93	174	41	156	71	199	86	90	283	228	55	208	92	57	## Tournée 14
195	276	87	190	144	5	9	295	189	285	7	178	181	216	240	32	18	## Tournée 15
188	152	192	299	239	263	80	111	74	294	255	282	249	274	281	79	291	21	23	118	232	## Tournée 16
17	246	264	50	66	35	72	284	248	133	177	212	37	53	109	51	82	217	280	128	## Tournée 17
198	121	52	68	11	85	164	143	19	247	65	266	15	290	272	81	25	169	261	33	14	229	141	209	## Tournée 18
204	107	184	220	158	48	58	97	298	205	83	147	170	173	179	114	67	115	136	6	29	89	157	238	## Tournée 19
296	88	98	176	203	262	149	2	117	130	54	148	59	142	227	34	134	103	30	214	104	## Tournée 20
211	77	49	127	12	119	84	44	275	47	300	235	167	123	56	193	256	135	140	265	175	## Tournée 21
215	42	26	223	3	120	279	224	129	230	260	63	225	100	237	243	145	278	## Tournée 22
288	73	159	132	270	168	102	163	292	91	45	253	201	231	78	183	69	## Tournée 23
194	207	105	200	244	131	## Tournée 24
108	116	165	## Tournée 25
