62336	## Somme des retards
20	## Temps CPU (millisecondes)
63	53	56	61	68	23	1	37	98	74	78	80	39	18	70	91	29	64	75	17	48	45	66	13	90	46	31	32	100	60	93	94	38	19	89	14	35	77	2	54	20	73	79	26	9	99	41	27	83	71	69	7	4	65	8	12	42	49	86	52	30	82	55	22	67	88	62	95	40	24	92	76	84	43	34	6	57	15	3	5	50	85	44	72	28	51	11	10	87	59	16	58	33	25	97	96	81	47	36	21	## Ordonnancement
14	## Nombre de tournées
1	2	3	3	7	6	9	8	9	11	13	13	11	4	## Nombre de sites par tournée
63	## Tournée 1
56	53	## Tournée 2
23	61	68	## Tournée 3
1	37	98	## Tournée 4
39	78	91	18	70	80	74	## Tournée 5
48	29	45	75	64	17	## Tournée 6
32	60	66	31	93	46	13	90	100	## Tournée 7
94	19	77	14	89	38	2	35	## Tournée 8
54	41	26	79	73	9	20	27	99	## Tournée 9
4	83	12	42	7	71	69	8	65	49	86	## Tournée 10
24	95	22	76	55	67	52	88	92	30	40	62	82	## Tournée 11
44	43	84	6	15	72	5	3	50	57	85	34	28	## Tournée 12
11	87	51	16	33	97	96	25	59	10	58	## Tournée 13
81	21	47	36	## Tournée 14
