58706	## Somme des retards
30	## Temps CPU (millisecondes)
49	19	71	97	52	72	63	29	96	67	7	35	100	81	42	43	83	88	18	66	92	4	64	1	13	57	16	89	93	15	77	38	8	76	94	14	37	60	84	65	50	79	91	45	33	58	44	41	78	85	2	32	31	46	61	47	28	55	54	69	95	36	74	82	40	10	27	98	6	62	86	25	80	21	12	68	39	53	9	24	99	26	73	34	23	22	75	51	70	48	87	5	11	20	17	59	56	3	90	30	## Ordonnancement
15	## Nombre de tournées
2	3	1	4	5	6	6	6	8	11	11	15	14	7	1	## Nombre de sites par tournée
19	49	## Tournée 1
52	97	71	## Tournée 2
72	## Tournée 3
29	67	63	96	## Tournée 4
100	42	81	7	35	## Tournée 5
43	92	66	18	83	88	## Tournée 6
64	1	13	16	57	4	## Tournée 7
15	89	8	93	77	38	## Tournée 8
94	84	37	14	60	76	65	50	## Tournée 9
41	85	58	91	32	79	33	44	2	78	45	## Tournée 10
95	28	31	54	61	46	47	69	36	74	55	## Tournée 11
27	6	80	25	86	10	82	53	98	12	39	62	21	40	68	## Tournée 12
22	87	70	99	23	26	75	5	73	51	48	34	9	24	## Tournée 13
56	17	59	20	90	11	3	## Tournée 14
30	## Tournée 15
