179415	## Somme des retards
360	## Temps CPU (millisecondes)
16	198	37	25	142	39	167	49	123	41	30	5	67	101	60	151	13	7	112	134	120	69	119	47	82	176	80	2	192	106	172	44	76	156	164	157	31	185	53	126	159	20	161	131	175	45	188	173	137	190	149	29	3	138	136	186	187	79	141	200	62	170	35	88	54	118	55	87	27	125	14	22	191	113	97	195	48	72	197	115	194	93	33	92	34	158	24	155	6	58	70	124	181	96	59	12	19	61	150	10	21	122	139	36	57	26	174	1	199	145	103	108	15	121	38	95	183	109	166	168	133	99	107	140	90	100	64	144	74	75	152	135	46	17	84	129	132	81	127	78	86	128	98	9	160	73	94	153	104	179	65	178	105	130	116	102	56	111	154	77	148	196	146	23	110	32	143	42	28	189	147	50	162	171	89	43	177	114	63	51	83	18	163	85	71	165	11	169	117	4	91	182	40	184	66	193	68	180	8	52	## Ordonnancement
22	## Nombre de tournées
2	2	1	4	3	4	4	5	7	8	7	11	12	11	12	15	15	19	17	17	15	9	## Nombre de sites par tournée
16	198	## Tournée 1
25	37	## Tournée 2
142	## Tournée 3
49	167	123	39	## Tournée 4
5	41	30	## Tournée 5
67	151	101	60	## Tournée 6
112	134	13	7	## Tournée 7
120	69	47	119	82	## Tournée 8
176	2	106	192	44	172	80	## Tournée 9
53	31	157	156	185	76	164	126	## Tournée 10
161	45	159	175	20	131	188	## Tournée 11
173	149	79	136	186	187	190	29	3	138	137	## Tournée 12
54	170	55	35	62	27	125	200	141	118	87	88	## Tournée 13
195	72	97	115	194	48	191	14	113	22	197	## Tournée 14
181	124	33	6	92	58	70	155	93	34	24	158	## Tournée 15
21	10	57	12	96	139	19	1	174	150	36	26	122	59	61	## Tournée 16
145	38	168	183	121	199	109	133	108	107	99	103	15	95	166	## Tournée 17
86	127	128	46	100	84	17	129	75	74	144	140	64	132	81	90	152	135	78	## Tournée 18
116	179	130	9	94	73	102	160	111	105	153	65	98	154	56	104	178	## Tournée 19
42	146	162	148	77	147	89	196	23	189	28	32	110	50	143	171	43	## Tournée 20
18	51	85	4	91	83	117	165	177	71	11	169	114	163	63	## Tournée 21
180	184	68	193	8	52	182	40	66	## Tournée 22
