136229	## Somme des retards
50	## Temps CPU (millisecondes)
55	49	122	35	148	128	103	91	89	25	3	40	142	43	121	129	115	66	144	26	36	102	140	10	69	137	13	119	37	118	62	39	71	12	65	20	27	74	110	50	47	93	78	11	95	53	106	109	72	105	113	44	7	28	112	42	126	125	68	127	64	143	99	133	2	5	1	29	15	33	116	94	81	70	51	14	141	131	32	54	52	134	111	57	4	61	24	45	97	124	150	21	130	59	146	17	96	132	88	149	145	9	100	34	8	6	108	19	85	73	86	75	60	139	18	30	38	136	104	123	22	147	80	83	107	48	76	90	135	67	120	98	46	82	138	114	56	101	87	41	77	84	23	117	79	16	63	58	92	31	## Ordonnancement
19	## Nombre de tournées
1	1	2	3	3	5	5	5	7	6	8	9	12	13	15	16	18	18	3	## Nombre de sites par tournée
55	## Tournée 1
49	## Tournée 2
35	122	## Tournée 3
128	148	103	## Tournée 4
91	25	89	## Tournée 5
142	40	121	43	3	## Tournée 6
144	129	26	66	115	## Tournée 7
10	36	69	102	140	## Tournée 8
37	13	119	118	62	137	39	## Tournée 9
74	12	20	65	71	27	## Tournée 10
78	53	11	50	95	110	47	93	## Tournée 11
112	7	44	28	106	113	109	72	105	## Tournée 12
126	99	143	127	1	42	133	125	5	68	64	2	## Tournée 13
33	70	29	32	116	141	14	81	131	94	51	15	54	## Tournée 14
146	24	61	111	4	134	150	97	124	45	59	52	130	57	21	## Tournée 15
132	86	19	85	88	145	9	8	34	96	149	100	108	17	73	6	## Tournée 16
22	107	90	18	123	135	104	83	60	136	38	76	30	75	147	80	139	48	## Tournée 17
120	114	16	67	87	117	23	84	56	63	46	101	98	41	82	79	77	138	## Tournée 18
58	31	92	## Tournée 19
