156805	## Somme des retards
360	## Temps CPU (millisecondes)
94	187	116	43	87	141	59	139	152	171	78	157	53	183	114	93	172	144	15	200	5	32	95	6	176	84	182	118	35	81	146	14	123	199	92	162	51	167	134	126	52	76	158	105	8	148	62	193	34	185	198	68	137	45	7	166	26	64	161	132	145	66	106	121	189	102	113	63	46	181	80	74	184	16	133	155	140	170	109	1	48	173	3	143	38	192	125	190	100	147	89	17	111	142	96	129	31	177	131	77	61	72	23	119	169	49	91	30	12	164	83	56	186	97	11	42	28	79	29	19	128	90	27	50	99	86	153	175	196	136	110	24	73	135	197	20	69	107	138	163	195	33	21	58	88	108	82	165	122	117	179	151	191	70	101	41	159	10	36	37	160	39	57	55	40	98	60	130	13	115	67	120	168	104	71	149	194	178	103	9	47	2	174	65	22	85	54	188	112	44	25	75	180	150	124	127	18	4	156	154	## Ordonnancement
22	## Nombre de tournées
1	2	2	2	2	3	5	3	7	7	10	12	12	13	16	18	17	24	19	15	9	1	## Nombre de sites par tournée
94	## Tournée 1
116	187	## Tournée 2
87	43	## Tournée 3
59	141	## Tournée 4
152	139	## Tournée 5
78	171	157	## Tournée 6
93	183	114	53	172	## Tournée 7
200	144	15	## Tournée 8
176	95	84	182	6	32	5	## Tournée 9
81	118	14	146	123	35	199	## Tournée 10
162	52	105	126	51	167	76	92	134	158	## Tournée 11
198	8	193	166	34	7	45	185	148	137	68	62	## Tournée 12
102	145	132	64	161	26	189	113	106	66	63	121	## Tournée 13
170	16	46	109	80	48	155	133	1	74	140	184	181	## Tournée 14
173	100	125	89	111	38	17	129	147	31	142	190	3	96	143	192	## Tournée 15
169	177	83	72	56	11	164	91	77	131	119	186	61	97	30	12	23	49	## Tournée 16
19	136	175	99	153	29	110	86	79	128	90	24	27	28	42	196	50	## Tournée 17
163	41	69	20	135	197	70	101	108	21	165	58	117	73	179	191	151	122	195	33	88	107	138	82	## Tournée 18
104	67	130	57	160	40	98	159	71	55	168	120	39	13	10	37	115	36	60	## Tournée 19
85	174	194	112	103	149	47	54	22	178	2	44	188	65	9	## Tournée 20
156	25	127	124	4	18	150	180	75	## Tournée 21
154	## Tournée 22
