224049	## Somme des retards
540	## Temps CPU (millisecondes)
274	104	126	196	124	22	51	13	223	168	199	50	230	254	182	99	151	43	262	282	75	105	123	287	187	153	226	293	264	278	190	37	251	292	106	277	209	41	252	156	23	208	109	80	136	98	178	85	300	227	177	155	127	122	137	161	154	176	3	141	78	112	276	128	88	205	139	229	224	289	11	164	134	107	158	49	33	228	204	218	8	159	157	144	68	142	63	220	288	221	180	61	201	10	12	87	26	165	4	9	163	259	149	57	212	77	170	83	231	94	215	130	59	5	171	211	92	36	256	18	30	191	27	210	234	2	84	250	271	70	147	167	194	169	297	160	74	35	174	55	193	239	25	44	263	232	40	54	162	103	185	31	294	89	58	119	60	121	198	21	249	146	295	117	111	90	270	45	97	286	219	188	217	42	281	53	213	96	69	189	268	241	233	82	91	296	34	38	125	237	255	257	28	115	195	216	143	298	299	140	203	62	64	266	245	184	172	138	202	120	15	114	66	235	52	267	1	101	113	279	283	225	133	265	132	207	46	148	243	175	197	102	258	291	269	150	236	20	192	173	116	100	81	247	166	118	290	76	222	29	135	86	152	95	79	183	248	129	73	72	108	275	145	186	39	32	214	280	56	206	93	200	242	272	19	179	24	244	181	14	48	273	7	238	285	71	6	246	47	110	67	253	16	131	65	17	284	260	240	261	## Ordonnancement
25	## Nombre de tournées
1	2	1	1	2	4	4	4	8	6	8	10	12	15	16	19	17	19	22	22	25	29	30	20	3	## Nombre de sites par tournée
274	## Tournée 1
126	104	## Tournée 2
196	## Tournée 3
124	## Tournée 4
22	51	## Tournée 5
168	199	223	13	## Tournée 6
182	254	50	230	## Tournée 7
99	151	43	262	## Tournée 8
75	153	287	187	123	226	282	105	## Tournée 9
37	293	251	190	278	264	## Tournée 10
277	106	41	209	23	252	292	156	## Tournée 11
227	98	208	109	80	177	178	85	300	136	## Tournée 12
137	276	155	127	141	112	122	3	78	161	154	176	## Tournée 13
228	205	11	128	229	49	33	289	164	107	88	134	139	224	158	## Tournée 14
204	157	218	220	159	288	63	10	201	8	61	221	144	142	180	68	## Tournée 15
57	163	130	9	212	165	83	59	259	170	231	215	4	87	94	26	12	77	149	## Tournée 16
234	30	210	18	191	171	2	36	92	250	271	211	27	5	84	256	70	## Tournée 17
297	239	54	44	162	74	263	35	25	147	169	40	232	167	193	194	160	174	55	## Tournée 18
31	295	286	60	270	89	45	58	21	198	90	97	219	146	121	185	117	294	103	119	249	111	## Tournée 19
53	188	233	96	255	82	189	281	268	69	28	38	42	213	34	91	257	241	296	125	237	217	## Tournée 20
184	66	143	62	202	15	52	245	64	298	114	101	267	203	216	115	235	138	299	195	1	172	120	140	266	## Tournée 21
102	197	283	81	192	207	20	166	290	148	46	243	225	100	150	265	269	175	291	247	118	173	113	279	116	132	258	236	133	## Tournée 22
248	186	145	135	129	95	200	242	56	76	72	272	206	222	19	39	179	79	280	93	275	24	183	32	152	73	86	29	214	108	## Tournée 23
131	71	14	253	67	7	17	246	238	16	110	48	284	6	181	244	65	273	285	47	## Tournée 24
240	261	260	## Tournée 25
