41377	## Somme des retards
200	## Temps CPU (millisecondes)
86	114	69	99	129	138	27	103	134	147	119	133	128	42	56	95	25	108	97	105	30	19	132	57	15	14	82	111	63	62	29	89	24	81	120	135	8	96	87	130	137	78	113	67	64	124	33	93	55	94	123	79	71	40	54	127	17	88	4	150	125	80	91	85	83	45	9	16	115	145	148	101	5	49	104	11	140	118	35	10	110	36	32	112	28	75	122	131	77	21	37	100	73	84	70	22	66	136	39	46	38	41	98	90	20	48	59	1	107	102	144	142	92	47	43	7	76	53	13	26	143	12	44	139	18	146	34	61	58	31	52	60	68	3	74	50	116	109	6	126	51	2	72	141	65	23	117	149	106	121	## Ordonnancement
20	## Nombre de tournées
2	1	2	1	3	2	4	4	4	10	9	11	13	16	13	19	15	12	6	3	## Nombre de sites par tournée
114	86	## Tournée 1
69	## Tournée 2
99	129	## Tournée 3
138	## Tournée 4
103	134	27	## Tournée 5
119	147	## Tournée 6
128	56	42	133	## Tournée 7
108	25	95	97	## Tournée 8
30	132	19	105	## Tournée 9
63	111	89	14	62	15	57	82	24	29	## Tournée 10
130	96	81	120	137	87	8	135	78	## Tournée 11
93	94	113	55	33	71	64	79	124	123	67	## Tournée 12
91	80	17	4	88	150	127	40	125	54	83	85	45	## Tournée 13
10	115	104	35	110	148	16	9	140	11	145	36	49	101	5	118	## Tournée 14
122	100	32	37	84	77	21	70	112	73	28	131	75	## Tournée 15
92	41	66	90	39	47	46	142	48	59	38	20	98	136	1	144	102	22	107	## Tournée 16
12	139	44	26	143	34	58	53	18	61	7	43	146	76	13	## Tournée 17
3	50	52	74	116	126	31	109	51	68	60	6	## Tournée 18
72	65	141	117	2	23	## Tournée 19
149	121	106	## Tournée 20
