37217	## Somme des retards
100	## Temps CPU (millisecondes)
115	5	52	76	138	16	48	79	132	142	82	143	32	10	78	20	29	150	70	147	21	105	118	13	58	69	3	101	85	4	107	86	54	43	26	22	129	55	33	117	77	111	53	56	65	38	139	126	34	30	83	125	44	39	27	62	97	89	19	114	93	37	66	42	130	102	110	121	28	49	123	128	95	104	87	145	144	137	24	149	133	11	140	45	96	98	6	119	75	36	8	72	100	103	35	57	17	122	31	113	40	64	109	148	134	94	88	106	127	68	120	1	112	81	41	12	60	59	124	25	73	67	63	46	116	18	146	131	2	47	84	51	108	23	7	15	135	61	14	9	50	71	80	90	136	91	74	92	99	141	## Ordonnancement
17	## Nombre de tournées
1	2	2	2	3	4	8	7	9	12	14	13	17	17	19	14	6	## Nombre de sites par tournée
115	## Tournée 1
52	5	## Tournée 2
76	138	## Tournée 3
16	48	## Tournée 4
142	79	132	## Tournée 5
32	82	10	143	## Tournée 6
29	70	20	21	105	150	147	78	## Tournée 7
85	13	3	118	58	101	69	## Tournée 8
55	26	86	107	43	22	4	129	54	## Tournée 9
38	56	139	65	34	126	33	117	30	111	77	53	## Tournée 10
125	19	83	42	97	27	93	37	114	44	39	89	66	62	## Tournée 11
95	144	130	28	104	110	121	145	49	128	102	123	87	## Tournée 12
137	103	72	75	45	140	149	119	11	98	6	24	96	100	8	133	36	## Tournée 13
127	57	64	120	35	122	94	40	88	134	106	109	68	148	31	113	17	## Tournée 14
41	81	67	47	60	112	146	12	18	46	73	59	116	2	131	25	63	124	1	## Tournée 15
7	51	23	9	80	15	14	108	135	84	90	61	50	71	## Tournée 16
136	91	74	92	141	99	## Tournée 17
