458354	## Somme des retards
710	## Temps CPU (millisecondes)
62	80	178	43	91	198	226	177	55	263	272	134	11	234	156	239	4	121	97	267	63	119	172	46	47	35	106	208	258	297	271	150	231	296	280	6	27	20	252	67	26	293	90	222	276	277	220	39	33	269	155	114	278	281	203	14	76	32	31	246	79	294	217	86	162	266	160	285	242	65	130	53	77	12	207	265	189	181	184	212	279	102	298	143	7	268	167	149	71	185	193	15	78	137	144	50	98	9	145	274	44	299	108	66	112	241	3	96	196	209	25	126	159	54	300	125	57	85	257	103	61	199	51	49	133	232	191	131	75	118	213	221	94	187	169	58	259	124	275	224	92	206	21	153	236	72	5	164	283	109	214	197	251	88	182	73	59	1	74	288	22	192	152	204	168	250	202	176	113	70	107	244	166	69	19	142	158	141	205	295	101	248	17	34	229	157	235	215	140	146	128	42	105	170	123	284	165	111	175	120	249	48	122	40	163	132	225	116	100	60	228	2	154	186	83	104	240	238	148	36	84	243	188	115	261	230	93	68	223	262	256	87	95	8	161	200	289	82	292	211	38	81	45	264	129	24	139	273	180	227	255	216	183	30	218	219	286	194	52	23	173	117	245	127	89	179	147	254	291	10	138	195	28	282	287	233	29	136	190	99	260	56	270	253	41	37	135	237	210	64	174	290	110	151	16	171	13	247	201	18	## Ordonnancement
28	## Nombre de tournées
1	1	3	1	3	2	2	3	3	4	5	6	9	7	12	13	16	14	18	20	19	20	24	27	26	22	16	3	## Nombre de sites par tournée
62	## Tournée 1
80	## Tournée 2
43	91	178	## Tournée 3
198	## Tournée 4
226	55	177	## Tournée 5
272	263	## Tournée 6
134	11	## Tournée 7
156	234	239	## Tournée 8
121	97	4	## Tournée 9
63	267	119	172	## Tournée 10
208	47	46	106	35	## Tournée 11
297	231	271	258	296	150	## Tournée 12
252	90	280	20	27	26	6	67	293	## Tournée 13
220	277	39	222	276	33	269	## Tournée 14
14	114	281	31	278	79	32	294	76	203	155	246	## Tournée 15
207	53	86	285	130	77	12	242	217	160	65	266	162	## Tournée 16
193	298	71	149	265	7	185	189	102	143	279	268	184	181	167	212	## Tournée 17
9	108	299	274	78	112	50	15	44	66	144	98	137	145	## Tournée 18
3	196	209	300	25	257	199	126	125	96	85	57	61	51	54	241	103	159	## Tournée 19
21	169	275	259	92	94	124	49	221	213	118	131	133	58	206	232	191	75	187	224	## Tournée 20
59	73	164	109	288	251	192	153	283	197	88	214	22	5	182	74	1	72	236	## Tournée 21
295	176	204	142	69	101	113	205	168	202	70	107	250	166	141	158	244	152	248	19	## Tournée 22
170	40	34	229	284	42	120	111	157	105	163	122	17	165	128	175	146	132	249	123	215	235	140	48	## Tournée 23
93	100	240	188	256	238	154	104	115	225	60	2	87	148	261	116	262	68	243	84	36	186	230	223	95	83	228	## Tournée 24
30	161	227	52	129	218	45	183	255	38	289	286	219	273	200	194	292	139	264	180	82	211	216	8	24	81	## Tournée 25
195	10	23	282	233	291	138	117	127	260	254	29	99	136	173	179	89	28	147	287	190	245	## Tournée 26
210	110	56	151	237	270	135	64	253	13	16	174	41	37	290	171	## Tournée 27
201	247	18	## Tournée 28
