36399	## Somme des retards
190	## Temps CPU (millisecondes)
73	54	4	148	131	7	138	46	77	94	72	55	121	39	137	37	88	29	66	105	52	112	90	17	136	147	92	133	41	64	113	119	1	103	144	120	102	76	110	84	81	9	28	67	91	33	58	83	69	57	6	129	49	93	5	48	31	106	124	125	111	145	143	75	134	142	16	56	104	3	149	32	13	86	63	123	10	115	80	26	14	22	130	20	70	139	126	43	100	65	140	71	89	30	98	60	15	62	36	11	34	97	109	45	42	68	21	116	135	25	87	117	74	79	53	82	107	18	150	19	59	2	35	38	8	128	122	23	114	51	50	132	141	99	47	95	127	78	146	108	96	12	24	101	44	85	40	61	118	27	## Ordonnancement
18	## Nombre de tournées
1	2	3	2	4	6	7	7	8	12	14	13	19	16	17	12	5	2	## Nombre de sites par tournée
73	## Tournée 1
4	54	## Tournée 2
148	131	7	## Tournée 3
46	138	## Tournée 4
72	55	77	94	## Tournée 5
39	88	37	121	137	29	## Tournée 6
17	66	52	112	136	90	105	## Tournée 7
147	41	119	133	64	113	92	## Tournée 8
144	103	102	120	84	76	1	110	## Tournée 9
28	67	81	33	57	6	69	83	129	91	9	58	## Tournée 10
75	143	48	142	5	125	31	111	106	49	134	93	124	145	## Tournée 11
13	115	56	16	123	80	63	3	149	10	104	32	86	## Tournée 12
71	89	126	98	60	14	130	65	43	140	26	139	22	20	30	100	70	62	15	## Tournée 13
68	42	25	36	117	135	45	21	87	74	116	11	109	79	34	97	## Tournée 14
51	35	38	150	107	122	8	23	18	50	2	59	114	53	128	19	82	## Tournée 15
146	108	47	127	96	78	141	12	24	99	132	95	## Tournée 16
101	85	44	61	40	## Tournée 17
27	118	## Tournée 18
