142503	## Somme des retards
140	## Temps CPU (millisecondes)
63	51	72	15	53	25	138	146	71	59	139	8	61	73	70	45	39	42	57	48	26	147	129	144	2	89	49	52	18	121	79	135	65	40	31	96	80	12	86	21	116	19	75	111	64	1	125	143	117	150	20	131	68	128	13	77	106	109	105	56	29	85	3	69	133	32	4	10	149	35	120	107	91	127	130	103	66	82	137	74	7	46	145	141	134	104	118	124	114	11	50	83	58	41	28	60	102	36	6	140	90	22	112	119	123	24	84	38	27	87	92	54	113	97	148	142	132	14	81	44	17	76	94	37	110	126	33	23	98	55	93	100	88	108	136	30	43	5	34	122	47	78	16	62	9	101	95	67	115	99	## Ordonnancement
22	## Nombre de tournées
1	1	1	1	3	1	2	3	2	4	5	6	7	8	10	10	14	15	18	19	14	5	## Nombre de sites par tournée
63	## Tournée 1
51	## Tournée 2
72	## Tournée 3
15	## Tournée 4
25	53	138	## Tournée 5
146	## Tournée 6
59	71	## Tournée 7
8	139	61	## Tournée 8
73	70	## Tournée 9
39	45	57	42	## Tournée 10
48	26	129	147	144	## Tournée 11
49	18	89	121	52	2	## Tournée 12
65	96	40	80	31	135	79	## Tournée 13
19	86	21	75	111	116	64	12	## Tournée 14
117	128	68	20	13	125	143	1	131	150	## Tournée 15
106	69	105	29	133	85	56	109	3	77	## Tournée 16
35	82	66	4	107	137	10	91	127	130	32	120	103	149	## Tournée 17
134	11	83	46	124	41	118	141	50	145	104	58	7	74	114	## Tournée 18
112	60	87	22	140	102	92	123	24	90	84	54	28	27	36	119	38	6	## Tournée 19
132	44	37	126	55	76	33	23	97	148	14	142	93	17	81	94	113	98	110	## Tournée 20
43	78	136	122	16	47	5	62	108	100	34	30	9	88	## Tournée 21
99	95	67	115	101	## Tournée 22
