154559	## Somme des retards
520	## Temps CPU (millisecondes)
84	190	168	131	26	31	146	101	193	21	23	185	109	195	138	77	150	6	127	175	41	62	49	37	18	2	144	133	1	121	48	167	8	9	114	98	166	28	180	108	169	157	92	197	79	159	97	151	147	93	53	107	78	91	80	88	81	34	96	173	14	171	123	105	74	152	113	83	176	85	182	130	99	66	118	198	33	38	187	191	90	82	27	194	104	142	12	7	145	120	116	46	155	76	56	128	50	24	179	115	36	196	188	5	58	47	184	54	200	15	111	117	103	132	87	51	39	141	135	124	170	44	143	10	126	65	106	162	160	125	119	153	136	29	177	55	172	94	158	72	122	25	32	22	40	165	86	95	189	11	16	75	192	69	52	59	68	45	89	199	110	4	30	134	178	67	3	17	13	163	129	137	156	174	102	61	112	57	164	20	60	139	64	63	43	161	73	70	181	140	186	100	19	154	42	35	71	149	148	183	## Ordonnancement
23	## Nombre de tournées
1	1	1	2	2	4	4	4	4	7	9	9	10	12	16	13	17	19	24	20	12	7	2	## Nombre de sites par tournée
84	## Tournée 1
190	## Tournée 2
168	## Tournée 3
26	131	## Tournée 4
31	146	## Tournée 5
193	23	21	101	## Tournée 6
185	138	195	109	## Tournée 7
127	150	6	77	## Tournée 8
49	41	175	62	## Tournée 9
144	121	1	18	37	133	2	## Tournée 10
8	167	48	180	28	9	166	114	98	## Tournée 11
97	151	92	157	159	79	197	108	169	## Tournée 12
147	78	80	81	91	88	53	93	107	34	## Tournée 13
96	83	14	85	176	105	171	123	74	152	173	113	## Tournée 14
142	182	33	90	198	27	38	66	118	130	187	104	99	82	194	191	## Tournée 15
12	145	50	56	155	7	128	76	116	179	120	46	24	## Tournée 16
5	58	103	54	188	15	87	111	36	196	117	47	200	132	184	115	51	## Tournée 17
39	136	125	143	126	153	162	65	10	44	141	29	170	135	106	119	160	124	177	## Tournée 18
52	172	95	59	189	45	68	32	89	11	158	165	69	94	40	22	16	55	25	122	86	75	72	192	## Tournée 19
17	57	61	4	67	129	164	137	3	110	156	102	174	199	178	13	30	112	163	134	## Tournée 20
161	63	186	64	60	140	139	20	70	181	73	43	## Tournée 21
71	42	100	19	154	35	149	## Tournée 22
183	148	## Tournée 23
