86345	## Somme des retards
60	## Temps CPU (millisecondes)
9	68	53	76	15	29	86	1	57	26	24	14	97	74	87	83	72	19	96	67	78	75	95	65	81	66	30	71	50	44	56	23	45	94	80	10	100	77	61	60	89	59	58	69	62	17	63	4	43	11	84	40	99	8	49	82	27	32	64	21	22	73	48	28	98	6	20	31	91	39	18	7	36	85	12	38	88	37	90	13	70	54	16	46	35	34	79	55	41	51	5	33	42	3	52	92	47	93	2	25	## Ordonnancement
18	## Nombre de tournées
1	1	1	1	2	4	3	3	6	6	7	6	9	13	11	12	11	3	## Nombre de sites par tournée
9	## Tournée 1
68	## Tournée 2
53	## Tournée 3
76	## Tournée 4
29	15	## Tournée 5
57	86	26	1	## Tournée 6
97	14	24	## Tournée 7
87	74	83	## Tournée 8
67	19	96	75	78	72	## Tournée 9
71	95	81	65	66	30	## Tournée 10
56	45	23	50	80	94	44	## Tournée 11
89	77	60	10	61	100	## Tournée 12
11	43	17	62	63	4	58	69	59	## Tournée 13
27	84	32	64	22	49	99	73	82	40	21	8	48	## Tournée 14
28	6	31	91	98	18	36	39	7	20	85	## Tournée 15
34	88	90	38	16	54	46	35	13	12	70	37	## Tournée 16
41	79	55	47	3	52	5	33	42	92	51	## Tournée 17
2	93	25	## Tournée 18
