45603	## Somme des retards
60	## Temps CPU (millisecondes)
27	95	60	89	5	1	73	62	92	30	99	67	33	76	32	24	19	14	44	36	52	81	79	56	71	86	65	98	10	53	43	66	57	84	20	46	85	94	54	88	96	41	70	74	55	47	48	100	75	8	16	11	82	72	23	21	6	45	4	2	7	34	49	63	90	22	91	15	9	77	29	93	3	83	17	42	64	78	38	39	58	28	59	97	61	13	35	37	51	12	26	69	68	18	25	80	40	31	50	87	## Ordonnancement
16	## Nombre de tournées
1	2	2	1	2	3	4	8	7	7	8	12	12	12	12	7	## Nombre de sites par tournée
27	## Tournée 1
60	95	## Tournée 2
89	5	## Tournée 3
1	## Tournée 4
73	62	## Tournée 5
99	30	92	## Tournée 6
76	32	67	33	## Tournée 7
52	36	19	44	79	14	24	81	## Tournée 8
98	65	53	56	71	10	86	## Tournée 9
66	84	20	46	85	57	43	## Tournée 10
94	88	41	55	54	96	70	74	## Tournée 11
75	8	16	47	11	48	21	6	100	82	72	23	## Tournée 12
34	4	15	49	63	91	45	90	22	2	7	9	## Tournée 13
17	93	78	77	42	3	39	38	58	83	64	29	## Tournée 14
69	51	12	28	26	61	68	13	97	37	59	35	## Tournée 15
80	31	18	50	87	25	40	## Tournée 16
