108411	## Somme des retards
190	## Temps CPU (millisecondes)
64	86	34	20	113	23	99	100	43	109	95	135	40	25	17	85	91	90	101	42	57	107	144	129	114	111	52	87	93	141	119	124	136	145	21	3	102	32	56	46	50	22	63	29	83	123	55	7	72	82	15	28	80	137	84	13	116	108	97	1	48	12	69	36	126	26	122	53	120	8	106	103	139	125	149	142	19	96	73	92	76	11	77	74	38	58	31	59	121	147	18	6	133	41	51	81	134	45	71	88	130	98	62	30	112	35	67	54	94	14	89	143	140	138	78	60	39	4	24	5	66	118	105	70	148	68	10	110	47	127	61	131	104	115	146	2	33	75	37	117	49	150	132	65	79	16	9	27	128	44	## Ordonnancement
21	## Nombre de tournées
1	2	2	2	2	1	4	3	4	6	5	6	11	10	12	16	18	15	19	9	2	## Nombre de sites par tournée
64	## Tournée 1
34	86	## Tournée 2
20	113	## Tournée 3
99	23	## Tournée 4
43	100	## Tournée 5
109	## Tournée 6
40	135	95	25	## Tournée 7
85	17	91	## Tournée 8
42	90	57	101	## Tournée 9
111	144	107	114	129	52	## Tournée 10
141	124	87	93	119	## Tournée 11
21	145	136	102	3	32	## Tournée 12
46	50	83	55	63	29	22	123	56	72	7	## Tournée 13
28	13	82	116	97	80	108	84	15	137	## Tournée 14
69	12	120	36	53	26	8	106	1	126	48	122	## Tournée 15
19	142	76	77	125	38	73	31	149	92	103	74	11	96	58	139	## Tournée 16
51	147	45	62	59	134	41	130	121	133	112	6	98	30	88	71	18	81	## Tournée 17
14	4	78	140	94	89	60	138	67	143	35	39	5	54	24	## Tournée 18
146	61	70	47	131	2	148	37	104	105	127	118	66	10	68	110	33	75	115	## Tournée 19
49	27	16	150	79	9	117	132	65	## Tournée 20
128	44	## Tournée 21
