58875	## Somme des retards
50	## Temps CPU (millisecondes)
40	5	32	17	26	81	21	63	10	76	39	7	83	54	15	37	6	55	27	12	58	31	2	13	28	71	3	30	16	85	96	51	70	35	46	62	34	93	49	92	8	36	67	95	45	52	59	65	18	41	74	84	9	89	47	88	61	33	94	69	11	38	43	14	82	99	56	4	23	98	91	64	1	97	77	48	60	22	24	50	19	79	87	68	57	80	53	20	100	44	75	72	66	90	42	86	73	25	78	29	## Ordonnancement
15	## Nombre de tournées
2	2	2	3	2	4	5	8	8	10	12	12	14	11	5	## Nombre de sites par tournée
40	5	## Tournée 1
17	32	## Tournée 2
81	26	## Tournée 3
21	63	10	## Tournée 4
39	76	## Tournée 5
15	7	54	83	## Tournée 6
37	27	6	12	55	## Tournée 7
31	28	30	2	3	58	71	13	## Tournée 8
51	35	46	16	62	85	70	96	## Tournée 9
52	67	34	36	95	45	93	92	49	8	## Tournée 10
65	61	18	41	47	59	88	89	84	33	74	9	## Tournée 11
23	82	14	11	43	38	98	94	56	4	69	99	## Tournée 12
64	24	97	22	79	50	87	48	91	60	77	19	1	68	## Tournée 13
66	80	44	53	20	75	100	57	42	72	90	## Tournée 14
78	25	73	86	29	## Tournée 15
