232746	## Somme des retards
120	## Temps CPU (millisecondes)
46	27	35	43	91	107	34	167	36	189	148	69	18	15	146	81	92	90	77	178	98	200	97	117	11	24	78	73	42	196	176	40	26	67	156	151	104	6	175	120	122	121	14	20	53	101	119	159	86	106	22	70	4	187	153	136	13	168	93	102	99	103	157	28	131	50	191	171	68	66	79	116	150	143	197	30	47	154	137	61	45	16	8	105	94	162	64	44	2	100	145	19	10	57	183	72	37	166	134	155	133	163	125	114	96	192	41	193	55	12	177	39	9	135	160	59	141	132	71	129	95	195	54	75	112	127	7	23	109	89	52	76	17	179	65	31	84	32	161	194	165	186	128	144	158	113	180	51	82	164	173	140	118	172	169	111	87	130	74	62	85	48	126	170	184	142	149	1	21	56	174	123	29	182	33	138	199	147	3	63	25	124	38	5	83	110	58	185	88	80	139	181	188	152	198	49	190	115	108	60	## Ordonnancement
23	## Nombre de tournées
1	2	1	1	2	2	4	2	8	6	6	8	10	11	11	13	17	16	17	22	22	17	1	## Nombre de sites par tournée
46	## Tournée 1
27	35	## Tournée 2
43	## Tournée 3
91	## Tournée 4
107	34	## Tournée 5
167	36	## Tournée 6
189	148	18	69	## Tournée 7
15	146	## Tournée 8
90	178	98	97	92	81	77	200	## Tournée 9
73	42	11	117	78	24	## Tournée 10
156	26	67	176	40	196	## Tournée 11
151	121	6	175	104	120	14	122	## Tournée 12
4	159	22	86	20	101	70	53	106	119	## Tournée 13
157	93	168	28	136	153	13	102	103	187	99	## Tournée 14
68	171	143	66	150	79	116	197	191	131	50	## Tournée 15
44	61	154	47	64	16	8	45	162	137	105	30	94	## Tournée 16
100	163	19	37	155	72	57	166	133	114	10	134	183	96	145	2	125	## Tournée 17
12	192	95	177	135	39	132	41	160	71	59	129	141	55	9	193	## Tournée 18
23	89	17	112	179	76	32	31	7	75	195	65	109	54	127	84	52	## Tournée 19
194	164	161	172	140	118	144	82	173	74	165	128	87	169	51	130	180	186	111	158	113	62	## Tournée 20
25	3	56	126	123	199	174	33	48	124	147	182	29	138	142	184	149	63	170	1	85	21	## Tournée 21
38	5	152	110	115	58	108	190	185	49	181	88	83	188	80	139	198	## Tournée 22
60	## Tournée 23
