48083	## Somme des retards
60	## Temps CPU (millisecondes)
27	60	95	5	73	89	1	99	67	30	62	92	33	76	32	79	52	36	44	19	24	81	53	56	85	86	14	71	10	65	20	43	57	66	84	46	98	74	96	55	70	41	54	94	47	48	88	8	100	11	75	82	16	23	21	6	45	77	22	63	42	7	83	49	15	72	91	9	4	93	17	64	78	38	58	34	39	37	29	59	26	97	61	18	90	2	3	25	51	68	28	12	35	69	31	13	87	80	40	50	## Ordonnancement
18	## Nombre de tournées
1	1	1	1	1	2	1	4	3	7	8	7	7	13	11	11	15	6	## Nombre de sites par tournée
27	## Tournée 1
60	## Tournée 2
95	## Tournée 3
5	## Tournée 4
73	## Tournée 5
1	89	## Tournée 6
99	## Tournée 7
67	92	62	30	## Tournée 8
76	32	33	## Tournée 9
52	36	19	44	79	24	81	## Tournée 10
65	53	56	71	10	86	14	85	## Tournée 11
98	66	84	20	46	57	43	## Tournée 12
94	41	55	54	96	70	74	## Tournée 13
88	75	16	8	47	45	48	11	21	6	100	82	23	## Tournée 14
63	91	77	42	9	72	49	15	22	83	7	## Tournée 15
34	4	17	93	78	58	39	37	38	64	29	## Tournée 16
69	51	90	12	28	26	61	25	68	2	3	18	97	59	35	## Tournée 17
80	31	50	13	87	40	## Tournée 18
