152502	## Somme des retards
460	## Temps CPU (millisecondes)
156	37	41	66	111	5	3	91	95	179	181	102	148	187	169	68	132	142	54	188	38	27	77	149	170	178	88	71	105	104	92	127	81	125	76	199	193	58	192	200	90	165	134	109	114	11	194	182	22	97	6	172	198	112	12	122	4	124	72	59	36	79	180	57	176	55	168	151	14	120	49	30	80	39	93	99	75	161	146	106	185	67	128	25	2	48	28	110	139	84	44	24	141	183	171	138	166	62	1	89	42	31	115	189	34	184	175	145	16	191	53	70	63	35	10	118	96	158	61	23	7	130	167	85	73	195	137	147	121	108	131	69	154	78	101	140	196	8	15	190	9	123	52	21	26	94	17	144	40	117	82	51	64	103	46	33	43	32	163	174	13	74	159	143	136	86	19	119	116	133	153	157	29	100	162	173	113	50	135	98	20	129	197	18	56	164	155	177	60	107	186	160	47	83	45	65	126	87	150	152	## Ordonnancement
21	## Nombre de tournées
2	1	3	1	4	5	6	7	7	8	14	12	14	16	17	18	22	17	17	8	1	## Nombre de sites par tournée
156	37	## Tournée 1
41	## Tournée 2
66	5	111	## Tournée 3
3	## Tournée 4
181	95	179	91	## Tournée 5
102	68	169	187	148	## Tournée 6
54	132	27	38	188	142	## Tournée 7
77	88	71	105	178	170	149	## Tournée 8
199	92	125	104	81	76	127	## Tournée 9
193	200	90	165	192	134	109	58	## Tournée 10
97	12	114	22	124	6	4	194	172	182	198	122	112	11	## Tournée 11
36	55	72	57	151	176	180	79	14	120	168	59	## Tournée 12
106	146	30	25	128	93	67	80	185	75	99	161	49	39	## Tournée 13
24	183	84	28	44	171	1	2	89	110	138	141	166	139	62	48	## Tournée 14
175	16	42	10	31	70	191	118	189	115	35	145	184	63	96	34	53	## Tournée 15
154	61	167	23	130	121	195	85	101	69	147	7	73	131	137	158	108	78	## Tournée 16
82	64	190	33	17	103	15	94	9	21	8	196	52	46	144	140	123	43	117	40	51	26	## Tournée 17
13	74	163	136	174	119	29	100	159	32	153	143	19	116	133	157	86	## Tournée 18
129	135	56	162	60	197	113	50	164	155	177	98	186	107	20	18	173	## Tournée 19
47	83	160	65	87	126	150	45	## Tournée 20
152	## Tournée 21
