83059	## Somme des retards
30	## Temps CPU (millisecondes)
57	24	92	76	23	19	15	27	61	66	75	11	31	83	77	90	84	2	9	6	34	82	12	71	99	68	22	14	54	36	67	95	42	91	18	35	64	96	97	40	63	58	88	55	85	7	26	93	4	52	56	21	89	45	53	100	46	81	17	73	50	80	87	1	10	62	78	3	20	65	86	29	32	38	94	72	60	51	39	47	43	33	41	79	28	37	59	44	49	69	70	30	48	98	25	16	8	13	74	5	## Ordonnancement
17	## Nombre de tournées
1	1	1	2	1	3	3	5	6	7	9	6	9	11	11	14	10	## Nombre de sites par tournée
57	## Tournée 1
24	## Tournée 2
92	## Tournée 3
23	76	## Tournée 4
19	## Tournée 5
15	27	61	## Tournée 6
66	75	11	## Tournée 7
77	83	31	84	90	## Tournée 8
82	34	2	9	6	12	## Tournée 9
68	22	36	54	99	71	14	## Tournée 10
97	96	42	67	91	95	35	64	18	## Tournée 11
58	40	63	88	55	85	## Tournée 12
21	89	56	93	7	26	4	45	52	## Tournée 13
10	80	100	73	50	87	81	53	1	17	46	## Tournée 14
65	62	3	86	72	78	29	20	38	94	32	## Tournée 15
43	59	37	69	41	47	51	79	28	33	39	44	60	49	## Tournée 16
98	70	16	25	5	13	74	30	8	48	## Tournée 17
