158486	## Somme des retards
550	## Temps CPU (millisecondes)
156	37	41	66	111	5	3	181	102	95	179	91	68	38	188	187	148	169	132	142	54	27	105	71	77	170	178	88	125	149	104	127	92	192	81	76	199	200	22	90	11	193	165	134	109	124	12	172	97	194	180	182	6	114	112	122	198	55	4	59	57	93	161	58	80	79	176	36	151	14	120	146	72	67	39	75	185	99	168	25	30	48	128	49	2	166	42	62	84	110	139	44	189	24	171	106	138	141	31	115	16	53	145	34	184	175	191	183	28	1	35	101	118	96	89	140	10	121	137	167	85	195	147	130	108	7	69	70	23	63	61	154	158	43	103	51	117	40	131	52	21	73	26	94	123	144	9	190	82	153	15	46	196	64	78	100	8	32	163	174	19	13	74	159	143	136	119	17	116	133	157	29	33	186	107	60	152	98	45	129	197	135	56	155	177	173	162	150	87	86	18	20	65	126	164	50	47	113	83	160	## Ordonnancement
20	## Nombre de tournées
3	3	2	5	5	5	7	7	8	12	15	13	14	16	18	22	18	14	10	3	## Nombre de sites par tournée
41	156	37	## Tournée 1
66	5	111	## Tournée 2
181	3	## Tournée 3
102	68	95	179	91	## Tournée 4
187	169	38	188	148	## Tournée 5
54	132	27	105	142	## Tournée 6
77	88	71	125	170	149	178	## Tournée 7
199	92	127	76	81	192	104	## Tournée 8
193	200	90	165	134	11	109	22	## Tournée 9
97	12	114	124	6	172	194	112	180	182	198	122	## Tournée 10
36	55	57	93	14	80	4	58	151	176	79	120	146	59	161	## Tournée 11
72	67	30	25	128	168	99	185	75	2	48	49	39	## Tournée 12
24	106	84	31	139	141	166	42	62	138	110	44	171	189	## Tournée 13
175	183	16	53	34	96	101	89	184	1	145	118	35	115	191	28	## Tournée 14
154	61	167	23	10	130	121	63	195	85	69	147	7	140	137	70	158	108	## Tournée 15
82	64	190	15	94	9	103	21	196	52	46	144	78	73	153	131	123	43	117	40	51	26	## Tournée 16
13	74	33	17	100	8	163	136	174	119	29	159	32	143	19	116	133	157	## Tournée 17
129	135	56	162	60	197	155	152	177	98	186	107	45	173	## Tournée 18
47	65	164	50	87	126	150	86	20	18	## Tournée 19
83	160	113	## Tournée 20
