207412	## Somme des retards
280	## Temps CPU (millisecondes)
193	10	95	4	64	28	163	128	94	175	104	125	67	90	180	198	103	121	149	96	192	87	126	20	7	184	115	77	140	189	179	80	105	112	120	143	111	174	42	69	190	54	156	70	152	17	162	170	72	159	161	76	83	59	55	41	186	178	129	51	151	157	24	12	49	185	169	98	124	147	131	38	85	18	142	9	29	27	93	68	117	171	200	15	133	53	191	123	33	155	196	16	167	181	145	46	168	134	36	21	110	65	35	66	187	71	100	166	74	138	182	92	19	165	37	2	78	3	52	56	106	57	153	173	97	132	113	25	81	136	150	8	172	176	119	45	26	199	101	118	32	148	86	43	158	183	73	14	30	1	137	34	48	107	188	39	114	50	102	99	5	84	61	6	116	31	62	82	164	44	13	23	177	135	139	141	40	154	75	47	146	58	195	22	11	160	91	60	194	122	79	63	130	109	144	89	127	197	108	88	## Ordonnancement
25	## Nombre de tournées
1	1	1	1	1	2	2	2	3	3	6	7	6	10	10	11	12	14	18	20	18	19	21	10	1	## Nombre de sites par tournée
193	## Tournée 1
10	## Tournée 2
95	## Tournée 3
4	## Tournée 4
64	## Tournée 5
163	28	## Tournée 6
94	128	## Tournée 7
104	175	## Tournée 8
67	125	90	## Tournée 9
198	180	103	## Tournée 10
126	149	87	96	192	121	## Tournée 11
7	184	77	20	140	115	189	## Tournée 12
80	120	143	179	112	105	## Tournée 13
17	111	70	54	174	152	156	42	190	69	## Tournée 14
161	72	41	59	170	76	83	159	162	55	## Tournée 15
49	129	169	151	186	185	12	178	51	157	24	## Tournée 16
18	29	124	93	38	85	147	131	142	27	98	9	## Tournée 17
16	123	167	196	117	155	200	171	191	133	33	68	15	53	## Tournée 18
182	166	36	46	110	35	181	168	65	21	100	187	71	145	74	138	66	134	## Tournée 19
153	165	37	81	113	52	97	106	25	132	136	56	19	3	173	150	92	2	57	78	## Tournée 20
26	32	199	172	183	73	43	118	8	45	148	86	14	158	176	30	101	119	## Tournée 21
188	48	107	82	31	39	84	6	99	5	1	34	102	62	137	116	50	114	61	## Tournée 22
58	154	44	47	91	135	13	11	194	75	40	23	177	141	160	22	60	139	164	195	146	## Tournée 23
108	89	144	130	127	109	63	122	197	79	## Tournée 24
88	## Tournée 25
