190698	## Somme des retards
520	## Temps CPU (millisecondes)
161	100	169	115	99	11	102	166	2	51	152	19	22	45	122	8	189	132	67	4	65	83	29	44	142	69	38	77	185	42	49	103	197	70	21	138	151	10	3	39	27	182	141	94	105	143	75	130	118	165	167	199	172	82	200	127	148	89	131	36	53	109	93	193	181	162	191	78	12	63	171	179	106	107	139	111	87	76	126	17	150	180	198	54	6	30	71	68	80	9	140	133	91	88	174	145	146	129	90	116	37	124	186	190	61	147	40	183	134	170	175	57	24	79	154	178	137	64	173	47	121	50	20	120	135	13	28	25	114	158	160	156	74	52	85	192	18	31	123	46	113	163	104	56	110	177	98	84	32	23	33	1	15	159	62	95	164	92	55	43	48	117	35	194	16	81	125	144	196	195	34	97	157	96	112	66	108	73	26	5	187	153	41	176	136	168	58	188	60	14	7	149	119	101	155	86	59	184	128	72	## Ordonnancement
23	## Nombre de tournées
1	1	1	1	3	3	4	4	6	5	7	9	10	11	14	18	14	23	19	20	16	8	2	## Nombre de sites par tournée
161	## Tournée 1
100	## Tournée 2
169	## Tournée 3
115	## Tournée 4
99	102	11	## Tournée 5
51	2	166	## Tournée 6
45	152	22	19	## Tournée 7
122	132	189	8	## Tournée 8
44	29	83	67	4	65	## Tournée 9
69	38	142	185	77	## Tournée 10
70	49	21	138	42	103	197	## Tournée 11
10	151	3	39	141	105	182	94	27	## Tournée 12
75	130	172	82	199	143	165	167	200	118	## Tournée 13
181	162	127	36	89	148	109	193	93	131	53	## Tournée 14
171	87	78	107	12	111	179	139	106	63	17	191	76	126	## Tournée 15
80	146	71	180	9	129	30	198	91	6	54	150	174	88	68	133	140	145	## Tournée 16
170	57	147	186	90	175	190	61	183	116	134	40	124	37	## Tournée 17
13	154	85	79	178	20	24	50	74	114	28	47	121	135	173	25	158	120	156	160	137	64	52	## Tournée 18
159	33	18	98	163	113	177	110	1	46	31	15	84	56	192	32	23	104	123	## Tournée 19
48	55	117	125	34	144	164	81	95	195	35	62	196	92	16	43	194	96	97	157	## Tournée 20
136	112	73	108	168	176	41	60	153	26	187	66	188	14	5	58	## Tournée 21
86	155	184	59	101	149	7	119	## Tournée 22
72	128	## Tournée 23
