127443	## Somme des retards
120	## Temps CPU (millisecondes)
46	24	7	33	50	126	111	34	133	122	52	4	3	37	18	100	28	43	57	25	121	132	84	144	44	95	36	42	23	118	113	129	35	127	104	99	101	66	27	143	29	56	10	131	21	76	142	51	137	105	30	62	88	147	45	69	82	14	13	116	17	71	89	38	75	93	106	98	117	136	120	80	112	6	68	59	63	39	90	74	2	138	58	123	96	92	150	26	60	67	114	72	128	12	78	91	65	124	70	102	149	119	5	86	20	77	87	103	85	109	94	145	79	22	64	130	48	61	140	41	81	47	1	55	15	108	49	141	11	146	32	135	54	97	115	31	139	107	16	148	8	134	125	83	19	53	9	73	110	40	## Ordonnancement
22	## Nombre de tournées
2	1	1	1	1	1	1	3	3	5	4	5	8	7	10	13	13	16	17	18	19	1	## Nombre de sites par tournée
24	46	## Tournée 1
7	## Tournée 2
33	## Tournée 3
50	## Tournée 4
126	## Tournée 5
111	## Tournée 6
34	## Tournée 7
133	122	52	## Tournée 8
3	4	37	## Tournée 9
100	57	28	18	43	## Tournée 10
132	25	121	84	## Tournée 11
36	42	144	44	95	## Tournée 12
104	113	99	23	127	129	35	118	## Tournée 13
27	29	101	10	56	66	143	## Tournée 14
105	62	88	76	51	131	21	137	142	30	## Tournée 15
45	38	82	14	89	71	13	69	75	17	93	147	116	## Tournée 16
6	68	117	98	90	120	80	39	112	106	136	63	59	## Tournée 17
58	114	72	2	138	12	74	26	96	150	128	60	67	78	92	123	## Tournée 18
109	85	70	119	77	145	149	124	86	87	65	20	103	102	94	5	91	## Tournée 19
81	11	55	48	79	22	41	15	108	49	1	61	146	64	47	130	140	141	## Tournée 20
135	16	54	32	73	134	97	125	148	9	8	115	139	19	31	53	107	83	110	## Tournée 21
40	## Tournée 22
