186121	## Somme des retards
140	## Temps CPU (millisecondes)
114	145	30	2	129	72	81	94	105	48	24	126	116	144	35	149	113	45	6	136	86	57	119	21	63	5	32	103	31	13	22	20	69	85	106	87	102	10	120	41	78	150	93	66	147	26	107	36	47	19	44	60	52	54	37	67	97	46	75	4	61	133	50	23	128	122	108	96	89	109	58	68	38	101	146	104	98	33	14	123	132	29	83	111	117	56	55	90	7	53	140	28	118	127	135	125	99	138	1	40	82	91	70	84	74	137	18	73	142	49	110	139	80	76	88	3	17	11	141	148	95	121	12	43	34	27	9	79	65	92	59	115	77	8	131	16	134	15	100	25	71	39	130	143	64	124	112	62	51	42	## Ordonnancement
23	## Nombre de tournées
1	1	1	1	1	2	2	3	4	5	4	5	7	9	8	13	12	11	15	18	16	9	2	## Nombre de sites par tournée
114	## Tournée 1
145	## Tournée 2
30	## Tournée 3
2	## Tournée 4
129	## Tournée 5
81	72	## Tournée 6
94	105	## Tournée 7
24	48	126	## Tournée 8
35	116	144	149	## Tournée 9
6	86	45	136	113	## Tournée 10
119	57	21	63	## Tournée 11
31	13	32	5	103	## Tournée 12
85	106	20	87	102	69	22	## Tournée 13
66	120	41	147	93	150	78	10	26	## Tournée 14
52	60	107	47	44	54	36	19	## Tournée 15
108	122	75	128	133	37	61	67	46	50	97	23	4	## Tournée 16
68	101	38	58	146	98	33	104	109	96	14	89	## Tournée 17
111	83	117	7	55	53	123	56	29	90	132	## Tournée 18
125	140	74	135	99	127	40	1	28	91	70	118	138	82	84	## Tournée 19
137	73	12	49	95	80	142	148	121	141	76	11	17	110	139	88	3	18	## Tournée 20
134	79	9	59	131	27	100	8	65	16	15	43	34	115	92	77	## Tournée 21
71	25	124	130	64	39	143	112	62	## Tournée 22
42	51	## Tournée 23
