218188	## Somme des retards
320	## Temps CPU (millisecondes)
143	68	185	10	173	49	94	73	20	13	162	26	7	74	147	132	77	85	141	30	167	80	113	194	137	107	123	101	88	57	61	198	39	128	168	154	65	64	56	33	183	51	91	129	134	151	163	89	17	172	46	78	75	184	90	58	197	8	188	5	71	29	93	53	165	15	166	31	117	120	104	24	191	115	84	3	2	41	171	199	63	139	69	196	181	23	195	140	50	174	186	189	105	1	86	119	62	122	11	136	148	153	144	169	22	47	145	42	190	116	67	48	4	108	135	18	54	125	102	76	177	179	12	16	70	146	142	72	152	100	95	38	98	118	82	6	83	45	81	130	55	175	27	34	59	160	14	121	159	192	19	52	182	28	150	32	111	97	131	126	127	124	176	36	92	87	112	37	164	79	170	103	110	149	109	158	9	187	161	96	25	157	193	200	99	114	66	35	178	43	60	155	133	180	138	21	44	156	106	40	## Ordonnancement
21	## Nombre de tournées
1	2	2	4	4	6	4	7	6	10	8	11	14	14	17	16	21	20	20	11	2	## Nombre de sites par tournée
143	## Tournée 1
185	68	## Tournée 2
10	173	## Tournée 3
73	49	94	20	## Tournée 4
7	13	26	162	## Tournée 5
74	132	141	147	85	77	## Tournée 6
167	80	113	30	## Tournée 7
137	101	107	123	57	88	194	## Tournée 8
168	39	61	154	198	128	## Tournée 9
56	64	51	65	151	134	183	91	33	129	## Tournée 10
184	46	172	75	89	163	17	78	## Tournée 11
29	188	197	5	90	93	53	71	8	58	165	## Tournée 12
191	117	171	104	84	2	166	115	3	120	41	31	24	15	## Tournée 13
199	181	63	140	50	105	23	196	69	186	139	195	189	174	## Tournée 14
1	169	136	22	116	47	190	119	148	42	145	62	144	86	122	153	11	## Tournée 15
125	102	135	70	76	12	108	48	179	54	67	4	177	16	18	146	## Tournée 16
38	34	72	98	118	59	83	82	100	81	130	175	160	152	55	6	142	27	95	14	45	## Tournée 17
124	127	112	182	28	131	111	97	176	19	32	192	87	92	52	36	121	159	150	126	## Tournée 18
99	157	37	110	79	158	164	187	66	161	170	149	25	9	96	193	103	114	200	109	## Tournée 19
60	155	156	180	21	178	35	133	44	43	138	## Tournée 20
106	40	## Tournée 21
