74497	## Somme des retards
130	## Temps CPU (millisecondes)
72	34	35	7	94	17	76	74	30	68	43	62	9	93	20	23	48	71	77	55	11	37	97	39	27	84	98	28	3	53	96	45	82	31	85	13	81	1	79	86	87	51	64	40	90	80	4	24	22	33	91	36	15	73	50	52	57	12	10	92	32	2	83	19	75	49	66	60	42	88	29	44	95	69	59	18	61	46	67	47	38	14	54	89	8	58	65	25	100	70	41	16	6	21	5	56	78	63	26	99	## Ordonnancement
19	## Nombre de tournées
1	1	1	1	2	1	3	3	4	7	9	7	10	11	14	12	7	4	2	## Nombre de sites par tournée
72	## Tournée 1
34	## Tournée 2
35	## Tournée 3
7	## Tournée 4
17	94	## Tournée 5
76	## Tournée 6
68	30	74	## Tournée 7
9	43	62	## Tournée 8
23	93	48	20	## Tournée 9
55	39	71	77	37	97	11	## Tournée 10
82	28	84	45	96	98	53	27	3	## Tournée 11
86	85	79	81	31	1	13	## Tournée 12
4	87	40	33	80	22	90	24	51	64	## Tournée 13
92	15	73	32	57	52	10	12	50	91	36	## Tournée 14
83	59	19	66	44	88	29	69	75	60	49	2	42	95	## Tournée 15
54	61	67	18	14	65	47	89	8	38	46	58	## Tournée 16
100	6	21	70	25	41	16	## Tournée 17
56	78	5	63	## Tournée 18
99	26	## Tournée 19
