68916	## Somme des retards
40	## Temps CPU (millisecondes)
91	66	22	37	75	28	64	76	62	15	70	13	65	83	16	49	40	87	43	8	63	1	59	71	92	69	50	21	94	58	72	98	86	53	7	60	97	9	95	96	78	48	67	85	44	89	56	45	14	4	68	90	46	29	30	47	38	54	12	100	41	80	3	6	42	51	27	33	23	31	11	26	84	25	17	20	36	74	61	2	55	81	79	73	10	39	88	19	99	77	57	34	32	35	5	52	82	24	18	93	## Ordonnancement
16	## Nombre de tournées
2	1	2	2	2	4	4	6	6	7	9	10	15	14	15	1	## Nombre de sites par tournée
66	91	## Tournée 1
22	## Tournée 2
75	37	## Tournée 3
28	64	## Tournée 4
76	62	## Tournée 5
65	70	13	15	## Tournée 6
16	49	40	83	## Tournée 7
63	1	8	43	87	59	## Tournée 8
50	92	71	69	94	21	## Tournée 9
60	53	58	98	86	7	72	## Tournée 10
44	95	97	9	85	48	96	67	78	## Tournée 11
4	89	56	68	45	14	90	29	46	30	## Tournée 12
100	33	27	12	47	38	3	51	6	42	41	23	31	54	80	## Tournée 13
73	79	17	11	20	25	36	81	26	74	2	55	61	84	## Tournée 14
35	10	88	24	82	99	32	34	18	19	57	77	5	39	52	## Tournée 15
93	## Tournée 16
