172504	## Somme des retards
120	## Temps CPU (millisecondes)
55	89	42	107	128	68	5	77	109	36	129	57	46	144	27	78	50	116	117	130	17	21	47	139	134	53	73	67	38	83	60	24	7	8	15	121	69	103	149	91	13	146	98	106	84	52	14	120	61	18	113	142	28	72	44	63	41	136	70	131	141	48	56	54	138	143	88	111	58	29	76	93	135	31	40	114	23	124	49	33	26	145	105	59	37	51	65	137	74	126	19	35	101	132	119	30	79	82	3	71	39	62	87	140	2	99	110	22	92	4	64	10	95	45	122	66	133	148	102	32	86	16	9	20	104	43	108	90	25	12	112	147	1	100	115	96	97	123	75	80	118	6	81	34	150	127	125	11	85	94	## Ordonnancement
19	## Nombre de tournées
2	1	2	2	4	3	6	6	5	10	10	12	10	12	17	17	18	12	1	## Nombre de sites par tournée
55	89	## Tournée 1
42	## Tournée 2
107	128	## Tournée 3
68	5	## Tournée 4
129	36	109	77	## Tournée 5
46	144	57	## Tournée 6
50	116	78	130	27	117	## Tournée 7
17	53	139	134	47	21	## Tournée 8
38	60	73	67	83	## Tournée 9
15	149	91	8	7	69	103	121	24	13	## Tournée 10
120	113	18	146	84	52	98	14	61	106	## Tournée 11
48	131	141	41	136	142	63	44	56	28	72	70	## Tournée 12
135	93	143	76	58	29	138	111	88	54	## Tournée 13
49	23	26	105	33	145	40	114	37	31	124	59	## Tournée 14
51	62	71	39	35	79	65	119	30	132	19	3	74	82	137	126	101	## Tournée 15
64	10	140	66	87	2	95	92	22	122	4	133	148	45	102	99	110	## Tournée 16
12	43	1	104	32	16	86	108	90	100	96	112	25	9	20	147	97	115	## Tournée 17
85	11	150	123	75	127	118	81	6	125	34	80	## Tournée 18
94	## Tournée 19
