138322	## Somme des retards
110	## Temps CPU (millisecondes)
84	28	78	133	42	114	1	124	14	60	98	10	80	67	145	12	125	129	47	4	76	66	119	57	142	144	61	87	138	11	102	146	21	88	70	127	77	104	116	126	22	118	130	69	135	52	59	13	90	30	49	62	149	106	134	111	51	97	120	40	71	123	79	39	24	45	2	29	103	56	108	27	122	65	58	150	82	17	41	113	54	147	137	89	55	86	64	85	75	121	73	20	8	32	74	68	37	15	3	139	33	53	44	136	128	18	23	109	72	48	81	117	110	107	63	132	92	93	140	112	143	131	36	46	148	50	99	83	16	31	115	101	95	6	26	91	100	34	7	38	94	35	19	5	141	105	43	25	9	96	## Ordonnancement
20	## Nombre de tournées
1	2	2	5	1	3	3	3	6	8	7	11	10	12	14	15	16	17	11	3	## Nombre de sites par tournée
84	## Tournée 1
78	28	## Tournée 2
133	42	## Tournée 3
1	14	60	124	114	## Tournée 4
98	## Tournée 5
10	67	80	## Tournée 6
125	145	12	## Tournée 7
129	4	47	## Tournée 8
142	66	119	144	76	57	## Tournée 9
21	146	88	138	87	11	61	102	## Tournée 10
22	116	77	126	104	70	127	## Tournée 11
90	135	62	30	52	13	118	130	69	49	59	## Tournée 12
40	51	123	149	111	106	134	97	120	71	## Tournée 13
79	24	122	65	39	103	27	56	108	45	29	2	## Tournée 14
82	17	137	64	41	54	58	113	150	55	89	147	86	85	## Tournée 15
68	74	3	53	44	75	37	73	139	20	33	32	8	121	15	## Tournée 16
63	140	81	72	48	109	107	110	18	93	117	136	92	132	128	23	## Tournée 17
50	16	26	91	148	95	131	99	143	6	31	115	83	101	112	46	36	## Tournée 18
34	7	100	105	38	141	5	43	19	35	94	## Tournée 19
96	25	9	## Tournée 20
