156969	## Somme des retards
200	## Temps CPU (millisecondes)
9	51	130	52	142	45	62	76	11	34	57	123	71	75	125	48	38	134	43	33	100	68	117	25	42	88	56	114	87	29	24	144	15	132	59	119	128	145	37	102	55	39	14	98	95	31	109	124	82	108	99	19	137	129	2	21	150	133	44	97	8	22	53	91	141	20	6	138	139	101	4	23	86	73	112	78	13	113	92	69	60	65	127	116	64	67	118	18	27	146	104	49	122	121	107	106	85	79	83	70	17	47	5	66	126	58	80	94	74	7	93	81	143	72	35	120	105	84	135	140	61	149	136	131	28	50	32	148	46	77	10	63	30	90	41	147	103	115	111	16	36	110	3	89	54	12	26	96	40	1	## Ordonnancement
19	## Nombre de tournées
2	2	3	1	2	5	5	6	9	8	11	10	10	13	13	16	16	14	4	## Nombre de sites par tournée
9	51	## Tournée 1
52	130	## Tournée 2
45	142	62	## Tournée 3
76	## Tournée 4
11	34	## Tournée 5
57	75	123	71	125	## Tournée 6
43	48	134	38	33	## Tournée 7
88	117	42	100	25	68	## Tournée 8
144	15	29	87	132	24	59	56	114	## Tournée 9
128	37	145	14	55	39	119	102	## Tournée 10
82	95	19	108	99	109	129	31	98	137	124	## Tournée 11
21	8	150	91	44	2	53	22	97	133	## Tournée 12
20	4	141	73	101	138	86	6	23	139	## Tournée 13
112	64	116	118	13	65	127	78	67	92	113	69	60	## Tournée 14
107	146	106	121	85	83	122	70	79	27	49	104	18	## Tournée 15
17	58	80	74	66	120	93	7	143	94	81	72	35	5	47	126	## Tournée 16
105	149	46	136	61	140	28	84	10	32	135	148	50	131	77	63	## Tournée 17
30	147	54	41	103	16	36	90	110	115	89	111	3	12	## Tournée 18
1	26	96	40	## Tournée 19
