254813	## Somme des retards
220	## Temps CPU (millisecondes)
59	15	112	149	17	72	196	117	200	113	16	140	56	114	174	129	68	36	175	161	190	79	118	28	130	82	121	197	77	5	153	100	119	185	136	186	106	128	138	86	194	188	49	134	71	159	96	58	45	151	105	57	18	19	30	157	87	7	102	21	93	11	179	167	98	40	183	54	171	111	22	84	122	126	137	184	76	12	61	115	189	92	31	13	191	154	62	4	66	155	97	81	53	48	187	163	170	124	67	42	1	64	156	195	23	20	78	69	127	132	25	144	29	70	51	145	193	107	14	109	34	88	178	108	176	65	9	35	172	52	198	3	131	99	41	47	90	50	110	180	44	91	116	158	80	169	150	181	135	160	165	73	199	148	133	168	177	83	10	85	152	141	103	32	39	104	2	123	166	37	164	101	38	143	95	24	75	147	94	26	142	125	120	55	89	6	182	60	43	192	33	162	139	146	173	8	63	74	46	27	## Ordonnancement
26	## Nombre de tournées
1	1	1	2	1	1	1	1	2	3	4	5	6	8	10	9	11	12	14	15	18	19	21	17	14	3	## Nombre de sites par tournée
59	## Tournée 1
15	## Tournée 2
112	## Tournée 3
149	17	## Tournée 4
72	## Tournée 5
196	## Tournée 6
117	## Tournée 7
200	## Tournée 8
113	16	## Tournée 9
114	56	140	## Tournée 10
68	36	174	129	## Tournée 11
79	175	161	118	190	## Tournée 12
77	121	197	28	82	130	## Tournée 13
106	100	119	185	5	186	153	136	## Tournée 14
86	71	96	159	188	138	194	134	49	128	## Tournée 15
57	18	45	105	157	58	30	19	151	## Tournée 16
21	87	7	167	11	179	93	98	183	40	102	## Tournée 17
61	84	171	54	184	126	122	12	76	137	111	22	## Tournée 18
4	66	31	62	92	154	189	191	13	155	115	97	53	81	## Tournée 19
67	156	195	42	1	78	170	20	69	64	163	187	124	23	48	## Tournée 20
88	193	34	51	107	132	144	25	14	145	127	65	178	70	109	176	108	29	## Tournée 21
50	116	180	158	198	90	110	99	41	47	52	172	131	80	91	35	3	9	44	## Tournée 22
150	199	32	169	85	133	141	152	103	168	148	165	73	135	181	160	10	177	39	104	83	## Tournée 23
143	123	75	147	2	26	94	166	164	37	101	24	142	125	120	95	38	## Tournée 24
43	33	192	60	6	63	139	162	182	55	8	173	89	146	## Tournée 25
27	74	46	## Tournée 26
