168441	## Somme des retards
300	## Temps CPU (millisecondes)
114	30	145	2	72	105	81	129	48	126	24	6	94	144	35	116	149	113	136	57	119	32	45	5	10	63	21	20	103	31	86	106	85	69	87	22	13	102	78	150	93	60	147	26	108	107	120	52	41	19	47	36	54	66	37	14	46	61	44	68	133	75	50	97	128	67	122	123	89	4	58	38	96	98	101	146	104	23	33	28	117	29	109	111	132	56	83	90	55	7	137	43	70	118	127	135	125	99	138	1	40	82	91	148	84	74	53	12	140	3	95	142	139	49	11	80	76	141	73	121	88	18	25	34	27	9	79	65	110	59	115	8	17	92	77	131	16	134	15	100	64	71	51	130	143	42	124	39	112	62	## Ordonnancement
20	## Nombre de tournées
1	2	1	4	5	4	2	5	7	7	7	10	12	12	11	17	15	18	7	3	## Nombre de sites par tournée
114	## Tournée 1
145	30	## Tournée 2
2	## Tournée 3
129	81	105	72	## Tournée 4
24	94	126	48	6	## Tournée 5
35	116	144	149	## Tournée 6
136	113	## Tournée 7
119	57	45	5	32	## Tournée 8
21	31	86	103	10	63	20	## Tournée 9
13	85	106	87	102	69	22	## Tournée 10
108	60	150	93	147	78	26	## Tournée 11
52	107	47	36	37	41	120	66	54	19	## Tournée 12
68	122	75	128	133	61	44	97	50	67	14	46	## Tournée 13
101	123	38	4	58	146	98	33	104	96	23	89	## Tournée 14
111	83	117	7	55	28	109	90	29	132	56	## Tournée 15
137	125	74	53	135	99	127	40	1	148	82	84	118	138	43	70	91	## Tournée 16
12	73	49	140	95	80	142	3	121	141	76	11	139	88	18	## Tournée 17
134	79	9	25	59	131	27	100	8	110	17	65	16	15	34	115	92	77	## Tournée 18
42	71	124	130	64	51	143	## Tournée 19
62	112	39	## Tournée 20
