298843	## Somme des retards
360	## Temps CPU (millisecondes)
192	120	187	92	183	65	81	131	97	9	85	84	197	149	112	137	133	24	61	147	55	31	132	176	62	14	59	154	40	77	23	13	72	3	161	1	48	123	33	46	87	16	74	150	181	179	195	105	34	99	196	185	15	165	199	148	172	144	108	163	49	54	151	117	64	126	111	20	44	56	76	138	141	75	39	37	173	93	21	153	6	10	171	100	136	113	170	156	89	12	86	63	41	103	124	178	139	114	146	19	167	53	5	191	119	94	152	145	174	83	143	28	78	58	45	110	194	107	188	27	25	169	102	17	52	11	182	35	162	168	175	190	129	22	96	79	38	140	128	4	142	166	2	184	200	159	70	116	68	122	127	186	158	115	189	101	50	193	32	109	73	67	69	42	157	121	135	71	43	160	47	36	26	91	177	134	98	7	8	180	88	80	51	155	30	66	164	106	95	198	57	29	118	104	125	130	60	82	90	18	## Ordonnancement
23	## Nombre de tournées
1	2	1	1	2	2	5	5	4	7	8	11	8	11	10	12	16	17	18	21	20	15	3	## Nombre de sites par tournée
192	## Tournée 1
120	187	## Tournée 2
92	## Tournée 3
183	## Tournée 4
81	65	## Tournée 5
131	97	## Tournée 6
197	9	84	85	149	## Tournée 7
61	137	133	24	112	## Tournée 8
55	132	31	147	## Tournée 9
154	176	14	62	40	77	59	## Tournée 10
23	48	72	161	3	123	1	13	## Tournée 11
195	150	179	33	16	46	105	87	74	34	181	## Tournée 12
165	99	172	185	196	199	148	15	## Tournée 13
49	20	108	163	126	111	54	151	117	144	64	## Tournée 14
93	141	75	138	56	37	44	39	173	76	## Tournée 15
113	100	170	21	89	171	6	156	12	10	153	136	## Tournée 16
63	41	94	53	19	139	86	114	146	119	167	103	191	124	178	5	## Tournée 17
169	28	110	102	143	174	78	107	152	188	83	25	145	194	58	27	45	## Tournée 18
128	175	52	182	142	96	190	168	4	38	17	140	79	129	11	22	35	162	## Tournée 19
115	159	127	70	73	200	68	116	158	122	189	101	186	184	50	67	166	32	193	109	2	## Tournée 20
180	88	43	8	69	36	42	71	157	26	134	135	160	47	80	7	91	177	98	121	## Tournée 21
51	155	104	125	118	130	164	57	198	30	95	29	66	106	60	## Tournée 22
18	82	90	## Tournée 23
