133101	## Somme des retards
190	## Temps CPU (millisecondes)
2	18	14	150	109	16	77	41	9	66	17	121	12	57	10	141	34	54	98	35	130	20	63	143	136	122	56	82	29	138	137	96	100	1	43	86	126	144	42	11	64	65	83	25	72	85	105	33	107	131	134	70	6	60	26	129	21	132	79	90	24	112	49	67	7	95	125	99	48	92	46	23	146	123	50	28	44	32	135	84	37	78	13	147	94	15	116	89	69	30	19	61	106	74	101	47	40	8	45	5	113	133	114	75	31	87	120	62	36	55	118	81	51	111	59	117	142	58	22	145	3	124	53	71	4	80	52	76	102	139	27	108	127	38	68	140	148	88	39	104	91	97	93	73	103	119	128	115	110	149	## Ordonnancement
21	## Nombre de tournées
1	2	2	1	2	1	3	4	4	6	6	7	10	11	8	14	14	17	16	12	9	## Nombre de sites par tournée
2	## Tournée 1
18	14	## Tournée 2
109	150	## Tournée 3
16	## Tournée 4
77	41	## Tournée 5
9	## Tournée 6
66	121	17	## Tournée 7
12	57	10	141	## Tournée 8
98	34	54	35	## Tournée 9
63	136	20	143	130	122	## Tournée 10
29	56	138	96	82	137	## Tournée 11
100	86	43	126	144	42	1	## Tournée 12
33	83	25	85	107	64	65	72	11	105	## Tournée 13
6	129	26	132	70	60	131	21	79	90	134	## Tournée 14
99	112	7	125	67	95	49	24	## Tournée 15
50	32	48	44	78	23	135	46	37	123	146	84	28	92	## Tournée 16
89	61	19	13	94	74	106	15	147	30	69	101	116	47	## Tournée 17
5	87	62	55	133	81	114	45	40	118	8	31	120	113	51	75	36	## Tournée 18
4	52	58	3	22	102	117	145	142	76	59	124	53	71	80	111	## Tournée 19
139	104	39	88	127	108	38	27	91	140	68	148	## Tournée 20
115	119	103	149	97	73	128	93	110	## Tournée 21
