183140	## Somme des retards
130	## Temps CPU (millisecondes)
129	102	170	153	126	136	120	104	96	17	39	114	132	78	144	37	43	77	182	62	151	35	45	89	133	38	75	142	73	53	1	36	152	7	83	16	186	65	26	140	108	174	50	100	191	27	178	172	93	48	171	165	156	190	116	101	63	9	200	193	19	47	40	20	34	59	125	199	127	197	128	173	109	168	72	51	55	192	85	135	184	113	97	13	18	194	145	106	139	29	74	105	3	177	12	181	176	180	14	2	81	160	95	112	92	115	98	147	8	52	61	123	148	58	146	99	137	103	154	32	69	166	56	161	175	64	33	68	54	143	188	21	179	5	183	187	157	30	149	189	6	80	42	121	164	57	76	159	163	94	88	10	122	158	91	162	70	67	138	44	134	11	28	66	15	198	46	41	79	185	31	4	111	84	107	82	49	23	167	87	124	25	117	60	169	24	130	196	90	22	119	141	71	155	150	195	131	86	110	118	## Ordonnancement
24	## Nombre de tournées
1	1	1	1	1	1	1	2	2	3	3	5	9	9	11	12	14	17	15	19	21	20	21	10	## Nombre de sites par tournée
129	## Tournée 1
102	## Tournée 2
170	## Tournée 3
153	## Tournée 4
126	## Tournée 5
136	## Tournée 6
120	## Tournée 7
96	104	## Tournée 8
17	39	## Tournée 9
132	114	78	## Tournée 10
144	37	43	## Tournée 11
35	151	182	77	62	## Tournée 12
73	45	75	142	1	53	89	38	133	## Tournée 13
140	186	16	83	65	36	26	7	152	## Tournée 14
191	48	50	178	27	174	172	171	100	108	93	## Tournée 15
156	165	193	116	101	40	190	200	63	9	47	19	## Tournée 16
197	51	199	109	168	72	34	127	125	128	173	59	55	20	## Tournée 17
177	13	74	194	184	105	106	145	139	3	29	97	113	18	192	85	135	## Tournée 18
115	112	92	81	98	12	147	8	14	160	176	180	2	181	95	## Tournée 19
103	148	161	166	32	99	137	68	123	58	64	33	69	154	175	61	146	52	56	## Tournée 20
183	163	6	188	157	164	42	30	159	80	179	54	57	187	143	149	21	189	76	5	121	## Tournée 21
15	162	122	70	94	44	46	88	67	41	66	79	198	134	138	10	158	28	11	91	## Tournée 22
84	130	117	90	167	49	25	185	111	23	60	24	82	4	87	124	196	31	169	22	107	## Tournée 23
150	131	118	86	155	110	119	71	195	141	## Tournée 24
