57369	## Somme des retards
70	## Temps CPU (millisecondes)
10	89	51	67	2	48	14	72	76	40	56	78	34	29	93	16	70	33	61	90	35	8	24	79	100	49	42	71	20	18	26	59	30	99	85	19	96	31	66	12	27	87	69	57	46	1	9	39	68	41	17	45	50	75	47	60	97	4	38	13	63	37	15	36	44	53	83	74	21	86	62	82	11	58	7	80	88	52	23	28	84	77	22	95	98	65	91	43	81	73	3	32	64	6	55	92	94	25	5	54	## Ordonnancement
18	## Nombre de tournées
2	1	1	1	1	1	3	4	7	9	7	8	13	12	12	8	8	2	## Nombre de sites par tournée
89	10	## Tournée 1
51	## Tournée 2
67	## Tournée 3
2	## Tournée 4
48	## Tournée 5
14	## Tournée 6
72	40	76	## Tournée 7
34	56	78	29	## Tournée 8
16	70	93	35	61	90	33	## Tournée 9
8	24	42	20	18	49	79	100	71	## Tournée 10
30	19	99	85	26	96	59	## Tournée 11
46	87	31	69	27	12	66	57	## Tournée 12
47	9	50	75	4	68	45	97	1	60	41	39	17	## Tournée 13
86	53	37	83	38	15	74	63	21	36	44	13	## Tournée 14
62	82	52	11	23	88	84	80	58	77	28	7	## Tournée 15
95	73	65	98	43	22	91	81	## Tournée 16
55	3	64	6	32	25	92	94	## Tournée 17
54	5	## Tournée 18
