141524	## Somme des retards
0	## Temps CPU (millisecondes)
55	49	122	35	148	128	103	91	89	25	3	40	142	43	121	129	115	66	144	26	36	102	140	10	69	118	39	13	62	137	37	74	20	27	119	65	12	71	110	50	47	93	78	11	95	53	28	7	44	99	113	112	105	72	109	106	127	143	42	125	126	68	133	2	5	1	131	141	14	51	70	94	81	64	116	33	15	29	54	32	52	134	111	57	4	61	24	45	97	124	150	21	130	59	146	86	73	6	108	8	19	145	9	136	100	34	132	149	88	85	96	90	48	83	22	104	38	123	147	18	30	80	139	107	76	60	135	17	120	117	46	138	56	58	23	92	82	114	101	87	41	84	98	31	79	16	63	75	67	77	## Ordonnancement
19	## Nombre de tournées
1	1	2	3	3	5	5	5	6	7	8	10	10	14	15	16	17	21	1	## Nombre de sites par tournée
55	## Tournée 1
49	## Tournée 2
35	122	## Tournée 3
128	148	103	## Tournée 4
91	25	89	## Tournée 5
142	40	121	43	3	## Tournée 6
144	129	26	66	115	## Tournée 7
10	36	69	102	140	## Tournée 8
37	13	118	62	137	39	## Tournée 9
74	12	20	65	71	119	27	## Tournée 10
78	53	11	50	95	110	47	93	## Tournée 11
112	7	44	99	106	113	109	72	105	28	## Tournée 12
126	143	127	1	42	133	125	5	68	2	## Tournée 13
33	70	29	32	116	141	14	64	51	15	54	131	94	81	## Tournée 14
146	24	61	111	4	134	150	97	124	45	59	52	130	57	21	## Tournée 15
132	86	19	85	88	145	9	8	34	96	149	100	108	73	136	6	## Tournée 16
22	107	90	18	123	135	104	83	60	38	76	30	147	80	139	48	17	## Tournée 17
120	114	16	67	87	92	117	23	84	56	63	46	31	75	101	98	58	41	82	79	138	## Tournée 18
77	## Tournée 19
