88223	## Somme des retards
0	## Temps CPU (millisecondes)
57	24	92	61	76	19	23	66	15	27	75	11	31	83	77	90	84	2	9	6	54	82	12	36	71	99	68	14	22	96	64	42	91	35	18	34	40	85	95	63	58	55	88	67	97	7	26	93	4	52	56	21	89	45	46	81	17	73	100	87	80	53	10	1	50	32	78	94	3	20	65	86	29	38	62	72	60	51	39	41	47	43	33	79	28	37	59	44	49	69	70	98	48	16	8	13	74	5	30	25	## Ordonnancement
16	## Nombre de tournées
1	2	4	3	2	5	6	6	7	9	9	10	12	14	8	2	## Nombre de sites par tournée
57	## Tournée 1
92	24	## Tournée 2
19	61	76	23	## Tournée 3
15	66	27	## Tournée 4
75	11	## Tournée 5
77	83	31	84	90	## Tournée 6
82	2	9	6	12	54	## Tournée 7
68	22	36	99	71	14	## Tournée 8
34	96	42	91	35	64	18	## Tournée 9
97	85	55	67	95	40	63	88	58	## Tournée 10
21	89	56	93	7	26	4	45	52	## Tournée 11
10	80	100	73	53	1	17	46	87	81	## Tournée 12
65	62	3	86	50	72	78	29	20	38	94	32	## Tournée 13
43	59	37	69	41	47	51	79	28	33	39	44	60	49	## Tournée 14
98	70	16	48	8	5	13	74	## Tournée 15
25	30	## Tournée 16
