180814	## Somme des retards
0	## Temps CPU (millisecondes)
9	51	52	130	62	142	76	45	34	123	11	125	71	75	57	48	134	38	43	33	88	42	117	114	25	68	100	56	29	87	144	24	132	15	14	59	128	145	37	102	55	39	119	129	137	99	82	124	31	95	2	19	98	91	44	21	150	133	109	8	22	53	73	108	97	6	139	101	4	23	138	20	141	112	86	13	113	92	69	60	65	127	116	64	67	118	70	18	27	146	104	49	122	121	107	106	85	79	83	78	81	35	5	47	66	126	58	80	94	74	7	120	93	143	46	10	17	105	84	136	149	135	40	90	140	61	131	28	50	32	77	63	30	89	36	115	96	147	41	103	1	111	110	3	148	26	12	16	72	54	## Ordonnancement
21	## Nombre de tournées
1	1	1	1	1	1	2	3	4	5	7	8	8	10	9	11	13	14	16	16	18	## Nombre de sites par tournée
9	## Tournée 1
51	## Tournée 2
52	## Tournée 3
130	## Tournée 4
62	## Tournée 5
142	## Tournée 6
76	45	## Tournée 7
11	34	123	## Tournée 8
57	75	71	125	## Tournée 9
43	48	134	38	33	## Tournée 10
88	117	42	100	25	114	68	## Tournée 11
144	15	29	87	14	132	24	56	## Tournée 12
128	37	59	145	55	39	119	102	## Tournée 13
82	95	19	99	129	2	137	124	31	98	## Tournée 14
21	8	150	91	109	133	44	53	22	## Tournée 15
20	4	141	73	101	138	108	6	97	23	139	## Tournée 16
112	64	116	118	13	65	127	67	92	113	69	86	60	## Tournée 17
107	146	106	121	85	83	122	70	79	78	18	27	49	104	## Tournée 18
58	80	46	74	66	120	93	7	143	94	81	10	35	5	47	126	## Tournée 19
105	17	131	149	136	61	140	28	84	50	135	32	40	77	63	90	## Tournée 20
30	147	54	41	103	16	36	110	115	89	111	3	12	96	72	1	148	26	## Tournée 21
