140735	## Somme des retards
0	## Temps CPU (millisecondes)
46	24	7	33	50	126	111	34	133	52	122	4	3	37	57	28	43	18	100	121	25	84	132	42	144	44	95	36	99	113	23	129	35	127	104	118	101	29	66	27	143	10	56	21	131	62	51	76	82	142	137	105	30	90	38	71	14	89	116	69	45	93	147	13	17	88	75	98	117	120	80	136	68	112	6	59	63	39	106	74	60	2	138	58	123	96	92	150	26	67	114	128	12	72	65	20	5	124	102	109	70	149	119	86	77	103	94	87	91	145	78	11	146	22	64	130	41	48	61	140	15	47	141	1	85	55	81	79	49	9	31	148	108	16	125	107	19	8	40	139	115	97	134	54	135	83	32	53	73	110	## Ordonnancement
23	## Nombre de tournées
1	1	1	1	1	1	1	1	1	2	3	4	5	6	7	8	10	12	13	15	17	18	21	## Nombre de sites par tournée
46	## Tournée 1
24	## Tournée 2
7	## Tournée 3
33	## Tournée 4
50	## Tournée 5
126	## Tournée 6
111	## Tournée 7
34	## Tournée 8
133	## Tournée 9
122	52	## Tournée 10
3	4	37	## Tournée 11
57	28	18	43	## Tournée 12
100	25	132	121	84	## Tournée 13
99	36	42	144	44	95	## Tournée 14
104	113	23	127	129	35	118	## Tournée 15
27	29	101	10	56	21	66	143	## Tournée 16
105	62	76	82	51	131	90	137	142	30	## Tournée 17
45	88	38	89	14	71	13	69	17	93	147	116	## Tournée 18
6	68	117	98	39	112	106	80	120	59	75	63	136	## Tournée 19
58	114	72	2	138	12	74	26	96	150	128	60	67	92	123	## Tournée 20
109	70	119	77	78	91	5	94	103	102	145	149	124	86	87	65	20	## Tournée 21
81	11	55	48	79	22	41	15	85	140	146	64	47	130	141	61	1	49	## Tournée 22
135	16	40	73	134	97	125	148	108	9	8	115	139	19	31	53	54	32	110	107	83	## Tournée 23
