96979	## Somme des retards
0	## Temps CPU (millisecondes)
9	68	53	76	26	86	15	29	1	57	24	14	87	83	74	97	72	66	19	78	67	75	81	71	96	65	95	61	56	23	44	30	50	94	80	45	100	77	60	89	10	11	43	58	82	69	62	63	17	4	59	85	40	99	84	49	64	27	32	21	22	73	48	36	91	8	18	20	31	39	6	7	98	28	12	38	16	54	90	37	13	70	2	46	88	92	35	34	79	93	3	42	41	51	5	33	55	52	47	25	## Ordonnancement
18	## Nombre de tournées
1	1	1	3	2	2	2	4	6	4	9	7	10	11	11	14	11	1	## Nombre de sites par tournée
9	## Tournée 1
68	## Tournée 2
53	## Tournée 3
76	26	86	## Tournée 4
29	15	## Tournée 5
57	1	## Tournée 6
14	24	## Tournée 7
97	87	74	83	## Tournée 8
67	19	72	75	78	66	## Tournée 9
71	81	65	96	## Tournée 10
56	80	30	23	61	94	44	95	50	## Tournée 11
11	89	77	60	10	45	100	## Tournée 12
43	17	62	63	4	58	85	69	59	82	## Tournée 13
27	84	32	64	22	49	99	73	40	21	48	## Tournée 14
28	6	31	91	98	18	36	39	7	8	20	## Tournée 15
34	88	90	38	16	54	46	35	13	12	70	92	2	37	## Tournée 16
41	79	55	47	3	52	5	33	42	93	51	## Tournée 17
25	## Tournée 18
