122994	## Somme des retards
1355	## Temps CPU (millisecondes)
132	197	130	244	117	75	239	124	122	164	226	113	154	250	71	97	6	80	203	166	58	236	208	25	213	70	77	9	238	233	22	26	156	67	56	53	127	181	100	20	92	91	221	7	66	82	196	63	134	31	98	150	120	220	94	228	139	140	28	47	167	179	137	249	237	205	101	55	89	84	175	93	245	40	223	18	10	85	195	219	72	173	43	160	106	158	149	186	210	96	215	34	206	90	229	190	5	1	200	184	131	32	64	153	33	16	81	224	141	202	187	189	60	135	230	182	105	59	151	180	242	42	214	128	24	13	218	198	169	121	79	112	201	143	216	142	83	185	86	68	126	194	99	234	248	207	111	41	8	165	171	37	102	95	57	146	61	209	73	11	217	69	212	62	193	162	188	148	192	125	103	49	222	144	23	2	246	163	172	161	27	115	138	225	46	155	4	243	231	116	48	38	235	145	35	232	50	123	170	136	177	14	17	147	74	129	227	118	65	88	240	45	191	76	107	241	29	157	12	247	108	21	174	119	183	19	87	54	178	133	199	159	109	30	15	152	168	110	78	36	104	114	3	52	44	211	39	176	204	51	## Ordonnancement
24	## Nombre de tournées
2	2	2	3	4	5	4	11	12	12	18	19	20	19	22	22	18	22	15	8	4	3	2	1	## Nombre de sites par tournée
197	132	## Tournée 1
244	130	## Tournée 2
75	117	## Tournée 3
122	239	124	## Tournée 4
113	164	154	226	## Tournée 5
97	71	250	80	6	## Tournée 6
166	58	203	236	## Tournée 7
26	9	77	70	25	233	22	208	238	156	213	## Tournée 8
66	7	92	100	67	91	53	181	56	20	127	221	## Tournée 9
220	82	196	94	63	134	228	150	139	31	98	120	## Tournée 10
55	175	237	245	101	179	28	84	167	249	140	205	89	137	223	40	47	93	## Tournée 11
34	18	158	43	206	149	10	173	210	90	160	72	85	215	106	219	186	96	195	## Tournée 12
187	200	190	153	131	141	1	32	189	64	202	5	224	33	16	135	60	229	81	184	## Tournée 13
42	198	79	24	112	13	105	218	59	214	151	230	121	180	242	169	201	182	128	## Tournée 14
37	143	102	99	68	57	142	126	83	41	207	86	248	111	95	185	216	171	234	165	194	8	## Tournée 15
62	217	188	103	73	212	148	23	69	222	49	209	2	61	246	162	125	192	144	146	11	193	## Tournée 16
35	155	46	161	27	235	115	4	243	48	225	145	116	138	231	38	163	172	## Tournée 17
45	118	170	29	65	14	241	147	232	123	191	177	136	74	227	88	50	76	17	107	129	240	## Tournée 18
183	178	19	54	119	21	133	108	247	157	87	174	159	12	199	## Tournée 19
109	36	152	110	30	168	78	15	## Tournée 20
3	104	52	114	## Tournée 21
39	211	44	## Tournée 22
204	176	## Tournée 23
51	## Tournée 24
