166838	## Somme des retards
2110	## Temps CPU (millisecondes)
113	278	236	142	95	281	97	110	186	83	118	170	283	293	59	163	198	3	30	217	78	224	13	119	49	53	24	2	93	288	84	254	15	299	66	151	147	256	252	192	43	215	112	133	165	240	45	159	152	211	277	298	287	226	155	19	184	72	89	117	137	106	266	143	99	296	194	221	190	114	61	270	237	156	41	261	214	70	259	17	203	276	91	36	37	238	102	178	145	144	223	33	248	230	286	264	40	282	94	177	48	62	28	208	57	23	233	136	92	104	207	73	219	108	279	284	5	262	250	275	80	9	265	134	38	25	60	146	269	227	212	172	191	111	64	258	295	267	150	131	244	74	126	124	76	168	138	86	105	20	130	232	188	220	149	21	46	242	169	127	77	206	255	222	44	167	12	216	195	82	39	249	11	292	245	22	182	58	123	193	54	34	291	27	290	63	162	26	153	154	7	231	161	32	196	103	251	285	289	71	201	75	199	280	187	52	180	181	120	29	69	65	4	8	81	140	179	274	218	115	122	79	42	175	135	14	139	50	246	160	235	174	116	85	243	10	247	141	109	101	100	129	47	241	51	6	210	67	171	87	164	225	229	272	96	213	98	185	268	90	202	55	128	157	200	125	56	166	158	1	183	297	260	271	68	209	18	148	35	239	273	121	257	228	132	263	300	205	16	197	88	204	189	234	253	176	173	107	31	294	## Ordonnancement
29	## Nombre de tournées
1	1	2	2	5	7	10	9	7	11	10	11	12	19	18	17	22	22	23	22	24	18	7	8	5	3	2	1	1	## Nombre de sites par tournée
113	## Tournée 1
278	## Tournée 2
236	142	## Tournée 3
281	95	## Tournée 4
186	110	83	118	97	## Tournée 5
163	283	3	293	198	170	59	## Tournée 6
119	49	217	30	78	224	13	53	2	24	## Tournée 7
84	254	93	147	151	66	299	288	15	## Tournée 8
112	256	133	43	215	252	192	## Tournée 9
226	211	155	45	152	165	277	298	287	240	159	## Tournée 10
89	266	99	117	184	72	106	19	137	143	## Tournée 11
237	114	270	194	61	261	296	156	190	41	221	## Tournée 12
238	91	17	214	37	102	178	70	36	259	276	203	## Tournée 13
28	48	248	40	33	144	208	286	223	23	233	282	264	230	94	145	57	62	177	## Tournée 14
279	80	73	219	108	275	265	104	250	136	92	262	38	9	207	284	134	5	## Tournée 15
212	191	295	267	131	146	269	150	258	74	111	172	64	60	25	227	244	## Tournée 16
188	124	138	255	86	20	77	222	76	105	149	126	168	232	169	130	206	21	242	127	220	46	## Tournée 17
22	11	167	123	34	54	44	195	249	245	58	12	63	82	193	292	290	27	39	291	182	216	## Tournée 18
153	199	7	71	32	201	52	120	154	103	196	280	162	251	181	187	285	75	161	180	26	289	231	## Tournée 19
65	122	218	160	81	29	14	8	135	235	246	175	139	4	42	179	69	274	115	79	50	140	## Tournée 20
225	101	6	247	171	243	109	116	241	47	229	96	174	100	85	210	10	164	129	51	67	87	141	272	## Tournée 21
268	185	128	98	56	157	260	202	297	213	55	166	125	90	158	183	200	1	## Tournée 22
209	148	18	35	239	271	68	## Tournée 23
121	300	263	257	132	228	205	273	## Tournée 24
204	88	197	189	16	## Tournée 25
253	234	176	## Tournée 26
107	173	## Tournée 27
31	## Tournée 28
294	## Tournée 29
