208047	## Somme des retards
745	## Temps CPU (millisecondes)
20	54	234	168	95	241	222	230	161	223	103	130	163	9	198	43	112	235	201	30	27	173	99	220	100	247	141	117	150	250	180	246	195	56	48	63	59	69	120	1	147	53	78	32	152	211	134	153	24	139	40	83	144	236	190	231	96	10	52	135	178	18	158	70	186	177	206	165	33	28	229	72	233	200	184	127	3	25	2	11	169	49	74	210	125	26	156	38	55	41	181	67	50	82	121	143	19	138	243	170	188	79	242	75	228	185	85	128	71	248	216	155	36	215	175	115	60	7	151	45	97	218	29	39	114	199	213	88	237	98	171	148	118	162	57	81	13	196	101	116	37	15	207	239	146	108	136	16	122	91	92	65	17	245	84	167	126	21	106	133	107	208	226	6	203	154	34	12	89	76	172	164	182	209	160	194	77	123	31	44	4	204	192	87	224	217	90	219	227	73	142	174	159	140	240	8	197	35	64	23	214	131	61	80	191	104	157	225	66	62	94	51	86	119	202	124	205	109	42	149	249	129	5	193	14	47	68	187	132	93	244	166	111	238	179	105	221	46	212	110	113	102	189	22	58	232	137	183	145	176	## Ordonnancement
30	## Nombre de tournées
1	2	3	2	4	3	4	6	7	7	6	10	11	15	12	14	15	16	17	16	19	14	20	9	5	4	3	2	2	1	## Nombre de sites par tournée
20	## Tournée 1
54	234	## Tournée 2
95	241	168	## Tournée 3
230	222	## Tournée 4
103	130	161	223	## Tournée 5
163	198	9	## Tournée 6
112	201	43	235	## Tournée 7
27	173	30	99	220	100	## Tournée 8
150	141	246	247	250	117	180	## Tournée 9
195	48	59	120	56	69	63	## Tournée 10
53	78	32	152	1	147	## Tournée 11
190	139	236	153	40	144	24	211	83	134	## Tournée 12
52	178	186	70	10	135	18	231	158	177	96	## Tournée 13
165	233	169	200	28	3	72	25	33	127	11	206	2	184	229	## Tournée 14
41	156	125	67	26	74	49	210	50	38	55	181	## Tournée 15
19	242	138	82	79	243	188	185	85	170	228	121	143	75	## Tournée 16
128	36	115	151	155	248	60	7	215	175	45	71	216	218	97	## Tournée 17
39	162	98	213	13	57	114	148	118	199	196	237	88	29	171	81	## Tournée 18
245	84	92	122	101	16	136	15	65	91	239	207	108	146	17	37	116	## Tournée 19
133	76	107	126	34	106	6	21	154	226	12	208	203	89	172	167	## Tournée 20
87	219	209	194	123	164	204	4	31	217	160	44	73	77	182	192	224	227	90	## Tournée 21
64	35	214	240	8	23	174	61	131	159	142	140	80	197	## Tournée 22
104	94	149	86	42	62	5	225	119	202	51	129	191	66	109	124	249	157	205	193	## Tournée 23
166	244	47	14	187	132	93	68	111	## Tournée 24
179	46	221	105	238	## Tournée 25
102	113	212	110	## Tournée 26
189	58	22	## Tournée 27
137	232	## Tournée 28
183	145	## Tournée 29
176	## Tournée 30
