53701	## Somme des retards
1340	## Temps CPU (millisecondes)
205	37	213	29	129	160	71	53	228	212	102	79	88	50	207	134	124	196	204	140	128	226	47	76	151	171	146	172	43	81	200	101	223	11	173	30	132	98	206	166	68	158	94	38	169	164	119	175	126	210	13	227	162	229	238	49	161	231	135	27	125	153	107	104	216	35	103	42	72	235	149	176	48	121	143	7	199	89	159	34	16	19	152	73	51	209	147	163	243	122	14	156	55	2	36	40	179	74	6	211	54	75	246	225	215	62	203	83	117	198	248	133	155	57	232	64	41	25	97	84	193	118	33	183	21	178	142	197	67	93	65	145	190	189	154	1	111	245	95	31	137	78	116	233	18	234	77	61	23	4	112	12	237	249	217	230	150	99	92	127	239	70	131	39	115	139	208	96	250	236	63	66	224	100	240	56	108	120	138	168	17	80	86	113	130	44	22	181	170	201	191	46	165	241	59	192	180	60	247	219	214	91	85	26	144	141	174	188	221	24	69	186	52	218	195	109	32	244	110	148	58	20	8	242	136	106	10	184	45	182	157	5	220	3	15	9	222	82	187	105	123	28	202	194	114	185	167	177	87	90	## Ordonnancement
21	## Nombre de tournées
2	3	3	6	6	7	10	8	13	14	15	18	14	19	20	22	23	21	16	7	3	## Nombre de sites par tournée
205	37	## Tournée 1
129	213	29	## Tournée 2
160	71	53	## Tournée 3
79	102	50	212	228	88	## Tournée 4
140	134	207	196	204	124	## Tournée 5
226	151	146	76	128	171	47	## Tournée 6
43	173	30	172	11	101	200	81	132	223	## Tournée 7
98	68	158	169	38	206	166	94	## Tournée 8
119	162	227	238	126	161	231	13	175	210	49	229	164	## Tournée 9
107	149	72	176	42	125	135	103	216	153	27	35	104	235	## Tournée 10
209	147	143	16	152	48	89	51	199	34	7	19	121	159	73	## Tournée 11
215	2	55	6	14	246	243	74	36	54	156	179	225	40	75	211	122	163	## Tournée 12
155	41	57	232	83	198	64	133	117	97	248	25	62	203	## Tournée 13
21	65	93	197	1	118	142	33	178	183	245	84	145	193	111	154	190	67	189	## Tournée 14
18	78	61	12	4	150	233	217	230	237	249	23	31	234	99	112	116	77	95	137	## Tournée 15
115	139	70	208	131	236	120	127	240	138	63	39	56	250	168	108	239	96	100	92	66	224	## Tournée 16
201	60	241	192	80	46	191	130	44	180	170	247	219	85	59	17	113	86	181	22	165	214	91	## Tournée 17
58	69	8	141	188	109	144	24	110	26	52	244	186	221	174	148	195	32	20	242	218	## Tournée 18
9	15	157	82	184	106	3	182	220	222	187	105	136	5	45	10	## Tournée 19
123	28	114	167	194	202	185	## Tournée 20
90	177	87	## Tournée 21
