69558	## Somme des retards
835	## Temps CPU (millisecondes)
91	28	4	73	54	42	74	136	115	20	113	150	10	50	109	85	76	97	68	24	64	121	94	2	99	90	86	135	19	53	125	92	116	103	105	79	140	63	58	46	30	41	51	5	93	32	122	35	119	132	8	72	44	36	29	101	11	149	96	69	133	12	108	88	70	47	33	39	77	56	9	31	139	145	71	66	17	118	81	89	48	60	37	146	87	7	82	52	40	34	62	57	148	144	84	102	141	59	117	22	1	106	25	104	55	129	21	3	83	61	100	142	49	127	111	43	112	6	147	134	18	120	80	67	13	45	131	75	78	27	16	110	95	124	130	143	98	107	123	14	137	114	138	128	15	65	126	23	38	26	## Ordonnancement
19	## Nombre de tournées
2	4	3	6	6	9	10	9	10	13	14	14	17	13	8	6	3	2	1	## Nombre de sites par tournée
28	91	## Tournée 1
73	42	54	4	## Tournée 2
136	74	115	## Tournée 3
50	20	109	113	10	150	## Tournée 4
64	97	24	68	85	76	## Tournée 5
135	99	94	53	2	90	19	86	121	## Tournée 6
63	103	58	116	140	105	46	79	92	125	## Tournée 7
30	5	122	51	35	32	41	119	93	## Tournée 8
29	8	96	44	132	101	149	11	72	36	## Tournée 9
9	12	33	31	133	88	56	39	69	108	47	77	70	## Tournée 10
60	66	118	87	89	145	81	17	48	71	139	37	146	7	## Tournée 11
84	141	57	52	40	148	22	59	82	102	34	62	117	144	## Tournée 12
104	61	111	25	43	83	1	127	112	129	55	142	21	106	100	3	49	## Tournée 13
80	75	45	147	78	120	18	27	134	67	13	131	6	## Tournée 14
110	98	95	107	124	143	130	16	## Tournée 15
128	137	14	123	138	114	## Tournée 16
15	65	126	## Tournée 17
38	23	## Tournée 18
26	## Tournée 19
