29975	## Somme des retards
1790	## Temps CPU (millisecondes)
13	37	48	5	67	79	38	14	65	69	47	56	78	57	46	33	99	50	31	44	9	61	76	49	17	87	20	41	27	64	63	80	88	55	73	96	51	11	45	66	19	43	15	84	74	32	23	100	3	21	81	22	28	92	90	26	71	6	4	12	30	89	52	58	54	35	75	34	1	72	24	8	7	85	62	25	10	68	40	98	97	86	36	16	29	18	59	95	94	39	83	82	60	70	42	53	93	77	91	2	## Ordonnancement
18	## Nombre de tournées
1	3	1	3	4	4	4	10	11	9	9	11	9	9	7	3	1	1	## Nombre de sites par tournée
13	## Tournée 1
37	5	48	## Tournée 2
67	## Tournée 3
79	38	14	## Tournée 4
56	65	69	47	## Tournée 5
57	78	33	46	## Tournée 6
50	31	99	44	## Tournée 7
87	27	17	20	49	76	9	41	64	61	## Tournée 8
96	88	11	55	51	73	63	80	66	45	19	## Tournée 9
15	21	3	43	84	23	100	32	74	## Tournée 10
81	4	26	92	90	22	71	6	28	## Tournée 11
89	58	1	52	12	75	35	34	54	30	72	## Tournée 12
85	62	25	10	8	68	24	7	40	## Tournée 13
16	36	95	97	18	86	59	29	98	## Tournée 14
39	70	83	60	82	42	94	## Tournée 15
77	53	93	## Tournée 16
91	## Tournée 17
2	## Tournée 18
