220173	## Somme des retards
4294965193	## Temps CPU (millisecondes)
100	77	161	264	158	145	103	225	210	220	134	238	192	79	116	293	279	30	65	107	183	85	11	277	261	218	16	83	170	252	176	280	216	204	130	22	289	180	91	189	205	237	139	297	110	5	133	111	182	207	92	270	295	90	250	14	44	94	45	294	191	174	95	155	17	167	72	163	193	290	19	154	132	291	142	171	284	249	239	255	18	227	84	12	188	2	35	217	151	223	55	202	48	62	248	206	273	230	88	211	66	13	262	124	98	122	267	59	106	281	299	136	15	43	135	226	9	172	104	256	53	232	87	57	82	269	101	254	121	74	258	276	196	28	215	300	153	272	251	67	173	194	228	166	126	127	214	179	213	162	160	212	242	26	150	143	241	263	287	247	156	6	21	187	208	63	266	27	1	184	199	56	231	99	190	52	36	144	20	229	97	224	286	186	75	165	233	81	3	29	39	46	178	288	51	244	41	201	47	198	4	141	37	125	169	119	80	24	159	197	58	73	115	7	157	109	93	240	123	177	33	222	38	49	64	298	236	282	113	102	278	275	219	71	34	292	274	76	253	68	175	221	23	42	70	86	234	271	112	108	140	61	128	152	185	149	285	259	168	138	148	268	245	105	69	181	203	257	260	40	131	114	96	296	283	89	8	10	50	54	147	60	265	137	243	209	164	200	31	129	195	246	25	78	146	32	118	235	117	120	## Ordonnancement
29	## Nombre de tournées
1	1	1	2	4	4	5	4	6	8	6	8	12	16	15	13	12	11	18	23	20	25	26	14	14	10	10	8	3	## Nombre de sites par tournée
100	## Tournée 1
77	## Tournée 2
161	## Tournée 3
264	158	## Tournée 4
225	210	103	145	## Tournée 5
192	238	220	134	## Tournée 6
30	293	116	279	79	## Tournée 7
85	107	65	183	## Tournée 8
218	16	261	11	83	277	## Tournée 9
22	130	170	216	280	252	176	204	## Tournée 10
289	91	205	189	237	180	## Tournée 11
111	207	297	110	133	5	182	139	## Tournée 12
174	45	92	250	90	294	94	44	270	191	14	295	## Tournée 13
291	72	132	142	154	163	19	171	167	95	17	249	155	290	193	284	## Tournée 14
2	18	35	227	202	12	223	151	239	255	217	48	55	188	84	## Tournée 15
88	66	62	13	124	206	273	262	122	211	248	230	98	## Tournée 16
9	299	172	106	135	226	59	281	15	267	43	136	## Tournée 17
256	121	53	254	82	87	232	104	269	101	57	## Tournée 18
153	127	126	228	194	196	28	272	276	300	214	251	215	173	258	74	166	67	## Tournée 19
6	143	187	263	150	184	179	247	162	156	21	160	63	242	241	213	266	1	287	26	212	27	208	## Tournée 20
199	99	286	36	233	190	165	75	97	144	231	56	29	229	81	224	20	3	186	52	## Tournée 21
39	37	198	4	119	157	201	125	115	24	141	41	197	159	7	47	80	58	169	178	288	51	244	46	73	## Tournée 22
222	278	253	175	33	298	123	64	240	109	275	219	76	102	282	113	177	93	292	38	49	71	68	274	236	34	## Tournée 23
70	152	112	271	86	128	108	221	23	140	42	234	61	185	## Tournée 24
149	257	259	203	138	181	260	245	148	268	105	69	285	168	## Tournée 25
89	283	40	96	114	8	131	50	10	296	## Tournée 26
54	147	243	60	209	137	200	31	265	164	## Tournée 27
25	78	129	118	246	195	146	32	## Tournée 28
120	235	117	## Tournée 29
