119878	## Somme des retards
400	## Temps CPU (millisecondes)
94	187	141	43	116	87	59	152	171	78	157	139	53	183	114	93	172	200	144	15	176	199	118	95	6	5	182	76	92	148	14	84	32	146	35	123	105	126	162	51	198	81	167	52	8	62	34	185	193	68	134	137	45	158	26	113	7	121	66	189	145	132	102	161	64	63	166	46	181	80	74	184	106	133	155	140	170	109	142	1	48	177	96	173	125	16	143	83	3	100	61	17	147	111	89	129	31	101	131	69	72	23	119	192	49	91	128	164	190	30	56	186	110	77	97	11	24	73	28	29	153	50	38	99	169	195	19	79	12	175	196	136	42	191	70	135	20	179	165	107	163	86	58	138	82	108	117	151	197	41	159	120	39	33	21	57	122	88	13	115	160	67	36	10	37	104	44	154	90	27	54	178	130	180	85	188	18	149	168	71	156	25	194	65	47	60	22	127	112	75	55	174	9	103	4	2	98	124	150	40	## Ordonnancement
22	## Nombre de tournées
2	4	2	4	5	5	7	8	7	10	13	14	16	20	18	15	17	13	10	5	3	2	## Nombre de sites par tournée
187	94	## Tournée 1
116	87	141	43	## Tournée 2
152	59	## Tournée 3
78	171	157	139	## Tournée 4
93	183	114	53	172	## Tournée 5
176	200	144	15	199	## Tournée 6
118	95	92	76	182	6	5	## Tournée 7
14	105	84	146	32	123	35	148	## Tournée 8
162	81	198	126	51	167	52	## Tournée 9
8	134	193	34	158	45	185	137	68	62	## Tournée 10
102	145	166	132	7	64	161	26	189	113	66	63	121	## Tournée 11
170	46	109	80	48	155	133	106	140	184	142	181	1	74	## Tournée 12
173	100	177	16	83	31	147	129	17	61	111	89	125	96	143	3	## Tournée 13
69	23	128	11	101	56	24	164	91	77	131	110	192	119	186	97	30	72	49	190	## Tournée 14
169	19	136	175	99	12	153	195	50	42	196	29	38	191	79	28	73	70	## Tournée 15
163	41	20	135	197	165	108	58	117	179	86	82	151	107	138	## Tournée 16
104	67	57	21	160	159	115	37	33	88	10	13	122	39	120	44	36	## Tournée 17
85	130	90	178	71	18	54	154	180	168	149	27	188	## Tournée 18
156	25	65	127	194	112	22	47	75	60	## Tournée 19
4	174	103	9	55	## Tournée 20
124	98	2	## Tournée 21
40	150	## Tournée 22
