201727	## Somme des retards
4294966887	## Temps CPU (millisecondes)
217	11	155	105	250	41	190	53	106	134	120	84	118	31	89	165	129	186	245	90	130	54	73	200	15	14	188	158	117	169	191	224	206	168	241	46	45	167	163	49	216	208	64	28	210	225	136	242	30	212	199	125	114	160	111	115	229	219	140	29	18	233	51	184	247	152	207	154	203	26	133	62	86	239	214	232	72	193	39	185	131	78	21	248	171	146	79	88	68	102	77	121	108	143	55	94	161	236	187	137	202	103	42	17	222	27	128	234	5	95	70	71	48	132	156	67	235	13	211	201	228	151	147	221	142	112	57	6	230	238	60	81	127	175	218	226	85	25	65	164	110	148	149	215	99	246	209	116	69	24	38	113	159	162	66	180	176	249	181	198	87	12	178	107	98	179	231	1	196	20	43	59	240	82	52	237	47	223	83	80	34	204	144	10	37	205	173	213	220	170	177	153	4	3	195	145	32	174	183	135	16	124	74	58	122	123	109	50	172	8	244	7	9	119	63	150	192	157	22	36	96	92	194	101	40	91	243	35	189	100	139	33	61	197	19	126	75	23	138	97	56	141	166	93	104	182	76	2	227	44	## Ordonnancement
29	## Nombre de tournées
1	3	2	3	4	4	7	5	6	9	10	12	16	16	19	16	15	20	20	19	10	9	7	4	4	3	3	2	1	## Nombre de sites par tournée
217	## Tournée 1
155	105	11	## Tournée 2
41	250	## Tournée 3
53	106	190	## Tournée 4
84	120	118	134	## Tournée 5
129	165	31	89	## Tournée 6
54	186	245	90	130	73	200	## Tournée 7
14	15	158	188	117	## Tournée 8
169	241	206	224	191	168	## Tournée 9
28	216	49	46	167	208	45	163	64	## Tournée 10
30	212	242	160	136	225	210	199	114	125	## Tournée 11
219	140	51	233	247	18	115	29	111	152	229	184	## Tournée 12
203	26	214	239	193	185	62	39	72	78	133	154	131	86	232	207	## Tournée 13
108	161	121	77	21	79	146	248	94	102	143	88	68	171	236	55	## Tournée 14
137	5	156	234	27	95	235	132	70	48	103	187	202	17	128	222	42	71	67	## Tournée 15
112	6	238	221	147	127	81	228	60	151	230	142	201	211	13	57	## Tournée 16
116	218	175	226	65	215	148	149	99	25	164	85	246	209	110	## Tournée 17
66	98	176	231	178	24	1	179	180	12	198	107	69	249	162	113	87	159	181	38	## Tournée 18
43	240	237	205	37	34	213	47	204	144	20	52	59	223	83	82	80	196	10	173	## Tournée 19
123	195	183	16	74	145	153	174	170	220	109	3	4	32	122	58	177	135	124	## Tournée 20
192	7	119	9	244	63	172	50	150	8	## Tournée 21
194	157	91	101	36	40	96	92	22	## Tournée 22
35	61	189	33	100	139	243	## Tournée 23
126	197	19	75	## Tournée 24
97	56	138	23	## Tournée 25
166	93	141	## Tournée 26
182	76	104	## Tournée 27
227	2	## Tournée 28
44	## Tournée 29
