41498	## Somme des retards
1125	## Temps CPU (millisecondes)
3	36	135	119	22	150	145	28	148	42	181	124	5	32	172	131	157	160	98	117	186	61	175	103	68	167	76	178	1	65	136	37	33	138	67	79	24	58	39	106	8	129	99	152	45	154	21	13	19	78	197	16	94	20	142	128	192	86	158	80	84	43	57	107	64	50	104	49	114	196	179	182	187	166	109	162	125	46	121	199	191	141	74	101	139	52	190	69	163	38	176	97	96	189	155	132	137	23	111	75	118	11	70	174	185	18	62	92	15	60	95	116	171	156	188	122	77	14	31	55	44	173	153	91	108	10	2	170	105	54	168	194	17	48	200	146	177	30	169	133	87	26	110	73	164	41	126	35	127	82	27	165	193	29	198	53	140	123	100	88	51	134	184	180	85	63	9	56	59	6	195	40	120	66	143	12	130	161	89	93	159	102	4	83	7	144	71	113	183	147	25	149	81	90	72	115	47	112	34	151	## Ordonnancement
22	## Nombre de tournées
1	2	1	4	5	5	7	7	10	12	12	14	16	16	19	14	17	14	9	9	4	2	## Nombre de sites par tournée
3	## Tournée 1
36	135	## Tournée 2
119	## Tournée 3
145	22	150	28	## Tournée 4
5	42	181	148	124	## Tournée 5
131	157	160	32	172	## Tournée 6
68	117	186	98	175	103	61	## Tournée 7
136	167	76	65	178	37	1	## Tournée 8
79	58	24	106	129	39	138	8	67	33	## Tournée 9
16	154	45	197	99	19	78	20	13	94	152	21	## Tournée 10
128	107	158	64	86	43	142	50	84	57	192	80	## Tournée 11
46	109	104	121	187	162	114	196	125	182	49	166	179	199	## Tournée 12
141	189	139	190	97	101	38	191	155	132	176	163	74	96	52	69	## Tournée 13
18	70	116	95	137	11	118	75	23	174	15	185	60	92	62	111	## Tournée 14
2	156	108	170	44	105	31	77	14	171	54	168	122	153	173	55	188	10	91	## Tournée 15
146	169	200	26	30	177	73	133	87	110	164	194	17	48	## Tournée 16
123	53	140	193	27	51	198	165	126	134	127	29	82	100	88	35	41	## Tournée 17
143	56	59	120	40	180	63	9	85	195	6	184	66	12	## Tournée 18
159	161	93	89	130	7	4	102	83	## Tournée 19
147	71	25	144	90	149	113	183	81	## Tournée 20
112	72	47	115	## Tournée 21
34	151	## Tournée 22
