171398	## Somme des retards
4294965772	## Temps CPU (millisecondes)
128	77	104	78	193	26	194	23	191	190	146	184	171	59	110	76	11	125	25	45	122	20	97	116	119	172	63	178	66	92	157	70	90	177	40	180	179	14	198	145	47	51	141	10	175	79	65	168	7	112	138	183	18	41	123	120	136	135	134	139	189	151	131	91	162	58	94	52	24	186	144	197	133	169	149	196	163	30	50	140	174	42	129	155	182	82	57	108	17	127	81	19	158	21	73	126	3	95	100	22	160	96	154	9	33	113	44	60	107	53	2	98	114	31	38	29	159	109	43	28	156	102	181	195	150	56	188	46	68	15	161	164	88	142	124	35	148	54	200	105	117	83	16	8	121	32	143	147	101	34	75	87	72	49	173	27	61	69	130	13	67	55	74	170	36	132	48	166	137	4	185	6	153	192	93	176	99	37	115	89	187	106	80	71	85	103	39	118	111	5	12	152	64	62	84	165	1	86	199	167	## Ordonnancement
22	## Nombre de tournées
2	4	5	5	4	6	6	7	7	10	11	12	14	15	16	17	19	20	11	6	2	1	## Nombre de sites par tournée
77	128	## Tournée 1
193	78	104	26	## Tournée 2
190	146	194	191	23	## Tournée 3
184	76	59	171	110	## Tournée 4
11	25	125	45	## Tournée 5
97	116	119	20	122	172	## Tournée 6
178	92	66	63	157	70	## Tournée 7
14	179	40	90	177	180	198	## Tournée 8
145	47	51	79	141	175	10	## Tournée 9
7	168	138	183	120	65	41	123	18	112	## Tournée 10
131	91	162	134	136	58	135	139	151	189	94	## Tournée 11
149	169	163	52	186	144	50	197	133	24	196	30	## Tournée 12
81	42	17	158	174	82	108	129	19	57	182	155	127	140	## Tournée 13
21	126	44	22	154	160	100	73	96	3	9	113	95	60	33	## Tournée 14
107	28	98	29	114	159	109	181	2	195	38	102	156	43	31	53	## Tournée 15
54	88	200	68	105	117	142	15	164	188	56	46	150	124	148	35	161	## Tournée 16
101	13	121	16	61	32	69	173	143	130	27	87	147	49	75	8	83	34	72	## Tournée 17
55	99	93	37	137	192	48	153	176	74	89	170	115	185	132	67	166	4	6	36	## Tournée 18
103	80	71	111	39	106	85	12	5	118	187	## Tournée 19
165	62	64	1	84	152	## Tournée 20
86	199	## Tournée 21
167	## Tournée 22
