83336	## Somme des retards
4294966367	## Temps CPU (millisecondes)
147	101	118	54	81	57	143	198	166	127	86	102	150	93	24	25	33	37	6	128	134	76	69	94	65	13	52	164	90	29	182	148	123	19	1	165	135	73	39	74	132	3	88	172	67	187	68	89	49	157	115	195	55	31	21	108	179	154	92	64	96	161	105	142	180	18	77	112	110	75	98	126	47	114	9	107	83	111	14	43	155	27	42	103	152	84	59	8	141	40	160	41	120	11	72	199	173	145	53	158	17	163	23	133	130	192	32	38	181	16	194	177	36	80	48	4	149	61	100	151	139	119	129	191	156	193	113	20	183	138	46	109	122	50	170	140	78	200	91	44	169	184	176	66	28	146	2	131	63	97	136	82	79	190	167	144	178	125	171	12	189	185	197	95	188	159	5	7	174	71	62	121	196	87	70	168	56	85	58	186	22	117	15	162	116	35	104	45	124	99	34	106	153	60	30	26	51	10	175	137	## Ordonnancement
25	## Nombre de tournées
2	3	3	3	6	7	9	8	8	10	11	13	16	14	16	15	13	10	14	8	4	3	2	1	1	## Nombre de sites par tournée
147	101	## Tournée 1
54	81	118	## Tournée 2
143	198	57	## Tournée 3
166	86	127	## Tournée 4
102	33	24	93	25	150	## Tournée 5
134	76	94	37	6	69	128	## Tournée 6
29	65	182	90	52	148	123	13	164	## Tournée 7
135	1	132	39	74	19	165	73	## Tournée 8
3	172	68	49	187	88	89	67	## Tournée 9
108	195	179	21	55	92	31	157	115	154	## Tournée 10
110	96	180	18	161	112	105	77	142	75	64	## Tournée 11
47	107	42	14	9	83	126	155	43	98	27	111	114	## Tournée 12
84	40	11	160	141	103	199	145	8	72	173	120	59	53	41	152	## Tournée 13
194	38	17	192	130	16	36	177	32	23	181	133	158	163	## Tournée 14
156	61	119	151	191	183	100	80	20	4	193	129	149	48	113	139	## Tournée 15
78	200	140	66	50	44	138	109	184	170	169	91	122	46	176	## Tournée 16
2	28	63	167	131	79	97	144	136	178	146	82	190	## Tournée 17
197	185	188	5	12	159	95	189	171	125	## Tournée 18
71	87	62	22	56	58	196	85	70	186	168	174	121	7	## Tournée 19
35	117	162	104	15	116	124	45	## Tournée 20
153	99	106	34	## Tournée 21
30	26	60	## Tournée 22
10	51	## Tournée 23
175	## Tournée 24
137	## Tournée 25
