78586	## Somme des retards
4294965322	## Temps CPU (millisecondes)
25	120	29	112	27	47	95	72	159	26	15	88	104	195	157	149	8	5	167	75	12	179	133	172	50	196	142	16	124	45	106	22	76	163	140	69	146	150	102	17	18	36	105	49	192	80	125	190	100	101	171	116	60	143	90	135	56	103	158	97	178	156	147	44	155	123	193	96	198	84	42	83	2	28	65	188	66	70	89	152	63	51	191	78	122	38	7	98	166	126	115	200	53	134	160	55	121	54	184	199	109	46	39	94	132	64	93	74	119	87	161	108	154	3	117	194	43	168	35	37	34	114	113	13	6	59	67	10	182	79	131	73	162	186	111	189	127	130	19	153	61	52	177	24	197	23	33	183	136	77	175	181	11	58	145	107	141	165	110	1	137	40	176	81	20	4	85	185	170	30	118	169	99	187	21	129	71	31	82	138	144	9	164	57	128	180	139	92	174	148	86	68	62	173	91	48	14	32	151	41	## Ordonnancement
21	## Nombre de tournées
1	2	3	2	4	4	4	8	7	12	13	14	10	18	18	17	18	20	16	7	2	## Nombre de sites par tournée
25	## Tournée 1
120	29	## Tournée 2
112	27	47	## Tournée 3
95	72	## Tournée 4
159	88	26	15	## Tournée 5
149	195	157	104	## Tournée 6
75	8	167	5	## Tournée 7
172	12	196	133	50	16	179	142	## Tournée 8
106	22	124	140	163	76	45	## Tournée 9
17	192	69	18	49	36	150	102	146	105	125	80	## Tournée 10
56	90	158	116	143	100	190	171	101	60	97	103	135	## Tournée 11
28	156	155	2	84	96	193	178	147	44	83	123	198	42	## Tournée 12
188	66	51	191	78	63	65	89	152	70	## Tournée 13
54	7	200	115	126	38	199	109	46	121	184	122	55	160	98	134	53	166	## Tournée 14
132	108	39	93	117	37	194	35	94	43	87	64	3	119	154	161	168	74	## Tournée 15
186	73	182	131	111	59	114	67	34	162	10	189	6	79	113	127	13	## Tournée 16
58	145	177	23	11	52	24	175	181	197	61	153	136	33	77	183	130	19	## Tournée 17
81	1	21	30	169	137	85	185	20	176	165	141	118	110	4	107	187	40	170	99	## Tournée 18
148	57	174	71	86	92	9	144	180	139	164	128	82	138	129	31	## Tournée 19
48	14	62	68	91	32	173	## Tournée 20
41	151	## Tournée 21
