65952	## Somme des retards
4294966432	## Temps CPU (millisecondes)
80	65	107	181	106	177	15	5	180	25	61	42	100	34	40	94	115	160	154	55	162	189	98	190	76	182	6	47	45	52	93	120	112	169	191	75	194	157	151	125	172	82	56	99	30	143	59	149	41	102	91	70	28	10	164	147	159	105	89	97	43	128	86	29	104	117	155	114	145	1	96	31	170	176	195	129	183	144	37	22	122	83	171	88	27	173	124	193	72	179	116	150	13	168	158	63	127	184	38	137	48	119	198	51	121	62	109	187	146	185	9	118	163	108	196	14	18	138	134	50	66	46	130	36	73	12	20	175	26	131	123	74	64	148	84	186	132	92	7	141	103	126	79	68	136	3	60	53	32	4	197	81	44	153	152	58	2	24	139	77	69	101	111	90	166	67	33	188	8	161	142	165	23	178	16	39	135	85	200	17	110	174	133	35	71	21	95	54	192	11	49	87	167	140	19	113	156	78	199	57	## Ordonnancement
25	## Nombre de tournées
1	1	5	5	5	7	5	7	9	9	9	9	16	13	16	14	15	13	12	8	9	6	3	2	1	## Nombre de sites par tournée
80	## Tournée 1
65	## Tournée 2
107	106	181	15	177	## Tournée 3
61	25	180	5	42	## Tournée 4
100	40	94	34	115	## Tournée 5
189	160	162	190	55	98	154	## Tournée 6
6	47	182	45	76	## Tournée 7
112	120	75	52	93	191	169	## Tournée 8
151	56	99	157	194	125	82	172	30	## Tournée 9
102	59	149	143	28	41	91	70	10	## Tournée 10
128	105	164	89	43	86	97	159	147	## Tournée 11
145	155	114	31	29	104	96	1	117	## Tournée 12
122	195	83	176	37	171	193	183	88	22	124	170	144	27	173	129	## Tournée 13
13	137	116	72	127	158	168	184	179	63	150	38	48	## Tournée 14
108	109	119	185	187	14	9	51	121	146	18	198	196	118	62	163	## Tournée 15
20	46	73	123	12	175	131	66	130	138	50	36	134	26	## Tournée 16
148	132	92	136	7	74	141	68	64	126	103	84	186	3	79	## Tournée 17
153	2	44	152	197	81	24	60	139	32	58	4	53	## Tournée 18
33	67	161	101	142	188	90	69	166	77	8	111	## Tournée 19
178	200	135	39	85	16	165	23	## Tournée 20
174	21	54	71	95	17	133	35	110	## Tournée 21
192	11	49	140	167	87	## Tournée 22
113	19	156	## Tournée 23
199	78	## Tournée 24
57	## Tournée 25
