98412	## Somme des retards
660	## Temps CPU (millisecondes)
55	49	148	122	103	35	25	128	121	91	89	69	3	40	142	43	39	137	129	66	144	26	110	12	20	36	115	140	10	71	106	13	102	118	62	37	65	28	119	53	27	74	112	1	50	78	93	47	11	95	32	127	54	5	143	72	105	7	99	44	42	109	131	52	59	29	2	113	64	125	126	51	141	134	146	73	70	81	14	68	94	116	133	33	124	96	111	150	24	61	97	45	57	6	21	15	130	86	67	132	60	108	145	19	9	4	100	8	149	88	85	135	17	16	83	48	22	104	90	18	30	139	107	76	79	120	98	46	138	136	123	34	101	84	41	23	117	63	75	58	114	87	56	31	92	77	38	80	82	147	## Ordonnancement
20	## Nombre de tournées
2	4	3	3	5	5	8	6	7	9	12	11	10	13	15	12	14	5	4	2	## Nombre de sites par tournée
55	49	## Tournée 1
35	148	122	103	## Tournée 2
128	25	121	## Tournée 3
91	89	69	## Tournée 4
142	40	3	43	39	## Tournée 5
144	129	137	66	26	## Tournée 6
10	12	20	110	71	36	115	140	## Tournée 7
37	13	118	62	106	102	## Tournée 8
112	74	28	53	119	27	65	## Tournée 9
32	78	1	127	95	11	50	93	47	## Tournée 10
7	44	99	143	54	42	131	109	72	5	105	52	## Tournée 11
146	126	29	134	51	113	125	64	59	2	141	## Tournée 12
33	70	116	124	68	81	73	94	133	14	## Tournée 13
24	86	61	111	15	97	150	45	96	57	21	130	6	## Tournée 14
132	4	19	85	88	67	145	9	135	8	60	108	17	100	149	## Tournée 15
22	107	90	18	79	139	48	30	76	104	83	16	## Tournée 16
120	123	138	41	34	98	101	75	46	63	84	23	136	117	## Tournée 17
114	87	56	31	58	## Tournée 18
77	80	38	92	## Tournée 19
82	147	## Tournée 20
