177969	## Somme des retards
4294967197	## Temps CPU (millisecondes)
196	274	104	126	124	22	50	182	51	13	223	168	199	151	254	262	99	187	226	230	43	153	287	105	75	190	282	293	251	264	278	37	123	292	277	209	227	41	252	156	23	208	155	177	80	136	98	85	161	300	127	109	33	276	112	122	106	154	134	3	141	137	78	88	228	218	8	61	139	11	224	178	229	107	180	205	49	128	204	10	201	159	158	144	289	63	220	68	288	221	165	87	59	130	215	94	4	83	163	212	164	77	170	9	231	26	2	162	5	171	211	92	167	232	210	174	57	176	191	27	25	234	12	84	250	271	70	36	169	297	157	259	142	35	21	239	90	18	74	160	44	97	263	286	194	103	40	54	147	188	119	60	30	295	193	55	146	198	117	121	256	111	58	270	89	237	45	185	31	281	219	115	53	28	257	52	217	213	96	69	91	268	64	249	149	233	241	82	189	34	38	125	294	255	216	42	1	101	179	118	267	143	298	299	140	203	266	62	175	296	184	172	138	202	120	15	114	66	235	279	195	113	166	283	225	133	236	150	291	102	197	243	258	148	269	46	20	207	265	192	173	116	100	81	247	272	76	200	242	290	19	24	132	222	56	280	32	186	86	273	95	245	183	79	248	129	152	73	72	108	145	275	39	135	29	93	214	244	181	261	14	16	48	253	246	110	238	285	71	6	260	7	67	240	131	65	17	206	284	47	## Ordonnancement
24	## Nombre de tournées
2	2	3	3	3	5	4	5	6	9	12	10	15	14	15	19	22	22	27	24	30	25	22	1	## Nombre de sites par tournée
274	196	## Tournée 1
126	104	## Tournée 2
124	22	50	## Tournée 3
182	13	51	## Tournée 4
168	199	223	## Tournée 5
99	151	262	187	254	## Tournée 6
153	43	226	230	## Tournée 7
75	190	287	105	282	## Tournée 8
37	293	251	278	123	264	## Tournée 9
277	41	209	23	252	292	227	208	156	## Tournée 10
276	155	98	127	33	80	177	161	85	300	136	109	## Tournée 11
137	106	112	122	78	3	134	88	154	141	## Tournée 12
228	205	204	218	229	128	8	61	224	178	180	139	49	11	107	## Tournée 13
289	201	10	63	288	159	220	165	158	221	59	144	68	87	## Tournée 14
163	130	9	212	2	162	83	170	231	215	4	164	94	26	77	## Tournée 15
57	234	84	5	12	174	27	210	211	271	92	250	171	25	191	167	232	176	70	## Tournée 16
297	239	157	54	44	36	263	74	35	147	259	142	21	169	40	97	90	286	18	194	160	103	## Tournée 17
188	31	295	30	185	117	219	146	121	281	55	198	256	58	89	45	270	193	60	237	111	119	## Tournée 18
53	149	233	96	255	82	294	189	125	268	69	64	28	52	101	216	217	249	115	91	34	213	42	38	1	257	241	## Tournée 19
184	66	143	62	202	15	120	140	266	267	114	179	235	138	298	299	195	113	279	172	296	118	175	203	## Tournée 20
102	197	283	81	192	207	20	166	290	148	200	46	242	243	76	150	265	100	225	19	133	258	236	272	269	291	247	173	24	116	## Tournée 21
248	186	132	245	135	129	95	214	86	29	108	73	152	183	32	93	275	79	280	56	72	222	39	273	145	## Tournée 22
240	131	71	14	253	67	7	17	246	238	261	6	16	110	48	284	260	206	285	65	244	181	## Tournée 23
47	## Tournée 24
