45211	## Somme des retards
1820	## Temps CPU (millisecondes)
53	63	1	56	61	68	23	91	70	80	39	37	74	98	78	17	48	18	29	64	75	60	45	93	27	66	32	90	46	31	100	94	54	38	19	35	79	99	77	2	41	49	86	83	71	9	89	13	20	14	26	69	30	76	82	55	4	67	65	8	12	52	42	28	50	7	73	88	95	40	24	92	96	84	43	44	34	22	3	62	85	5	72	81	33	57	16	58	25	11	97	6	59	51	21	15	87	47	10	36	## Ordonnancement
18	## Nombre de tournées
2	2	3	7	5	5	8	10	12	10	9	10	8	3	2	2	1	1	## Nombre de sites par tournée
63	53	## Tournée 1
1	56	## Tournée 2
23	61	68	## Tournée 3
39	37	98	70	80	74	91	## Tournée 4
78	48	18	17	29	## Tournée 5
60	93	64	75	45	## Tournée 6
32	66	31	94	90	100	27	46	## Tournée 7
54	77	79	19	41	49	38	2	35	99	## Tournée 8
86	83	76	9	71	20	69	13	89	30	26	14	## Tournée 9
4	42	55	12	52	67	28	8	82	65	## Tournée 10
24	7	73	95	50	96	88	92	40	## Tournée 11
44	43	84	22	3	72	62	5	85	34	## Tournée 12
11	97	81	33	16	57	25	58	## Tournée 13
51	6	59	## Tournée 14
15	21	## Tournée 15
87	47	## Tournée 16
10	## Tournée 17
36	## Tournée 18
