78128	## Somme des retards
4294965997	## Temps CPU (millisecondes)
131	141	24	220	94	69	238	10	164	176	127	144	115	53	159	52	68	84	149	93	30	31	134	108	145	239	4	42	3	161	39	60	85	158	235	23	189	103	152	123	177	245	27	124	206	200	179	183	217	50	17	82	48	208	61	219	11	169	224	198	147	210	213	218	246	1	56	6	216	229	37	148	83	125	211	110	72	55	49	86	196	214	191	156	130	250	143	241	168	87	221	63	121	101	100	120	178	139	150	202	57	67	5	96	76	25	51	46	215	172	205	247	199	181	248	204	187	126	77	65	28	133	119	47	35	166	232	142	89	138	165	222	186	26	170	44	227	188	88	173	62	43	104	22	184	203	64	237	116	14	242	92	12	21	223	71	154	73	38	54	207	163	240	45	153	15	228	225	135	136	193	79	137	40	185	114	231	29	91	192	111	117	8	233	112	146	74	171	33	81	2	226	194	151	95	182	106	128	105	243	113	98	175	109	99	174	157	162	160	249	155	234	167	7	36	16	13	78	18	19	180	132	244	59	230	201	122	66	107	20	140	34	32	209	197	102	195	75	80	212	9	97	70	129	58	236	41	90	118	190	## Ordonnancement
26	## Nombre de tournées
1	1	3	3	2	3	4	6	10	11	11	11	18	16	18	19	23	23	22	17	10	10	4	2	1	1	## Nombre de sites par tournée
131	## Tournée 1
141	## Tournée 2
220	94	24	## Tournée 3
69	238	10	## Tournée 4
176	164	## Tournée 5
144	127	115	## Tournée 6
52	53	159	68	## Tournée 7
93	31	134	30	84	149	## Tournée 8
145	39	108	42	4	161	85	60	3	239	## Tournée 9
158	177	103	189	245	152	124	27	235	23	123	## Tournée 10
183	208	206	217	50	61	17	200	48	179	82	## Tournée 11
11	147	210	1	198	219	218	169	246	213	224	## Tournée 12
83	55	229	214	37	216	191	49	110	211	86	125	156	56	148	6	196	72	## Tournée 13
202	150	87	250	143	168	241	121	120	221	139	63	100	178	101	130	## Tournée 14
204	187	5	248	181	76	205	247	172	57	215	25	46	199	96	126	67	51	## Tournée 15
77	142	166	165	138	232	227	65	170	222	28	186	89	47	35	133	44	119	26	## Tournée 16
116	173	73	223	104	154	237	242	54	21	12	92	88	184	14	43	203	22	188	64	71	38	62	## Tournée 17
135	231	111	163	91	79	45	136	29	225	185	117	40	153	15	240	137	193	192	114	207	228	8	## Tournée 18
171	182	151	81	128	175	74	243	2	194	233	105	33	226	95	113	106	98	99	112	109	146	## Tournée 19
36	157	167	249	13	78	18	7	160	174	180	155	162	19	16	234	132	## Tournée 20
20	201	59	244	66	122	34	107	230	140	## Tournée 21
212	9	75	195	197	102	209	80	32	97	## Tournée 22
58	70	129	236	## Tournée 23
41	90	## Tournée 24
118	## Tournée 25
190	## Tournée 26
