211270	## Somme des retards
731	## Temps CPU (millisecondes)
28	27	202	160	16	101	62	112	36	4	172	162	241	286	22	273	110	61	267	70	166	293	182	269	8	137	10	258	95	206	213	96	161	277	259	233	221	151	218	271	124	234	13	289	125	180	185	126	1	242	150	254	252	139	40	219	154	222	106	197	155	38	64	226	113	20	46	245	250	146	268	236	43	210	196	153	60	99	171	257	191	138	76	297	39	187	24	90	287	31	174	41	144	75	283	71	216	55	249	118	86	195	122	276	92	93	228	9	178	208	295	190	263	246	192	285	294	282	239	281	274	255	111	189	291	152	156	23	232	32	181	21	290	72	74	217	66	188	50	177	94	280	79	141	80	82	133	109	299	164	169	248	19	25	261	37	240	53	35	5	14	68	7	264	17	284	128	266	298	247	198	65	157	58	85	186	97	18	11	52	238	272	143	205	6	204	134	57	48	209	176	149	104	51	184	107	220	67	115	81	88	179	114	89	103	147	170	83	47	136	34	173	199	227	214	140	142	15	117	29	30	98	203	77	251	42	230	130	163	54	296	2	148	256	127	275	87	235	84	167	44	193	56	59	12	211	49	225	215	121	270	120	300	237	108	212	243	265	260	278	63	224	131	91	175	100	129	279	26	123	78	159	168	292	194	132	262	288	3	145	201	105	165	183	45	231	207	69	119	223	229	102	73	253	135	200	116	158	244	33	## Ordonnancement
30	## Nombre de tournées
3	4	2	4	6	7	9	10	12	10	13	15	17	20	17	18	16	19	20	10	14	12	12	10	6	4	4	3	2	1	## Nombre de sites par tournée
27	202	28	## Tournée 1
101	16	160	62	## Tournée 2
112	36	## Tournée 3
162	172	4	241	## Tournée 4
273	110	267	286	22	61	## Tournée 5
70	269	137	182	293	166	8	## Tournée 6
259	161	95	277	213	10	258	206	96	## Tournée 7
13	221	234	125	124	289	233	218	271	151	## Tournée 8
1	252	150	254	219	185	40	154	242	139	126	180	## Tournée 9
113	38	64	46	20	222	106	226	155	197	## Tournée 10
99	245	196	43	153	250	236	268	210	257	171	146	60	## Tournée 11
76	138	39	24	41	75	174	31	297	287	90	191	283	187	144	## Tournée 12
195	276	118	208	190	55	228	122	216	295	86	71	178	249	93	9	92	## Tournée 13
246	192	152	239	263	181	111	294	255	282	156	189	285	232	281	291	21	23	274	32	## Tournée 14
188	133	80	177	94	74	72	66	290	79	82	217	280	50	299	109	141	## Tournée 15
17	264	164	19	128	5	14	240	53	37	7	169	25	261	35	284	248	68	## Tournée 16
198	52	238	186	157	11	85	143	247	65	266	58	97	298	272	18	## Tournée 17
204	107	209	184	220	176	149	205	48	51	179	67	134	115	57	6	81	104	88	## Tournée 18
98	114	227	173	142	15	170	147	214	89	30	199	29	136	34	103	140	47	117	83	## Tournée 19
296	42	77	203	54	163	130	251	230	2	## Tournée 20
211	127	12	84	87	44	275	148	59	167	235	56	193	256	## Tournée 21
121	215	270	49	243	237	225	300	120	212	265	108	## Tournée 22
175	278	91	100	63	260	131	129	224	279	123	26	## Tournée 23
288	159	132	262	292	145	168	194	3	78	## Tournée 24
45	105	183	165	231	201	## Tournée 25
207	69	223	119	## Tournée 26
73	102	253	229	## Tournée 27
116	200	135	## Tournée 28
158	244	## Tournée 29
33	## Tournée 30
