111355	## Somme des retards
1925	## Temps CPU (millisecondes)
132	130	197	117	239	244	75	124	122	164	226	113	154	250	71	97	203	80	58	166	236	6	208	25	213	70	77	9	238	233	22	26	156	67	56	53	127	181	100	20	92	91	221	7	66	94	220	31	98	150	120	101	134	63	228	196	139	82	223	245	237	205	84	249	55	175	89	137	179	93	167	47	40	28	140	18	10	85	195	219	72	173	43	160	106	158	149	210	96	215	34	90	206	5	1	200	184	32	64	131	153	33	16	81	224	229	60	141	202	190	186	135	189	230	105	59	151	180	242	42	214	128	24	13	218	198	169	121	79	182	187	201	143	144	95	165	86	99	126	162	194	234	125	207	41	8	185	83	171	37	102	216	57	112	142	111	73	248	217	69	212	193	115	188	62	148	192	11	209	68	103	222	2	246	50	146	49	116	243	225	138	27	161	46	155	4	231	48	38	235	61	145	172	107	35	29	30	123	136	177	14	129	118	108	65	240	191	170	76	241	23	163	232	157	178	247	174	88	39	12	54	19	45	133	78	199	109	183	114	3	110	87	159	36	15	176	51	211	204	104	152	44	227	147	168	119	21	17	52	74	## Ordonnancement
27	## Nombre de tournées
1	3	2	1	2	4	5	4	11	12	13	17	17	20	20	22	20	21	17	14	7	6	4	2	2	2	1	## Nombre de sites par tournée
132	## Tournée 1
197	117	130	## Tournée 2
244	239	## Tournée 3
75	## Tournée 4
122	124	## Tournée 5
113	164	154	226	## Tournée 6
97	71	250	80	203	## Tournée 7
166	6	58	236	## Tournée 8
26	9	77	70	25	233	22	208	238	156	213	## Tournée 9
66	7	92	100	67	91	53	181	56	20	127	221	## Tournée 10
220	82	196	94	63	134	228	150	139	31	101	120	98	## Tournée 11
55	175	237	245	28	179	84	167	249	140	205	89	137	223	40	47	93	## Tournée 12
34	18	158	43	195	149	10	173	210	90	160	72	85	215	106	219	96	## Tournée 13
200	190	153	186	32	141	1	131	64	202	206	5	224	33	16	135	60	229	81	184	## Tournée 14
42	187	198	79	24	13	105	218	59	214	151	230	121	180	189	169	242	201	182	128	## Tournée 15
37	143	102	112	234	171	216	185	95	125	8	162	144	207	41	86	57	126	83	99	165	194	## Tournée 16
62	217	188	103	73	111	212	248	209	2	115	142	11	68	148	222	69	193	192	246	## Tournée 17
35	155	46	161	27	49	235	50	61	231	38	172	138	116	4	243	48	146	145	225	107	## Tournée 18
118	170	29	108	23	163	14	65	241	123	191	177	30	136	76	240	129	## Tournée 19
45	19	54	178	133	39	157	247	88	174	78	12	199	232	## Tournée 20
183	109	3	114	87	110	159	## Tournée 21
204	176	15	51	211	36	## Tournée 22
104	227	152	44	## Tournée 23
147	168	## Tournée 24
119	21	## Tournée 25
17	52	## Tournée 26
74	## Tournée 27
