34475	## Somme des retards
4294965382	## Temps CPU (millisecondes)
26	94	60	17	24	79	91	92	21	65	16	30	14	90	76	87	15	19	7	5	51	64	75	66	55	28	58	100	2	71	69	39	41	68	37	46	72	63	23	54	11	53	8	78	98	42	70	31	89	35	4	10	67	83	9	85	99	33	61	73	6	96	22	27	34	74	62	32	45	44	3	29	47	25	18	95	49	81	50	40	12	57	36	20	52	93	88	13	59	48	80	1	38	77	82	97	43	56	86	84	## Ordonnancement
19	## Nombre de tournées
1	2	3	3	3	2	5	7	5	8	9	9	12	10	9	5	4	2	1	## Nombre de sites par tournée
26	## Tournée 1
60	94	## Tournée 2
79	24	17	## Tournée 3
91	21	92	## Tournée 4
30	65	16	## Tournée 5
14	90	## Tournée 6
19	7	76	15	87	## Tournée 7
5	51	64	55	75	28	66	## Tournée 8
69	2	71	100	58	## Tournée 9
41	63	37	72	23	46	68	39	## Tournée 10
78	8	53	54	42	31	70	11	98	## Tournée 11
85	10	83	67	4	9	89	99	35	## Tournée 12
96	32	22	27	33	62	6	73	34	74	45	61	## Tournée 13
25	3	81	95	18	47	49	50	29	44	## Tournée 14
13	57	40	36	88	20	12	52	93	## Tournée 15
59	1	80	38	48	## Tournée 16
97	43	82	77	## Tournée 17
56	86	## Tournée 18
84	## Tournée 19
