26138	## Somme des retards
440	## Temps CPU (millisecondes)
86	27	114	147	103	134	69	129	133	99	138	56	119	108	97	30	128	95	105	132	42	25	29	111	19	62	89	57	15	14	82	63	137	81	24	78	113	123	124	8	96	87	135	130	120	71	67	85	150	33	93	55	94	64	79	45	40	54	91	88	4	148	125	17	80	127	35	83	16	32	36	145	115	118	140	11	104	131	49	75	101	112	10	110	84	9	70	39	28	100	5	77	48	21	122	107	73	66	142	144	46	37	90	20	98	38	102	136	47	92	7	146	18	59	149	12	143	41	53	76	61	22	31	52	2	68	139	44	74	26	3	1	43	58	126	34	121	106	6	60	51	13	50	117	23	116	72	141	65	109	## Ordonnancement
22	## Nombre de tournées
1	5	3	3	3	3	4	5	8	10	10	14	17	12	11	13	12	7	3	3	2	1	## Nombre de sites par tournée
86	## Tournée 1
103	134	27	114	147	## Tournée 2
69	129	133	## Tournée 3
138	56	99	## Tournée 4
108	119	97	## Tournée 5
30	128	95	## Tournée 6
25	132	42	105	## Tournée 7
111	19	89	62	29	## Tournée 8
63	24	81	57	82	137	15	14	## Tournée 9
130	96	87	113	8	135	78	123	124	120	## Tournée 10
93	94	67	85	71	64	79	33	55	150	## Tournée 11
35	148	16	91	80	17	4	88	127	40	125	54	83	45	## Tournée 12
10	115	104	110	112	75	36	131	145	11	140	9	32	84	118	101	49	## Tournée 13
66	122	100	5	77	21	48	70	39	73	28	107	## Tournée 14
144	37	102	38	20	98	136	142	46	47	90	## Tournée 15
12	92	41	143	149	53	18	61	7	146	59	76	22	## Tournée 16
139	3	26	1	2	43	31	68	58	52	74	44	## Tournée 17
6	34	60	51	121	106	126	## Tournée 18
50	117	13	## Tournée 19
72	23	116	## Tournée 20
65	141	## Tournée 21
109	## Tournée 22
