59522	## Somme des retards
1770	## Temps CPU (millisecondes)
84	106	130	157	33	12	286	56	173	253	38	73	257	276	194	216	291	195	252	214	211	293	68	193	167	135	125	133	30	290	229	118	149	245	47	155	77	168	122	272	244	277	44	241	105	228	64	96	154	138	6	72	248	123	233	192	213	283	270	45	67	25	3	197	19	236	54	103	48	147	289	280	278	212	1	28	144	9	139	262	117	17	46	284	292	161	104	237	87	113	137	78	267	62	14	20	79	89	32	166	218	57	172	101	180	91	21	112	258	169	150	186	222	202	285	261	223	39	58	246	152	93	238	86	65	76	230	61	171	240	191	296	24	198	119	269	8	18	174	94	97	10	300	92	263	181	74	69	132	235	232	129	250	274	127	210	242	136	259	98	7	71	121	50	203	221	159	5	239	34	120	201	55	227	102	295	207	114	42	297	116	175	209	35	140	288	249	51	49	100	264	225	85	234	224	145	199	63	4	273	281	148	111	176	165	266	243	90	279	40	282	88	82	95	70	53	294	271	23	164	115	265	184	52	268	142	26	109	187	188	183	143	196	11	31	134	60	200	190	231	146	107	75	108	298	126	37	99	215	287	205	179	220	204	27	163	80	124	189	81	217	66	254	153	29	255	158	41	13	178	251	16	59	299	177	206	185	219	162	208	160	141	170	247	275	182	43	260	156	2	36	226	256	110	151	128	83	131	15	22	## Ordonnancement
26	## Nombre de tournées
1	2	4	5	6	8	8	8	8	11	17	16	16	17	24	24	20	29	27	27	11	4	3	2	1	1	## Nombre de sites par tournée
84	## Tournée 1
106	130	## Tournée 2
157	286	33	12	## Tournée 3
73	253	173	56	38	## Tournée 4
291	194	257	216	195	276	## Tournée 5
211	252	68	135	193	214	167	293	## Tournée 6
133	229	125	149	245	118	290	30	## Tournée 7
244	122	168	77	272	277	155	47	## Tournée 8
154	138	44	241	96	64	228	105	## Tournée 9
72	6	45	123	213	233	67	270	283	192	248	## Tournée 10
147	278	280	19	48	1	197	212	103	3	54	236	25	9	144	28	289	## Tournée 11
17	78	267	46	139	113	137	161	62	292	237	87	104	262	117	284	## Tournée 12
32	57	172	89	14	79	166	258	21	218	101	91	112	20	169	180	## Tournée 13
230	222	246	93	261	152	76	186	65	150	202	39	58	285	238	86	223	## Tournée 14
18	69	263	8	132	94	24	198	232	181	171	269	235	296	97	61	92	191	74	10	174	240	300	119	## Tournée 15
34	50	221	98	129	136	5	159	250	259	102	7	227	55	120	242	210	127	71	121	274	203	239	201	## Tournée 16
42	297	224	35	225	100	51	207	249	175	116	49	264	234	209	114	140	288	85	295	## Tournée 17
4	164	165	82	111	63	176	279	145	148	53	199	265	271	266	88	40	52	294	243	95	282	90	23	273	115	281	184	70	## Tournée 18
287	187	205	183	188	215	231	200	26	146	11	196	142	107	190	31	108	109	60	75	134	268	126	143	37	99	298	## Tournée 19
217	219	204	81	163	41	254	206	13	158	59	177	255	189	16	80	66	124	178	185	251	153	220	27	179	299	29	## Tournée 20
156	260	182	162	170	141	247	160	275	43	208	## Tournée 21
256	36	2	226	## Tournée 22
151	128	110	## Tournée 23
131	83	## Tournée 24
15	## Tournée 25
22	## Tournée 26
