19546	## Somme des retards
4294966207	## Temps CPU (millisecondes)
54	73	138	148	4	7	131	77	121	39	94	46	137	29	136	90	37	72	55	112	88	17	119	103	66	105	52	92	1	147	133	41	64	113	9	110	120	102	58	76	144	6	57	84	81	142	28	69	33	83	91	67	93	129	49	80	5	48	104	106	124	125	111	145	143	75	134	62	30	115	10	63	149	32	13	86	31	3	56	16	98	26	60	130	11	70	123	126	43	100	65	140	71	89	20	22	14	36	74	97	109	135	116	68	42	19	139	117	79	15	50	51	114	107	128	108	45	25	87	118	34	53	24	23	122	150	8	127	38	59	96	99	18	61	132	12	101	44	2	35	78	47	82	141	40	85	146	27	95	21	## Ordonnancement
19	## Nombre de tournées
2	3	3	7	7	6	6	10	11	12	15	15	13	12	13	8	4	2	1	## Nombre de sites par tournée
73	54	## Tournée 1
148	4	138	## Tournée 2
77	7	131	## Tournée 3
39	46	137	29	136	94	121	## Tournée 4
17	88	37	72	55	112	90	## Tournée 5
66	103	119	52	92	105	## Tournée 6
147	41	133	64	113	1	## Tournée 7
144	102	120	9	84	76	58	110	6	57	## Tournée 8
142	28	67	81	33	93	69	83	129	49	91	## Tournée 9
75	143	48	125	111	106	134	80	104	124	145	5	## Tournée 10
13	115	56	16	98	31	86	30	32	10	149	3	63	26	62	## Tournée 11
71	89	123	130	65	43	140	14	60	126	100	70	11	22	20	## Tournée 12
68	42	36	117	135	19	116	74	109	79	15	97	139	## Tournée 13
51	108	107	25	34	50	118	114	53	128	45	87	## Tournée 14
38	150	122	127	96	18	23	8	24	61	99	59	132	## Tournée 15
35	101	47	78	2	12	44	82	## Tournée 16
146	141	85	40	## Tournée 17
27	95	## Tournée 18
21	## Tournée 19
