56913	## Somme des retards
210	## Temps CPU (millisecondes)
138	109	22	45	34	101	71	74	127	50	139	142	112	2	116	117	81	123	68	43	3	118	13	99	131	51	1	114	26	105	143	29	73	57	37	77	60	39	126	66	65	144	93	31	140	128	108	27	67	102	122	120	149	90	132	125	136	35	80	21	58	16	91	92	33	76	95	36	46	42	124	82	11	19	6	24	12	97	137	25	113	41	106	134	86	145	14	10	83	7	47	38	30	115	64	55	107	94	56	96	28	9	32	104	78	129	88	61	20	5	62	75	87	52	110	54	100	53	15	8	146	69	17	98	150	135	72	141	44	18	4	148	63	147	103	48	121	85	111	23	119	49	130	40	133	59	70	79	89	84	## Ordonnancement
19	## Nombre de tournées
3	6	4	6	7	5	11	8	10	14	12	14	14	11	9	6	5	3	2	## Nombre de sites par tournée
109	22	138	## Tournée 1
74	71	101	127	34	45	## Tournée 2
139	142	112	50	## Tournée 3
2	81	68	116	123	117	## Tournée 4
118	43	99	3	51	13	131	## Tournée 5
1	143	114	26	105	## Tournée 6
77	39	57	29	144	65	66	73	37	126	60	## Tournée 7
31	102	108	140	67	27	128	93	## Tournée 8
120	122	80	125	136	132	149	21	90	35	## Tournée 9
16	92	91	11	82	46	19	42	124	36	33	95	76	58	## Tournée 10
137	25	12	24	6	145	134	41	97	86	106	113	## Tournée 11
115	64	94	10	7	83	14	56	47	38	55	30	96	107	## Tournée 12
20	88	5	75	32	129	87	28	52	104	62	9	78	61	## Tournée 13
100	110	15	54	69	150	146	17	53	8	98	## Tournée 14
4	135	72	63	44	141	18	147	148	## Tournée 15
85	103	48	111	23	121	## Tournée 16
133	40	49	119	130	## Tournée 17
79	70	59	## Tournée 18
89	84	## Tournée 19
