25622	## Somme des retards
4294965172	## Temps CPU (millisecondes)
20	78	76	72	89	49	24	55	46	31	40	88	28	35	81	27	82	73	10	41	56	47	99	64	9	86	33	43	58	75	95	92	52	15	83	54	100	3	1	5	91	42	61	19	2	67	22	17	66	80	90	94	79	57	62	87	60	18	53	74	44	93	16	45	29	63	4	8	51	34	69	50	6	77	13	71	32	39	70	97	21	26	65	85	96	14	68	36	23	12	30	11	84	38	7	37	48	98	25	59	## Ordonnancement
19	## Nombre de tournées
2	2	2	4	8	5	5	7	8	9	15	9	7	5	5	3	2	1	1	## Nombre de sites par tournée
20	78	## Tournée 1
72	76	## Tournée 2
49	89	## Tournée 3
46	31	55	24	## Tournée 4
35	73	27	82	88	28	81	40	## Tournée 5
99	10	56	47	41	## Tournée 6
64	9	33	86	43	## Tournée 7
83	92	75	15	95	52	58	## Tournée 8
61	100	54	91	5	42	3	1	## Tournée 9
19	67	90	2	66	17	80	94	22	## Tournée 10
79	18	16	74	57	4	63	62	29	60	93	87	45	53	44	## Tournée 11
77	51	8	13	50	71	34	69	6	## Tournée 12
32	26	65	70	21	39	97	## Tournée 13
85	96	36	68	14	## Tournée 14
11	30	23	12	84	## Tournée 15
7	38	37	## Tournée 16
48	98	## Tournée 17
25	## Tournée 18
59	## Tournée 19
