95649	## Somme des retards
4294966072	## Temps CPU (millisecondes)
28	64	15	183	125	10	161	25	165	126	19	56	45	196	84	36	70	129	185	144	76	170	176	77	180	199	21	111	163	48	102	143	157	103	137	50	110	117	112	156	89	53	152	172	168	12	147	105	11	47	113	107	127	23	78	75	120	81	61	62	37	39	2	108	35	187	177	101	26	188	44	181	73	118	200	82	40	155	13	151	99	60	68	87	178	91	92	189	162	158	41	169	83	96	149	69	148	9	135	193	54	182	6	141	67	34	49	38	90	20	14	130	159	65	93	104	46	119	138	94	184	115	66	8	22	30	32	146	109	86	55	142	171	52	63	194	136	150	116	139	160	17	16	192	124	154	140	164	175	133	1	29	4	121	128	79	42	80	27	131	166	179	7	186	134	153	197	88	43	51	95	114	58	18	71	173	85	31	195	145	198	190	174	123	167	191	72	59	98	74	132	3	97	100	106	5	33	24	122	57	## Ordonnancement
25	## Nombre de tournées
1	2	2	2	3	5	5	4	8	7	8	11	12	16	15	15	19	23	15	13	5	5	2	1	1	## Nombre de sites par tournée
28	## Tournée 1
15	64	## Tournée 2
125	183	## Tournée 3
10	161	## Tournée 4
126	25	165	## Tournée 5
45	84	196	56	19	## Tournée 6
36	70	144	129	185	## Tournée 7
176	77	170	76	## Tournée 8
199	102	163	111	143	21	180	48	## Tournée 9
117	50	137	103	157	110	112	## Tournée 10
152	172	12	168	156	53	89	147	## Tournée 11
47	78	23	75	107	105	81	11	120	127	113	## Tournée 12
37	39	101	62	108	61	177	35	187	26	2	188	## Tournée 13
151	73	118	13	178	44	200	181	40	99	68	91	60	82	155	87	## Tournée 14
92	83	135	149	193	69	9	162	41	169	54	148	158	189	96	## Tournée 15
141	104	130	67	20	93	159	90	14	49	65	34	6	38	182	## Tournée 16
8	119	142	55	115	94	66	52	184	63	30	46	146	22	109	171	32	138	86	## Tournée 17
42	79	80	140	16	128	4	1	136	29	139	17	116	121	124	150	133	164	175	154	160	194	192	## Tournée 18
51	88	179	27	186	7	114	95	153	197	58	43	131	134	166	## Tournée 19
167	31	198	145	173	174	190	71	195	123	85	191	18	## Tournée 20
98	132	72	59	74	## Tournée 21
3	5	106	100	97	## Tournée 22
24	33	## Tournée 23
122	## Tournée 24
57	## Tournée 25
