32635	## Somme des retards
4294965282	## Temps CPU (millisecondes)
26	94	15	17	60	79	16	24	65	19	21	5	92	76	14	90	30	55	87	91	66	7	2	71	28	51	23	100	58	69	64	68	37	41	72	46	63	75	31	39	11	53	8	98	4	42	70	54	35	83	78	67	10	89	9	85	99	62	73	6	96	22	48	32	74	61	45	33	44	81	27	57	36	29	34	25	18	50	3	88	82	20	12	13	80	52	49	40	38	59	95	47	1	43	97	77	86	93	84	56	## Ordonnancement
18	## Nombre de tournées
1	1	4	5	3	3	5	4	5	7	10	9	11	10	11	6	3	2	## Nombre de sites par tournée
26	## Tournée 1
94	## Tournée 2
79	60	15	17	## Tournée 3
19	24	21	65	16	## Tournée 4
5	92	76	## Tournée 5
30	14	90	## Tournée 6
91	55	87	7	66	## Tournée 7
2	71	51	28	## Tournée 8
69	23	64	58	100	## Tournée 9
41	63	37	72	46	68	75	## Tournée 10
4	8	53	39	54	42	31	70	11	98	## Tournée 11
85	10	83	67	78	9	89	99	35	## Tournée 12
96	32	22	33	62	6	73	74	48	45	61	## Tournée 13
25	57	27	18	81	36	44	29	50	34	## Tournée 14
13	3	52	12	20	88	40	82	38	49	80	## Tournée 15
59	1	97	47	43	95	## Tournée 16
77	93	86	## Tournée 17
56	84	## Tournée 18
