60664	## Somme des retards
2055	## Temps CPU (millisecondes)
9	92	30	90	88	110	57	78	96	58	28	17	41	124	46	48	35	34	140	122	74	21	14	50	15	134	22	68	36	56	109	6	99	84	87	139	54	62	105	2	4	11	93	69	80	29	129	85	116	117	67	150	148	7	51	47	40	89	12	125	61	26	149	120	43	33	107	3	135	142	38	128	108	132	130	115	52	79	13	91	137	16	141	112	146	65	100	59	121	113	103	127	31	63	114	60	27	10	20	126	143	101	95	145	1	77	39	144	82	45	118	104	72	131	42	83	119	64	111	147	53	102	123	97	24	32	73	71	66	37	75	133	136	44	23	18	76	98	19	138	8	70	25	55	94	81	106	5	86	49	## Ordonnancement
20	## Nombre de tournées
3	2	5	7	7	7	6	10	13	14	17	15	16	12	7	4	2	1	1	1	## Nombre de sites par tournée
9	30	92	## Tournée 1
88	90	## Tournée 2
57	110	96	78	58	## Tournée 3
28	48	17	41	46	124	35	## Tournée 4
74	122	34	14	140	50	21	## Tournée 5
109	68	22	36	56	15	134	## Tournée 6
99	139	84	54	87	6	## Tournée 7
93	69	129	11	80	2	4	105	29	62	## Tournée 8
150	51	12	148	47	40	85	7	125	116	89	67	117	## Tournée 9
107	61	26	132	149	120	43	33	108	135	3	128	142	38	## Tournée 10
16	137	141	103	113	65	112	91	13	59	52	130	79	115	100	146	121	## Tournée 11
10	1	95	77	20	126	127	114	145	143	60	27	31	63	101	## Tournée 12
42	102	144	82	39	118	131	72	104	64	45	147	111	53	119	83	## Tournée 13
32	44	75	133	37	123	71	73	66	136	24	97	## Tournée 14
138	19	98	76	18	23	8	## Tournée 15
25	70	55	94	## Tournée 16
106	81	## Tournée 17
5	## Tournée 18
86	## Tournée 19
49	## Tournée 20
