338173	## Somme des retards
1330	## Temps CPU (millisecondes)
80	104	296	262	186	20	265	157	66	24	293	289	188	51	48	139	282	63	68	243	129	15	135	171	109	1	96	35	26	233	46	162	177	160	300	222	277	16	286	100	299	127	281	128	217	174	89	116	149	71	252	36	183	145	120	224	55	23	125	279	76	182	295	113	39	235	67	197	272	288	92	82	249	49	117	7	22	154	18	54	225	247	53	191	27	110	231	240	147	239	124	13	152	165	236	103	173	86	207	93	64	274	121	155	9	6	158	181	214	57	77	206	201	47	298	273	91	87	43	132	83	237	50	232	219	245	38	263	4	52	164	159	30	106	151	226	3	209	122	185	179	130	266	78	70	45	283	143	268	44	74	32	228	205	81	257	11	212	246	285	244	107	176	264	138	276	254	134	193	170	184	163	167	261	153	79	278	292	10	156	119	56	144	61	12	202	118	73	238	251	85	21	95	84	65	259	253	97	40	29	115	229	169	88	28	192	280	204	123	234	14	221	2	101	267	256	269	195	227	287	75	242	223	230	58	105	210	196	8	187	198	25	59	34	275	291	172	175	17	60	140	178	42	108	189	166	72	114	211	220	112	142	126	137	290	258	190	241	133	284	136	161	111	148	199	5	248	102	270	31	131	260	255	99	94	250	37	297	98	218	294	141	69	194	180	216	19	146	168	215	90	200	208	271	213	150	33	203	62	41	## Ordonnancement
29	## Nombre de tournées
2	3	3	4	4	4	5	5	8	9	10	12	12	10	13	20	16	17	21	23	20	20	22	19	10	3	2	2	1	## Nombre de sites par tournée
80	104	## Tournée 1
262	296	186	## Tournée 2
157	265	20	## Tournée 3
66	293	289	24	## Tournée 4
139	48	51	188	## Tournée 5
243	68	63	282	## Tournée 6
135	15	129	109	171	## Tournée 7
35	96	1	26	233	## Tournée 8
277	160	222	16	177	46	162	300	## Tournée 9
127	281	286	217	174	100	299	89	128	## Tournée 10
183	145	36	120	55	252	71	224	149	116	## Tournée 11
39	295	235	125	23	182	76	279	197	113	272	67	## Tournée 12
117	288	22	92	54	7	82	249	18	49	154	225	## Tournée 13
124	147	110	247	240	231	191	27	239	53	## Tournée 14
86	64	93	165	274	155	121	103	173	207	13	152	236	## Tournée 15
132	91	6	43	158	232	237	273	50	47	201	298	9	87	206	181	214	83	57	77	## Tournée 16
209	219	245	38	30	185	122	159	164	151	4	226	3	52	263	106	## Tournée 17
257	44	205	70	45	143	78	268	228	266	74	81	179	32	11	130	283	## Tournée 18
79	246	254	170	278	193	138	163	184	176	134	107	244	285	292	153	261	276	264	212	167	## Tournée 19
84	97	251	29	12	56	95	40	238	253	144	202	115	118	156	259	65	21	10	73	119	61	85	## Tournée 20
75	123	195	101	280	221	287	169	256	234	2	267	192	88	204	269	227	28	14	229	## Tournée 21
223	60	140	198	187	196	59	172	230	58	275	210	242	105	17	291	8	175	25	34	## Tournée 22
211	189	290	284	241	114	133	220	258	112	178	126	108	142	72	161	42	111	136	137	166	190	## Tournée 23
102	250	294	131	255	31	141	99	297	37	5	270	148	94	260	248	98	199	218	## Tournée 24
69	216	200	90	146	194	19	215	180	168	## Tournée 25
208	213	271	## Tournée 26
150	33	## Tournée 27
62	203	## Tournée 28
41	## Tournée 29
