46756	## Somme des retards
75	## Temps CPU (millisecondes)
51	183	12	104	137	16	229	262	293	76	136	245	97	7	143	132	71	298	40	266	86	214	138	146	110	141	277	184	274	60	109	198	119	252	50	101	195	127	202	181	157	273	5	63	94	128	250	111	95	285	43	68	13	162	73	106	254	65	151	226	32	280	244	209	216	26	246	166	155	296	164	291	102	255	295	27	241	92	79	160	114	158	191	287	14	123	89	107	147	188	231	201	213	275	85	57	9	203	249	82	276	83	156	144	1	205	265	96	117	290	125	4	232	292	108	170	168	279	237	208	190	105	234	236	84	186	145	131	113	142	99	30	91	41	74	272	163	135	45	24	197	271	88	212	161	185	98	178	257	67	240	59	2	176	173	21	80	10	169	207	37	52	8	268	256	211	182	25	152	23	194	31	93	33	47	300	179	283	204	270	247	22	289	81	139	218	215	180	56	29	118	177	172	115	58	282	269	210	154	224	28	206	6	189	62	124	267	297	171	69	55	288	149	238	261	34	174	36	90	140	49	3	175	294	126	150	264	165	192	42	72	258	133	35	159	281	228	286	122	253	18	134	242	77	153	54	78	220	278	251	239	87	19	222	130	187	196	20	15	103	148	17	233	299	66	217	11	235	129	284	223	230	75	243	46	70	120	53	248	263	61	260	100	227	64	225	112	116	121	200	44	39	221	167	259	48	193	219	38	199	## Ordonnancement
26	## Nombre de tournées
2	3	3	5	6	8	7	8	11	16	15	15	18	27	24	20	21	25	19	14	12	8	4	4	4	1	## Nombre de sites par tournée
51	183	## Tournée 1
104	12	137	## Tournée 2
262	16	229	## Tournée 3
136	76	293	97	245	## Tournée 4
7	298	40	71	143	132	## Tournée 5
110	141	277	138	86	214	146	266	## Tournée 6
198	109	252	60	274	184	119	## Tournée 7
195	50	273	157	181	127	202	101	## Tournée 8
285	111	94	5	43	63	128	68	95	250	13	## Tournée 9
246	155	65	26	32	151	166	226	244	73	216	254	209	162	106	280	## Tournée 10
164	114	191	102	92	158	287	291	255	79	295	160	241	296	27	## Tournée 11
201	14	231	213	9	107	275	85	203	57	89	249	147	123	188	## Tournée 12
83	1	265	170	276	82	205	125	156	4	144	290	108	96	117	168	232	292	## Tournée 13
24	135	131	234	91	99	74	271	236	88	142	197	163	145	237	45	41	279	105	30	208	272	212	190	186	84	113	## Tournée 14
59	52	21	67	256	2	161	176	268	98	185	8	178	182	25	211	10	173	240	257	80	207	169	37	## Tournée 15
93	81	31	179	270	22	47	23	215	152	204	139	180	300	33	283	247	289	218	194	## Tournée 16
210	62	28	177	267	297	189	154	269	171	224	124	282	6	115	118	58	56	29	206	172	## Tournée 17
175	49	264	149	261	192	165	294	72	34	3	133	258	90	35	174	140	288	42	55	238	36	69	150	126	## Tournée 18
18	77	239	122	159	278	78	253	54	251	242	134	286	228	19	220	153	281	87	## Tournée 19
187	15	11	130	66	233	148	196	222	299	20	17	217	103	## Tournée 20
70	284	53	230	75	223	235	129	243	46	120	248	## Tournée 21
260	100	61	112	225	263	64	227	## Tournée 22
116	200	121	44	## Tournée 23
167	39	259	221	## Tournée 24
219	193	48	38	## Tournée 25
199	## Tournée 26
