18139	## Somme des retards
1640	## Temps CPU (millisecondes)
100	20	3	48	97	66	59	64	32	8	4	52	95	21	49	23	88	16	75	40	29	45	43	86	11	92	74	87	51	85	24	82	37	12	80	61	36	33	15	41	81	1	96	38	5	47	62	13	18	78	42	25	93	94	79	35	83	55	14	54	26	65	30	34	31	46	6	22	77	58	84	39	17	63	89	73	71	9	56	67	50	99	90	28	70	19	60	68	27	53	44	7	69	98	72	10	76	2	57	91	## Ordonnancement
15	## Nombre de tournées
3	4	4	4	8	9	10	11	11	10	10	8	4	2	2	## Nombre de sites par tournée
3	20	100	## Tournée 1
97	59	66	48	## Tournée 2
4	8	32	64	## Tournée 3
49	52	21	95	## Tournée 4
45	23	88	40	16	29	43	75	## Tournée 5
87	86	85	51	24	82	74	11	92	## Tournée 6
61	15	1	81	37	80	36	12	33	41	## Tournée 7
13	18	5	25	96	93	47	62	38	78	42	## Tournée 8
54	26	83	55	34	94	14	30	65	35	79	## Tournée 9
46	31	58	39	6	77	84	63	17	22	## Tournée 10
28	99	67	90	50	71	89	56	9	73	## Tournée 11
68	19	27	53	70	44	60	7	## Tournée 12
98	10	69	72	## Tournée 13
76	2	## Tournée 14
57	91	## Tournée 15
