14201	## Somme des retards
1420	## Temps CPU (millisecondes)
27	1	44	57	2	73	32	99	51	30	50	43	9	58	92	12	18	52	29	72	41	94	60	93	15	77	54	21	69	79	33	23	3	22	64	56	47	66	38	96	17	53	24	13	14	89	68	84	86	48	100	82	5	65	35	62	70	11	61	16	90	39	8	74	95	75	40	34	80	98	19	6	97	76	81	28	83	55	49	59	78	91	37	10	88	87	42	63	46	71	85	36	20	26	25	67	45	31	7	4	## Ordonnancement
17	## Nombre de tournées
3	4	3	6	5	6	10	12	13	10	8	7	5	3	2	2	1	## Nombre de sites par tournée
27	1	44	## Tournée 1
2	73	32	57	## Tournée 2
51	30	99	## Tournée 3
43	9	92	50	58	12	## Tournée 4
41	18	52	29	72	## Tournée 5
15	94	77	60	54	93	## Tournée 6
21	64	69	79	56	22	33	23	47	3	## Tournée 7
24	86	14	89	66	13	96	53	68	38	17	84	## Tournée 8
16	70	11	61	100	65	62	35	5	90	82	48	39	## Tournée 9
34	74	75	80	8	6	95	40	19	98	## Tournée 10
76	83	81	97	28	49	55	59	## Tournée 11
42	10	37	87	88	91	78	## Tournée 12
85	71	46	36	63	## Tournée 13
25	20	26	## Tournée 14
67	45	## Tournée 15
7	31	## Tournée 16
4	## Tournée 17
