40399	## Somme des retards
1800	## Temps CPU (millisecondes)
49	52	19	71	97	42	72	96	29	63	67	7	35	16	100	81	18	66	64	43	83	8	92	4	57	1	88	38	76	94	79	13	93	89	77	50	14	37	60	84	15	44	65	32	9	68	91	45	55	58	41	78	85	2	74	39	82	69	46	61	47	54	33	95	62	36	53	24	80	22	10	98	6	31	86	40	21	12	75	99	25	70	87	5	59	20	34	11	23	3	90	26	48	56	28	51	27	73	30	17	## Ordonnancement
18	## Nombre de tournées
1	4	1	6	5	7	4	8	8	12	11	11	6	6	4	2	2	2	## Nombre de sites par tournée
49	## Tournée 1
52	97	71	19	## Tournée 2
42	## Tournée 3
72	96	63	7	29	67	## Tournée 4
100	18	81	35	16	## Tournée 5
43	64	66	83	8	92	4	## Tournée 6
1	88	57	38	## Tournée 7
89	94	77	13	79	76	93	50	## Tournée 8
15	84	44	37	14	60	32	65	## Tournée 9
41	85	58	91	68	74	55	45	39	9	78	2	## Tournée 10
95	46	53	82	47	69	36	33	62	54	61	## Tournée 11
22	12	98	31	24	6	80	86	10	40	21	## Tournée 12
99	70	87	25	75	5	## Tournée 13
23	20	59	34	11	3	## Tournée 14
56	48	26	90	## Tournée 15
28	51	## Tournée 16
27	73	## Tournée 17
17	30	## Tournée 18
