269231	## Somme des retards
830	## Temps CPU (millisecondes)
67	272	227	200	178	33	190	293	30	31	228	181	69	292	165	295	97	164	45	230	243	37	223	209	158	133	277	50	92	123	129	249	73	126	288	16	72	285	251	284	10	241	191	82	17	183	107	173	47	213	100	8	83	204	252	38	80	6	85	19	110	176	282	120	153	136	189	245	275	170	235	205	119	138	24	186	210	198	105	225	62	84	269	219	70	54	149	246	3	159	248	116	177	270	247	297	232	113	142	155	65	57	52	102	32	262	1	163	168	63	162	172	125	27	187	48	196	161	90	28	294	160	114	103	108	2	242	106	197	104	146	29	289	35	77	221	240	211	59	66	236	13	78	43	75	93	231	40	195	171	14	278	132	141	112	150	258	180	9	144	127	15	61	131	203	74	26	174	254	194	296	95	79	179	23	53	88	96	218	229	199	226	253	267	145	273	217	259	21	154	214	11	81	134	44	130	55	216	265	239	256	139	281	89	157	279	60	201	151	264	276	167	202	212	193	71	185	56	22	299	182	4	18	68	152	290	220	20	137	280	291	115	51	215	121	128	46	283	101	111	140	300	34	238	255	147	58	261	156	233	12	222	99	7	287	87	257	117	39	25	271	268	109	298	250	207	76	206	42	234	166	124	135	118	41	175	192	260	184	237	286	94	143	5	266	91	244	122	263	36	188	64	148	86	98	274	208	224	49	169	## Ordonnancement
26	## Nombre de tournées
2	3	3	3	5	5	7	10	11	9	10	12	19	13	19	22	19	19	24	26	22	15	9	8	3	2	## Nombre de sites par tournée
67	272	## Tournée 1
227	178	200	## Tournée 2
190	33	293	## Tournée 3
228	30	31	## Tournée 4
295	69	292	165	181	## Tournée 5
230	97	243	45	164	## Tournée 6
209	50	223	277	37	133	158	## Tournée 7
73	123	92	288	249	16	129	72	126	285	## Tournée 8
173	82	17	251	241	284	183	191	10	107	47	## Tournée 9
100	83	8	38	80	204	6	213	252	## Tournée 10
189	176	120	245	136	110	19	153	85	282	## Tournée 11
105	275	235	24	198	186	205	138	225	119	210	170	## Tournée 12
246	219	159	247	177	149	113	142	232	54	116	3	297	270	269	62	84	248	70	## Tournée 13
65	155	63	168	1	57	52	172	32	102	163	262	162	## Tournée 14
104	161	106	114	197	125	103	28	160	196	242	48	187	108	2	27	294	90	146	## Tournée 15
43	59	66	93	221	195	77	35	211	240	29	78	171	132	13	75	14	231	40	236	289	278	## Tournée 16
141	203	74	127	9	254	95	174	150	15	26	144	296	131	61	112	194	258	180	## Tournée 17
217	259	79	267	273	229	226	53	218	214	199	96	154	88	179	253	23	21	145	## Tournée 18
202	264	139	216	44	89	167	281	60	201	193	212	81	130	265	55	256	276	279	157	134	239	151	11	## Tournée 19
22	140	291	101	182	20	220	51	4	137	152	68	280	18	111	56	185	128	46	121	290	71	215	115	283	299	## Tournée 20
109	147	233	25	58	238	271	300	268	99	287	7	39	156	261	117	87	257	34	12	222	255	## Tournée 21
76	298	192	41	250	175	206	135	118	42	207	234	124	166	260	## Tournée 22
184	244	91	94	286	266	5	237	143	## Tournée 23
122	98	36	188	263	148	86	64	## Tournée 24
224	274	208	## Tournée 25
49	169	## Tournée 26
