29284	## Somme des retards
1720	## Temps CPU (millisecondes)
58	67	83	42	10	11	17	81	57	95	64	37	90	96	68	19	12	26	86	66	53	40	82	100	71	44	24	78	39	50	7	9	31	70	4	30	98	84	41	46	1	91	18	54	5	62	29	48	87	27	73	20	60	22	77	93	21	8	51	34	72	13	99	94	65	52	88	38	49	85	63	6	2	43	14	55	76	79	36	69	23	33	3	35	47	15	16	45	89	61	80	59	25	92	56	32	28	97	75	74	## Ordonnancement
16	## Nombre de tournées
1	3	1	2	11	6	7	10	11	13	10	10	6	4	3	2	## Nombre de sites par tournée
58	## Tournée 1
67	42	83	## Tournée 2
10	## Tournée 3
11	17	## Tournée 4
90	57	19	12	64	37	81	68	95	26	96	## Tournée 5
100	86	40	82	53	66	## Tournée 6
44	78	50	71	39	24	7	## Tournée 7
98	4	30	41	31	84	46	9	1	70	## Tournée 8
48	18	20	54	91	27	87	29	5	62	73	## Tournée 9
94	8	99	34	60	13	93	65	72	22	77	21	51	## Tournée 10
2	14	38	52	88	6	49	63	43	85	## Tournée 11
35	76	79	36	69	33	55	23	3	47	## Tournée 12
61	15	89	16	45	80	## Tournée 13
25	56	59	92	## Tournée 14
32	28	97	## Tournée 15
75	74	## Tournée 16
