226097	## Somme des retards
4294967202	## Temps CPU (millisecondes)
58	197	30	147	66	98	184	39	152	97	17	137	20	64	126	249	165	7	9	242	172	227	79	188	110	76	175	81	138	151	220	62	16	171	178	239	204	53	211	93	185	134	31	35	170	34	32	128	87	163	111	13	195	230	193	95	234	207	102	206	180	119	225	10	245	141	208	84	6	156	24	224	25	162	112	73	201	14	45	99	104	136	59	205	117	54	88	44	29	209	72	158	221	69	200	146	67	219	22	92	176	223	144	169	78	229	210	166	114	15	181	52	55	107	216	189	142	23	11	4	215	145	217	61	202	214	187	121	237	5	47	125	233	238	160	40	177	57	86	236	91	173	49	159	143	43	248	123	50	3	241	213	140	130	247	191	132	222	124	164	18	33	153	183	167	70	94	182	199	127	106	60	129	63	192	105	133	116	231	46	135	90	65	8	82	131	38	194	51	190	168	212	26	198	250	1	21	155	179	2	150	196	139	243	203	12	101	85	41	56	232	100	28	174	120	89	118	115	42	149	235	68	240	157	103	77	83	75	48	74	80	186	96	161	154	122	246	109	113	148	71	19	27	36	108	228	226	218	244	37	## Ordonnancement
27	## Nombre de tournées
1	2	3	3	3	4	5	10	8	10	10	12	12	17	16	18	17	21	20	20	14	11	6	3	2	1	1	## Nombre de sites par tournée
58	## Tournée 1
197	30	## Tournée 2
98	66	147	## Tournée 3
184	39	152	## Tournée 4
17	137	97	## Tournée 5
249	20	126	64	## Tournée 6
242	9	172	7	165	## Tournée 7
79	227	175	151	138	188	76	220	81	110	## Tournée 8
62	204	16	53	178	211	239	171	## Tournée 9
31	128	34	185	87	32	35	170	93	134	## Tournée 10
195	230	193	102	95	207	111	163	234	13	## Tournée 11
141	156	24	245	208	84	10	119	6	225	206	180	## Tournée 12
25	104	224	136	112	14	99	59	162	73	45	201	## Tournée 13
200	72	221	69	29	205	44	88	219	209	117	158	146	22	92	54	67	## Tournée 14
114	223	229	55	78	181	210	176	216	107	15	189	52	166	169	144	## Tournée 15
11	237	238	233	214	61	217	47	187	23	215	4	125	202	5	121	145	142	## Tournée 16
49	159	123	86	3	241	143	177	91	40	43	248	236	50	173	160	57	## Tournée 17
222	124	199	18	60	94	132	106	191	70	140	167	153	127	130	247	213	182	33	183	164	## Tournée 18
192	90	194	190	135	231	105	51	65	129	212	131	168	46	8	133	38	82	63	116	## Tournée 19
26	2	21	100	85	150	56	101	250	232	1	139	179	155	203	198	12	196	243	41	## Tournée 20
42	149	174	115	28	157	235	120	89	118	77	68	103	240	## Tournée 21
74	80	75	122	246	186	161	83	154	96	48	## Tournée 22
109	19	113	27	71	148	## Tournée 23
108	228	36	## Tournée 24
218	226	## Tournée 25
244	## Tournée 26
37	## Tournée 27
