133702	## Somme des retards
4294965852	## Temps CPU (millisecondes)
16	198	142	37	25	123	101	49	167	39	82	67	5	41	47	120	151	60	30	192	172	188	7	112	13	134	119	80	44	69	176	106	53	126	79	173	31	164	156	2	76	157	187	125	159	131	149	161	175	20	185	45	93	200	62	138	29	54	3	137	136	186	141	27	170	35	87	88	118	55	197	14	181	194	115	22	190	58	191	139	195	97	48	72	96	92	33	158	6	113	10	70	57	124	12	107	99	26	19	122	21	155	121	109	15	36	166	174	1	90	199	59	108	150	183	17	34	61	74	145	78	140	128	100	64	133	75	152	135	84	129	144	127	86	81	9	160	103	130	105	42	38	104	153	168	102	56	111	98	154	89	171	162	50	28	179	46	24	94	132	196	148	77	43	4	182	116	110	32	68	163	165	83	189	51	114	177	91	117	147	71	85	18	146	52	63	23	66	95	178	169	8	40	180	73	184	65	11	143	193	## Ordonnancement
25	## Nombre de tournées
3	2	5	6	5	4	3	7	9	8	11	10	12	11	13	13	12	15	14	14	8	6	4	3	2	## Nombre de sites par tournée
142	16	198	## Tournée 1
25	37	## Tournée 2
49	167	123	101	39	## Tournée 3
120	47	67	41	82	5	## Tournée 4
192	151	172	30	60	## Tournée 5
112	13	188	7	## Tournée 6
134	80	119	## Tournée 7
53	176	69	106	44	126	79	## Tournée 8
173	31	157	156	187	2	164	125	76	## Tournée 9
149	161	45	159	185	175	20	131	## Tournée 10
54	29	93	3	138	137	200	141	62	136	186	## Tournée 11
181	170	55	35	27	118	14	88	197	87	## Tournée 12
195	72	139	96	97	190	115	194	48	191	58	22	## Tournée 13
10	33	57	124	12	6	113	92	107	70	158	## Tournée 14
21	121	122	19	109	1	174	36	26	99	15	155	166	## Tournée 15
145	183	90	61	59	34	78	17	108	150	140	199	74	## Tournée 16
86	127	128	100	133	84	129	75	152	135	144	64	## Tournée 17
42	38	168	130	9	102	160	103	111	105	153	81	56	104	98	## Tournée 18
162	148	77	132	154	46	89	179	94	24	196	28	50	171	## Tournée 19
51	4	83	116	165	177	182	189	32	110	43	114	68	163	## Tournée 20
18	146	85	91	147	117	52	71	## Tournée 21
66	95	178	23	169	63	## Tournée 22
180	40	73	8	## Tournée 23
184	65	11	## Tournée 24
193	143	## Tournée 25
