19749	## Somme des retards
1905	## Temps CPU (millisecondes)
5	115	52	138	48	16	76	79	105	132	32	142	82	143	20	147	78	21	118	29	13	58	150	70	10	85	4	54	69	26	3	101	129	55	65	107	86	43	126	42	117	38	30	33	139	111	53	22	77	56	37	34	144	110	93	19	62	27	97	39	44	66	125	114	83	72	145	87	28	49	123	128	95	89	121	104	102	8	130	24	36	75	45	96	98	6	119	31	140	11	133	127	100	137	103	149	120	106	148	134	64	40	113	94	88	131	17	57	35	81	116	1	12	59	109	67	63	112	122	60	146	68	2	47	108	136	91	90	46	61	124	74	23	18	71	51	84	99	14	15	9	41	141	80	50	25	73	92	7	135	## Ordonnancement
19	## Nombre de tournées
2	1	1	4	4	5	8	9	8	11	12	15	15	14	15	12	8	4	2	## Nombre de sites par tournée
115	5	## Tournée 1
52	## Tournée 2
138	## Tournée 3
76	16	79	48	## Tournée 4
142	132	105	32	## Tournée 5
147	78	143	20	82	## Tournée 6
29	13	70	118	10	21	150	58	## Tournée 7
55	85	26	69	101	54	129	4	3	## Tournée 8
42	38	86	126	107	65	43	117	## Tournée 9
144	56	22	37	53	77	111	30	139	34	33	## Tournée 10
125	19	83	97	27	110	93	114	44	39	62	66	## Tournée 11
95	130	72	28	104	121	24	145	89	49	128	102	123	8	87	## Tournée 12
137	127	103	75	45	140	119	11	98	6	100	31	133	96	36	## Tournée 13
57	64	120	35	94	149	40	88	134	106	131	148	113	17	## Tournée 14
81	67	12	146	60	112	47	1	122	63	109	68	2	116	59	## Tournée 15
136	51	23	46	18	91	74	61	90	124	108	71	## Tournée 16
41	9	80	15	14	84	141	99	## Tournée 17
73	50	92	25	## Tournée 18
7	135	## Tournée 19
