35616	## Somme des retards
595	## Temps CPU (millisecondes)
149	16	2	87	138	116	50	88	10	51	144	115	99	38	111	102	31	17	107	40	20	60	5	130	9	108	132	123	148	29	106	105	32	127	70	48	45	84	44	82	25	53	93	6	134	73	112	36	142	131	121	72	33	125	103	140	14	1	22	26	43	78	34	143	13	133	11	119	3	15	136	83	55	35	139	65	104	126	135	63	122	41	114	145	90	46	28	12	117	150	95	49	81	92	76	75	54	47	146	4	71	100	7	58	57	86	79	30	42	101	137	85	118	110	141	56	59	69	97	61	129	124	27	109	77	98	128	120	19	64	67	52	8	37	113	62	18	89	80	94	23	96	147	74	21	68	24	66	91	39	## Ordonnancement
19	## Nombre de tournées
1	1	3	3	4	4	6	7	9	9	12	16	15	15	17	13	10	4	1	## Nombre de sites par tournée
149	## Tournée 1
16	## Tournée 2
87	138	2	## Tournée 3
88	50	116	## Tournée 4
115	144	51	10	## Tournée 5
99	102	38	111	## Tournée 6
107	31	20	60	40	17	## Tournée 7
123	148	9	5	132	108	130	## Tournée 8
29	48	45	106	84	32	70	105	127	## Tournée 9
53	73	134	82	25	6	93	44	112	## Tournée 10
14	121	131	140	72	33	125	103	142	22	1	36	## Tournée 11
26	133	55	11	139	136	35	119	78	83	13	143	15	34	43	3	## Tournée 12
114	150	63	90	28	41	65	126	145	122	46	12	117	104	135	## Tournée 13
92	100	49	75	57	81	4	76	54	58	7	47	95	71	146	## Tournée 14
86	42	137	56	97	30	129	118	79	124	61	85	59	101	141	110	69	## Tournée 15
52	128	67	19	113	120	109	8	27	77	64	98	37	## Tournée 16
94	23	74	147	80	18	89	21	62	96	## Tournée 17
68	24	91	66	## Tournée 18
39	## Tournée 19
