119902	## Somme des retards
4294965767	## Temps CPU (millisecondes)
251	149	201	243	269	5	111	129	266	293	184	152	290	54	250	4	235	97	100	93	62	94	183	172	16	28	225	255	196	120	277	116	188	194	267	244	103	75	187	110	252	242	77	150	191	119	215	257	295	198	73	258	271	283	98	185	292	135	272	130	134	123	220	264	249	268	199	234	92	229	102	238	261	132	67	82	10	118	273	275	300	44	43	155	11	31	224	8	20	49	173	233	232	286	151	36	192	105	57	167	193	13	141	210	226	168	47	165	222	51	247	46	254	95	106	157	114	108	144	7	101	109	203	296	52	39	202	9	161	12	128	71	189	288	68	131	76	6	72	182	265	227	90	159	274	89	223	284	230	19	180	179	133	81	218	64	74	297	147	86	17	209	56	35	181	70	99	279	289	245	276	248	219	136	3	117	21	212	166	38	169	145	139	171	66	91	253	61	154	281	104	25	278	41	287	78	48	164	22	294	237	262	50	29	138	285	156	115	55	174	15	160	53	32	112	18	107	208	207	241	58	299	63	217	83	45	259	30	190	205	221	140	85	175	195	170	24	176	33	34	162	146	246	124	206	158	121	204	186	239	26	127	1	96	270	282	125	177	280	163	178	27	2	87	142	260	214	14	216	69	137	113	122	80	79	197	200	59	298	228	256	240	148	42	37	263	126	211	143	88	231	40	84	153	291	60	213	236	23	65	## Ordonnancement
27	## Nombre de tournées
1	1	3	2	4	5	6	6	9	7	14	12	15	18	16	20	22	24	26	22	21	22	14	5	3	1	1	## Nombre de sites par tournée
251	## Tournée 1
149	## Tournée 2
269	201	243	## Tournée 3
111	5	## Tournée 4
129	266	293	184	## Tournée 5
250	290	152	54	4	## Tournée 6
62	235	97	94	100	93	## Tournée 7
225	16	255	28	172	183	## Tournée 8
120	267	196	103	277	244	116	188	194	## Tournée 9
187	242	110	252	77	150	75	## Tournée 10
295	73	257	198	215	271	292	135	283	185	258	98	119	191	## Tournée 11
130	264	272	92	123	220	234	199	134	229	249	268	## Tournée 12
155	67	43	11	82	10	261	300	238	102	132	273	44	118	275	## Tournée 13
36	141	167	105	224	233	49	13	57	151	20	232	193	31	173	192	8	286	## Tournée 14
168	47	247	222	210	106	157	108	254	226	46	165	144	51	114	95	## Tournée 15
189	161	68	101	128	296	203	7	202	9	39	71	6	109	76	12	72	52	288	131	## Tournée 16
218	81	223	147	179	90	182	133	230	297	284	159	64	180	227	89	274	86	19	265	17	74	## Tournée 17
139	35	171	38	136	279	70	169	209	3	212	21	276	289	99	145	66	181	166	219	117	248	56	245	## Tournée 18
262	281	154	78	253	287	91	48	278	29	25	138	115	61	156	285	15	55	104	50	294	41	22	174	164	237	## Tournée 19
53	85	160	259	107	112	63	83	190	208	32	241	299	207	18	30	140	217	205	45	58	221	## Tournée 20
170	206	162	96	24	34	124	158	239	146	186	176	33	175	204	121	127	195	26	246	1	## Tournée 21
270	197	280	216	214	27	125	163	80	177	79	113	87	282	14	260	178	137	2	69	122	142	## Tournée 22
200	228	240	148	42	126	256	263	298	37	211	59	143	88	## Tournée 23
153	84	40	231	291	## Tournée 24
213	236	60	## Tournée 25
23	## Tournée 26
65	## Tournée 27
