25878	## Somme des retards
4294965262	## Temps CPU (millisecondes)
51	82	98	68	59	45	87	14	66	42	8	4	53	86	60	24	79	3	94	12	64	97	83	61	47	70	67	33	84	20	85	48	28	91	57	35	69	74	5	2	50	63	52	10	26	36	49	16	88	37	44	25	89	41	92	30	6	54	17	56	15	62	80	43	78	72	71	34	11	39	7	95	46	75	29	18	21	22	19	13	9	81	27	1	90	31	32	58	100	76	99	55	65	23	93	38	40	96	77	73	## Ordonnancement
19	## Nombre de tournées
2	3	3	4	4	3	5	6	5	7	6	9	12	11	8	6	3	2	1	## Nombre de sites par tournée
51	82	## Tournée 1
68	98	59	## Tournée 2
14	45	87	## Tournée 3
4	42	66	8	## Tournée 4
60	53	24	86	## Tournée 5
79	3	94	## Tournée 6
64	97	83	12	61	## Tournée 7
67	70	47	84	33	20	## Tournée 8
48	85	57	91	28	## Tournée 9
5	63	2	35	50	69	74	## Tournée 10
49	26	52	36	16	10	## Tournée 11
37	88	44	89	25	92	6	41	30	## Tournée 12
62	80	78	54	15	34	72	17	43	71	56	11	## Tournée 13
75	46	29	19	95	18	7	21	22	13	39	## Tournée 14
58	9	90	31	27	32	81	1	## Tournée 15
55	100	65	76	99	23	## Tournée 16
40	93	38	## Tournée 17
96	77	## Tournée 18
73	## Tournée 19
