67115	## Somme des retards
1315	## Temps CPU (millisecondes)
91	28	4	73	54	42	74	136	115	20	113	150	10	50	109	92	90	85	97	68	76	64	121	2	24	94	99	86	135	19	53	58	32	63	103	79	116	140	93	122	46	51	30	41	105	5	35	119	132	8	72	44	36	29	101	11	149	96	39	56	12	88	47	33	60	77	133	69	37	125	71	9	145	31	66	62	118	17	70	81	89	48	87	7	82	117	106	25	34	144	84	102	141	40	59	52	146	139	22	1	104	100	83	55	124	75	21	148	61	142	49	98	127	111	43	112	18	114	108	26	57	65	120	67	13	45	131	78	147	16	110	95	143	14	3	15	130	126	128	6	107	123	137	138	134	23	129	27	80	38	## Ordonnancement
18	## Nombre de tournées
2	4	3	6	7	9	10	7	10	14	12	15	17	13	12	4	3	2	## Nombre de sites par tournée
28	91	## Tournée 1
73	42	54	4	## Tournée 2
136	74	115	## Tournée 3
50	20	109	113	10	150	## Tournée 4
64	97	92	76	90	85	68	## Tournée 5
135	99	94	53	2	19	24	86	121	## Tournée 6
63	122	58	103	32	116	140	93	46	79	## Tournée 7
30	5	51	35	41	119	105	## Tournée 8
29	8	96	44	132	101	149	11	72	36	## Tournée 9
60	12	9	33	88	56	71	37	133	77	47	69	39	125	## Tournée 10
66	118	87	70	89	145	81	17	48	62	31	7	## Tournée 11
84	141	40	52	82	22	25	59	106	117	139	34	146	102	144	## Tournée 12
104	61	75	111	148	43	83	124	112	127	1	55	142	21	100	98	49	## Tournée 13
57	131	26	65	13	67	108	18	120	114	78	147	45	## Tournée 14
15	110	3	95	107	143	6	130	14	126	16	128	## Tournée 15
137	138	123	134	## Tournée 16
27	129	23	## Tournée 17
38	80	## Tournée 18
