88420	## Somme des retards
665	## Temps CPU (millisecondes)
123	214	224	63	16	22	5	244	6	204	21	232	133	41	115	92	91	94	81	172	25	35	113	14	156	155	76	78	184	3	96	189	227	151	186	58	38	119	243	179	80	13	181	86	79	160	163	154	9	124	167	108	67	222	203	231	53	237	171	134	118	198	104	162	128	20	77	242	17	140	55	106	110	61	149	207	66	102	74	23	117	87	46	4	191	39	72	217	220	90	185	188	42	165	145	197	168	89	239	19	138	10	54	127	209	2	158	236	105	107	194	70	166	249	83	137	146	246	141	206	241	36	75	210	195	229	196	103	32	161	200	182	101	212	235	216	59	27	45	213	136	82	215	169	64	122	176	247	183	192	125	57	68	180	48	143	142	121	24	85	233	201	18	248	97	114	170	159	71	130	40	208	223	31	1	221	116	147	8	99	88	15	129	132	230	47	7	98	26	33	250	205	234	95	60	49	43	240	218	65	69	131	152	62	193	226	30	164	144	219	112	111	126	44	93	190	157	211	228	173	135	84	12	174	202	177	37	238	245	50	175	56	148	139	120	187	153	150	52	109	225	178	34	28	73	29	11	100	199	51	## Ordonnancement
28	## Nombre de tournées
1	2	2	4	2	5	6	7	7	12	9	13	13	12	23	17	20	15	17	15	14	8	8	6	6	3	2	1	## Nombre de sites par tournée
123	## Tournée 1
224	214	## Tournée 2
16	63	## Tournée 3
6	5	244	22	## Tournée 4
204	21	## Tournée 5
133	115	232	92	41	## Tournée 6
25	35	91	172	81	94	## Tournée 7
184	113	76	78	156	155	14	## Tournée 8
96	3	189	186	151	58	227	## Tournée 9
163	86	80	13	38	154	181	79	160	119	179	243	## Tournée 10
108	167	53	9	203	124	222	67	231	## Tournée 11
104	20	162	171	198	17	242	237	140	134	128	77	118	## Tournée 12
46	23	207	117	149	55	66	74	106	87	61	102	110	## Tournée 13
220	185	42	188	217	4	39	72	165	145	90	191	## Tournée 14
239	70	19	168	89	249	236	209	105	146	158	54	2	107	166	137	83	138	127	10	246	194	197	## Tournée 15
210	206	75	103	235	182	229	101	212	196	200	141	161	32	195	36	241	## Tournée 16
213	176	180	82	68	125	215	169	216	48	136	122	45	183	64	57	27	247	192	59	## Tournée 17
121	130	97	201	143	248	142	233	71	170	159	24	18	85	114	## Tournée 18
47	230	129	223	221	147	99	116	8	31	7	1	88	208	40	15	132	## Tournée 19
131	69	33	49	95	26	43	218	98	60	205	65	234	250	240	## Tournée 20
62	126	144	30	226	152	164	111	93	112	44	193	190	219	## Tournée 21
157	228	84	174	12	135	211	173	## Tournée 22
245	238	202	50	37	56	177	175	## Tournée 23
187	153	148	120	139	150	## Tournée 24
109	28	225	34	178	52	## Tournée 25
11	29	73	## Tournée 26
100	199	## Tournée 27
51	## Tournée 28
