62917	## Somme des retards
4294965972	## Temps CPU (millisecondes)
19	45	6	124	22	65	80	97	122	87	42	117	138	127	29	47	27	12	16	141	46	139	114	105	10	52	110	70	24	95	96	134	63	73	128	20	34	31	33	148	71	136	106	131	49	149	8	53	14	40	28	7	83	88	112	104	38	21	93	75	41	94	125	17	25	1	107	44	79	90	64	15	118	111	92	98	84	129	145	76	60	58	121	100	135	72	113	143	68	2	137	69	147	133	78	150	51	56	142	108	85	140	48	37	123	103	74	120	50	77	62	116	99	18	39	36	82	86	57	11	109	130	91	3	132	32	43	66	5	67	54	146	59	61	102	126	23	26	144	115	13	9	30	55	89	4	101	81	35	119	## Ordonnancement
25	## Nombre de tournées
1	2	1	2	3	3	4	4	6	6	7	7	9	10	11	11	15	14	9	8	7	4	3	2	1	## Nombre de sites par tournée
19	## Tournée 1
45	6	## Tournée 2
124	## Tournée 3
65	22	## Tournée 4
97	80	122	## Tournée 5
87	117	42	## Tournée 6
47	127	138	29	## Tournée 7
27	12	141	16	## Tournée 8
10	139	105	114	52	46	## Tournée 9
110	96	134	70	24	95	## Tournée 10
63	33	73	128	20	34	31	## Tournée 11
131	106	71	136	49	148	149	## Tournée 12
53	40	7	8	28	83	112	14	88	## Tournée 13
104	125	75	93	38	94	25	21	41	17	## Tournée 14
107	1	98	111	44	90	79	92	118	64	15	## Tournée 15
135	145	113	60	121	84	100	76	129	72	58	## Tournée 16
56	2	133	68	147	143	85	51	78	142	108	150	69	137	140	## Tournée 17
74	116	36	103	50	120	48	39	77	123	99	62	37	18	## Tournée 18
82	86	57	91	11	130	3	109	132	## Tournée 19
5	54	146	67	66	59	43	32	## Tournée 20
26	115	144	61	126	102	23	## Tournée 21
55	13	30	9	## Tournée 22
101	4	89	## Tournée 23
81	35	## Tournée 24
119	## Tournée 25
