137892	## Somme des retards
1905	## Temps CPU (millisecondes)
144	154	45	74	141	2	44	168	132	200	31	20	42	195	114	193	160	35	25	27	165	81	133	127	43	76	99	64	119	34	98	60	139	72	66	101	17	140	188	172	77	69	84	138	173	111	146	87	157	184	63	40	93	110	180	100	73	47	112	108	54	171	137	95	148	36	104	131	136	79	23	175	86	57	177	6	103	58	155	120	199	7	96	116	49	11	152	158	9	78	48	41	197	28	198	128	186	12	149	185	130	24	55	192	178	134	174	115	8	68	51	33	151	170	1	176	56	142	15	147	19	162	38	18	62	91	3	109	169	179	102	143	82	117	123	32	16	194	37	46	26	159	89	126	13	39	21	30	80	189	118	67	83	59	196	90	65	153	107	191	190	53	163	105	183	75	22	187	135	106	124	145	94	10	161	50	113	92	122	71	97	182	150	164	166	88	181	61	156	29	125	14	129	167	4	5	70	121	85	52	## Ordonnancement
25	## Nombre de tournées
1	2	4	5	3	6	8	6	6	10	12	10	14	16	18	16	14	20	9	5	7	3	2	2	1	## Nombre de sites par tournée
144	## Tournée 1
45	154	## Tournée 2
2	44	141	74	## Tournée 3
20	168	200	132	31	## Tournée 4
195	114	42	## Tournée 5
165	160	25	193	35	27	## Tournée 6
99	76	133	81	43	127	119	64	## Tournée 7
139	98	66	60	72	34	## Tournée 8
101	140	172	188	77	17	## Tournée 9
184	146	84	111	63	173	69	157	138	87	## Tournée 10
110	47	40	108	93	54	73	171	100	112	137	180	## Tournée 11
131	104	136	79	95	148	23	36	175	86	## Tournée 12
96	199	120	177	103	116	155	6	11	58	152	49	7	57	## Tournée 13
186	78	185	12	41	48	130	28	55	197	128	198	158	24	149	9	## Tournée 14
142	151	174	33	15	8	68	147	51	56	170	134	19	115	178	176	1	192	## Tournée 15
16	38	179	3	82	169	123	91	18	117	143	102	62	32	109	162	## Tournée 16
159	189	30	126	46	118	37	194	13	21	80	26	39	89	## Tournée 17
190	187	67	83	90	75	196	191	59	105	124	22	163	65	53	153	106	183	107	135	## Tournée 18
145	113	92	161	94	10	50	122	71	## Tournée 19
182	150	164	97	166	## Tournée 20
61	181	125	29	14	156	88	## Tournée 21
167	4	129	## Tournée 22
70	5	## Tournée 23
85	121	## Tournée 24
52	## Tournée 25
