38661	## Somme des retards
1270	## Temps CPU (millisecondes)
3	36	150	28	135	119	22	181	42	145	148	157	5	32	172	131	124	160	98	117	186	61	175	103	68	1	76	65	24	167	178	37	33	138	39	79	58	67	136	152	16	106	8	129	142	128	45	154	21	13	19	78	197	20	50	99	94	192	86	158	80	84	43	57	64	199	107	104	49	114	196	179	182	187	166	109	162	125	46	121	132	75	189	176	38	52	174	139	190	101	69	163	74	97	96	141	155	116	137	111	60	191	15	70	185	14	18	62	92	77	118	95	171	23	168	10	170	11	26	173	44	115	91	55	188	31	153	122	2	156	105	54	164	73	108	140	30	169	146	133	87	110	48	17	194	200	198	29	165	134	82	177	123	53	35	27	40	127	51	184	41	126	88	66	63	93	193	72	120	100	180	12	143	85	83	102	6	9	56	7	144	4	130	161	89	147	159	71	149	195	59	113	90	81	183	34	112	25	151	47	## Ordonnancement
24	## Nombre de tournées
1	2	3	2	5	5	7	7	12	10	13	14	16	17	18	13	15	12	8	8	5	4	2	1	## Nombre de sites par tournée
3	## Tournée 1
36	150	## Tournée 2
135	28	119	## Tournée 3
22	181	## Tournée 4
145	157	5	42	148	## Tournée 5
131	160	32	172	124	## Tournée 6
68	117	186	98	175	103	61	## Tournée 7
65	76	167	24	178	37	1	## Tournée 8
16	79	58	106	129	39	152	138	8	67	33	136	## Tournée 9
128	154	45	197	19	142	20	78	13	21	## Tournée 10
107	158	64	86	99	43	50	84	57	199	192	94	80	## Tournée 11
46	109	104	121	187	162	114	196	125	182	132	49	166	179	## Tournée 12
141	189	139	190	97	75	38	174	155	101	69	163	176	52	74	96	## Tournée 13
18	70	116	95	137	111	62	92	118	191	77	14	171	23	15	185	60	## Tournée 14
2	156	44	11	105	31	115	168	122	153	173	55	188	10	26	91	170	54	## Tournée 15
146	140	169	30	108	73	133	87	110	164	194	17	48	## Tournée 16
123	53	200	184	177	27	51	198	165	134	127	29	82	35	40	## Tournée 17
93	41	72	193	66	12	126	63	100	88	180	120	## Tournée 18
143	56	6	9	7	102	85	83	## Tournée 19
147	159	71	161	144	89	130	4	## Tournée 20
59	195	90	149	113	## Tournée 21
112	183	81	34	## Tournée 22
25	151	## Tournée 23
47	## Tournée 24
