110625	## Somme des retards
630	## Temps CPU (millisecondes)
191	36	25	197	4	234	144	1	112	111	156	167	75	185	244	102	122	218	177	50	145	51	18	21	198	193	160	140	62	60	126	188	181	199	97	168	40	107	237	67	221	165	223	146	113	208	241	123	232	131	133	247	205	33	154	80	52	106	58	42	47	9	225	37	71	78	90	88	138	53	43	153	83	190	134	148	203	66	35	72	7	176	135	55	20	130	31	183	215	3	103	159	136	250	93	73	77	226	220	29	219	172	245	124	105	246	204	235	161	163	15	228	212	115	173	45	227	76	14	202	68	26	210	84	182	98	27	214	114	132	5	206	54	8	187	41	119	158	170	121	147	229	192	28	117	120	100	224	195	249	16	243	48	169	57	175	108	34	164	200	137	10	141	32	104	125	129	248	56	211	178	150	17	87	236	86	89	38	155	213	2	142	44	222	139	189	238	110	143	231	166	240	180	96	82	157	116	194	81	30	216	24	118	70	59	64	184	127	196	101	74	13	39	152	99	239	162	12	179	174	49	22	186	217	128	65	151	79	94	230	201	63	207	91	209	46	61	242	171	11	109	85	23	69	233	92	149	19	6	95	## Ordonnancement
24	## Nombre de tournées
1	2	4	5	4	7	7	8	7	9	11	12	16	17	18	15	26	21	24	18	8	6	3	1	## Nombre de sites par tournée
191	## Tournée 1
36	25	## Tournée 2
234	4	144	197	## Tournée 3
1	111	156	167	112	## Tournée 4
185	102	244	75	## Tournée 5
51	18	177	50	122	145	218	## Tournée 6
21	140	60	198	62	193	160	## Tournée 7
181	199	168	107	188	126	40	97	## Tournée 8
113	67	221	165	223	146	237	## Tournée 9
241	33	131	205	133	123	208	232	247	## Tournée 10
37	47	106	225	58	52	42	80	154	71	9	## Tournée 11
90	190	138	134	88	148	153	203	83	43	78	53	## Tournée 12
176	55	135	136	7	72	183	159	20	103	3	130	35	66	215	31	## Tournée 13
73	105	124	246	219	29	161	163	93	245	77	226	250	204	172	235	220	## Tournée 14
84	182	210	68	45	227	76	173	26	15	27	202	115	98	228	14	214	212	## Tournée 15
8	170	114	132	5	121	119	54	206	187	229	41	147	192	158	## Tournée 16
248	243	104	200	117	164	28	169	34	56	224	195	129	100	16	120	141	249	125	108	10	175	48	137	32	57	## Tournée 17
150	86	139	89	143	238	38	178	155	211	222	2	87	44	213	236	231	142	189	17	110	## Tournée 18
82	64	101	157	196	152	70	74	127	13	240	39	30	116	59	184	194	180	96	118	81	24	216	166	## Tournée 19
174	230	217	186	79	22	151	63	239	179	128	49	65	162	99	94	12	201	## Tournée 20
171	91	61	242	207	46	209	11	## Tournée 21
85	23	233	92	109	69	## Tournée 22
6	19	149	## Tournée 23
95	## Tournée 24
