112125	## Somme des retards
4294965727	## Temps CPU (millisecondes)
33	153	18	113	86	146	77	196	170	135	80	136	178	211	101	45	85	4	217	131	61	107	190	88	66	9	60	23	29	58	15	114	20	89	46	145	6	44	137	53	218	41	176	191	156	134	38	115	25	220	249	155	222	132	231	64	243	148	195	247	67	181	22	10	183	168	159	2	32	241	37	238	55	201	126	91	180	59	118	92	130	164	74	210	141	158	72	36	24	111	99	230	204	200	62	229	95	206	237	172	215	19	108	248	106	160	71	226	69	225	73	35	76	227	94	26	17	140	193	112	39	250	125	56	63	14	97	120	121	167	139	169	87	110	150	234	216	144	75	197	122	149	119	100	123	142	163	11	28	90	228	194	104	177	49	98	143	52	179	78	105	239	54	57	81	117	42	51	166	175	116	212	221	34	68	50	182	184	8	235	3	96	198	65	31	192	7	1	128	240	103	133	161	242	236	129	186	208	93	124	16	84	48	83	12	199	13	27	79	151	205	138	246	147	224	162	173	214	232	102	245	223	165	188	157	171	70	174	21	202	127	213	109	233	30	47	203	154	82	40	187	207	209	189	219	244	185	5	152	43	## Ordonnancement
26	## Nombre de tournées
1	1	2	3	3	5	5	4	7	7	9	10	14	16	16	22	19	20	25	22	18	9	5	4	2	1	## Nombre de sites par tournée
33	## Tournée 1
153	## Tournée 2
113	18	## Tournée 3
77	146	86	## Tournée 4
135	170	196	## Tournée 5
136	178	80	101	211	## Tournée 6
217	4	131	45	85	## Tournée 7
61	107	88	190	## Tournée 8
66	29	15	58	23	9	60	## Tournée 9
44	20	6	89	145	114	46	## Tournée 10
53	218	191	134	38	137	41	176	156	## Tournée 11
155	25	231	64	220	115	132	222	249	243	## Tournée 12
10	195	67	159	148	241	32	181	183	37	168	22	247	2	## Tournée 13
201	74	141	118	158	238	55	91	210	164	92	126	180	59	130	72	## Tournée 14
215	172	200	237	24	230	204	108	99	229	111	62	19	206	95	36	## Tournée 15
225	106	125	63	56	17	69	71	193	160	39	248	226	35	112	227	26	76	140	250	94	73	## Tournée 16
122	216	97	121	100	75	87	197	234	119	167	150	14	144	120	169	139	149	110	## Tournée 17
228	123	105	163	54	90	142	52	11	57	143	104	78	179	49	28	98	177	239	194	## Tournée 18
128	81	117	65	50	184	235	42	96	34	1	31	182	116	221	198	3	7	192	175	166	212	51	68	8	## Tournée 19
161	124	84	48	27	93	13	208	129	199	240	79	133	16	205	186	242	103	151	12	236	83	## Tournée 20
188	224	245	70	138	246	232	162	157	147	21	171	173	214	102	223	165	174	## Tournée 21
109	30	127	213	233	154	47	202	203	## Tournée 22
209	82	207	40	187	## Tournée 23
185	189	219	244	## Tournée 24
5	152	## Tournée 25
43	## Tournée 26
