60060	## Somme des retards
4294965152	## Temps CPU (millisecondes)
35	72	34	7	94	17	76	43	62	68	48	23	30	74	9	93	55	20	71	11	77	97	84	37	53	82	28	98	96	27	39	31	81	45	13	3	85	1	79	86	22	87	90	80	51	4	12	91	24	40	33	10	15	73	64	32	57	52	83	69	36	59	50	88	66	60	14	44	75	19	95	92	61	67	38	16	49	29	8	25	26	2	18	63	78	42	47	54	89	6	56	65	100	41	58	70	46	21	5	99	## Ordonnancement
19	## Nombre de tournées
1	1	2	2	1	2	6	3	4	9	9	11	10	10	12	9	3	3	2	## Nombre de sites par tournée
35	## Tournée 1
72	## Tournée 2
7	34	## Tournée 3
17	94	## Tournée 4
76	## Tournée 5
43	62	## Tournée 6
23	68	9	48	30	74	## Tournée 7
55	93	20	## Tournée 8
77	71	97	11	## Tournée 9
82	39	28	84	37	96	98	53	27	## Tournée 10
86	85	79	81	31	1	13	45	3	## Tournée 11
4	87	40	33	80	91	90	22	24	51	12	## Tournée 12
83	36	15	73	32	69	57	64	52	10	## Tournée 13
59	19	66	44	88	14	75	60	95	50	## Tournée 14
92	18	16	67	61	25	29	26	2	8	38	49	## Tournée 15
54	6	56	78	42	47	89	63	65	## Tournée 16
100	58	41	## Tournée 17
21	70	46	## Tournée 18
99	5	## Tournée 19
