243424	## Somme des retards
4294966722	## Temps CPU (millisecondes)
192	92	120	187	65	183	131	81	97	61	149	147	84	9	197	133	24	112	137	85	31	55	132	62	14	59	176	154	40	1	13	23	48	3	161	34	150	123	77	44	99	16	46	15	196	87	72	181	179	105	195	12	165	108	172	33	74	185	20	144	163	49	54	151	117	64	94	126	111	152	56	76	37	199	138	141	39	75	148	173	93	119	21	153	6	102	113	146	10	171	100	167	136	170	5	156	89	53	103	63	19	124	178	41	139	114	86	11	191	169	166	17	188	143	28	58	78	45	110	96	194	159	79	184	174	27	25	145	67	83	52	121	35	162	168	175	190	129	22	157	140	107	128	4	142	158	186	68	127	116	50	101	182	200	38	2	193	115	8	135	189	91	98	43	26	134	177	57	109	69	7	32	80	88	180	125	118	60	70	104	95	122	90	155	51	29	130	82	42	47	71	36	106	30	18	66	198	164	73	160	## Ordonnancement
25	## Nombre de tournées
1	3	2	2	3	4	3	5	6	10	12	8	10	12	16	13	18	16	14	17	12	6	4	2	1	## Nombre de sites par tournée
192	## Tournée 1
120	187	92	## Tournée 2
183	65	## Tournée 3
131	81	## Tournée 4
61	97	149	## Tournée 5
197	9	84	147	## Tournée 6
24	112	133	## Tournée 7
55	85	132	31	137	## Tournée 8
154	176	14	62	40	59	## Tournée 9
23	150	48	161	3	123	1	13	77	34	## Tournée 10
195	181	15	105	87	46	196	16	99	179	72	44	## Tournée 11
20	165	108	12	172	185	33	74	## Tournée 12
49	94	163	126	111	54	151	117	144	64	## Tournée 13
93	141	75	138	152	56	37	148	199	173	76	39	## Tournée 14
102	113	100	170	21	146	119	167	89	171	6	156	10	153	5	136	## Tournée 15
169	63	41	19	139	86	114	178	11	103	191	124	53	## Tournée 16
28	110	143	159	188	78	174	166	79	17	25	145	194	96	184	58	27	45	## Tournée 17
128	175	52	190	168	107	35	22	4	83	67	121	129	140	157	162	## Tournée 18
115	127	200	68	116	158	182	142	2	101	186	50	38	193	## Tournée 19
180	88	43	8	57	69	109	32	26	134	135	80	189	7	91	177	98	## Tournée 20
51	155	122	104	125	118	130	70	90	95	29	60	## Tournée 21
82	47	106	71	36	42	## Tournée 22
18	198	30	66	## Tournée 23
164	73	## Tournée 24
160	## Tournée 25
