166759	## Somme des retards
800	## Temps CPU (millisecondes)
46	27	35	43	34	107	36	91	15	18	146	189	148	69	167	97	200	81	90	77	178	98	73	11	24	67	78	117	92	42	22	14	196	176	40	26	156	151	175	104	6	122	120	121	70	4	119	53	20	159	101	106	86	28	102	168	66	93	13	99	136	103	153	157	187	150	79	143	171	197	116	68	191	50	131	96	57	47	154	137	61	45	16	8	105	94	162	64	30	44	192	19	100	145	10	125	183	72	114	166	134	155	133	163	2	37	12	54	193	55	177	39	9	135	160	59	179	141	132	71	129	95	41	195	161	75	112	127	7	23	109	89	52	76	17	65	31	84	62	74	32	85	194	165	186	128	144	158	113	180	51	82	164	173	140	118	172	169	111	87	130	38	138	182	29	88	33	170	3	126	147	63	25	124	110	108	48	83	184	123	5	152	58	185	49	190	115	188	149	21	1	60	142	80	139	199	174	56	198	181	## Ordonnancement
24	## Nombre de tournées
1	2	3	2	2	6	6	8	8	7	8	12	10	15	16	18	17	20	15	11	6	3	3	1	## Nombre de sites par tournée
46	## Tournée 1
27	35	## Tournée 2
107	43	34	## Tournée 3
36	91	## Tournée 4
15	18	## Tournée 5
167	146	148	97	189	69	## Tournée 6
90	178	98	81	77	200	## Tournée 7
73	67	42	11	117	78	92	24	## Tournée 8
151	156	26	22	176	40	196	14	## Tournée 9
121	6	175	104	70	120	122	## Tournée 10
4	159	101	20	86	119	106	53	## Tournée 11
157	93	168	28	136	66	153	13	102	103	187	99	## Tournée 12
68	171	143	150	79	116	197	191	131	50	## Tournée 13
44	61	154	47	64	16	8	45	57	162	137	96	105	30	94	## Tournée 14
100	192	163	19	37	155	72	166	133	114	10	134	183	145	2	125	## Tournée 15
12	95	177	135	39	132	41	160	71	59	129	195	141	55	9	54	179	193	## Tournée 16
23	89	17	112	84	127	161	52	109	65	75	7	31	62	76	74	32	## Tournée 17
194	164	118	144	82	173	51	85	140	172	111	186	180	130	113	169	128	87	165	158	## Tournée 18
25	3	38	110	126	147	124	33	182	29	138	63	108	170	88	## Tournée 19
5	152	123	48	115	58	184	190	185	49	83	## Tournée 20
21	188	60	1	142	149	## Tournée 21
199	80	139	## Tournée 22
56	198	174	## Tournée 23
181	## Tournée 24
