103824	## Somme des retards
1980	## Temps CPU (millisecondes)
2	77	18	14	150	17	16	109	9	41	12	121	66	57	10	141	56	34	54	98	35	143	82	144	20	63	138	122	107	96	100	130	136	29	137	11	64	43	86	1	42	65	33	126	26	25	83	105	90	132	72	85	129	60	21	6	134	131	24	112	48	70	49	67	7	95	125	37	99	79	40	92	46	32	44	146	123	50	28	116	23	84	147	78	47	69	94	101	89	15	30	62	106	74	55	13	51	8	111	45	114	19	87	120	61	135	36	113	142	118	76	81	22	3	53	71	4	80	117	102	104	91	115	133	127	88	145	73	139	108	27	52	59	5	119	103	148	31	128	149	97	124	68	110	39	38	93	58	140	75	## Ordonnancement
23	## Nombre de tournées
1	4	3	3	2	3	6	7	7	6	7	9	12	15	12	14	9	12	8	4	3	2	1	## Nombre de sites par tournée
2	## Tournée 1
18	14	77	150	## Tournée 2
109	17	16	## Tournée 3
12	9	41	## Tournée 4
66	121	## Tournée 5
141	57	10	## Tournée 6
98	56	34	143	35	54	## Tournée 7
82	63	138	107	122	144	20	## Tournée 8
100	29	136	96	137	130	11	## Tournée 9
65	64	86	43	42	1	## Tournée 10
33	90	83	25	126	105	26	## Tournée 11
6	129	85	131	21	134	132	72	60	## Tournée 12
99	112	7	125	37	70	24	79	48	67	95	49	## Tournée 13
50	32	92	147	23	44	78	40	116	146	123	84	28	47	46	## Tournée 14
89	94	13	62	101	55	69	30	74	106	51	15	## Tournée 15
87	61	19	142	113	120	76	118	8	135	111	36	114	45	## Tournée 16
4	3	22	81	102	117	80	71	53	## Tournée 17
139	52	104	115	88	127	108	133	91	145	27	73	## Tournée 18
5	128	59	148	31	149	103	119	## Tournée 19
124	68	97	110	## Tournée 20
39	38	93	## Tournée 21
58	140	## Tournée 22
75	## Tournée 23
