99467	## Somme des retards
475	## Temps CPU (millisecondes)
77	2	18	14	150	17	16	109	9	41	12	66	57	121	141	54	98	143	122	34	10	137	82	136	63	20	35	56	130	100	138	29	96	11	107	64	65	144	25	86	1	42	79	33	26	126	43	83	105	90	132	112	60	85	21	129	6	134	131	24	70	72	49	7	48	125	67	44	84	37	46	99	47	32	95	51	50	123	28	146	23	78	106	147	13	92	94	74	89	61	19	116	15	113	101	40	76	45	111	36	133	30	87	120	62	135	5	55	69	102	8	53	142	114	4	22	80	118	81	27	108	73	31	145	71	139	115	104	91	117	110	3	88	127	52	149	128	103	97	59	38	68	124	148	39	119	93	58	140	75	## Ordonnancement
24	## Nombre de tournées
2	3	3	3	3	4	5	4	8	8	7	9	14	12	12	12	10	10	6	5	4	3	2	1	## Nombre de sites par tournée
77	2	## Tournée 1
18	14	150	## Tournée 2
109	17	16	## Tournée 3
12	9	41	## Tournée 4
66	121	57	## Tournée 5
98	141	143	54	## Tournée 6
82	122	34	137	10	## Tournée 7
63	136	20	35	## Tournée 8
100	29	107	56	138	96	11	130	## Tournée 9
65	64	86	25	144	79	1	42	## Tournée 10
33	90	83	43	126	105	26	## Tournée 11
6	112	129	85	131	21	134	132	60	## Tournée 12
99	7	125	84	72	37	47	46	70	44	48	67	49	24	## Tournée 13
50	13	32	95	106	51	78	23	147	146	123	28	## Tournée 14
89	61	19	94	92	101	40	116	113	76	74	15	## Tournée 15
5	87	62	55	69	30	133	45	120	135	111	36	## Tournée 16
4	22	114	102	81	118	8	80	53	142	## Tournée 17
139	104	115	91	145	27	71	31	73	108	## Tournée 18
3	52	88	127	117	110	## Tournée 19
128	59	97	149	103	## Tournée 20
124	68	148	38	## Tournée 21
39	119	93	## Tournée 22
58	140	## Tournée 23
75	## Tournée 24
