69497	## Somme des retards
4294965272	## Temps CPU (millisecondes)
50	84	8	56	59	70	69	36	82	16	60	76	77	26	64	3	44	79	51	91	22	33	88	52	20	100	71	40	39	97	57	96	9	17	65	29	85	43	6	62	68	37	45	94	19	4	28	24	54	13	18	61	2	34	66	35	55	72	80	75	46	93	78	30	95	83	47	92	98	99	14	74	73	15	48	7	21	81	58	63	32	12	86	1	10	67	41	5	27	42	23	90	53	38	49	25	89	87	31	11	## Ordonnancement
23	## Nombre de tournées
1	1	2	1	1	1	3	2	2	3	6	6	8	6	10	10	12	7	9	4	3	1	1	## Nombre de sites par tournée
50	## Tournée 1
84	## Tournée 2
8	56	## Tournée 3
59	## Tournée 4
70	## Tournée 5
69	## Tournée 6
36	16	82	## Tournée 7
60	76	## Tournée 8
77	26	## Tournée 9
3	64	44	## Tournée 10
88	33	51	22	91	79	## Tournée 11
71	20	52	100	39	40	## Tournée 12
9	65	96	17	57	29	85	97	## Tournée 13
45	68	6	62	43	37	## Tournée 14
28	54	4	2	13	24	19	94	18	61	## Tournée 15
55	34	93	80	72	46	66	35	75	78	## Tournée 16
92	95	98	15	73	83	74	48	99	30	14	47	## Tournée 17
63	7	81	58	12	21	32	## Tournée 18
27	1	42	10	86	67	41	23	5	## Tournée 19
53	90	49	38	## Tournée 20
87	25	89	## Tournée 21
31	## Tournée 22
11	## Tournée 23
