131971	## Somme des retards
4294966687	## Temps CPU (millisecondes)
130	52	9	123	62	76	51	45	142	11	125	71	34	57	134	75	33	100	43	25	48	68	88	42	114	117	38	56	144	29	87	24	132	15	14	2	119	55	128	145	37	39	19	59	98	137	82	124	31	102	22	95	99	53	129	118	91	109	133	8	23	86	97	21	44	108	112	141	73	6	104	139	101	4	150	138	64	20	13	69	92	60	113	65	27	120	127	116	79	67	70	78	18	106	121	122	49	94	5	85	146	83	81	105	35	93	136	47	107	58	126	80	66	74	7	143	77	12	30	63	148	46	17	84	61	40	140	149	135	131	28	50	32	54	72	36	26	115	96	90	41	147	1	111	3	10	89	110	16	103	## Ordonnancement
20	## Nombre de tournées
1	2	4	3	3	5	5	4	8	9	11	13	10	12	14	17	14	11	3	1	## Nombre de sites par tournée
130	## Tournée 1
9	52	## Tournée 2
76	62	51	123	## Tournée 3
11	45	142	## Tournée 4
34	125	71	## Tournée 5
33	100	57	134	75	## Tournée 6
88	25	43	48	68	## Tournée 7
117	38	42	114	## Tournée 8
144	15	29	87	14	132	24	56	## Tournée 9
128	37	19	39	119	145	59	2	55	## Tournée 10
82	95	124	137	53	31	22	98	102	99	129	## Tournée 11
112	21	8	91	108	86	109	133	97	23	118	44	141	## Tournée 12
64	150	104	6	138	4	20	73	101	139	## Tournée 13
116	120	69	92	113	67	79	65	13	27	60	127	## Tournée 14
105	146	106	121	85	83	122	94	70	81	49	5	18	78	## Tournée 15
107	58	80	74	136	66	93	7	63	143	77	12	126	47	35	148	30	## Tournée 16
17	131	149	46	54	28	140	84	72	50	135	32	40	61	## Tournée 17
147	1	26	96	10	3	111	115	36	90	41	## Tournée 18
16	89	110	## Tournée 19
103	## Tournée 20
