185434	## Somme des retards
1470	## Temps CPU (millisecondes)
68	185	143	10	94	173	20	73	49	13	162	132	7	74	147	85	141	30	26	77	80	167	113	61	154	101	123	137	88	57	33	194	128	107	39	168	198	151	56	65	183	51	75	91	64	134	89	171	17	129	163	172	46	78	184	15	166	90	58	197	8	188	5	71	29	93	53	165	199	31	117	116	120	67	104	24	191	115	84	3	2	189	1	139	69	195	181	23	63	186	140	50	174	196	41	105	86	62	119	122	136	11	148	153	144	169	22	47	145	42	190	16	179	177	54	70	125	102	48	76	38	18	12	4	135	81	108	95	146	121	112	160	59	72	118	82	6	130	83	175	98	97	55	19	176	100	152	34	142	66	87	45	32	192	150	111	28	182	131	52	126	124	159	27	92	14	37	99	96	187	133	25	158	149	110	157	36	193	114	103	161	127	79	21	164	40	155	180	60	43	106	178	9	35	156	44	170	200	138	109	## Ordonnancement
23	## Nombre de tournées
3	1	5	4	4	6	7	8	9	9	12	14	14	15	19	20	17	16	8	4	2	2	1	## Nombre de sites par tournée
185	143	68	## Tournée 1
10	## Tournée 2
173	20	94	49	73	## Tournée 3
132	13	7	162	## Tournée 4
74	141	147	85	## Tournée 5
167	80	113	30	26	77	## Tournée 6
137	101	61	154	123	57	88	## Tournée 7
168	39	194	128	198	33	151	107	## Tournée 8
56	64	51	65	183	91	134	89	75	## Tournée 9
184	46	171	172	15	129	163	17	78	## Tournée 10
29	188	197	5	90	93	166	53	71	8	58	165	## Tournée 11
199	191	117	31	120	3	104	84	2	189	116	115	67	24	## Tournée 12
1	181	63	140	50	41	105	23	196	69	186	139	195	174	## Tournée 13
169	136	22	42	148	119	190	47	11	153	62	144	86	122	145	## Tournée 14
125	38	102	81	135	70	76	12	108	48	179	54	4	95	177	121	16	18	146	## Tournée 15
34	72	98	118	59	83	82	19	176	100	130	175	66	112	160	152	55	6	142	97	## Tournée 16
37	124	45	87	92	192	52	14	32	111	131	28	182	27	126	150	159	## Tournée 17
99	157	110	79	158	187	127	161	149	25	133	96	193	103	114	36	## Tournée 18
60	155	106	164	180	40	21	43	## Tournée 19
156	35	178	9	## Tournée 20
170	44	## Tournée 21
138	200	## Tournée 22
109	## Tournée 23
