97307	## Somme des retards
4294965492	## Temps CPU (millisecondes)
28	114	14	133	84	42	1	124	60	145	98	10	80	78	67	61	125	66	12	88	129	4	57	119	22	70	47	142	146	144	126	87	102	116	76	138	21	77	104	52	11	127	90	62	118	149	130	13	69	135	59	30	71	65	120	29	2	51	97	134	27	45	123	49	58	24	85	122	56	40	106	111	103	108	39	79	75	89	82	3	17	113	41	54	147	137	128	64	44	86	136	74	32	20	55	140	68	92	37	63	15	139	150	33	53	117	23	8	109	132	48	73	107	72	95	93	91	121	110	112	143	101	18	81	131	99	46	83	36	31	115	6	43	5	16	34	38	105	7	100	26	19	96	9	141	50	94	35	25	148	## Ordonnancement
21	## Nombre de tournées
1	5	3	2	5	4	5	6	6	7	10	12	10	15	14	14	14	8	4	3	2	## Nombre de sites par tournée
28	## Tournée 1
133	84	14	42	114	## Tournée 2
1	60	124	## Tournée 3
98	145	## Tournée 4
10	67	80	61	78	## Tournée 5
66	125	88	12	## Tournée 6
57	129	119	22	4	## Tournée 7
146	142	144	126	47	70	## Tournée 8
21	116	138	87	76	102	## Tournée 9
90	62	52	77	11	104	127	## Tournée 10
135	69	149	59	65	30	118	130	71	13	## Tournée 11
51	123	29	45	49	58	2	120	97	27	134	24	## Tournée 12
40	79	108	111	56	106	39	103	85	122	## Tournée 13
82	17	137	136	3	64	41	54	75	44	113	89	147	128	86	## Tournée 14
63	68	140	74	92	15	32	20	139	150	37	53	55	33	## Tournée 15
117	93	73	107	110	109	48	72	91	8	95	132	121	23	## Tournée 16
81	99	143	43	6	31	18	36	46	112	115	83	101	131	## Tournée 17
16	26	34	7	100	105	38	5	## Tournée 18
96	141	9	19	## Tournée 19
50	35	94	## Tournée 20
148	25	## Tournée 21
