68932	## Somme des retards
4294965222	## Temps CPU (millisecondes)
9	68	53	1	76	26	15	86	57	29	24	14	97	83	74	72	87	30	71	78	19	80	75	95	67	81	66	65	94	59	50	23	96	56	44	60	10	100	77	61	89	45	11	98	85	22	84	58	69	62	17	63	43	12	99	32	27	82	49	64	28	73	40	34	48	36	6	8	91	20	31	39	18	21	7	79	93	38	37	46	70	90	42	4	35	3	54	16	55	52	92	13	33	88	41	2	25	5	47	51	## Ordonnancement
20	## Nombre de tournées
1	1	1	3	4	4	5	6	4	6	8	10	12	10	10	6	3	3	2	1	## Nombre de sites par tournée
9	## Tournée 1
68	## Tournée 2
53	## Tournée 3
76	1	26	## Tournée 4
29	57	15	86	## Tournée 5
97	14	83	24	## Tournée 6
71	72	30	87	74	## Tournée 7
67	19	95	80	75	78	## Tournée 8
81	65	66	94	## Tournée 9
56	23	50	44	59	96	## Tournée 10
11	89	77	60	10	61	100	45	## Tournée 11
43	84	17	62	22	98	69	63	58	85	## Tournée 12
27	28	48	40	34	32	64	49	99	73	82	12	## Tournée 13
6	31	91	18	36	39	7	8	20	21	## Tournée 14
79	90	38	46	35	93	37	42	70	4	## Tournée 15
55	3	52	16	54	92	## Tournée 16
88	33	13	## Tournée 17
41	2	25	## Tournée 18
47	5	## Tournée 19
51	## Tournée 20
