87076	## Somme des retards
390	## Temps CPU (millisecondes)
7	24	46	33	111	50	122	34	52	133	3	126	18	4	37	57	42	28	43	132	21	121	25	100	23	144	36	127	84	95	99	113	56	44	104	118	29	10	143	101	66	27	129	35	93	62	76	142	51	137	131	105	17	38	71	147	45	69	82	88	14	116	30	13	89	75	98	90	117	136	120	80	112	6	68	59	63	39	106	60	58	138	123	96	26	72	77	92	2	114	150	128	12	67	74	103	91	87	146	124	70	102	86	149	119	5	20	65	110	109	81	94	145	11	78	79	15	64	47	22	130	48	41	1	55	85	141	108	16	148	32	115	134	49	135	9	73	54	31	107	139	140	8	19	83	97	61	53	125	40	## Ordonnancement
22	## Nombre de tournées
1	1	2	2	3	3	4	4	4	7	7	7	8	12	14	16	20	13	9	8	4	1	## Nombre de sites par tournée
7	## Tournée 1
24	## Tournée 2
33	46	## Tournée 3
50	111	## Tournée 4
34	122	52	## Tournée 5
3	133	126	## Tournée 6
4	57	18	37	## Tournée 7
132	42	43	28	## Tournée 8
100	25	21	121	## Tournée 9
99	23	127	144	36	95	84	## Tournée 10
104	113	29	10	118	56	44	## Tournée 11
27	143	93	101	129	66	35	## Tournée 12
105	62	76	51	131	142	137	17	## Tournée 13
45	88	38	82	14	89	71	13	69	147	30	116	## Tournée 14
6	68	117	98	90	75	59	63	136	120	80	39	112	106	## Tournée 15
58	114	72	2	77	67	26	74	12	96	150	128	60	92	138	123	## Tournée 16
81	11	91	78	119	70	109	146	65	20	124	86	87	149	145	103	102	110	94	5	## Tournée 17
55	48	79	22	41	15	85	47	130	64	141	1	108	## Tournée 18
135	16	73	134	148	49	9	115	32	## Tournée 19
31	19	139	8	83	107	140	54	## Tournée 20
53	97	125	61	## Tournée 21
40	## Tournée 22
