57011	## Somme des retards
1420	## Temps CPU (millisecondes)
91	66	22	37	75	28	64	76	62	16	15	70	13	65	87	83	49	40	59	86	43	1	63	94	60	85	50	8	71	69	92	44	21	58	72	98	53	7	97	67	95	78	96	29	9	48	45	56	3	4	68	90	46	6	30	14	31	89	12	47	38	54	100	41	80	42	33	27	51	23	11	20	26	84	25	17	36	74	61	2	55	81	79	73	18	10	88	35	99	19	5	34	39	93	57	82	24	52	32	77	## Ordonnancement
19	## Nombre de tournées
1	1	2	1	2	3	4	4	7	8	5	8	12	12	15	8	4	2	1	## Nombre de sites par tournée
91	## Tournée 1
66	## Tournée 2
37	22	## Tournée 3
75	## Tournée 4
28	64	## Tournée 5
76	16	62	## Tournée 6
65	70	13	15	## Tournée 7
49	87	40	83	## Tournée 8
60	63	1	86	94	43	59	## Tournée 9
44	50	85	71	69	92	8	21	## Tournée 10
72	7	98	58	53	## Tournée 11
9	95	97	29	78	67	96	48	## Tournée 12
4	89	56	3	68	45	6	14	90	31	46	30	## Tournée 13
100	33	27	12	47	38	51	23	41	42	80	54	## Tournée 14
73	79	17	11	20	25	36	81	26	74	2	55	61	84	18	## Tournée 15
35	10	88	99	34	19	5	39	## Tournée 16
82	24	57	93	## Tournée 17
52	32	## Tournée 18
77	## Tournée 19
