38188	## Somme des retards
1830	## Temps CPU (millisecondes)
27	95	60	73	5	1	89	62	99	92	30	67	24	33	76	32	81	52	44	36	19	65	56	53	10	79	71	14	20	85	46	84	86	57	66	43	98	88	96	55	74	47	75	70	41	54	94	45	48	72	8	100	11	82	16	21	6	78	93	23	63	64	83	7	4	49	22	91	9	77	29	42	2	38	3	37	34	39	35	69	18	58	51	17	59	90	28	12	68	97	15	61	40	25	31	87	50	26	80	13	## Ordonnancement
17	## Nombre de tournées
1	2	3	3	3	5	7	6	7	10	10	12	11	9	8	2	1	## Nombre de sites par tournée
27	## Tournée 1
60	95	## Tournée 2
1	73	5	## Tournée 3
99	89	62	## Tournée 4
67	92	30	## Tournée 5
76	32	81	33	24	## Tournée 6
52	65	36	53	56	19	44	## Tournée 7
20	10	71	85	14	79	## Tournée 8
98	66	84	46	57	43	86	## Tournée 9
94	88	75	41	47	55	54	96	70	74	## Tournée 10
16	8	45	11	48	21	6	100	82	72	## Tournée 11
4	93	63	78	91	23	49	64	9	7	22	83	## Tournée 12
34	69	77	42	2	3	39	37	38	35	29	## Tournée 13
17	51	90	12	28	68	18	59	58	## Tournée 14
15	61	40	25	87	31	97	50	## Tournée 15
80	26	## Tournée 16
13	## Tournée 17
