185653	## Somme des retards
1875	## Temps CPU (millisecondes)
193	10	4	95	64	28	163	94	128	175	104	90	103	67	125	180	198	121	87	149	96	192	126	20	80	7	115	77	140	189	111	179	184	105	112	143	120	41	174	42	69	54	156	152	70	17	169	162	170	72	159	161	76	83	55	190	98	12	186	178	129	51	151	24	59	185	157	93	49	27	16	142	85	9	131	29	147	124	18	68	46	133	38	15	191	123	53	155	200	196	117	171	33	138	167	92	168	36	21	110	65	35	66	134	187	71	166	100	74	25	145	30	182	181	172	136	183	132	153	52	2	78	3	57	56	37	106	173	97	81	113	19	14	31	8	199	165	101	119	118	26	176	45	158	148	86	43	34	116	73	150	62	82	1	137	135	107	188	130	50	91	75	139	114	108	102	99	32	61	84	6	23	48	177	47	146	154	141	58	195	44	22	160	5	39	60	122	109	89	144	88	194	127	164	79	11	40	13	197	63	## Ordonnancement
24	## Nombre de tournées
2	2	1	3	2	2	3	2	6	7	7	9	10	13	10	16	19	18	21	18	15	8	4	2	## Nombre de sites par tournée
193	10	## Tournée 1
95	4	## Tournée 2
64	## Tournée 3
94	163	28	## Tournée 4
128	175	## Tournée 5
104	90	## Tournée 6
67	125	103	## Tournée 7
198	180	## Tournée 8
126	149	87	96	192	121	## Tournée 9
7	80	20	77	140	115	189	## Tournée 10
184	120	111	179	143	105	112	## Tournée 11
41	17	70	54	174	152	156	42	69	## Tournée 12
161	72	159	83	76	170	162	169	55	190	## Tournée 13
49	59	93	98	129	151	186	185	12	178	51	24	157	## Tournée 14
18	16	29	124	85	147	131	142	27	9	## Tournée 15
196	117	155	200	171	191	133	33	68	38	167	123	46	15	53	138	## Tournée 16
182	166	36	110	35	181	168	65	21	92	100	187	71	145	30	74	66	134	25	## Tournée 17
153	172	183	52	113	81	37	78	2	57	106	97	132	136	56	19	3	173	## Tournée 18
165	26	199	43	73	176	62	14	158	34	86	118	31	8	45	148	150	116	119	101	82	## Tournée 19
188	32	108	107	139	91	137	135	75	102	1	99	130	84	6	50	114	61	## Tournée 20
58	48	154	44	47	60	160	22	141	177	23	5	195	146	39	## Tournée 21
88	164	194	122	109	127	144	89	## Tournée 22
79	13	11	40	## Tournée 23
197	63	## Tournée 24
