49565	## Somme des retards
1550	## Temps CPU (millisecondes)
10	89	51	2	67	48	72	14	40	76	56	78	34	29	93	16	70	33	61	90	79	20	100	42	71	35	49	18	96	31	24	99	59	19	85	8	26	1	66	87	30	12	69	57	46	97	9	39	75	41	27	45	17	50	47	60	38	4	68	63	37	15	36	44	53	83	74	86	11	58	7	80	88	52	23	28	13	62	77	43	6	21	92	82	94	73	22	3	32	5	84	95	81	25	54	55	98	64	65	91	## Ordonnancement
19	## Nombre de tournées
2	1	2	1	3	1	4	6	9	8	8	13	10	9	10	7	2	2	2	## Nombre de sites par tournée
89	10	## Tournée 1
51	## Tournée 2
67	2	## Tournée 3
48	## Tournée 4
14	72	40	## Tournée 5
76	## Tournée 6
34	56	78	29	## Tournée 7
16	70	93	61	90	33	## Tournée 8
71	42	20	18	49	35	96	79	100	## Tournée 9
8	24	85	99	19	59	31	26	## Tournée 10
30	46	87	69	57	1	12	66	## Tournée 11
47	9	50	75	4	27	97	45	60	41	38	39	17	## Tournée 12
86	53	37	83	68	63	74	15	44	36	## Tournée 13
52	11	23	88	13	80	58	28	7	## Tournée 14
62	82	92	6	77	43	22	94	21	73	## Tournée 15
95	3	84	32	25	5	81	## Tournée 16
55	54	## Tournée 17
64	98	## Tournée 18
65	91	## Tournée 19
