73512	## Somme des retards
1300	## Temps CPU (millisecondes)
24	57	92	23	76	61	19	11	66	75	27	82	77	15	84	31	83	6	12	71	2	22	54	34	90	14	99	68	9	36	96	35	91	55	18	42	64	40	85	95	63	58	52	88	67	97	89	93	4	26	21	56	7	45	10	62	46	81	17	73	72	100	87	80	53	94	1	50	78	32	20	3	65	86	29	38	60	51	47	39	41	43	79	28	37	33	44	59	49	69	8	13	30	25	98	5	70	48	16	74	## Ordonnancement
17	## Nombre de tournées
1	3	3	4	4	4	6	6	6	9	9	12	9	14	6	3	1	## Nombre de sites par tournée
24	## Tournée 1
92	23	57	## Tournée 2
19	61	76	## Tournée 3
66	75	11	27	## Tournée 4
82	77	15	84	## Tournée 5
83	31	6	12	## Tournée 6
34	2	22	90	71	54	## Tournée 7
9	96	68	14	99	36	## Tournée 8
42	55	91	35	64	18	## Tournée 9
97	85	67	95	40	63	88	52	58	## Tournée 10
10	21	89	56	93	7	26	4	45	## Tournée 11
46	53	1	94	17	72	87	81	62	73	100	80	## Tournée 12
65	50	86	20	29	78	38	32	3	## Tournée 13
43	59	37	69	41	47	51	79	28	33	39	44	60	49	## Tournée 14
98	25	5	13	30	8	## Tournée 15
70	16	48	## Tournée 16
74	## Tournée 17
