122997	## Somme des retards
505	## Temps CPU (millisecondes)
156	37	41	3	66	95	111	5	102	181	179	91	68	38	148	169	105	132	187	77	54	142	27	71	188	178	170	88	76	149	200	104	92	192	125	81	127	199	124	172	58	11	193	90	165	22	134	109	4	198	112	114	36	97	194	182	6	12	122	120	49	72	59	168	80	39	93	57	55	161	151	180	106	30	75	146	2	67	183	14	79	176	99	166	185	62	138	48	141	128	31	25	42	115	171	44	139	189	24	84	28	1	96	89	23	34	175	110	16	184	145	191	53	63	70	35	101	118	43	10	61	7	167	130	85	73	195	137	147	121	108	69	154	158	46	78	140	33	51	8	117	9	144	52	21	26	94	123	131	40	82	103	196	64	162	100	29	157	133	119	136	13	74	143	17	174	163	190	153	107	186	173	15	32	116	98	129	152	159	164	86	155	56	47	60	150	177	135	126	197	83	19	87	65	50	45	20	160	18	113	## Ordonnancement
22	## Nombre de tournées
3	2	4	3	5	6	7	8	10	13	15	16	12	14	19	17	17	14	8	4	2	1	## Nombre de sites par tournée
41	156	37	## Tournée 1
66	3	## Tournée 2
102	95	5	111	## Tournée 3
181	91	179	## Tournée 4
68	169	38	148	105	## Tournée 5
54	187	77	132	27	142	## Tournée 6
149	188	76	170	71	88	178	## Tournée 7
199	92	200	125	104	81	192	127	## Tournée 8
193	90	124	58	172	109	11	134	165	22	## Tournée 9
97	36	12	114	6	4	194	49	112	120	182	198	122	## Tournée 10
106	55	72	57	93	80	75	161	151	180	39	30	146	59	168	## Tournée 11
183	166	141	62	128	25	138	14	67	2	185	99	48	176	79	31	## Tournée 12
24	84	28	44	171	189	115	1	89	96	139	42	## Tournée 13
175	16	23	53	34	110	63	184	101	145	118	35	191	70	## Tournée 14
154	61	167	10	130	121	195	46	137	140	73	7	147	69	85	78	43	108	158	## Tournée 15
82	64	33	52	26	131	123	117	40	51	144	103	9	94	8	196	21	## Tournée 16
13	74	190	162	163	136	174	119	29	100	17	133	157	107	186	153	143	## Tournée 17
129	47	56	60	155	116	152	98	32	159	164	15	86	173	## Tournée 18
135	83	197	87	126	177	150	19	## Tournée 19
65	50	45	20	## Tournée 20
160	18	## Tournée 21
113	## Tournée 22
