149636	## Somme des retards
4294966867	## Temps CPU (millisecondes)
145	114	30	2	126	94	72	105	81	129	48	149	136	24	35	116	144	113	6	57	5	119	32	45	22	106	69	103	63	31	13	86	10	147	20	85	21	87	102	26	107	78	150	41	93	120	108	47	19	44	36	60	97	52	54	50	66	46	122	133	101	75	128	23	98	33	67	68	37	74	146	89	61	109	4	58	38	56	14	88	137	132	29	111	117	83	96	90	55	104	7	123	53	18	140	28	118	127	135	125	99	138	1	40	82	91	70	84	12	43	25	95	148	142	49	110	139	80	76	11	141	3	73	121	62	27	9	79	65	92	59	115	77	8	131	16	134	112	100	71	51	17	143	34	64	39	130	42	124	15	## Ordonnancement
22	## Nombre de tournées
1	1	2	2	4	3	3	4	4	8	8	7	10	12	11	13	16	16	14	5	5	1	## Nombre de sites par tournée
145	## Tournée 1
114	## Tournée 2
30	2	## Tournée 3
94	126	## Tournée 4
129	81	105	72	## Tournée 5
48	136	149	## Tournée 6
35	24	116	## Tournée 7
57	6	144	113	## Tournée 8
119	45	5	32	## Tournée 9
31	86	22	103	69	63	13	106	## Tournée 10
21	26	10	147	87	102	20	85	## Tournée 11
108	107	150	93	120	41	78	## Tournée 12
52	60	47	44	54	50	97	36	66	19	## Tournée 13
68	101	122	75	128	133	98	33	37	46	67	23	## Tournée 14
56	58	4	38	88	146	74	61	14	109	89	## Tournée 15
137	111	83	117	7	55	104	96	53	123	29	90	132	## Tournée 16
12	125	140	135	99	127	40	1	28	91	70	118	138	82	84	18	## Tournée 17
73	25	49	95	80	142	148	121	43	141	76	11	110	139	3	62	## Tournée 18
134	79	9	59	131	27	100	8	65	16	92	115	112	77	## Tournée 19
71	51	17	143	34	## Tournée 20
42	124	130	64	39	## Tournée 21
15	## Tournée 22
