146269	## Somme des retards
40	## Temps CPU (millisecondes)
114	30	2	145	105	129	126	72	149	94	24	48	81	144	113	6	57	116	5	31	35	22	136	45	32	10	86	106	119	13	63	102	20	69	103	85	21	87	26	147	78	41	150	93	120	108	46	52	133	19	44	60	47	67	36	54	66	128	123	37	23	61	75	50	97	122	146	89	109	4	58	38	107	132	68	101	98	33	14	74	88	137	29	111	117	56	83	96	90	55	104	91	7	18	53	140	148	28	118	127	135	125	99	138	1	40	82	12	70	84	43	62	73	142	49	110	139	80	76	11	141	3	95	121	112	34	27	9	79	65	8	17	59	115	77	131	25	16	134	15	100	71	51	39	130	92	143	64	42	124	## Ordonnancement
21	## Nombre de tournées
1	2	1	2	4	3	5	5	4	5	7	7	12	8	15	14	16	14	16	6	3	## Nombre de sites par tournée
114	## Tournée 1
30	2	## Tournée 2
145	## Tournée 3
129	105	## Tournée 4
94	126	149	72	## Tournée 5
24	48	81	## Tournée 6
57	116	6	144	113	## Tournée 7
35	31	136	5	22	## Tournée 8
86	45	10	32	## Tournée 9
119	13	106	63	102	## Tournée 10
21	26	103	69	87	20	85	## Tournée 11
108	150	93	147	41	120	78	## Tournée 12
52	60	47	44	54	67	46	19	36	128	133	66	## Tournée 13
122	123	75	37	61	23	97	50	## Tournée 14
68	101	107	74	33	98	146	88	132	4	38	58	89	14	109	## Tournée 15
137	56	29	90	53	55	104	91	96	7	117	18	83	111	## Tournée 16
12	125	140	135	99	127	40	1	28	138	118	43	70	84	82	148	## Tournée 17
73	49	95	80	142	121	112	62	3	141	76	11	110	139	## Tournée 18
134	79	9	25	59	131	27	100	8	17	65	16	15	34	115	77	## Tournée 19
71	130	51	39	92	143	## Tournée 20
42	124	64	## Tournée 21
