156176	## Somme des retards
4294966162	## Temps CPU (millisecondes)
100	161	102	99	166	169	115	2	51	11	152	19	22	45	4	8	189	142	122	67	65	83	49	132	29	185	21	69	38	138	77	44	105	151	3	70	103	197	94	143	42	141	27	165	39	182	89	10	162	181	75	130	131	118	167	172	200	191	127	199	193	109	53	93	148	82	17	78	12	63	87	91	171	106	36	68	139	179	54	140	145	76	126	150	90	133	180	134	198	9	107	80	111	6	88	174	146	129	116	37	30	40	147	50	61	71	190	183	186	124	170	175	57	85	52	154	47	20	121	137	104	13	120	25	64	74	28	114	160	156	159	79	24	96	18	113	98	31	177	123	110	163	84	135	32	158	196	33	23	178	15	192	157	62	112	43	97	195	46	194	16	117	56	35	34	5	125	55	1	92	164	81	66	108	26	153	187	168	48	73	119	60	7	14	86	155	58	188	149	184	128	72	176	144	59	101	95	173	41	136	## Ordonnancement
24	## Nombre de tournées
3	2	2	3	4	5	7	6	8	8	10	9	17	14	15	20	21	18	10	8	4	3	2	1	## Nombre de sites par tournée
102	100	161	## Tournée 1
99	166	## Tournée 2
115	169	## Tournée 3
51	2	11	## Tournée 4
45	152	22	19	## Tournée 5
122	189	8	4	142	## Tournée 6
65	185	132	29	83	67	49	## Tournée 7
44	69	38	77	138	21	## Tournée 8
151	3	70	143	197	94	105	103	## Tournée 9
10	89	141	182	165	27	42	39	## Tournée 10
75	181	162	130	172	131	200	167	191	118	## Tournée 11
127	93	199	82	193	109	148	17	53	## Tournée 12
171	87	36	78	12	150	91	54	68	179	139	106	140	63	76	145	126	## Tournée 13
80	146	180	9	129	107	90	198	174	88	6	134	111	133	## Tournée 14
170	71	57	50	186	147	124	37	40	30	61	183	116	190	175	## Tournée 15
159	13	154	85	79	20	24	52	64	137	74	114	28	47	121	25	104	120	156	160	## Tournée 16
33	178	18	98	163	157	113	177	110	196	62	158	123	135	31	15	84	192	32	23	96	## Tournée 17
112	81	1	195	35	16	92	43	194	46	34	125	56	117	5	55	164	97	## Tournée 18
48	73	108	168	119	60	153	26	187	66	## Tournée 19
86	14	155	184	188	58	149	7	## Tournée 20
144	72	128	176	## Tournée 21
95	59	101	## Tournée 22
41	173	## Tournée 23
136	## Tournée 24
