120922	## Somme des retards
4294965312	## Temps CPU (millisecondes)
42	128	109	55	107	5	89	77	36	68	130	57	144	129	17	27	50	78	53	116	24	46	21	117	139	47	134	60	73	67	15	38	83	8	18	149	103	121	91	69	106	131	7	13	84	146	52	14	61	98	72	31	120	136	41	70	48	142	141	93	28	113	76	138	44	63	143	88	54	111	58	29	56	37	135	40	105	124	23	114	35	119	49	33	26	145	59	62	65	137	74	126	30	101	132	19	102	51	79	82	3	71	39	87	140	123	95	96	9	4	99	92	110	2	100	66	133	148	147	10	12	16	86	45	122	85	32	97	127	64	20	43	150	94	125	115	80	22	104	112	75	90	6	108	118	1	81	25	11	34	## Ordonnancement
21	## Nombre de tournées
2	2	3	3	5	5	8	7	9	6	12	13	13	16	14	10	8	5	5	3	1	## Nombre de sites par tournée
42	128	## Tournée 1
55	109	## Tournée 2
89	107	5	## Tournée 3
68	36	77	## Tournée 4
129	17	144	130	57	## Tournée 5
53	50	116	78	27	## Tournée 6
46	139	134	24	60	47	21	117	## Tournée 7
15	18	38	8	73	67	83	## Tournée 8
149	91	131	121	106	103	13	7	69	## Tournée 9
98	52	146	84	14	61	## Tournée 10
48	120	113	93	72	70	28	136	41	141	31	142	## Tournée 11
135	138	111	37	88	29	63	54	44	56	76	143	58	## Tournée 12
62	49	23	35	26	105	119	33	145	40	114	59	124	## Tournée 13
51	71	39	87	126	79	65	102	101	30	132	19	3	74	82	137	## Tournée 14
66	140	2	100	148	123	96	92	95	9	4	133	99	110	## Tournée 15
10	97	147	85	122	16	32	86	45	12	## Tournée 16
64	115	20	150	127	94	43	125	## Tournée 17
80	104	75	22	112	## Tournée 18
1	6	108	90	118	## Tournée 19
11	25	81	## Tournée 20
34	## Tournée 21
