34509	## Somme des retards
1840	## Temps CPU (millisecondes)
95	60	73	89	5	27	92	62	99	24	33	30	1	67	14	76	32	85	52	44	36	19	65	81	56	79	53	71	10	20	46	84	86	57	66	43	54	94	88	47	96	74	75	70	41	55	98	45	48	8	100	11	82	16	72	21	6	91	4	42	7	34	49	23	63	22	90	9	78	29	38	77	17	64	83	15	93	58	18	26	59	61	68	3	28	25	37	35	69	40	80	12	50	97	31	39	51	87	2	13	## Ordonnancement
17	## Nombre de tournées
1	2	3	3	4	4	8	4	8	10	10	11	10	11	4	5	2	## Nombre de sites par tournée
95	## Tournée 1
60	73	## Tournée 2
89	5	27	## Tournée 3
99	92	62	## Tournée 4
1	30	33	24	## Tournée 5
76	32	67	14	## Tournée 6
52	65	36	56	19	44	85	81	## Tournée 7
53	79	71	10	## Tournée 8
66	84	20	54	46	57	43	86	## Tournée 9
94	88	98	75	41	47	55	96	70	74	## Tournée 10
16	8	45	11	48	21	6	100	82	72	## Tournée 11
34	4	23	49	63	91	90	22	7	42	9	## Tournée 12
17	93	78	15	29	64	77	58	83	38	## Tournée 13
69	28	26	61	25	68	18	3	37	59	35	## Tournée 14
80	12	40	50	## Tournée 15
51	31	97	39	87	## Tournée 16
2	13	## Tournée 17
