73648	## Somme des retards
990	## Temps CPU (millisecondes)
57	92	27	24	23	76	19	61	15	77	66	75	11	31	83	84	12	14	2	82	6	34	54	22	90	71	99	68	9	36	96	35	91	55	18	42	64	97	40	85	63	95	58	52	88	67	89	93	4	26	21	56	7	45	62	46	81	17	73	100	87	80	53	10	94	1	72	50	78	20	3	65	86	32	29	38	60	51	47	39	41	43	79	28	37	33	44	59	49	69	8	98	25	13	74	5	70	48	30	16	## Ordonnancement
17	## Nombre de tournées
1	4	2	2	4	4	8	6	7	8	8	13	9	14	6	2	2	## Nombre de sites par tournée
57	## Tournée 1
92	27	23	24	## Tournée 2
19	76	## Tournée 3
15	61	## Tournée 4
77	66	75	11	## Tournée 5
83	31	84	12	## Tournée 6
82	34	2	6	22	90	14	54	## Tournée 7
9	96	68	71	99	36	## Tournée 8
97	91	35	64	55	42	18	## Tournée 9
58	95	40	63	88	52	67	85	## Tournée 10
21	89	56	93	7	26	4	45	## Tournée 11
10	80	100	62	73	72	87	81	53	1	94	17	46	## Tournée 12
65	50	86	20	29	78	38	32	3	## Tournée 13
43	59	37	69	41	47	51	79	28	33	39	44	60	49	## Tournée 14
98	25	5	13	74	8	## Tournée 15
70	48	## Tournée 16
16	30	## Tournée 17
