125053	## Somme des retards
4294965662	## Temps CPU (millisecondes)
190	84	168	131	26	31	23	101	21	146	138	185	193	195	109	49	150	37	6	127	18	121	1	41	62	77	175	166	2	144	133	180	108	28	167	9	48	98	79	97	151	159	197	8	114	92	157	169	34	147	93	80	171	107	53	91	88	78	105	81	176	96	198	14	74	173	123	191	152	83	85	142	99	66	38	113	187	118	116	82	194	104	130	24	12	179	56	128	90	155	33	103	46	76	50	27	120	145	7	87	182	177	117	44	54	135	200	47	111	58	132	5	196	115	36	188	51	39	141	162	184	15	143	126	10	122	52	160	170	125	106	119	153	136	29	199	110	158	65	69	25	22	40	189	11	16	32	165	75	192	72	124	172	59	68	89	164	100	4	3	102	95	17	13	129	137	67	156	178	134	112	45	55	60	148	86	35	161	163	63	70	174	140	186	20	71	181	149	57	73	43	183	19	61	64	139	30	154	94	42	## Ordonnancement
26	## Nombre de tournées
2	1	2	2	4	4	7	4	6	9	8	12	10	15	15	16	18	22	15	12	5	4	3	2	1	1	## Nombre de sites par tournée
84	190	## Tournée 1
168	## Tournée 2
26	131	## Tournée 3
23	31	## Tournée 4
138	21	101	146	## Tournée 5
185	193	195	109	## Tournée 6
127	150	6	49	121	18	37	## Tournée 7
62	1	77	41	## Tournée 8
144	180	175	166	2	133	## Tournée 9
97	48	167	151	98	79	108	9	28	## Tournée 10
8	114	92	157	159	197	169	34	## Tournée 11
147	78	80	81	91	171	88	105	93	107	176	53	## Tournée 12
96	83	14	85	152	198	74	123	191	173	## Tournée 13
142	12	194	99	104	82	187	116	130	179	66	118	38	24	113	## Tournée 14
103	145	182	7	33	90	155	56	27	120	46	128	76	87	50	## Tournée 15
5	58	54	177	188	111	36	44	196	117	47	200	132	115	51	135	## Tournée 16
52	39	136	15	125	143	126	153	162	10	141	122	29	170	119	184	160	106	## Tournée 17
172	59	189	124	68	32	89	11	158	165	69	199	40	16	22	65	110	192	72	164	75	25	## Tournée 18
17	95	67	4	129	137	3	156	102	178	13	100	45	112	134	## Tournée 19
161	63	186	60	86	140	163	35	55	70	174	148	## Tournée 20
57	71	181	20	149	## Tournée 21
73	19	183	43	## Tournée 22
61	64	139	## Tournée 23
154	30	## Tournée 24
94	## Tournée 25
42	## Tournée 26
