93844	## Somme des retards
4294965357	## Temps CPU (millisecondes)
64	34	113	86	20	23	43	99	100	109	95	40	25	91	135	85	101	17	111	42	57	90	87	107	144	114	124	93	141	129	52	119	7	21	102	145	3	63	83	136	72	82	56	46	50	22	29	123	55	15	48	106	120	28	32	80	84	26	13	69	116	108	97	1	8	149	53	122	137	96	126	36	92	12	58	103	30	74	77	76	73	19	142	11	125	112	139	38	31	94	121	14	133	71	134	62	41	45	18	147	88	130	4	59	5	54	24	51	89	143	6	140	138	60	78	39	81	98	35	67	66	118	110	127	105	70	148	68	10	47	61	131	104	115	146	2	33	75	49	132	79	27	37	117	150	16	9	65	44	128	## Ordonnancement
22	## Nombre de tournées
2	2	1	3	2	5	3	4	5	5	9	10	13	11	14	15	16	18	5	4	2	1	## Nombre de sites par tournée
64	34	## Tournée 1
86	113	## Tournée 2
20	## Tournée 3
43	99	23	## Tournée 4
100	109	## Tournée 5
40	135	95	91	25	## Tournée 6
85	17	101	## Tournée 7
111	42	90	57	## Tournée 8
124	87	144	107	114	## Tournée 9
141	119	52	93	129	## Tournée 10
21	7	145	136	102	72	3	63	83	## Tournée 11
46	50	82	55	29	22	48	56	123	15	## Tournée 12
28	13	69	120	116	32	97	26	80	106	1	108	84	## Tournée 13
137	96	58	8	53	92	36	149	12	126	122	## Tournée 14
19	142	76	77	125	38	73	31	30	139	103	74	11	112	## Tournée 15
147	45	62	59	14	134	130	41	121	94	18	4	88	71	133	## Tournée 16
51	6	24	54	5	98	39	35	143	138	81	67	140	78	89	60	## Tournée 17
146	61	70	47	131	2	148	104	105	127	118	66	10	68	110	33	75	115	## Tournée 18
49	27	79	132	37	## Tournée 19
16	150	9	117	## Tournée 20
65	44	## Tournée 21
128	## Tournée 22
