43397	## Somme des retards
1470	## Temps CPU (millisecondes)
40	5	32	81	26	17	21	63	10	6	39	54	76	83	27	15	7	37	30	55	71	12	31	2	13	28	3	58	16	34	85	8	51	96	70	46	62	52	92	35	36	95	93	18	45	61	49	59	41	69	84	74	9	89	67	47	65	88	98	94	11	38	43	14	77	82	99	56	4	33	87	23	29	91	64	1	97	100	48	22	24	50	79	68	57	80	60	75	72	66	19	90	86	73	25	78	42	20	44	53	## Ordonnancement
18	## Nombre de tournées
1	1	2	2	3	4	4	5	7	8	10	12	13	12	8	5	2	1	## Nombre de sites par tournée
40	## Tournée 1
5	## Tournée 2
81	32	## Tournée 3
26	17	## Tournée 4
21	63	10	## Tournée 5
39	76	6	54	## Tournée 6
15	7	27	83	## Tournée 7
37	30	12	71	55	## Tournée 8
31	28	2	3	58	13	16	## Tournée 9
51	34	46	62	85	8	70	96	## Tournée 10
61	18	52	35	92	93	36	95	45	49	## Tournée 11
65	9	41	69	47	59	88	89	84	98	74	67	## Tournée 12
23	82	14	87	33	11	43	38	77	4	56	94	99	## Tournée 13
64	24	97	22	79	50	48	91	29	100	1	68	## Tournée 14
66	80	60	75	57	19	72	90	## Tournée 15
78	25	73	42	86	## Tournée 16
44	20	## Tournée 17
53	## Tournée 18
