140984	## Somme des retards
1795	## Temps CPU (millisecondes)
136	102	153	120	126	170	96	129	104	17	39	114	132	78	144	77	37	43	151	182	62	133	35	73	38	75	142	53	89	1	45	108	26	65	100	16	83	7	186	152	48	140	171	174	36	178	191	50	27	172	93	165	156	190	19	101	63	9	200	193	116	47	40	34	20	59	125	199	127	197	128	173	109	135	168	72	51	55	192	105	184	113	97	13	18	194	145	106	139	29	74	3	177	52	12	98	175	176	180	14	2	81	160	95	112	92	115	181	147	85	8	163	159	188	123	148	32	58	146	99	137	103	154	166	56	161	61	33	64	68	54	121	21	69	189	80	30	42	6	157	183	164	187	5	179	57	76	143	94	79	41	46	122	66	134	91	162	70	67	138	44	149	11	28	158	198	10	15	88	167	22	90	196	24	169	60	82	124	117	84	111	4	31	119	185	118	155	23	86	25	107	130	71	87	195	150	141	110	49	131	## Ordonnancement
22	## Nombre de tournées
2	1	2	4	2	3	4	5	8	12	8	13	14	15	18	20	17	23	13	8	6	2	## Nombre de sites par tournée
102	136	## Tournée 1
153	## Tournée 2
126	120	## Tournée 3
96	104	129	170	## Tournée 4
17	39	## Tournée 5
132	114	78	## Tournée 6
144	37	77	43	## Tournée 7
35	151	182	62	133	## Tournée 8
73	45	75	142	1	53	89	38	## Tournée 9
140	48	186	16	83	65	171	152	100	108	26	7	## Tournée 10
191	50	178	27	36	93	172	174	## Tournée 11
156	165	193	116	101	40	190	200	34	9	47	19	63	## Tournée 12
197	51	135	20	199	109	168	72	127	125	128	173	59	55	## Tournée 13
177	13	74	194	184	105	106	145	139	3	29	97	18	113	192	## Tournée 14
115	112	85	81	92	2	181	175	52	95	12	147	98	8	14	160	180	176	## Tournée 15
163	188	103	148	159	161	166	32	54	137	68	123	58	64	33	99	146	61	154	56	## Tournée 16
183	6	157	164	42	69	30	80	179	143	187	57	5	121	21	189	76	## Tournée 17
15	162	167	44	46	88	67	41	66	79	198	122	70	94	149	138	134	10	158	28	11	22	91	## Tournée 18
84	117	90	111	82	60	24	4	119	124	196	31	169	## Tournée 19
130	25	185	23	86	118	107	155	## Tournée 20
150	71	110	87	141	195	## Tournée 21
49	131	## Tournée 22
