182446	## Somme des retards
185	## Temps CPU (millisecondes)
15	149	196	17	72	112	59	16	117	113	114	56	161	174	200	140	175	121	129	79	68	36	28	190	118	77	82	130	197	100	5	153	119	185	136	186	106	128	138	86	194	188	49	134	71	159	96	183	58	45	151	105	57	18	19	30	157	87	7	102	21	93	11	179	167	98	40	53	171	111	54	22	84	122	126	137	184	76	12	61	191	81	78	115	4	155	154	13	67	31	189	92	97	62	66	80	69	48	163	187	124	51	20	1	170	42	64	156	195	23	34	65	116	35	180	127	70	145	132	50	14	144	109	25	44	108	88	178	176	104	198	99	47	9	168	90	29	110	172	169	91	39	158	85	152	73	131	41	133	166	52	107	83	135	141	181	32	2	125	147	120	150	24	95	3	101	165	160	164	10	94	123	142	63	8	139	192	193	55	182	33	6	162	60	37	89	146	177	46	199	143	148	75	38	43	27	103	74	26	173	## Ordonnancement
25	## Nombre de tournées
1	2	4	4	5	6	3	4	8	10	10	12	12	14	18	16	14	16	16	8	6	4	3	2	2	## Nombre de sites par tournée
15	## Tournée 1
196	149	## Tournée 2
112	59	17	72	## Tournée 3
113	16	117	114	## Tournée 4
174	140	161	56	200	## Tournée 5
68	36	79	175	129	121	## Tournée 6
118	190	28	## Tournée 7
77	82	130	197	## Tournée 8
106	100	119	185	5	186	153	136	## Tournée 9
86	71	96	159	188	138	194	134	49	128	## Tournée 10
57	18	45	105	157	58	183	30	19	151	## Tournée 11
21	87	171	7	167	11	179	93	98	102	40	53	## Tournée 12
61	84	22	111	54	184	126	191	137	122	12	76	## Tournée 13
4	67	66	31	78	81	97	115	155	13	189	92	62	154	## Tournée 14
116	170	1	42	34	195	51	156	48	23	163	187	124	65	64	80	20	69	## Tournée 15
50	88	180	44	108	176	109	70	178	127	35	14	25	144	132	145	## Tournée 16
158	198	90	110	169	99	47	172	168	91	9	104	39	29	## Tournée 17
166	32	2	41	152	131	52	135	181	73	125	83	141	85	133	107	## Tournée 18
123	150	147	164	63	95	120	160	10	165	142	8	3	24	101	94	## Tournée 19
193	33	192	6	55	182	162	139	## Tournée 20
37	146	89	46	60	177	## Tournée 21
143	199	75	148	## Tournée 22
38	43	27	## Tournée 23
103	74	## Tournée 24
26	173	## Tournée 25
