109872	## Somme des retards
4294966647	## Temps CPU (millisecondes)
63	51	72	15	53	25	73	138	59	70	8	71	146	139	42	61	45	129	39	48	57	26	147	144	49	52	96	89	18	121	80	2	40	86	31	79	135	12	1	111	19	116	65	21	75	133	64	3	32	128	117	150	13	143	20	68	69	125	85	56	35	105	109	130	29	106	131	77	82	91	107	149	120	10	92	103	4	66	137	11	41	74	124	83	118	46	145	141	127	134	104	7	114	50	58	97	24	28	102	36	6	140	87	90	22	112	84	38	27	113	54	76	14	23	142	126	37	44	132	110	33	148	98	123	55	93	62	136	5	9	122	16	47	30	99	100	119	115	88	108	94	101	67	60	43	81	17	78	95	34	## Ordonnancement
25	## Nombre de tournées
1	1	1	1	2	3	3	4	5	3	8	7	9	10	11	12	14	16	15	14	4	3	1	1	1	## Nombre de sites par tournée
63	## Tournée 1
51	## Tournée 2
72	## Tournée 3
15	## Tournée 4
25	53	## Tournée 5
73	59	138	## Tournée 6
70	8	71	## Tournée 7
146	61	139	42	## Tournée 8
39	48	129	45	57	## Tournée 9
26	147	144	## Tournée 10
96	18	89	121	80	52	2	49	## Tournée 11
86	31	135	79	1	40	12	## Tournée 12
19	65	64	3	21	133	75	111	116	## Tournée 13
117	128	68	20	69	13	125	143	150	32	## Tournée 14
35	106	82	85	56	105	29	109	131	130	77	## Tournée 15
11	66	4	107	137	10	91	92	41	120	103	149	## Tournée 16
134	83	46	124	118	141	50	127	145	7	74	114	104	58	## Tournée 17
112	54	113	90	84	38	36	28	27	24	102	140	22	87	97	6	## Tournée 18
132	44	37	126	123	148	14	93	142	23	33	98	110	55	76	## Tournée 19
122	136	16	47	5	119	62	108	115	100	30	9	88	99	## Tournée 20
60	94	67	101	## Tournée 21
43	17	81	## Tournée 22
78	## Tournée 23
95	## Tournée 24
34	## Tournée 25
