127191	## Somme des retards
4294966782	## Temps CPU (millisecondes)
156	37	41	66	3	95	111	5	68	91	181	179	169	102	105	148	187	38	142	132	71	188	77	54	27	149	170	178	76	88	200	104	92	192	125	81	127	199	114	58	11	193	90	124	165	22	112	109	198	172	97	194	180	182	6	59	12	122	4	2	14	36	39	93	134	79	57	80	151	120	49	72	67	75	168	185	176	99	146	161	106	30	55	128	25	96	42	141	171	183	110	139	44	189	24	84	48	138	62	1	166	89	23	31	53	145	34	184	175	191	16	70	28	35	115	63	43	101	10	61	7	130	167	85	73	195	137	147	121	108	69	154	158	118	140	100	196	8	51	117	9	144	52	21	26	94	123	131	40	82	103	46	64	78	162	33	29	32	163	174	13	74	136	17	119	133	157	190	153	107	186	15	116	152	98	197	159	83	143	164	86	155	56	173	60	113	126	129	177	47	150	20	45	19	50	65	87	160	135	18	## Ordonnancement
23	## Nombre de tournées
2	3	3	7	4	7	4	8	10	11	12	14	17	14	19	19	17	13	6	4	3	2	1	## Nombre de sites par tournée
156	37	## Tournée 1
41	66	3	## Tournée 2
95	5	111	## Tournée 3
102	68	181	169	91	179	105	## Tournée 4
187	38	148	142	## Tournée 5
54	77	132	27	71	149	188	## Tournée 6
178	88	170	76	## Tournée 7
199	92	200	125	104	81	192	127	## Tournée 8
193	90	124	58	109	11	112	22	114	165	## Tournée 9
97	12	122	59	182	198	172	4	194	6	180	## Tournée 10
36	57	93	14	80	2	134	120	151	49	79	39	## Tournée 11
106	55	72	67	30	25	128	146	168	99	185	75	161	176	## Tournée 12
24	183	84	139	141	166	42	62	138	110	96	89	1	171	189	44	48	## Tournée 13
175	16	23	31	28	70	191	145	35	115	184	63	34	53	## Tournée 14
154	61	167	10	130	121	195	85	101	69	147	7	140	73	43	118	158	108	137	## Tournée 15
82	64	196	8	94	9	100	103	21	46	52	26	131	123	117	40	51	144	78	## Tournée 16
13	74	190	33	17	162	163	136	174	119	29	157	133	107	186	153	32	## Tournée 17
173	116	155	197	164	159	15	56	83	152	98	143	86	## Tournée 18
129	47	60	113	126	177	## Tournée 19
150	19	45	20	## Tournée 20
65	50	87	## Tournée 21
135	160	## Tournée 22
18	## Tournée 23
