216013	## Somme des retards
100	## Temps CPU (millisecondes)
144	154	44	141	2	45	74	200	31	168	42	195	132	35	25	114	20	27	76	43	99	165	160	127	98	188	60	139	193	81	119	133	17	140	34	172	64	72	101	87	111	146	138	157	184	77	40	63	84	180	100	73	173	110	112	175	171	54	66	69	47	23	36	104	131	136	79	108	93	11	49	116	86	177	6	155	197	120	199	96	7	103	95	152	48	24	128	1	28	148	68	51	170	41	58	198	186	185	9	192	57	134	15	149	12	115	33	8	151	176	56	142	174	130	78	55	137	178	158	38	18	62	161	82	102	169	3	179	143	91	117	123	32	16	147	19	194	37	80	30	39	4	13	126	89	109	159	26	46	145	21	59	189	118	162	124	67	187	22	75	65	153	163	129	191	167	190	53	121	105	183	196	181	135	106	166	88	125	94	122	97	92	61	50	150	107	85	70	52	113	90	29	10	164	83	71	14	5	156	182	## Ordonnancement
21	## Nombre de tournées
1	1	1	3	3	4	4	5	7	9	8	13	10	15	15	18	18	20	20	22	3	## Nombre de sites par tournée
144	## Tournée 1
154	## Tournée 2
44	## Tournée 3
45	2	141	## Tournée 4
31	74	200	## Tournée 5
195	132	168	42	## Tournée 6
114	25	35	20	## Tournée 7
99	76	165	43	27	## Tournée 8
139	98	60	188	193	127	160	## Tournée 9
64	140	72	172	119	34	133	17	81	## Tournée 10
184	101	146	77	138	157	87	111	## Tournée 11
110	40	180	63	66	84	171	173	100	112	175	73	54	## Tournée 12
47	131	104	93	23	36	69	136	79	108	## Tournée 13
96	199	95	103	177	120	152	11	6	155	197	116	49	7	86	## Tournée 14
186	185	48	41	148	1	28	51	58	170	128	198	24	68	9	## Tournée 15
142	151	174	33	15	8	78	149	56	134	57	55	115	130	137	176	192	12	## Tournée 16
16	38	158	117	143	102	147	123	169	91	18	82	3	178	179	32	161	62	## Tournée 17
145	159	189	30	4	89	39	26	80	19	59	37	118	46	13	194	21	162	109	126	## Tournée 18
190	187	67	181	121	75	196	191	183	106	153	65	53	105	124	22	163	167	135	129	## Tournée 19
61	150	113	85	83	70	90	92	164	94	97	10	88	50	166	52	14	122	71	107	125	29	## Tournée 20
182	5	156	## Tournée 21
