208368	## Somme des retards
60	## Temps CPU (millisecondes)
198	37	16	142	25	39	167	49	123	41	30	5	67	101	60	151	13	7	112	134	82	47	69	119	192	120	106	80	2	176	44	53	31	164	76	157	172	126	45	20	161	131	156	149	175	185	188	159	187	137	29	88	54	3	138	136	186	173	79	125	27	190	22	170	35	118	87	62	200	197	48	195	58	24	113	191	55	97	72	115	141	181	33	124	150	6	155	158	70	92	14	93	96	59	12	19	61	34	10	21	122	139	36	57	26	174	194	107	64	133	168	166	109	183	95	46	38	121	15	108	103	99	1	128	86	78	127	145	132	73	84	17	135	152	75	74	144	199	100	90	140	177	81	9	160	129	130	105	178	179	65	42	104	153	94	102	56	111	98	154	77	4	171	162	50	23	189	11	68	143	163	28	32	110	147	116	146	196	148	89	43	52	182	117	169	180	184	18	85	193	71	165	83	51	63	8	114	91	40	66	## Ordonnancement
22	## Nombre de tournées
1	2	2	4	3	4	4	6	5	7	9	12	10	11	12	15	16	18	19	20	18	2	## Nombre de sites par tournée
198	## Tournée 1
16	37	## Tournée 2
142	25	## Tournée 3
49	167	123	39	## Tournée 4
5	41	30	## Tournée 5
67	151	101	60	## Tournée 6
112	134	13	7	## Tournée 7
120	69	47	192	82	119	## Tournée 8
176	2	106	44	80	## Tournée 9
53	31	157	164	76	172	126	## Tournée 10
149	161	45	156	185	175	20	131	188	## Tournée 11
173	54	79	136	186	187	29	159	3	88	138	137	## Tournée 12
170	190	27	125	200	118	22	62	35	87	## Tournée 13
195	72	97	115	48	24	191	58	197	113	55	## Tournée 14
181	124	33	6	14	150	70	155	93	158	92	141	## Tournée 15
21	10	57	12	96	139	19	122	194	59	34	61	26	36	174	## Tournée 16
38	168	183	121	46	109	1	133	107	108	99	103	15	95	166	64	## Tournée 17
86	145	127	128	199	100	84	17	75	74	144	140	132	78	152	135	73	90	## Tournée 18
42	81	56	104	154	105	153	111	129	65	98	160	102	94	9	130	179	178	177	## Tournée 19
146	162	4	89	147	68	163	77	148	116	196	23	189	28	32	110	50	143	11	171	## Tournée 20
18	51	180	85	91	184	169	114	43	71	8	52	182	165	83	117	193	63	## Tournée 21
66	40	## Tournée 22
