132276	## Somme des retards
60	## Temps CPU (millisecondes)
181	65	80	177	107	5	25	61	15	106	34	100	42	55	162	180	115	189	6	93	40	94	45	160	154	91	112	76	98	190	157	169	172	120	41	182	47	52	99	43	97	125	102	151	191	75	194	28	56	59	105	114	82	147	143	149	30	10	86	128	1	159	155	89	122	117	70	164	31	29	183	104	37	145	168	158	22	83	171	88	96	176	48	124	179	173	116	108	127	146	185	39	73	13	150	144	27	195	72	193	119	129	38	66	46	109	187	63	67	81	118	62	184	196	51	137	170	138	123	18	131	26	121	20	163	36	166	7	9	12	130	175	79	50	198	134	139	74	136	64	2	148	126	58	197	153	132	92	199	141	103	186	152	32	84	161	68	14	24	3	60	77	142	101	111	178	188	33	57	44	78	90	49	4	8	69	200	53	165	17	110	192	174	23	85	19	87	135	16	133	113	71	156	167	140	21	95	54	11	35	## Ordonnancement
21	## Nombre de tournées
1	1	1	1	5	3	4	6	8	7	9	11	12	13	18	17	20	23	18	20	2	## Nombre de sites par tournée
181	## Tournée 1
65	## Tournée 2
80	## Tournée 3
177	## Tournée 4
61	25	107	15	5	## Tournée 5
100	106	34	## Tournée 6
55	180	162	42	## Tournée 7
6	189	40	94	93	115	## Tournée 8
112	160	98	91	154	190	76	45	## Tournée 9
120	172	47	182	169	157	41	## Tournée 10
102	75	52	191	125	43	97	99	151	## Tournée 11
59	149	143	30	28	82	147	114	194	105	56	## Tournée 12
122	128	70	155	159	31	86	117	1	10	164	89	## Tournée 13
83	176	37	171	104	29	96	22	88	158	145	168	183	## Tournée 14
13	108	73	150	193	185	195	48	179	116	72	27	127	144	39	124	146	173	## Tournée 15
46	109	38	119	63	67	196	118	137	62	184	170	66	51	129	187	81	## Tournée 16
20	123	12	198	18	138	50	139	9	121	79	36	166	134	26	7	175	131	130	163	## Tournée 17
199	148	153	132	92	136	58	32	74	141	68	64	161	126	2	103	197	84	14	24	152	186	3	## Tournée 18
178	33	200	53	4	101	78	111	49	77	8	44	69	60	90	57	188	142	## Tournée 19
174	21	192	54	71	113	19	135	167	133	85	17	95	140	16	165	23	87	156	110	## Tournée 20
11	35	## Tournée 21
