390632	## Somme des retards
160	## Temps CPU (millisecondes)
272	67	293	178	200	227	33	30	190	228	31	292	165	69	181	164	45	230	295	50	277	133	158	73	209	223	97	243	92	72	129	123	249	288	16	37	284	241	191	82	83	252	17	10	285	80	100	38	204	8	183	126	107	173	251	6	19	110	176	282	120	153	136	189	245	47	275	213	170	235	205	119	138	24	186	210	85	219	70	54	149	246	3	159	248	116	177	198	270	105	225	247	232	84	155	65	52	57	96	102	23	163	32	1	168	63	269	297	142	113	162	187	2	26	90	294	160	179	211	103	108	161	48	104	262	62	125	196	75	43	81	114	66	127	256	218	229	79	131	13	28	240	78	197	172	289	14	195	77	151	236	144	280	15	88	267	59	9	180	242	106	27	35	146	132	296	112	40	221	231	56	74	203	273	299	139	152	226	281	61	259	258	93	254	150	171	278	154	29	95	145	21	134	276	279	53	216	265	130	220	55	18	217	157	60	44	174	253	194	199	141	11	212	202	201	128	121	215	89	115	4	291	20	68	239	182	290	51	137	22	264	167	109	283	193	214	111	238	255	87	261	156	233	12	222	99	7	287	169	58	257	147	98	117	39	25	268	185	101	71	140	184	34	175	207	135	124	263	206	94	208	36	188	286	42	143	224	234	166	5	76	118	41	298	192	250	46	300	260	122	266	274	49	64	148	86	91	271	237	244	## Ordonnancement
25	## Nombre de tournées
1	1	1	2	2	3	4	5	9	8	8	11	11	10	17	15	18	19	19	25	22	25	24	29	11	## Nombre de sites par tournée
272	## Tournée 1
67	## Tournée 2
293	## Tournée 3
178	200	## Tournée 4
33	227	## Tournée 5
228	190	30	## Tournée 6
69	292	165	31	## Tournée 7
230	295	164	45	181	## Tournée 8
209	50	73	223	277	97	133	158	243	## Tournée 9
123	92	288	249	16	129	37	72	## Tournée 10
82	17	83	241	284	252	191	10	## Tournée 11
100	173	251	8	285	38	80	204	107	126	183	## Tournée 12
189	176	120	245	136	110	6	47	19	153	282	## Tournée 13
275	235	24	186	205	138	213	210	170	119	## Tournée 14
246	105	219	85	159	198	232	54	116	3	270	70	225	248	247	177	149	## Tournée 15
65	23	269	84	1	168	63	155	163	102	52	32	57	297	96	## Tournée 16
104	161	179	113	142	48	187	108	160	26	103	62	90	262	294	162	211	2	## Tournée 17
43	66	79	78	256	131	13	75	218	240	172	81	229	196	28	125	197	114	127	## Tournée 18
59	195	267	77	35	27	180	280	242	14	144	289	151	146	15	236	88	9	106	## Tournée 19
203	74	93	139	221	259	281	273	299	226	258	29	56	132	296	152	61	112	40	231	171	254	150	278	154	## Tournée 20
141	21	216	44	217	60	55	265	194	53	276	199	18	130	279	157	134	145	174	95	253	220	## Tournée 21
202	283	115	264	182	20	291	109	22	89	167	290	201	193	128	121	212	214	68	239	137	11	4	51	215	## Tournée 22
101	98	147	233	25	58	238	268	99	287	7	156	39	71	255	261	117	185	12	257	87	222	111	169	## Tournée 23
76	140	184	192	298	41	250	36	188	263	175	206	135	208	94	286	224	166	260	5	46	124	234	207	34	42	118	143	300	## Tournée 24
122	244	91	237	148	271	86	49	266	274	64	## Tournée 25
