171483	## Somme des retards
60	## Temps CPU (millisecondes)
132	197	130	244	75	117	124	122	239	226	113	71	97	154	164	203	166	58	236	6	250	80	25	213	70	77	9	238	233	22	156	26	56	53	127	66	100	20	92	91	221	7	208	82	196	63	150	31	98	181	120	134	94	228	139	67	28	245	137	237	249	205	160	89	101	84	220	175	179	93	167	47	223	34	96	85	195	219	72	173	43	55	158	106	149	18	40	210	229	215	141	10	184	131	32	64	153	33	16	81	224	186	200	202	206	135	140	90	189	190	1	59	151	180	242	42	214	128	24	13	218	198	169	121	5	79	187	201	60	182	230	95	171	185	86	68	248	99	126	162	194	234	125	207	41	8	105	216	57	143	112	37	165	11	217	69	62	193	212	115	188	148	192	111	103	209	83	222	142	102	144	172	61	243	225	138	27	161	46	155	4	73	48	231	116	38	235	49	145	146	2	23	246	163	50	107	191	240	177	14	17	147	74	129	227	118	108	65	88	52	204	136	45	170	76	123	35	29	241	157	247	183	104	152	176	114	51	3	168	21	110	119	174	87	39	19	12	54	178	133	78	199	30	232	36	44	211	15	109	159	## Ordonnancement
21	## Nombre de tournées
1	1	2	1	2	2	5	8	10	11	13	17	15	19	22	21	20	23	24	26	7	## Nombre de sites par tournée
132	## Tournée 1
197	## Tournée 2
244	130	## Tournée 3
75	## Tournée 4
117	124	## Tournée 5
122	239	## Tournée 6
97	113	71	154	226	## Tournée 7
166	164	6	58	203	236	80	250	## Tournée 8
26	9	77	70	25	233	22	238	156	213	## Tournée 9
66	7	92	100	91	53	56	20	127	208	221	## Tournée 10
82	196	94	67	134	63	228	150	139	31	98	120	181	## Tournée 11
220	175	237	245	101	179	28	84	167	249	205	89	137	160	223	47	93	## Tournée 12
55	34	18	158	43	195	149	173	210	40	85	72	106	219	96	## Tournée 13
200	153	186	32	141	131	10	64	140	81	229	215	184	202	206	33	16	135	224	## Tournée 14
42	187	198	79	24	13	190	169	189	242	180	1	121	90	151	214	59	5	218	201	128	60	## Tournée 15
143	234	182	171	216	185	95	230	8	125	162	248	105	99	68	57	126	86	207	41	194	## Tournée 16
37	62	217	102	112	188	103	222	212	111	148	209	115	142	83	11	192	69	165	193	## Tournée 17
155	46	161	73	23	38	172	231	246	61	144	116	4	243	48	146	145	2	235	49	27	225	138	## Tournée 18
45	35	118	170	108	163	65	14	147	123	191	177	136	74	227	88	50	76	17	107	52	129	240	204	## Tournée 19
183	178	19	54	119	21	104	3	157	114	247	87	152	110	174	78	30	168	12	199	51	241	176	39	133	29	## Tournée 20
109	36	44	159	211	15	232	## Tournée 21
