165906	## Somme des retards
110	## Temps CPU (millisecondes)
94	187	116	43	141	87	59	139	152	171	78	157	183	114	172	93	200	144	15	53	81	95	6	176	5	182	118	35	84	32	14	123	199	92	76	126	51	198	162	167	146	52	105	148	62	34	185	193	68	134	137	45	158	7	64	161	132	145	66	106	121	189	102	113	181	63	166	26	1	80	74	184	16	133	155	140	170	109	46	8	48	77	173	143	38	192	125	3	83	100	17	96	111	89	129	31	177	142	131	147	61	164	119	169	49	91	23	72	190	196	30	56	186	97	11	28	70	29	79	165	153	50	27	99	86	128	12	175	19	136	110	24	135	20	42	69	107	138	163	195	33	21	58	88	108	82	117	179	151	10	191	197	101	73	159	37	36	160	13	90	40	98	60	130	55	115	180	39	122	67	168	104	41	71	149	194	57	124	65	9	174	2	47	150	103	127	54	188	18	112	44	75	25	154	178	22	85	120	4	156	## Ordonnancement
22	## Nombre de tournées
1	2	1	1	2	2	3	4	4	6	7	11	9	14	13	18	17	17	21	20	18	9	## Nombre de sites par tournée
94	## Tournée 1
116	187	## Tournée 2
43	## Tournée 3
141	## Tournée 4
87	59	## Tournée 5
152	139	## Tournée 6
78	171	157	## Tournée 7
93	183	114	172	## Tournée 8
200	144	53	15	## Tournée 9
176	81	95	182	6	5	## Tournée 10
14	118	84	123	35	32	199	## Tournée 11
162	198	105	126	51	167	146	76	92	148	52	## Tournée 12
34	134	193	45	185	137	68	62	158	## Tournée 13
102	145	166	132	7	64	161	189	113	106	66	63	181	121	## Tournée 14
170	16	46	109	8	80	155	26	74	1	133	140	184	## Tournée 15
173	100	177	83	31	142	3	96	143	77	192	38	17	48	129	89	125	111	## Tournée 16
169	147	23	72	56	11	164	91	131	119	186	61	97	30	196	49	190	## Tournée 17
19	136	175	99	12	29	153	50	110	86	79	128	70	24	27	28	165	## Tournée 18
163	20	135	197	101	58	117	179	191	151	33	195	88	107	138	69	21	108	82	10	42	## Tournée 19
104	67	130	160	40	90	159	98	115	37	41	122	13	39	55	168	180	73	36	60	## Tournée 20
65	127	124	194	112	174	57	188	2	44	150	18	71	47	54	149	103	9	## Tournée 21
85	156	25	4	178	22	120	154	75	## Tournée 22
