294681	## Somme des retards
60	## Temps CPU (millisecondes)
11	155	217	190	41	105	53	120	250	165	84	31	134	118	130	186	106	89	90	245	191	14	129	73	54	158	167	206	188	15	117	200	241	136	224	163	212	49	45	168	169	216	114	225	30	242	199	125	160	208	28	210	229	219	140	29	18	233	51	184	247	64	115	193	26	133	62	72	239	86	214	39	185	131	152	46	207	203	79	88	68	102	77	121	232	108	143	55	161	111	154	248	171	70	146	42	17	222	27	128	234	5	202	132	94	236	78	235	187	60	103	215	147	142	228	221	112	57	6	151	238	95	71	21	67	127	48	81	230	110	149	25	85	65	164	148	99	226	246	211	156	13	137	175	98	159	162	198	66	180	176	249	181	87	12	178	205	201	107	218	179	116	123	38	43	37	113	145	59	3	82	240	237	52	47	83	223	80	34	204	144	16	173	209	231	1	69	109	170	177	58	172	4	19	166	195	76	7	32	141	174	183	153	150	20	24	213	196	220	122	22	8	63	44	244	135	92	75	9	126	104	36	227	56	101	23	119	10	124	74	157	192	50	40	243	35	93	139	2	138	97	182	96	100	189	197	194	33	61	91	## Ordonnancement
22	## Nombre de tournées
1	1	1	3	3	3	5	6	9	9	10	10	15	14	17	17	19	19	25	21	25	17	## Nombre de sites par tournée
11	## Tournée 1
155	## Tournée 2
217	## Tournée 3
105	41	190	## Tournée 4
53	120	250	## Tournée 5
84	165	31	## Tournée 6
186	130	106	118	134	## Tournée 7
14	245	90	129	191	89	## Tournée 8
54	206	15	158	200	73	188	117	167	## Tournée 9
169	212	241	136	224	49	168	45	163	## Tournée 10
28	216	242	160	30	208	225	199	114	125	## Tournée 11
219	140	51	233	247	18	29	210	229	184	## Tournée 12
26	214	239	46	185	115	72	152	86	131	133	62	64	39	193	## Tournée 13
203	108	161	121	77	79	111	232	55	207	102	143	88	68	## Tournée 14
5	236	42	154	222	171	78	146	17	128	248	202	94	70	132	27	234	## Tournée 15
112	6	238	221	147	95	228	60	151	235	215	21	142	57	187	103	71	## Tournée 16
137	156	127	81	226	65	164	85	48	148	149	99	25	230	110	13	211	67	246	## Tournée 17
66	98	116	176	205	178	218	175	179	180	12	198	107	162	201	87	159	181	249	## Tournée 18
43	240	231	237	37	34	47	204	209	144	1	223	83	69	82	145	16	80	113	123	52	59	38	3	173	## Tournée 19
174	170	213	20	109	19	4	32	150	166	7	153	24	196	195	183	172	76	141	177	58	## Tournée 20
192	227	157	220	126	56	8	101	50	36	122	104	10	135	124	44	92	22	74	63	244	9	119	75	23	## Tournée 21
194	2	91	35	61	138	189	197	139	97	33	100	40	96	93	182	243	## Tournée 22
