147142	## Somme des retards
40	## Temps CPU (millisecondes)
131	141	94	220	24	69	238	176	144	164	127	10	68	159	52	115	53	149	30	42	31	134	84	145	4	3	93	161	60	85	108	245	189	39	103	152	123	239	177	27	235	158	82	183	200	147	50	179	48	23	208	61	124	219	11	169	17	210	198	148	224	217	213	218	246	206	1	214	49	216	6	229	125	87	37	83	211	72	55	110	196	191	202	150	86	63	143	121	241	168	25	178	221	250	101	100	204	139	130	56	156	187	57	248	199	205	172	51	46	76	215	96	5	67	247	181	120	126	170	222	165	89	142	232	237	166	138	35	47	119	186	133	227	26	28	65	38	44	73	188	104	43	22	184	242	226	64	203	116	14	92	12	21	223	71	154	173	77	207	117	62	45	153	15	228	185	225	79	136	135	193	137	40	114	231	29	91	240	111	163	54	8	192	13	113	33	128	230	2	190	182	194	234	151	102	80	95	249	106	81	66	171	146	98	112	88	99	233	174	157	18	16	243	105	36	7	167	155	90	41	201	160	58	162	74	78	19	180	175	109	132	34	140	107	70	236	129	209	75	197	195	212	9	118	122	97	20	32	59	244	## Ordonnancement
23	## Nombre de tournées
1	1	1	1	1	2	2	3	5	5	9	9	12	14	16	19	17	18	22	23	25	25	19	## Nombre de sites par tournée
131	## Tournée 1
141	## Tournée 2
94	## Tournée 3
220	## Tournée 4
24	## Tournée 5
69	238	## Tournée 6
144	176	## Tournée 7
127	164	10	## Tournée 8
52	53	159	115	68	## Tournée 9
149	42	31	134	30	## Tournée 10
145	93	108	4	84	161	85	60	3	## Tournée 11
177	39	239	245	189	103	123	27	152	## Tournée 12
158	183	147	208	50	61	235	23	200	48	179	82	## Tournée 13
11	206	210	217	224	219	148	169	246	218	17	124	213	198	## Tournée 14
83	55	87	214	229	72	196	191	49	110	211	125	6	216	37	1	## Tournée 15
202	204	168	143	241	121	250	150	139	63	100	25	221	56	156	86	101	178	130	## Tournée 16
187	5	248	181	76	205	247	172	57	215	46	199	96	120	51	126	67	## Tournée 17
142	166	165	138	232	227	65	237	28	186	89	47	35	133	119	26	222	170	## Tournée 18
116	77	173	73	223	104	154	242	21	226	92	184	12	14	43	203	22	188	64	71	38	44	## Tournée 19
135	231	111	163	54	117	40	137	240	15	153	185	225	29	45	79	136	91	228	62	207	114	193	## Tournée 20
171	182	151	81	128	249	13	192	146	98	66	190	80	2	194	8	33	88	234	230	102	106	113	95	112	## Tournée 21
36	157	41	201	58	132	180	155	162	19	16	160	174	7	74	243	78	175	18	109	99	90	233	105	167	## Tournée 22
118	20	212	9	75	195	140	197	70	107	34	122	97	32	236	129	209	244	59	## Tournée 23
