448516	## Somme des retards
420	## Temps CPU (millisecondes)
80	296	104	262	186	265	20	293	24	289	157	188	51	48	139	282	66	63	243	15	135	171	68	129	1	300	96	26	233	109	46	160	222	127	177	16	277	35	162	100	299	36	281	128	174	217	286	149	71	295	252	183	145	120	224	55	89	225	182	23	113	39	7	235	67	279	272	27	197	110	49	249	22	154	54	125	116	76	82	147	117	231	191	240	239	53	18	92	288	152	165	236	103	173	86	207	93	64	274	121	155	124	13	6	181	47	206	164	77	273	201	91	87	57	237	232	247	132	158	38	43	263	159	30	52	106	4	151	214	3	209	245	83	50	219	298	185	81	226	107	220	204	138	264	283	134	70	143	285	44	122	130	179	9	257	228	74	266	268	244	246	193	254	45	95	78	184	144	167	97	32	205	11	278	163	153	56	65	84	12	85	202	126	270	142	238	234	176	21	118	251	61	276	29	261	292	212	119	156	259	256	192	280	271	146	112	211	198	123	73	221	170	2	101	269	195	40	79	115	242	10	88	230	28	267	58	41	31	25	14	99	8	59	275	133	253	172	60	227	287	169	75	178	175	161	223	284	297	105	34	196	258	187	72	114	62	19	168	137	194	290	190	166	210	291	17	189	108	140	141	229	111	148	136	199	241	250	213	255	180	102	215	208	33	216	131	90	248	94	98	150	200	5	218	69	294	42	203	260	37	## Ordonnancement
25	## Nombre de tournées
3	1	3	3	4	4	5	6	10	8	10	10	9	12	12	17	17	20	19	23	23	23	29	26	3	## Nombre de sites par tournée
80	296	104	## Tournée 1
262	## Tournée 2
186	265	20	## Tournée 3
293	289	24	## Tournée 4
48	157	51	188	## Tournée 5
139	66	282	63	## Tournée 6
135	15	243	68	171	## Tournée 7
96	1	129	26	233	300	## Tournée 8
35	277	160	127	222	16	177	162	46	109	## Tournée 9
281	286	217	174	100	36	128	299	## Tournée 10
295	89	183	145	120	55	252	71	224	149	## Tournée 11
39	235	7	23	182	279	272	67	225	113	## Tournée 12
110	54	125	22	27	49	154	197	249	## Tournée 13
117	147	240	92	82	18	191	231	239	76	53	116	## Tournée 14
288	86	64	93	165	274	121	103	173	207	152	236	## Tournée 15
124	247	6	91	181	87	155	206	164	201	47	13	273	237	232	57	77	## Tournée 16
132	209	245	38	214	83	106	52	263	30	159	4	43	3	158	50	151	## Tournée 17
44	264	70	143	219	185	220	122	134	9	107	283	298	204	81	138	179	226	130	285	## Tournée 18
257	97	205	254	45	167	184	266	74	32	193	11	246	78	95	268	244	228	144	## Tournée 19
84	276	251	29	261	12	56	292	153	142	85	238	202	118	176	163	21	270	234	61	278	65	126	## Tournée 20
79	211	123	195	212	101	280	170	221	2	156	146	259	112	115	269	198	40	271	192	256	119	73	## Tournée 21
75	60	31	99	227	28	14	253	133	267	230	58	10	172	59	275	88	242	25	41	169	287	8	## Tournée 22
223	189	229	290	140	284	196	114	194	258	187	161	17	108	72	291	141	297	178	105	19	210	175	168	34	166	137	62	190	## Tournée 23
208	102	250	294	131	216	255	200	241	150	42	111	213	69	136	199	94	148	248	98	33	90	5	218	180	215	## Tournée 24
203	37	260	## Tournée 25
