33416	## Somme des retards
10	## Temps CPU (millisecondes)
1	44	57	2	32	27	30	73	51	99	50	43	9	58	72	15	52	41	12	18	54	93	56	77	60	92	64	94	21	69	29	33	23	3	79	47	96	38	13	24	89	53	17	84	22	86	61	68	11	70	14	65	40	35	5	82	100	16	90	66	6	74	19	62	80	28	75	34	98	95	48	39	8	59	49	37	7	4	83	10	55	81	76	97	36	87	67	20	46	45	31	88	91	85	25	42	63	71	26	78	## Ordonnancement
13	## Nombre de tournées
2	4	4	4	5	10	7	9	15	12	12	12	4	## Nombre de sites par tournée
44	1	## Tournée 1
27	57	32	2	## Tournée 2
51	73	99	30	## Tournée 3
43	9	58	50	## Tournée 4
41	15	12	72	52	## Tournée 5
21	64	94	77	60	54	93	92	18	56	## Tournée 6
3	47	23	33	29	79	69	## Tournée 7
24	89	13	96	53	38	22	17	84	## Tournée 8
16	86	14	70	11	68	61	40	35	5	90	82	66	100	65	## Tournée 9
34	39	74	48	98	75	80	6	95	28	19	62	## Tournée 10
76	83	81	97	49	8	10	37	59	4	7	55	## Tournée 11
85	25	42	36	45	46	67	20	91	31	87	88	## Tournée 12
71	63	26	78	## Tournée 13
