94278	## Somme des retards
60	## Temps CPU (millisecondes)
138	22	34	127	109	101	50	139	142	74	81	68	71	117	112	45	123	116	118	3	13	99	131	2	43	26	77	57	1	51	143	114	128	149	124	105	73	144	65	27	39	136	108	60	37	66	29	93	31	120	125	140	132	95	90	126	80	67	102	122	11	35	33	76	137	36	46	42	92	21	19	82	86	97	41	25	106	12	16	24	91	58	107	64	115	30	113	55	38	94	47	83	134	7	145	10	6	14	5	129	100	146	89	59	8	141	69	88	61	20	56	104	96	28	110	75	54	78	18	53	103	121	49	15	17	9	62	32	98	87	52	135	111	72	4	48	119	70	84	130	44	40	148	63	133	23	147	150	85	79	## Ordonnancement
17	## Nombre de tournées
1	1	4	6	5	7	5	8	10	12	12	11	15	16	18	17	2	## Nombre de sites par tournée
138	## Tournée 1
22	## Tournée 2
109	101	127	34	## Tournée 3
74	81	68	50	142	139	## Tournée 4
123	112	45	71	117	## Tournée 5
2	118	99	3	13	131	116	## Tournée 6
77	1	57	43	26	## Tournée 7
143	114	73	128	149	51	124	105	## Tournée 8
39	136	29	144	108	65	66	27	37	60	## Tournée 9
31	80	102	125	120	93	90	126	140	67	95	132	## Tournée 10
137	35	122	92	11	46	19	42	21	36	33	76	## Tournée 11
16	25	91	82	106	86	12	24	58	41	97	## Tournée 12
115	64	94	10	7	113	83	47	38	55	30	6	145	134	107	## Tournée 13
100	20	88	5	96	146	89	129	69	56	104	14	141	59	8	61	## Tournée 14
78	110	52	49	62	87	28	54	15	75	32	17	103	53	121	18	9	98	## Tournée 15
133	4	135	40	72	150	84	70	23	63	44	130	147	119	148	48	111	## Tournée 16
85	79	## Tournée 17
