64694	## Somme des retards
10	## Temps CPU (millisecondes)
149	16	138	87	144	2	50	116	115	102	88	99	51	111	10	17	107	60	38	31	40	20	130	32	9	108	5	148	45	106	127	105	132	123	29	84	112	48	70	25	53	93	6	131	134	82	44	142	1	103	125	121	72	33	140	14	73	22	36	139	35	55	78	34	133	143	13	11	119	3	15	136	43	26	65	104	83	90	114	92	63	76	122	135	145	126	46	117	150	57	12	49	81	110	85	54	75	128	41	47	4	79	27	100	7	28	95	71	30	69	59	118	146	19	98	137	101	42	141	97	61	86	124	58	113	129	91	77	18	64	120	94	39	24	80	23	67	89	52	8	56	109	62	68	147	96	66	74	21	37	## Ordonnancement
20	## Nombre de tournées
1	1	2	1	1	1	1	3	4	5	7	9	10	13	15	15	16	19	18	8	## Nombre de sites par tournée
149	## Tournée 1
16	## Tournée 2
87	138	## Tournée 3
144	## Tournée 4
2	## Tournée 5
50	## Tournée 6
116	## Tournée 7
115	88	102	## Tournée 8
10	99	111	51	## Tournée 9
107	31	60	38	17	## Tournée 10
32	9	5	40	130	108	20	## Tournée 11
29	123	148	45	106	84	132	127	105	## Tournée 12
53	48	134	82	25	131	70	6	93	112	## Tournée 13
14	121	73	36	1	22	140	72	33	44	103	125	142	## Tournée 14
26	133	55	11	139	136	35	119	78	13	143	15	34	43	3	## Tournée 15
92	114	150	63	90	65	126	145	76	122	83	46	117	104	135	## Tournée 16
100	49	75	57	81	4	128	54	79	7	47	85	12	110	27	41	## Tournée 17
86	42	137	97	30	118	58	124	61	95	98	71	59	101	146	69	141	28	19	## Tournée 18
52	80	120	113	56	67	129	64	39	91	89	18	8	109	23	94	24	77	## Tournée 19
68	147	74	62	21	96	66	37	## Tournée 20
