349990	## Somme des retards
220	## Temps CPU (millisecondes)
54	234	20	168	95	161	230	222	223	163	9	103	241	201	173	112	130	43	198	27	30	99	180	247	117	150	250	220	235	100	56	63	48	59	195	246	1	147	53	78	32	152	141	120	83	40	10	24	139	153	134	236	231	96	233	26	38	33	135	69	144	211	186	206	18	200	52	226	6	28	71	178	158	190	177	25	210	165	72	156	138	123	229	41	184	127	2	70	169	85	3	11	131	125	19	243	155	170	36	55	242	228	67	74	50	49	151	75	60	115	171	98	215	188	79	216	124	143	181	185	121	82	97	175	248	57	118	213	237	136	44	197	122	207	102	81	7	45	128	29	13	17	89	15	91	148	146	88	108	16	51	34	92	199	162	114	218	196	39	245	116	21	37	65	133	239	93	110	22	132	31	203	208	107	142	106	209	76	90	101	84	167	172	126	182	12	154	240	8	77	4	105	204	192	194	214	87	160	164	149	174	80	219	217	140	66	183	232	238	119	137	189	113	221	145	64	23	94	109	224	61	159	227	73	191	104	111	249	42	166	212	244	202	46	187	179	176	35	86	58	205	62	47	14	225	157	5	193	129	68	## Ordonnancement
24	## Nombre de tournées
2	1	2	2	3	3	5	4	7	6	8	8	11	12	15	16	16	18	19	23	20	23	24	2	## Nombre de sites par tournée
54	234	## Tournée 1
20	## Tournée 2
95	168	## Tournée 3
230	161	## Tournée 4
163	222	223	## Tournée 5
241	103	9	## Tournée 6
112	173	201	43	130	## Tournée 7
27	198	30	99	## Tournée 8
150	247	250	220	235	180	117	## Tournée 9
195	48	59	56	63	100	## Tournée 10
53	78	141	246	32	152	1	147	## Tournée 11
139	120	40	153	24	83	10	134	## Tournée 12
233	236	26	96	144	211	69	231	33	135	38	## Tournée 13
52	178	186	200	28	6	18	226	206	71	158	190	## Tournée 14
165	138	169	70	210	72	25	127	229	123	156	41	177	2	184	## Tournée 15
19	242	36	67	125	131	155	243	74	11	85	3	50	55	170	228	## Tournée 16
98	115	151	75	60	215	185	188	79	49	171	124	181	216	121	143	## Tournée 17
122	128	82	213	57	248	7	97	102	207	175	118	45	44	237	197	136	81	## Tournée 18
92	16	29	34	15	91	88	218	196	199	108	146	17	148	114	89	51	13	162	## Tournée 19
39	133	245	84	101	76	107	65	106	21	239	93	132	37	209	90	22	203	31	116	142	208	110	## Tournée 20
87	194	167	149	172	4	204	164	77	174	105	240	8	182	126	192	214	12	154	160	## Tournée 21
219	183	145	94	137	189	64	232	109	66	221	23	61	73	113	159	119	227	217	224	140	80	238	## Tournée 22
179	166	244	104	47	14	191	58	86	42	62	5	225	212	202	187	35	46	111	193	205	157	249	176	## Tournée 23
68	129	## Tournée 24
