408888	## Somme des retards
140	## Temps CPU (millisecondes)
27	202	16	28	101	160	62	112	36	241	162	4	286	273	293	172	110	22	137	267	8	269	182	166	61	70	259	161	95	213	221	10	233	258	124	252	150	96	234	277	125	154	289	13	1	242	206	43	254	139	271	219	218	151	46	106	197	40	226	64	210	38	155	126	20	185	180	245	146	31	153	196	94	236	268	251	113	222	250	138	297	39	187	287	24	186	5	122	60	174	99	75	257	283	171	76	156	57	18	276	111	199	90	92	228	87	41	55	191	190	295	178	294	118	86	7	189	51	35	240	195	93	152	9	144	208	71	181	32	133	249	80	239	121	188	274	255	229	291	281	282	232	285	216	192	246	299	21	109	248	82	217	66	141	79	280	37	53	33	177	68	50	15	212	23	238	74	72	284	164	263	290	17	198	52	65	209	14	97	85	119	135	58	261	157	25	264	19	169	128	266	143	298	247	115	134	220	107	230	227	149	104	158	223	173	176	184	48	67	11	204	272	81	205	179	88	89	77	296	147	170	83	47	136	262	34	175	214	130	140	142	193	54	29	103	30	6	98	114	148	211	12	127	275	56	45	163	237	167	69	73	244	102	300	84	44	235	42	117	59	2	256	203	260	265	278	243	3	63	224	292	129	194	131	100	200	253	91	207	116	120	270	108	279	215	26	225	145	123	49	78	231	105	288	183	132	165	168	159	201	## Ordonnancement
25	## Nombre de tournées
1	1	1	1	3	2	3	6	8	6	9	13	13	11	15	16	18	19	25	19	24	25	24	27	10	## Nombre de sites par tournée
27	## Tournée 1
202	## Tournée 2
16	## Tournée 3
28	## Tournée 4
101	160	62	## Tournée 5
112	36	## Tournée 6
162	4	241	## Tournée 7
273	110	172	293	22	286	## Tournée 8
70	269	137	182	166	267	8	61	## Tournée 9
259	161	221	95	213	10	## Tournée 10
252	150	258	233	96	277	125	124	234	## Tournée 11
1	13	219	254	151	218	206	271	154	289	242	139	43	## Tournée 12
185	20	46	64	38	40	226	106	126	180	155	197	210	## Tournée 13
245	222	196	113	31	251	268	236	153	94	146	## Tournée 14
99	39	186	24	75	174	297	287	122	257	187	250	138	60	5	## Tournée 15
76	41	111	156	199	18	92	191	90	283	228	55	171	87	276	57	## Tournée 16
195	152	93	9	118	144	190	208	51	295	189	86	71	7	178	294	35	240	## Tournée 17
121	188	246	192	239	181	133	80	249	255	282	285	232	281	216	291	229	32	274	## Tournée 18
68	238	248	284	263	72	66	299	50	164	23	280	217	21	79	15	53	37	109	141	33	82	74	177	212	## Tournée 19
198	52	17	209	264	19	119	128	65	58	14	97	290	135	25	169	261	157	85	## Tournée 20
204	107	184	11	220	176	158	266	48	298	205	247	143	149	272	227	173	67	134	115	223	81	104	230	## Tournée 21
296	77	98	88	140	103	34	114	179	142	170	147	214	89	193	30	29	6	136	54	130	47	83	262	175	## Tournée 22
211	73	42	102	59	163	148	244	237	275	44	117	84	2	45	12	203	127	167	235	300	56	256	69	## Tournée 23
215	194	108	116	207	270	49	292	91	278	145	243	253	225	100	63	260	131	129	224	279	120	3	26	265	200	123	## Tournée 24
288	159	132	105	168	183	165	78	231	201	## Tournée 25
