110597	## Somme des retards
100	## Temps CPU (millisecondes)
183	104	137	12	51	229	262	76	136	16	97	245	143	71	40	293	7	110	141	132	138	86	298	252	119	198	214	184	146	109	277	266	60	157	181	202	274	127	195	273	50	68	43	101	128	250	111	95	285	94	63	5	13	73	254	166	216	209	32	241	244	151	26	246	106	155	191	291	102	160	79	231	280	27	92	226	255	65	114	164	162	296	249	14	89	107	85	188	295	176	201	290	213	275	147	57	203	158	276	287	123	83	292	232	4	125	117	204	99	30	96	205	1	144	108	9	170	82	279	237	24	45	135	156	41	91	113	142	265	131	186	163	234	105	197	88	168	185	208	236	84	8	67	74	207	10	21	173	2	59	145	37	52	272	178	190	271	212	169	161	211	256	31	139	93	240	289	22	270	282	210	283	247	300	33	257	80	268	218	98	182	25	152	297	215	29	118	177	172	81	6	179	206	28	224	154	269	58	49	47	115	189	62	124	267	194	23	180	19	56	133	258	42	192	165	264	150	126	294	175	3	18	72	253	140	90	36	174	34	261	238	149	288	55	35	171	11	159	281	228	66	54	233	242	121	284	103	148	134	77	17	153	15	122	299	286	78	196	217	278	220	251	69	239	87	130	222	53	70	235	263	48	227	230	260	100	221	116	223	20	75	129	219	167	200	243	46	64	61	225	259	112	120	187	44	248	39	199	193	38	## Ordonnancement
21	## Nombre de tournées
2	2	2	4	7	6	9	8	13	13	15	18	18	20	21	25	25	28	30	30	4	## Nombre de sites par tournée
104	183	## Tournée 1
12	137	## Tournée 2
51	229	## Tournée 3
262	76	16	136	## Tournée 4
7	40	245	71	143	293	97	## Tournée 5
110	141	138	86	298	132	## Tournée 6
198	109	252	277	214	184	119	266	146	## Tournée 7
195	60	274	273	157	181	127	202	## Tournée 8
285	50	63	128	68	95	250	13	43	111	94	101	5	## Tournée 9
246	155	26	32	151	166	244	73	216	254	241	209	106	## Tournée 10
164	114	191	102	226	92	231	160	255	291	79	162	280	27	65	## Tournée 11
201	296	276	176	213	107	275	85	203	290	57	89	295	249	147	188	158	14	## Tournée 12
83	1	170	205	125	9	144	4	108	96	117	123	232	287	99	292	30	204	## Tournée 13
24	135	131	234	91	113	88	142	197	163	168	105	279	41	45	237	82	156	186	265	## Tournée 14
59	52	21	67	212	272	185	190	8	178	208	2	145	173	10	271	74	207	236	37	84	## Tournée 15
210	93	289	256	22	270	268	98	31	161	211	247	182	283	25	33	300	139	282	152	240	257	80	169	218	## Tournée 16
49	62	28	81	179	172	206	269	154	47	189	297	23	6	115	118	58	29	194	215	124	224	180	267	177	## Tournée 17
18	175	149	264	261	192	165	56	294	72	34	3	133	258	42	55	19	36	171	238	150	126	253	288	174	140	35	90	## Tournée 18
77	217	239	103	122	121	159	278	78	148	233	66	284	130	11	15	153	220	196	134	242	299	251	54	228	286	69	87	281	17	## Tournée 19
187	70	260	116	200	100	219	44	61	167	248	20	120	46	48	230	53	112	75	222	225	259	263	64	243	223	235	221	129	227	## Tournée 20
193	38	39	199	## Tournée 21
