341808	## Somme des retards
160	## Temps CPU (millisecondes)
100	77	161	158	264	103	225	210	220	238	134	192	183	293	279	145	116	261	65	107	218	85	16	30	176	79	280	216	204	130	11	289	180	91	189	205	237	83	22	182	133	110	90	5	111	297	207	277	170	139	250	14	44	94	45	252	171	132	154	163	193	19	167	291	72	142	294	284	17	273	230	84	290	227	188	35	255	223	270	174	92	2	55	124	18	13	206	88	211	66	12	248	295	191	202	155	239	217	135	299	256	136	15	43	106	151	59	249	95	122	62	262	82	226	104	269	57	87	281	232	53	101	254	67	121	98	48	276	166	194	173	263	144	153	300	215	272	251	28	228	126	9	127	172	267	214	196	63	150	156	224	247	52	298	49	47	241	143	99	287	26	6	187	242	258	74	179	213	162	266	231	212	159	233	119	75	97	229	36	288	96	41	20	190	186	286	21	165	208	81	160	115	27	1	184	39	29	3	58	46	178	125	113	198	201	33	222	244	51	4	141	169	24	37	197	56	199	175	7	76	109	292	71	80	219	23	102	86	64	177	38	78	25	236	70	282	278	275	123	240	34	73	253	68	157	149	257	93	259	168	10	69	140	148	108	271	268	245	283	296	105	112	114	234	61	138	152	203	42	274	185	221	260	54	129	147	40	200	164	195	32	181	246	8	146	89	117	235	243	137	209	128	265	131	60	50	120	118	31	285	## Ordonnancement
27	## Nombre de tournées
1	1	1	1	1	1	2	3	5	3	5	6	8	10	8	12	12	14	15	18	18	21	29	22	28	27	28	## Nombre de sites par tournée
100	## Tournée 1
77	## Tournée 2
161	## Tournée 3
158	## Tournée 4
264	## Tournée 5
103	## Tournée 6
225	210	## Tournée 7
238	220	134	## Tournée 8
192	293	145	183	279	## Tournée 9
261	65	116	## Tournée 10
30	218	16	107	85	## Tournée 11
130	280	176	216	79	204	## Tournée 12
289	91	11	83	189	237	180	205	## Tournée 13
22	111	207	297	110	90	277	133	5	182	## Tournée 14
45	170	94	44	14	252	250	139	## Tournée 15
291	72	132	142	154	163	19	171	167	294	284	193	## Tournée 16
174	227	35	223	273	255	230	17	188	84	290	270	## Tournée 17
2	18	12	13	124	206	92	66	88	55	295	211	191	248	## Tournée 18
256	299	106	202	151	95	239	249	155	59	217	15	43	136	135	## Tournée 19
121	53	122	226	67	82	262	254	87	281	232	48	98	104	269	101	62	57	## Tournée 20
9	263	127	153	126	228	194	267	272	276	300	251	215	172	144	173	166	28	## Tournée 21
6	99	143	187	150	26	298	52	214	196	156	224	247	242	63	49	47	287	74	258	241	## Tournée 22
212	36	286	190	233	165	75	97	231	1	266	119	213	115	160	288	81	162	20	21	179	96	229	184	27	208	186	41	159	## Tournée 23
222	199	33	37	198	39	56	4	201	29	125	244	51	46	3	178	169	58	113	24	141	197	## Tournée 24
25	253	278	175	78	34	236	157	68	71	292	23	38	7	86	64	123	70	73	240	109	275	219	76	102	282	80	177	## Tournée 25
149	257	259	274	108	203	138	140	296	221	168	42	10	234	93	61	185	148	245	112	268	152	105	69	283	271	114	## Tournée 26
54	89	129	147	243	60	209	137	181	128	8	200	260	40	118	120	131	50	195	246	31	235	285	265	117	146	32	164	## Tournée 27
