166615	## Somme des retards
70	## Temps CPU (millisecondes)
25	234	36	144	191	4	197	1	112	111	156	167	75	145	244	102	198	50	160	185	62	18	51	177	199	218	122	21	181	193	97	140	188	60	67	131	165	221	168	241	107	126	146	247	232	123	106	133	40	52	237	33	113	80	9	42	58	47	223	205	208	71	37	88	225	53	43	73	226	153	83	190	138	90	154	136	148	134	176	183	55	20	130	31	173	135	3	103	203	78	35	7	204	215	124	172	29	14	45	77	219	245	105	93	235	72	66	163	214	246	98	182	210	227	220	76	194	202	68	26	84	115	212	159	250	229	114	192	121	158	54	8	187	41	119	170	206	161	48	27	5	132	228	15	104	147	224	34	249	57	16	213	155	243	169	175	108	137	100	164	195	200	32	10	56	117	248	143	231	141	17	150	87	86	89	38	236	2	142	44	222	139	189	238	110	178	125	129	120	28	211	82	116	24	30	216	81	174	118	70	59	64	184	127	196	101	151	74	13	63	180	39	152	166	207	96	94	65	157	22	46	61	49	209	186	217	233	179	171	128	12	79	239	11	230	201	162	99	240	6	109	92	19	23	242	95	85	149	91	69	## Ordonnancement
22	## Nombre de tournées
3	1	3	5	4	5	6	7	7	10	10	14	15	17	18	18	22	25	23	26	10	1	## Nombre de sites par tournée
234	36	25	## Tournée 1
144	## Tournée 2
191	4	197	## Tournée 3
1	111	156	167	112	## Tournée 4
102	244	75	145	## Tournée 5
185	198	62	50	160	## Tournée 6
51	18	177	199	122	218	## Tournée 7
181	21	140	60	188	193	97	## Tournée 8
241	67	221	165	131	168	107	## Tournée 9
106	232	123	247	52	133	126	237	40	146	## Tournée 10
113	33	9	223	80	205	42	208	58	47	## Tournée 11
73	90	190	37	138	88	153	154	71	83	43	226	225	53	## Tournée 12
176	55	135	134	136	183	148	203	20	103	3	130	78	173	31	## Tournée 13
105	72	7	124	219	29	14	245	93	35	77	66	204	172	235	45	215	## Tournée 14
84	182	210	220	194	68	227	76	26	250	202	115	98	163	159	246	212	214	## Tournée 15
8	170	114	132	5	121	161	119	54	228	229	41	187	206	27	48	192	158	## Tournée 16
57	243	104	200	249	164	155	169	34	56	224	195	100	16	213	108	147	10	175	137	15	32	## Tournée 17
248	150	86	139	89	117	28	143	238	38	178	222	120	236	44	87	129	2	141	125	189	142	231	17	110	## Tournée 18
82	64	101	196	152	70	211	180	74	127	13	216	39	30	116	59	184	151	63	174	118	81	24	## Tournée 19
171	230	217	186	61	96	201	12	94	162	65	49	166	128	240	207	179	239	46	209	233	22	79	157	99	11	## Tournée 20
95	85	91	23	19	6	149	242	109	92	## Tournée 21
69	## Tournée 22
