56898	## Somme des retards
10	## Temps CPU (millisecondes)
87	82	68	51	45	98	14	59	66	4	8	60	79	94	86	3	64	42	20	24	74	97	67	70	53	61	57	48	28	83	12	33	91	10	69	5	80	35	85	84	47	16	50	2	43	26	49	52	63	88	37	44	36	25	89	62	41	92	30	6	11	7	56	95	15	78	18	29	90	72	21	71	34	19	54	13	58	22	99	32	46	38	75	31	27	81	76	17	39	9	40	65	77	1	73	93	96	23	100	55	## Ordonnancement
19	## Nombre de tournées
1	1	1	1	3	1	1	4	2	2	8	6	9	8	12	15	14	10	1	## Nombre de sites par tournée
87	## Tournée 1
82	## Tournée 2
68	## Tournée 3
51	## Tournée 4
14	45	98	## Tournée 5
59	## Tournée 6
66	## Tournée 7
60	4	79	8	## Tournée 8
86	94	## Tournée 9
64	3	## Tournée 10
67	53	70	20	97	42	24	74	## Tournée 11
48	57	61	12	83	28	## Tournée 12
5	80	84	33	69	10	35	85	91	## Tournée 13
49	47	2	43	50	16	52	26	## Tournée 14
37	88	62	63	44	89	25	92	6	41	36	30	## Tournée 15
95	19	29	78	18	34	7	72	21	11	56	54	15	90	71	## Tournée 16
58	75	46	32	38	13	22	27	99	17	81	76	31	39	## Tournée 17
96	40	65	100	77	73	93	1	23	9	## Tournée 18
55	## Tournée 19
