492823	## Somme des retards
100	## Temps CPU (millisecondes)
62	80	91	43	178	198	55	226	177	263	272	11	156	134	239	97	234	121	4	267	63	119	172	46	47	35	106	208	258	297	271	150	231	296	6	90	293	20	252	67	26	280	222	276	277	220	39	76	33	27	269	294	79	114	278	281	203	31	246	14	155	32	265	77	65	279	162	266	160	285	242	86	53	130	12	207	217	167	102	7	298	143	274	268	184	185	181	71	189	149	193	145	15	212	78	137	144	50	98	9	299	44	66	108	112	241	3	96	196	209	25	126	159	54	300	125	57	85	257	103	61	199	51	133	21	191	131	75	118	213	221	94	187	169	58	259	124	275	224	92	206	49	1	288	74	88	283	109	197	251	176	182	73	164	22	5	236	72	153	232	192	204	250	168	142	244	202	215	214	70	113	107	69	166	165	19	158	141	205	295	101	248	17	34	229	120	157	235	59	284	123	170	105	186	42	128	146	140	111	175	249	48	122	40	163	132	256	223	68	262	60	93	228	82	240	104	83	148	154	238	24	2	292	243	84	115	261	100	225	36	116	188	152	95	52	87	183	161	30	216	255	180	139	264	45	211	38	147	81	129	273	227	127	230	289	200	219	286	194	218	8	23	245	173	117	270	287	179	64	138	237	291	254	10	233	195	37	174	29	282	89	247	28	136	16	99	260	190	171	151	253	41	210	135	290	110	201	18	13	56	## Ordonnancement
31	## Nombre de tournées
1	1	1	1	1	1	1	1	1	2	3	1	4	4	5	6	8	9	11	14	15	14	18	19	19	21	24	27	28	26	13	## Nombre de sites par tournée
62	## Tournée 1
80	## Tournée 2
91	## Tournée 3
43	## Tournée 4
178	## Tournée 5
198	## Tournée 6
55	## Tournée 7
226	## Tournée 8
177	## Tournée 9
272	263	## Tournée 10
134	11	156	## Tournée 11
239	## Tournée 12
121	97	234	4	## Tournée 13
63	267	119	172	## Tournée 14
208	47	46	106	35	## Tournée 15
297	231	271	258	296	150	## Tournée 16
252	90	280	20	26	6	67	293	## Tournée 17
220	277	39	222	276	76	27	269	33	## Tournée 18
14	114	281	31	278	79	32	294	203	155	246	## Tournée 19
207	53	86	285	130	77	279	242	160	65	12	266	162	265	## Tournée 20
193	298	274	181	184	268	71	149	7	185	189	102	143	217	167	## Tournée 21
9	108	299	78	112	50	15	44	66	144	98	137	212	145	## Tournée 22
3	196	209	300	25	257	199	126	125	96	85	57	61	51	54	241	103	159	## Tournée 23
21	169	275	259	92	94	124	49	221	213	118	131	133	58	206	191	75	187	224	## Tournée 24
192	176	73	164	109	288	251	72	1	74	232	236	182	5	22	153	283	197	88	## Tournée 25
295	142	204	101	69	158	113	165	205	168	202	70	107	250	141	166	19	248	214	215	244	## Tournée 26
59	170	40	34	229	284	42	120	111	157	105	163	122	17	132	128	175	146	249	186	123	235	48	140	## Tournée 27
93	100	240	188	256	238	154	104	115	60	225	148	261	292	116	262	68	243	84	2	228	83	152	82	36	223	24	## Tournée 28
30	161	227	52	129	127	218	45	183	255	38	289	286	219	273	200	194	87	139	264	230	8	81	147	180	211	95	216	## Tournée 29
195	247	10	23	282	37	174	89	179	270	237	117	138	254	260	245	287	29	99	136	173	64	28	16	291	233	## Tournée 30
210	201	110	18	151	56	190	13	253	135	41	290	171	## Tournée 31
