285164	## Somme des retards
110	## Temps CPU (millisecondes)
197	30	66	147	58	17	39	184	98	97	64	137	126	152	20	7	9	242	249	110	239	204	76	165	175	172	79	188	178	87	211	81	138	151	220	62	16	35	185	134	171	31	53	34	128	227	111	32	230	73	207	195	193	13	234	170	95	6	119	102	225	201	10	141	208	180	93	206	156	45	14	245	99	162	112	104	84	25	136	59	24	117	54	88	44	29	209	72	158	221	69	200	146	67	219	163	205	144	169	114	166	229	210	145	78	181	15	55	107	189	224	92	223	23	11	4	215	61	217	52	202	214	121	237	5	47	125	216	22	176	233	50	248	49	91	132	236	173	86	159	143	57	43	177	123	3	187	142	160	182	191	124	46	135	222	164	33	153	183	167	70	40	127	168	94	106	238	60	247	241	140	130	18	38	105	133	116	231	90	65	82	8	131	194	192	51	199	190	213	63	174	12	203	139	196	21	155	179	150	42	243	149	101	68	85	240	250	41	56	212	100	28	103	109	198	148	120	1	74	226	218	2	115	71	235	96	161	19	154	157	26	232	77	129	75	83	113	228	36	186	118	89	37	80	48	244	27	122	246	108	## Ordonnancement
24	## Nombre de tournées
1	1	1	1	4	2	4	5	7	9	11	10	11	14	15	15	18	18	20	22	22	23	15	1	## Nombre de sites par tournée
197	## Tournée 1
30	## Tournée 2
66	## Tournée 3
147	## Tournée 4
17	184	39	58	## Tournée 5
98	97	## Tournée 6
137	126	152	64	## Tournée 7
249	20	9	7	242	## Tournée 8
175	204	165	110	172	76	239	## Tournée 9
79	87	178	81	220	211	188	151	138	## Tournée 10
227	62	31	128	34	185	35	53	16	134	171	## Tournée 11
195	230	193	32	207	111	234	170	13	73	## Tournée 12
141	102	180	95	208	93	225	6	10	119	201	## Tournée 13
156	136	112	206	14	99	84	245	24	104	25	45	59	162	## Tournée 14
200	72	221	69	29	44	88	219	209	117	158	146	163	54	67	## Tournée 15
114	229	55	78	181	210	205	224	169	166	145	144	15	189	107	## Tournée 16
11	237	223	214	61	217	47	52	23	22	92	216	215	4	125	202	5	121	## Tournée 17
49	159	123	233	86	3	143	177	91	187	132	50	173	176	236	43	248	57	## Tournée 18
46	222	124	168	160	135	94	238	106	191	70	183	164	167	153	127	40	182	33	142	## Tournée 19
192	90	194	18	60	190	199	131	65	51	140	130	38	247	105	133	8	82	213	231	241	116	## Tournée 20
21	42	149	174	85	100	212	56	150	101	250	68	139	179	155	203	41	243	12	63	240	196	## Tournée 21
26	218	2	74	109	115	28	157	96	129	235	154	120	232	1	77	148	71	103	161	198	19	226	## Tournée 22
80	75	122	27	246	186	113	228	36	83	89	118	244	37	48	## Tournée 23
108	## Tournée 24
