148570	## Somme des retards
30	## Temps CPU (millisecondes)
101	54	81	147	198	143	57	127	86	166	118	33	93	150	102	24	6	128	76	25	13	69	52	164	90	29	134	37	74	1	135	165	182	39	132	65	94	148	73	88	172	49	3	89	19	123	157	67	108	55	161	187	68	31	21	195	179	92	115	64	18	96	105	9	142	180	77	112	154	14	83	107	111	43	114	155	47	75	27	126	110	42	98	41	32	141	23	8	160	40	120	11	72	59	84	53	173	194	145	199	139	17	163	196	130	133	16	38	177	103	36	192	20	152	80	156	113	158	170	149	4	140	78	61	100	181	151	129	50	193	183	66	46	109	191	2	190	99	63	82	185	175	200	12	119	91	44	122	169	184	138	48	28	176	167	171	153	159	97	136	35	10	197	95	188	137	79	131	146	144	85	87	186	58	125	56	168	34	162	62	70	106	116	121	104	30	189	60	71	5	174	7	117	22	178	15	51	26	45	124	## Ordonnancement
22	## Nombre de tournées
1	1	1	2	1	2	3	4	5	8	9	9	11	12	12	14	19	16	22	18	25	5	## Nombre de sites par tournée
101	## Tournée 1
54	## Tournée 2
81	## Tournée 3
147	198	## Tournée 4
143	## Tournée 5
127	57	## Tournée 6
166	86	118	## Tournée 7
102	33	93	150	## Tournée 8
76	6	24	25	128	## Tournée 9
134	29	90	52	37	69	164	13	## Tournée 10
135	94	65	1	182	165	74	132	39	## Tournée 11
3	172	123	148	73	89	88	19	49	## Tournée 12
108	195	179	21	55	31	157	161	187	68	67	## Tournée 13
96	180	115	18	112	9	105	77	142	154	64	92	## Tournée 14
47	110	107	14	83	126	155	43	75	27	111	114	## Tournée 15
84	40	11	42	141	160	120	32	72	8	98	59	41	23	## Tournée 16
194	38	17	53	192	130	16	36	139	177	173	20	152	196	145	163	199	103	133	## Tournée 17
78	151	158	50	140	113	149	129	193	100	80	181	4	170	61	156	## Tournée 18
2	46	190	119	12	91	99	191	66	185	63	200	48	44	138	109	175	183	184	169	82	122	## Tournée 19
197	137	35	167	28	153	188	136	144	97	176	79	131	10	159	95	146	171	## Tournée 20
117	162	87	62	125	104	58	85	34	70	22	56	106	189	168	116	174	121	178	186	5	71	30	60	7	## Tournée 21
51	15	124	45	26	## Tournée 22
