141355	## Somme des retards
60	## Temps CPU (millisecondes)
28	15	64	125	183	161	25	165	10	196	129	45	56	70	185	36	126	19	84	176	163	76	77	170	102	48	21	147	111	143	199	103	50	172	137	23	117	110	157	144	112	40	152	107	168	53	12	180	89	105	11	127	113	47	78	75	156	81	62	177	120	41	2	118	39	181	37	44	61	26	60	108	200	155	67	73	83	13	151	35	178	188	91	101	187	158	9	69	149	96	169	148	189	99	87	142	82	54	14	20	90	49	34	135	38	68	30	6	130	65	119	93	162	193	92	171	159	138	94	184	8	66	141	115	22	32	146	109	104	86	52	46	55	182	63	42	121	4	133	16	192	124	154	131	140	17	164	160	175	139	128	116	79	150	136	29	1	194	27	51	166	153	195	59	98	100	186	198	31	179	197	88	167	7	43	134	95	114	58	80	191	18	174	97	122	57	33	24	145	106	72	190	132	3	85	173	123	71	5	74	## Ordonnancement
20	## Nombre de tournées
2	2	2	3	4	5	6	6	8	10	9	12	13	15	18	20	22	23	18	2	## Nombre de sites par tournée
15	28	## Tournée 1
125	64	## Tournée 2
161	183	## Tournée 3
10	25	165	## Tournée 4
45	196	129	56	## Tournée 5
36	70	19	185	126	## Tournée 6
176	163	170	77	84	76	## Tournée 7
102	111	147	143	21	48	## Tournée 8
199	23	103	137	117	50	110	172	## Tournée 9
152	107	12	168	180	144	112	53	157	40	## Tournée 10
47	78	75	105	156	11	127	89	113	## Tournée 11
37	39	118	62	61	177	120	181	2	41	81	44	## Tournée 12
151	73	67	13	178	200	35	60	108	26	155	188	83	## Tournée 13
148	158	189	99	187	82	169	9	69	149	87	142	101	96	91	## Tournée 14
119	92	135	54	93	20	130	68	30	14	90	162	34	65	49	6	38	193	## Tournée 15
8	141	86	138	32	104	171	109	46	146	22	159	66	52	184	63	94	115	55	182	## Tournée 16
42	79	16	140	128	4	1	136	29	139	17	116	121	131	124	150	133	164	175	154	160	192	## Tournée 17
51	88	98	167	179	27	186	7	114	95	153	195	197	58	59	43	134	194	166	100	80	198	31	## Tournée 18
122	18	24	85	33	72	123	191	132	3	106	145	173	174	57	97	190	71	## Tournée 19
5	74	## Tournée 20
