37680	## Somme des retards
10	## Temps CPU (millisecondes)
59	20	3	100	97	48	4	66	64	8	52	40	95	21	32	49	88	82	16	75	45	43	86	29	92	74	51	85	11	23	47	15	87	80	61	33	12	18	37	96	24	1	41	78	62	13	36	5	81	38	25	93	34	26	76	54	67	58	55	83	77	42	31	94	63	46	65	39	90	60	27	14	57	84	22	35	6	79	30	28	17	71	68	50	91	72	56	98	9	19	73	89	70	69	99	53	2	10	44	7	## Ordonnancement
14	## Nombre de tournées
1	1	1	3	4	6	6	7	10	12	12	16	13	8	## Nombre de sites par tournée
59	## Tournée 1
20	## Tournée 2
3	## Tournée 3
97	100	48	## Tournée 4
4	8	66	64	## Tournée 5
49	52	21	32	40	95	## Tournée 6
45	88	82	75	43	16	## Tournée 7
86	29	92	11	74	85	51	## Tournée 8
61	87	15	47	80	33	23	18	37	12	## Tournée 9
13	96	25	24	36	5	62	38	41	81	1	78	## Tournée 10
54	26	83	93	67	76	31	58	42	77	55	34	## Tournée 11
46	39	90	6	30	65	27	35	63	84	14	94	60	79	22	57	## Tournée 12
28	98	68	72	91	19	73	71	89	56	9	50	17	## Tournée 13
10	99	69	53	2	7	70	44	## Tournée 14
