277543	## Somme des retards
200	## Temps CPU (millisecondes)
113	278	95	142	186	281	236	83	110	97	198	283	293	163	170	118	217	224	13	119	49	59	53	78	30	3	24	84	254	15	299	66	2	151	256	252	192	43	215	112	133	147	93	240	277	45	89	159	211	152	288	226	287	143	106	117	137	72	266	99	165	298	155	296	184	237	221	190	114	61	270	194	156	248	41	19	259	203	282	276	17	91	36	37	70	238	102	261	214	208	104	230	286	264	40	284	94	177	48	80	28	223	178	144	23	62	207	267	33	250	108	279	269	191	5	262	219	73	275	9	265	57	233	145	244	131	146	295	64	111	227	212	172	232	258	150	134	60	92	38	136	25	127	169	21	149	220	130	249	20	245	188	105	123	138	46	242	168	77	74	126	124	167	76	12	193	86	182	58	22	11	196	292	39	195	82	216	54	291	206	255	222	63	44	181	34	187	280	75	71	289	8	285	251	103	32	161	231	7	51	154	201	199	153	26	52	290	120	162	160	50	139	10	135	247	175	42	79	218	115	122	179	140	173	81	14	4	65	246	180	27	29	183	243	174	164	69	171	141	6	109	148	209	234	228	132	100	101	129	47	271	210	67	241	87	225	229	272	235	116	96	98	85	185	166	125	239	158	56	200	35	31	274	107	18	55	268	202	176	157	90	68	121	1	205	297	260	213	189	300	257	204	128	197	253	88	294	263	16	273	## Ordonnancement
24	## Nombre de tournées
1	1	1	1	3	3	6	9	8	9	10	10	14	12	17	17	18	20	23	24	24	29	28	12	## Nombre de sites par tournée
113	## Tournée 1
278	## Tournée 2
95	## Tournée 3
142	## Tournée 4
186	281	236	## Tournée 5
110	83	97	## Tournée 6
163	283	293	198	118	170	## Tournée 7
119	49	217	30	78	224	13	53	59	## Tournée 8
84	254	3	2	24	15	66	299	## Tournée 9
112	256	133	147	215	151	252	43	192	## Tournée 10
226	89	211	45	93	152	277	288	240	159	## Tournée 11
266	99	117	72	165	298	287	143	106	137	## Tournée 12
237	248	61	194	155	296	156	190	184	41	19	221	270	114	## Tournée 13
238	91	17	37	102	282	261	203	259	276	36	70	## Tournée 14
28	48	80	40	214	144	208	286	223	104	230	178	264	23	94	177	284	## Tournée 15
279	191	33	275	265	250	262	267	108	219	73	57	62	5	269	207	9	## Tournée 16
212	145	111	232	258	150	146	131	295	172	64	38	60	233	227	92	244	134	## Tournée 17
188	138	20	77	74	168	149	105	169	130	245	249	25	220	242	127	123	21	136	46	## Tournée 18
22	124	86	255	222	39	292	193	82	63	196	182	126	76	291	206	12	58	216	195	54	167	11	## Tournée 19
153	199	7	8	231	181	251	290	201	52	51	154	103	280	187	285	75	44	161	26	34	289	71	32	## Tournée 20
65	122	218	160	81	247	14	135	27	10	115	162	179	139	4	175	246	173	140	180	42	79	120	50	## Tournée 21
225	101	6	29	183	171	243	109	116	271	241	47	229	235	100	210	148	164	129	67	209	87	141	69	132	228	272	234	174	## Tournée 22
268	121	185	98	56	157	274	202	297	31	260	68	1	176	213	205	85	35	90	158	55	166	239	96	125	107	200	18	## Tournée 23
204	128	300	263	16	197	88	294	273	253	189	257	## Tournée 24
