47028	## Somme des retards
20	## Temps CPU (millisecondes)
72	78	76	49	28	89	55	46	31	20	88	56	24	10	81	35	40	99	75	27	86	82	33	73	64	47	92	5	9	41	43	83	54	52	91	17	95	15	58	100	3	2	67	66	22	1	80	90	42	61	79	19	44	18	53	87	74	62	93	16	57	94	63	29	68	51	69	50	34	7	60	6	77	13	45	8	4	71	32	97	39	59	70	38	96	48	21	26	65	23	12	37	14	30	25	98	11	84	36	85	## Ordonnancement
15	## Nombre de tournées
1	1	3	5	3	3	8	7	8	11	12	15	12	9	2	## Nombre de sites par tournée
72	## Tournée 1
78	## Tournée 2
49	76	28	## Tournée 3
89	20	46	31	55	## Tournée 4
56	88	24	## Tournée 5
35	10	81	## Tournée 6
99	33	73	75	27	82	86	40	## Tournée 7
64	92	9	47	5	43	41	## Tournée 8
83	54	91	58	52	15	95	17	## Tournée 9
61	67	1	90	2	66	80	3	22	42	100	## Tournée 10
79	19	18	16	74	57	62	87	93	94	53	44	## Tournée 11
77	51	8	45	13	50	68	29	60	69	63	4	6	34	7	## Tournée 12
32	48	96	26	59	65	70	21	71	39	97	38	## Tournée 13
25	11	30	23	14	12	84	98	37	## Tournée 14
85	36	## Tournée 15
