222700	## Somme des retards
60	## Temps CPU (millisecondes)
193	104	128	190	77	26	78	194	23	171	25	191	110	146	45	125	59	97	66	119	11	76	63	92	20	116	184	122	14	178	40	177	180	145	172	179	10	51	112	141	157	70	198	79	175	41	138	7	183	47	90	120	18	136	91	131	135	134	139	189	151	168	162	123	94	58	163	149	169	133	129	197	144	196	186	65	24	140	38	82	155	161	3	42	182	96	108	17	30	127	50	158	81	33	73	126	98	95	100	160	57	154	159	174	52	44	156	53	109	29	164	114	31	2	60	43	22	21	9	19	107	195	102	200	88	15	101	68	46	188	124	35	148	130	56	150	113	28	181	117	192	105	87	173	49	72	34	147	27	32	137	143	121	69	142	8	61	54	55	74	16	170	36	132	48	166	75	4	185	6	153	93	176	99	37	115	89	83	67	1	187	80	86	71	199	167	85	84	39	62	118	103	111	106	152	64	12	13	165	5	## Ordonnancement
24	## Nombre de tournées
1	1	1	1	1	2	2	2	3	7	6	8	7	10	12	12	15	14	15	20	18	19	21	2	## Nombre de sites par tournée
193	## Tournée 1
104	## Tournée 2
128	## Tournée 3
190	## Tournée 4
77	## Tournée 5
78	26	## Tournée 6
23	194	## Tournée 7
25	171	## Tournée 8
191	146	110	## Tournée 9
97	11	119	125	45	66	59	## Tournée 10
116	20	63	184	92	76	## Tournée 11
145	178	14	172	177	180	122	40	## Tournée 12
70	179	51	157	10	141	112	## Tournée 13
7	47	79	138	183	90	120	175	41	198	## Tournée 14
131	91	162	134	136	123	18	135	168	151	139	189	## Tournée 15
149	169	58	163	129	186	144	94	197	133	65	196	## Tournée 16
42	30	17	50	140	24	161	3	96	108	82	38	155	182	127	## Tournée 17
126	81	158	154	160	100	73	52	159	57	174	98	33	95	## Tournée 18
21	44	22	114	29	9	164	156	43	60	31	53	2	19	109	## Tournée 19
101	88	200	68	117	15	102	195	130	188	56	46	150	181	28	124	148	35	107	113	## Tournée 20
137	54	192	147	87	27	173	143	69	32	105	61	121	49	142	8	34	72	## Tournée 21
55	99	93	37	16	185	115	170	89	74	176	153	48	36	6	75	132	166	4	## Tournée 22
103	13	80	62	64	118	187	1	167	84	12	199	86	111	39	106	85	83	67	152	71	## Tournée 23
165	5	## Tournée 24
