48464	## Somme des retards
0	## Temps CPU (millisecondes)
58	42	83	10	11	17	67	12	90	64	57	37	96	26	82	66	40	95	19	100	68	78	24	53	44	39	86	50	81	70	30	84	4	71	41	46	7	29	54	8	5	98	72	31	87	48	27	18	1	9	91	22	62	21	49	51	93	13	99	73	20	77	94	6	34	23	38	36	79	85	63	88	2	60	52	47	33	3	15	25	75	92	69	35	76	14	55	43	65	16	89	45	59	32	28	74	61	97	56	80	## Ordonnancement
15	## Nombre de tournées
1	1	1	1	3	7	7	7	9	12	12	13	15	8	3	## Nombre de sites par tournée
58	## Tournée 1
42	## Tournée 2
83	## Tournée 3
10	## Tournée 4
11	67	17	## Tournée 5
90	57	12	64	37	96	26	## Tournée 6
100	40	19	82	66	68	95	## Tournée 7
86	44	78	50	39	24	53	## Tournée 8
41	30	4	46	71	81	84	70	7	## Tournée 9
8	48	98	18	31	5	29	54	72	27	87	1	## Tournée 10
99	13	62	73	51	93	49	22	91	20	9	21	## Tournée 11
94	2	34	60	23	38	88	6	77	63	85	79	36	## Tournée 12
35	25	76	14	52	69	33	55	65	43	92	47	75	3	15	## Tournée 13
61	89	32	28	16	74	59	45	## Tournée 14
56	97	80	## Tournée 15
