108010	## Somme des retards
20	## Temps CPU (millisecondes)
45	19	6	124	22	65	80	97	87	122	138	42	29	10	141	12	117	105	16	47	27	70	7	127	139	134	52	63	73	20	106	110	46	8	114	34	147	71	128	95	96	33	49	83	24	90	28	40	31	131	149	148	53	135	21	136	41	107	145	14	92	112	104	38	17	125	94	75	60	79	93	44	88	25	1	140	113	118	129	116	58	109	69	76	137	15	64	111	98	85	108	72	68	101	123	121	133	9	120	100	2	150	51	84	143	142	36	39	82	99	77	54	78	74	103	4	11	130	119	50	86	56	62	37	48	132	18	43	81	13	57	5	30	23	67	89	91	66	26	3	59	32	61	102	35	126	146	144	115	55	## Ordonnancement
22	## Nombre de tournées
1	1	1	1	2	2	2	4	2	4	6	7	8	10	11	13	14	17	19	17	7	1	## Nombre de sites par tournée
45	## Tournée 1
19	## Tournée 2
6	## Tournée 3
124	## Tournée 4
65	22	## Tournée 5
97	80	## Tournée 6
87	122	## Tournée 7
10	42	138	29	## Tournée 8
12	141	## Tournée 9
47	117	16	105	## Tournée 10
27	7	127	134	70	139	## Tournée 11
63	110	106	46	20	73	52	## Tournée 12
71	96	34	147	8	95	114	128	## Tournée 13
33	40	131	90	31	28	24	83	49	149	## Tournée 14
53	107	14	41	136	92	21	148	112	145	135	## Tournée 15
104	1	88	60	17	44	125	75	93	38	79	94	25	## Tournée 16
116	111	98	113	15	76	64	129	118	140	109	69	137	58	## Tournée 17
101	121	84	100	9	51	143	85	123	68	133	2	142	108	150	120	72	## Tournée 18
82	86	56	36	74	103	130	4	77	39	48	78	37	62	99	119	50	11	54	## Tournée 19
5	18	81	26	57	91	13	30	67	66	59	43	89	3	23	132	32	## Tournée 20
115	35	102	126	61	144	146	## Tournée 21
55	## Tournée 22
