85404	## Somme des retards
110	## Temps CPU (millisecondes)
29	129	37	205	160	213	53	79	71	88	50	207	124	102	204	212	228	128	226	196	47	134	171	140	146	172	151	11	101	173	76	30	43	132	206	166	68	223	158	200	94	38	81	98	169	49	126	162	13	227	152	229	238	119	231	135	161	176	149	153	210	42	216	35	104	107	72	125	27	175	164	147	209	51	7	19	103	159	34	16	89	199	143	235	48	122	14	54	6	74	133	2	40	55	33	73	246	121	163	203	225	75	41	117	190	198	57	155	36	248	232	179	64	211	156	25	243	215	62	193	1	183	65	67	178	181	142	77	197	4	145	154	83	97	84	95	31	137	118	12	93	116	234	233	18	23	21	189	78	61	112	217	150	111	245	230	239	56	39	240	224	96	250	63	115	139	191	236	66	208	100	237	249	131	70	99	92	85	17	120	180	86	219	247	60	192	241	165	46	186	170	130	22	44	201	113	59	80	108	214	91	127	138	168	136	26	141	144	109	32	188	182	28	202	221	194	5	24	52	218	69	195	15	110	244	148	58	20	8	242	105	174	222	184	187	90	177	157	87	185	220	3	45	9	82	106	167	123	114	10	## Ordonnancement
20	## Nombre de tournées
1	2	3	4	7	7	9	10	12	16	14	13	20	16	21	21	28	26	16	4	## Nombre de sites par tournée
29	## Tournée 1
129	37	## Tournée 2
160	213	205	## Tournée 3
79	88	71	53	## Tournée 4
102	207	124	212	228	204	50	## Tournée 5
226	140	134	128	171	196	47	## Tournée 6
43	146	151	76	101	11	172	173	30	## Tournée 7
68	158	206	166	94	200	81	132	223	38	## Tournée 8
119	162	227	238	98	126	231	169	13	49	152	229	## Tournée 9
107	149	72	176	42	125	135	164	216	153	27	35	161	104	210	175	## Tournée 10
209	147	143	16	48	89	103	51	199	34	7	19	159	235	## Tournée 11
122	73	246	14	6	133	2	55	74	121	33	54	40	## Tournée 12
155	41	215	64	190	179	232	211	75	225	198	156	203	36	243	117	163	25	248	57	## Tournée 13
65	197	97	1	67	142	178	77	183	181	4	145	83	193	154	62	## Tournée 14
21	18	78	111	12	61	150	84	233	217	118	23	31	234	116	112	93	137	189	95	245	## Tournée 15
115	139	70	191	236	131	208	96	237	249	230	66	224	240	63	39	56	250	239	100	99	## Tournée 16
201	60	241	192	80	46	130	44	180	108	168	170	247	138	86	113	219	85	127	17	59	120	165	22	92	91	214	186	## Tournée 17
58	69	15	8	141	188	109	144	24	110	202	26	52	244	221	194	20	218	182	28	242	136	195	5	148	32	## Tournée 18
9	157	82	184	106	3	177	90	220	185	222	187	105	87	174	45	## Tournée 19
123	10	167	114	## Tournée 20
