84203	## Somme des retards
80	## Temps CPU (millisecondes)
3	36	135	28	119	150	145	181	42	22	124	148	172	32	157	160	117	186	131	1	98	5	76	178	175	61	79	167	65	103	68	138	58	24	67	136	39	37	106	129	8	152	45	154	21	13	19	78	197	20	33	99	94	192	86	158	80	84	43	57	199	128	107	142	16	49	121	114	196	179	182	187	166	109	162	125	46	155	64	50	104	189	176	38	52	174	139	190	101	69	163	74	97	96	141	132	60	95	23	191	62	70	185	92	14	18	108	137	15	118	75	111	168	171	105	48	11	188	91	31	55	115	169	44	173	153	122	2	170	77	54	116	194	164	73	123	110	27	26	87	177	30	193	133	146	102	53	140	40	156	17	10	134	126	7	35	127	72	200	195	29	6	151	59	93	198	82	63	100	88	180	51	41	12	144	56	120	83	149	130	112	161	165	183	89	147	113	159	9	4	71	66	85	90	184	81	47	34	25	143	## Ordonnancement
19	## Nombre de tournées
1	2	2	2	3	5	7	9	9	11	14	15	16	16	20	20	20	23	5	## Nombre de sites par tournée
3	## Tournée 1
36	135	## Tournée 2
119	28	## Tournée 3
145	150	## Tournée 4
22	42	181	## Tournée 5
157	32	172	148	124	## Tournée 6
131	160	117	186	5	98	1	## Tournée 7
68	79	167	76	65	175	178	103	61	## Tournée 8
136	67	58	24	106	37	39	129	138	## Tournée 9
154	45	197	152	21	19	78	20	8	13	33	## Tournée 10
128	107	16	158	80	94	86	99	142	43	84	57	199	192	## Tournée 11
46	109	121	187	162	114	50	196	155	182	125	49	166	64	179	## Tournée 12
141	189	139	190	104	97	101	174	38	132	176	163	74	96	52	69	## Tournée 13
18	70	15	185	60	23	75	191	118	137	95	108	92	62	111	14	## Tournée 14
2	116	169	44	11	105	31	77	171	54	115	168	122	153	173	55	188	48	91	170	## Tournée 15
123	53	146	156	140	177	193	27	133	73	30	26	10	40	17	194	102	164	110	87	## Tournée 16
200	93	35	59	6	72	195	126	134	127	29	7	63	100	88	180	82	151	198	51	## Tournée 17
147	159	71	184	161	112	56	89	183	41	144	90	12	149	113	165	66	83	85	4	9	130	120	## Tournée 18
143	25	34	47	81	## Tournée 19
