180150	## Somme des retards
220	## Temps CPU (millisecondes)
123	224	214	63	5	16	22	21	244	115	41	133	6	232	172	94	81	35	204	25	92	91	14	156	155	76	78	184	3	96	227	179	189	151	86	113	58	154	186	13	167	149	80	243	163	38	119	9	160	222	67	54	2	108	181	203	124	79	140	20	77	162	128	237	23	134	217	1	171	231	87	242	17	53	55	90	110	198	118	209	207	66	61	74	104	106	46	4	165	42	213	188	185	220	72	39	102	117	145	83	146	249	70	107	105	82	215	158	210	195	127	191	19	137	197	89	101	206	10	241	200	32	103	196	233	236	229	121	194	36	125	182	138	166	239	168	235	212	48	27	57	71	183	97	136	88	169	8	64	122	176	247	75	192	45	180	161	141	246	47	143	230	208	159	170	116	24	201	85	29	147	221	248	114	18	142	68	59	130	216	7	40	69	223	31	132	111	15	164	226	178	95	234	205	99	250	11	60	33	49	129	240	218	228	98	131	193	65	152	177	93	26	126	30	139	245	84	144	173	135	211	153	112	100	157	62	43	174	56	190	52	28	175	150	12	109	34	219	199	73	187	225	51	238	50	148	44	202	37	120	## Ordonnancement
22	## Nombre de tournées
2	1	2	3	2	4	6	8	8	10	12	16	13	13	14	22	23	21	26	24	18	2	## Nombre de sites par tournée
224	123	## Tournée 1
214	## Tournée 2
5	63	## Tournée 3
16	21	22	## Tournée 4
115	244	## Tournée 5
6	133	232	41	## Tournée 6
25	204	35	172	81	94	## Tournée 7
184	76	92	14	91	155	156	78	## Tournée 8
86	96	113	179	3	189	151	227	## Tournée 9
163	167	80	13	154	38	186	58	243	149	## Tournée 10
108	9	203	124	181	79	160	54	119	2	67	222	## Tournée 11
23	53	77	20	162	171	17	242	1	237	87	140	231	217	134	128	## Tournée 12
46	104	207	118	198	55	66	90	110	106	74	61	209	## Tournée 13
220	213	42	185	102	188	4	39	72	83	165	145	117	## Tournée 14
70	210	19	215	82	249	195	105	146	158	191	107	137	127	## Tournée 15
121	168	89	36	125	32	194	138	182	229	101	10	196	200	197	166	103	239	206	236	241	233	## Tournée 16
48	246	75	136	212	122	45	183	64	141	235	169	8	161	176	180	97	71	57	27	247	192	88	## Tournée 17
47	230	170	216	221	147	159	116	29	248	143	68	201	130	24	18	85	208	114	59	142	## Tournée 18
131	69	33	49	31	223	228	250	7	234	178	111	164	60	98	226	218	11	95	15	132	99	129	205	40	240	## Tournée 19
100	245	157	193	62	126	26	144	43	177	30	211	152	93	84	153	174	65	190	112	56	135	139	173	## Tournée 20
109	28	225	199	187	238	44	34	202	50	219	148	12	52	73	51	150	175	## Tournée 21
37	120	## Tournée 22
