45676	## Somme des retards
30	## Temps CPU (millisecondes)
13	48	67	5	37	79	38	47	69	14	65	57	78	33	56	50	31	87	46	61	99	27	49	17	20	44	41	76	63	73	96	11	51	88	74	64	9	21	55	54	28	23	10	45	84	80	100	66	19	81	3	22	90	92	32	15	43	4	24	30	89	71	62	52	58	7	85	35	75	26	8	6	12	72	40	68	18	25	36	82	91	29	34	1	97	95	59	94	39	16	53	93	2	83	86	77	70	42	98	60	## Ordonnancement
15	## Nombre de tournées
1	3	1	2	3	5	5	8	9	11	10	15	12	14	1	## Nombre de sites par tournée
13	## Tournée 1
67	5	48	## Tournée 2
37	## Tournée 3
79	38	## Tournée 4
47	69	14	## Tournée 5
56	65	78	57	33	## Tournée 6
87	50	61	31	46	## Tournée 7
27	17	20	49	76	41	44	99	## Tournée 8
96	88	11	73	9	64	63	51	74	## Tournée 9
21	55	28	84	10	23	80	54	66	100	45	## Tournée 10
15	81	4	3	43	22	90	92	19	32	## Tournée 11
89	58	85	62	52	12	75	35	26	30	7	24	8	71	6	## Tournée 12
36	1	25	97	72	29	91	68	40	18	34	82	## Tournée 13
16	39	70	83	86	42	59	94	2	98	53	77	95	93	## Tournée 14
60	## Tournée 15
