307084	## Somme des retards
160	## Temps CPU (millisecondes)
192	187	120	92	183	65	81	131	97	197	84	9	149	61	137	147	133	24	112	85	31	55	132	176	62	59	14	154	40	77	23	13	72	3	161	1	48	123	87	16	46	150	181	179	195	105	34	99	196	185	165	199	33	126	74	148	172	44	144	108	163	49	54	151	15	117	64	111	20	56	76	75	138	141	39	37	173	93	21	153	6	171	63	10	100	167	136	113	170	156	89	12	146	19	178	114	103	124	139	191	86	53	41	5	119	94	145	78	175	58	45	28	110	143	194	83	152	188	25	169	102	17	8	52	11	159	96	162	22	168	35	190	129	121	107	79	174	38	140	128	142	166	73	32	158	186	116	68	122	127	135	27	182	101	200	184	2	7	193	4	115	109	67	69	177	70	42	18	91	43	160	71	36	26	157	130	134	189	98	50	88	180	118	104	47	80	106	82	198	30	95	57	51	60	125	155	164	66	90	29	## Ordonnancement
24	## Nombre de tournées
1	1	1	1	1	2	2	4	6	4	7	8	9	11	10	10	14	14	15	20	22	19	12	6	## Nombre de sites par tournée
192	## Tournée 1
187	## Tournée 2
120	## Tournée 3
92	## Tournée 4
183	## Tournée 5
81	65	## Tournée 6
131	97	## Tournée 7
197	9	84	149	## Tournée 8
61	137	133	147	24	112	## Tournée 9
55	85	132	31	## Tournée 10
154	176	14	62	40	77	59	## Tournée 11
23	48	72	161	3	123	1	13	## Tournée 12
195	150	179	16	46	105	87	34	181	## Tournée 13
165	99	172	185	33	126	196	199	44	148	74	## Tournée 14
49	108	163	111	54	151	117	144	15	64	## Tournée 15
93	20	141	75	138	56	37	39	173	76	## Tournée 16
63	113	100	170	21	89	171	6	156	12	10	153	136	167	## Tournée 17
94	53	19	139	86	114	146	119	178	191	103	124	41	5	## Tournée 18
169	175	28	110	102	143	194	145	25	83	58	45	188	152	78	## Tournée 19
128	52	190	96	142	162	38	121	129	79	140	17	11	22	174	159	168	8	107	35	## Tournée 20
115	127	73	200	68	116	158	122	182	7	101	186	184	27	2	67	4	166	32	193	135	109	## Tournée 21
180	18	88	43	70	69	36	42	71	157	26	134	50	160	189	91	177	98	130	## Tournée 22
51	104	82	118	57	198	30	95	106	60	47	80	## Tournée 23
155	125	164	66	29	90	## Tournée 24
