267274	## Somme des retards
40	## Temps CPU (millisecondes)
59	15	112	149	17	72	196	117	200	113	16	140	56	114	174	129	68	36	175	161	190	79	118	28	130	82	121	197	77	5	153	100	119	185	136	186	106	138	86	194	188	49	134	71	159	96	128	58	57	45	151	18	105	19	30	157	87	7	102	21	93	11	179	167	98	40	183	54	171	111	22	84	122	126	137	184	76	12	61	155	62	115	4	154	13	67	66	31	189	92	97	81	53	78	69	48	163	187	124	51	1	170	42	64	156	195	191	20	23	108	88	193	145	70	107	29	14	144	109	25	34	132	178	176	65	127	80	158	44	180	198	3	131	99	41	47	90	50	110	52	172	91	35	116	169	9	73	199	148	133	168	75	83	165	152	135	177	141	10	181	32	39	104	85	150	37	24	95	143	43	38	164	101	103	94	166	120	142	160	89	147	123	26	2	125	8	6	74	192	60	162	55	33	46	139	146	27	173	182	63	## Ordonnancement
26	## Nombre de tournées
1	1	1	1	1	1	1	1	1	2	3	4	5	6	8	9	10	11	12	14	16	17	18	19	22	15	## Nombre de sites par tournée
59	## Tournée 1
15	## Tournée 2
112	## Tournée 3
149	## Tournée 4
17	## Tournée 5
72	## Tournée 6
196	## Tournée 7
117	## Tournée 8
200	## Tournée 9
113	16	## Tournée 10
114	56	140	## Tournée 11
68	36	174	129	## Tournée 12
79	175	161	118	190	## Tournée 13
77	121	197	28	82	130	## Tournée 14
106	100	119	185	5	186	153	136	## Tournée 15
86	71	96	159	188	138	194	134	49	## Tournée 16
57	18	45	105	157	58	128	30	19	151	## Tournée 17
21	87	7	167	11	179	93	98	183	40	102	## Tournée 18
61	84	171	54	184	126	122	12	76	137	111	22	## Tournée 19
4	67	66	31	62	92	154	189	115	155	13	97	53	81	## Tournée 20
170	78	1	42	195	51	156	48	23	163	187	124	191	64	20	69	## Tournée 21
88	193	34	108	176	109	70	178	65	127	14	25	144	132	107	145	29	## Tournée 22
50	116	180	158	198	90	110	99	41	47	52	172	131	80	91	35	3	44	## Tournée 23
199	32	75	152	169	133	141	83	9	104	148	168	73	165	135	181	177	10	39	## Tournée 24
143	123	150	166	147	2	26	85	101	89	24	103	142	125	160	120	95	38	43	164	37	94	## Tournée 25
63	27	60	6	33	192	55	182	162	173	74	8	46	146	139	## Tournée 26
