95445	## Somme des retards
10	## Temps CPU (millisecondes)
56	84	50	8	59	70	69	36	16	82	60	76	77	26	22	100	44	3	91	88	51	71	20	52	40	64	79	65	33	96	9	17	97	85	39	62	29	6	37	54	68	61	45	43	13	28	24	4	19	57	94	2	66	35	72	34	80	75	46	55	78	18	93	30	15	98	47	10	81	92	21	83	99	73	38	48	95	58	27	41	67	63	90	25	32	14	74	7	53	89	5	31	42	11	1	49	86	87	23	12	## Ordonnancement
22	## Nombre de tournées
1	1	1	1	1	1	1	1	2	1	1	2	3	3	6	9	8	9	10	14	12	12	## Nombre de sites par tournée
56	## Tournée 1
84	## Tournée 2
50	## Tournée 3
8	## Tournée 4
59	## Tournée 5
70	## Tournée 6
69	## Tournée 7
36	## Tournée 8
82	16	## Tournée 9
60	## Tournée 10
76	## Tournée 11
77	26	## Tournée 12
22	100	44	## Tournée 13
88	3	91	## Tournée 14
71	51	20	52	64	40	## Tournée 15
9	65	96	33	17	39	97	85	79	## Tournée 16
45	68	54	6	62	29	61	37	## Tournée 17
28	4	2	13	24	19	94	43	57	## Tournée 18
55	34	72	46	66	35	18	75	78	80	## Tournée 19
92	98	93	21	47	38	30	99	15	73	83	10	81	48	## Tournée 20
63	27	95	25	41	74	58	67	7	90	14	32	## Tournée 21
53	87	1	12	31	49	11	89	42	86	5	23	## Tournée 22
