91924	## Somme des retards
20	## Temps CPU (millisecondes)
9	68	53	76	86	26	29	57	15	1	24	14	97	83	74	87	72	78	19	67	75	81	96	66	30	65	71	80	95	56	23	44	50	94	45	100	77	61	60	69	89	10	43	58	82	62	17	63	59	85	11	84	40	99	4	49	27	64	32	21	22	73	28	48	98	6	8	91	20	31	39	18	16	7	36	12	38	88	54	90	37	13	70	2	46	35	34	93	55	42	41	51	5	33	25	52	92	79	47	3	## Ordonnancement
18	## Nombre de tournées
1	1	2	2	1	3	3	4	4	7	6	8	9	13	11	12	12	1	## Nombre de sites par tournée
9	## Tournée 1
68	## Tournée 2
53	76	## Tournée 3
26	86	## Tournée 4
29	## Tournée 5
57	15	1	## Tournée 6
97	14	24	## Tournée 7
72	83	87	74	## Tournée 8
67	19	75	78	## Tournée 9
71	80	30	66	96	65	81	## Tournée 10
56	23	50	94	44	95	## Tournée 11
89	77	69	60	10	61	100	45	## Tournée 12
11	43	17	62	63	58	85	59	82	## Tournée 13
27	84	28	48	40	4	21	32	64	22	49	99	73	## Tournée 14
6	31	91	98	18	36	39	7	16	8	20	## Tournée 15
34	88	90	38	54	46	35	13	12	70	2	37	## Tournée 16
41	79	55	47	25	5	52	93	42	33	92	51	## Tournée 17
3	## Tournée 18
