174529	## Somme des retards
20	## Temps CPU (millisecondes)
9	51	52	130	62	142	76	45	34	123	11	125	71	75	57	48	134	38	43	33	88	42	117	114	25	68	100	56	29	87	144	24	132	15	14	59	119	128	145	37	102	55	39	137	98	99	82	124	31	95	2	19	129	91	44	21	150	133	109	8	22	53	73	108	97	6	139	101	4	23	138	20	141	112	86	13	113	92	69	60	65	127	116	64	67	118	18	27	146	104	49	122	121	107	106	85	79	83	78	120	70	35	47	66	126	58	80	94	74	5	7	93	143	81	10	105	61	40	140	135	131	136	149	28	84	50	17	32	46	63	77	72	26	103	90	41	147	96	1	111	115	16	110	36	3	89	54	30	12	148	## Ordonnancement
19	## Nombre de tournées
2	1	2	1	2	3	4	5	7	9	8	9	9	11	13	13	16	16	19	## Nombre de sites par tournée
9	51	## Tournée 1
52	## Tournée 2
130	62	## Tournée 3
142	## Tournée 4
76	45	## Tournée 5
11	34	123	## Tournée 6
57	75	71	125	## Tournée 7
43	48	134	38	33	## Tournée 8
88	117	42	100	25	114	68	## Tournée 9
144	15	29	87	14	59	56	132	24	## Tournée 10
128	37	137	102	145	55	39	119	## Tournée 11
82	95	19	99	129	2	31	98	124	## Tournée 12
21	8	150	91	109	133	44	53	22	## Tournée 13
20	4	141	73	101	138	108	6	97	23	139	## Tournée 14
112	64	116	118	13	65	127	67	92	113	69	86	60	## Tournée 15
107	146	106	121	85	83	122	79	78	18	27	49	104	## Tournée 16
58	80	74	66	120	93	7	143	94	70	81	10	35	5	47	126	## Tournée 17
105	17	131	149	46	136	61	140	28	84	50	135	32	40	77	63	## Tournée 18
30	147	54	41	103	16	36	90	110	115	89	111	3	12	96	72	1	148	26	## Tournée 19
