182147	## Somme des retards
40	## Temps CPU (millisecondes)
89	55	42	107	128	68	5	77	109	129	36	57	46	144	27	78	50	117	130	116	139	134	21	53	17	47	73	67	38	83	8	13	15	60	7	121	69	103	149	91	24	146	84	120	52	18	106	61	98	72	41	63	136	14	142	141	131	28	48	113	54	44	88	143	138	70	111	58	29	76	56	93	135	31	40	23	35	124	49	33	26	145	105	59	37	62	51	65	137	74	126	19	114	101	132	119	30	79	82	3	71	39	102	133	2	99	110	22	92	4	64	10	95	45	122	66	96	140	148	87	1	32	86	16	9	20	104	43	108	90	25	12	112	147	100	115	125	97	94	11	127	118	6	81	34	150	123	80	75	85	## Ordonnancement
19	## Nombre de tournées
1	1	1	2	2	3	4	5	6	7	9	8	11	13	13	16	18	18	12	## Nombre de sites par tournée
89	## Tournée 1
55	## Tournée 2
42	## Tournée 3
107	128	## Tournée 4
68	5	## Tournée 5
129	109	77	## Tournée 6
46	144	57	36	## Tournée 7
50	78	130	27	117	## Tournée 8
17	53	116	139	134	21	## Tournée 9
38	47	13	8	73	67	83	## Tournée 10
15	60	121	24	103	7	69	91	149	## Tournée 11
120	18	146	84	52	98	61	106	## Tournée 12
48	113	72	28	136	41	141	63	142	14	131	## Tournée 13
135	93	143	70	58	76	56	29	138	111	88	54	44	## Tournée 14
62	49	23	35	26	105	33	145	40	37	31	124	59	## Tournée 15
51	71	39	126	79	65	119	30	132	19	3	114	74	82	137	101	## Tournée 16
64	10	140	66	87	2	96	92	22	122	4	133	95	148	45	102	99	110	## Tournée 17
12	43	1	104	125	100	16	32	86	108	90	112	25	9	20	147	97	115	## Tournée 18
94	6	34	80	127	118	75	123	11	150	85	81	## Tournée 19
