191458	## Somme des retards
100	## Temps CPU (millisecondes)
37	41	156	66	111	3	5	91	95	179	181	68	169	148	187	38	102	105	27	54	188	142	132	77	170	178	88	149	71	76	92	192	125	81	127	104	199	193	58	11	90	109	134	22	165	200	198	114	182	80	194	180	97	6	172	112	12	122	124	4	55	14	106	36	93	57	176	151	59	30	120	146	72	39	75	185	161	79	99	168	67	25	128	49	171	183	110	139	44	189	24	84	62	138	28	48	141	1	166	89	2	31	42	53	145	34	184	175	191	16	70	35	115	63	118	96	101	10	61	23	121	167	85	73	195	137	147	26	130	108	7	69	154	158	43	196	8	51	117	9	144	21	143	52	94	123	131	40	82	103	46	78	140	60	64	15	29	157	163	174	119	19	136	13	74	159	86	17	116	133	32	190	153	33	100	162	173	56	50	135	18	20	129	65	45	98	83	152	155	177	107	186	160	47	113	126	197	164	87	150	## Ordonnancement
20	## Nombre de tournées
1	2	2	2	4	6	6	6	8	9	13	13	12	17	15	18	19	22	17	8	## Nombre de sites par tournée
37	## Tournée 1
41	156	## Tournée 2
66	111	## Tournée 3
5	3	## Tournée 4
181	95	179	91	## Tournée 5
102	68	169	38	148	187	## Tournée 6
54	132	27	105	142	188	## Tournée 7
77	88	71	170	149	178	## Tournée 8
199	92	125	104	81	192	76	127	## Tournée 9
193	200	90	165	134	11	109	58	22	## Tournée 10
97	12	114	124	6	80	172	194	112	180	182	198	122	## Tournée 11
106	55	36	57	93	14	120	30	146	59	4	151	176	## Tournée 12
72	67	25	128	168	99	185	75	161	49	79	39	## Tournée 13
24	183	84	28	44	171	189	1	2	89	110	138	141	166	139	62	48	## Tournée 14
175	16	42	31	70	191	118	35	115	145	184	63	96	34	53	## Tournée 15
154	61	167	23	10	130	121	195	85	101	69	147	7	73	26	137	158	108	## Tournée 16
82	196	8	94	9	103	21	46	52	131	123	43	143	140	144	78	117	40	51	## Tournée 17
64	13	74	190	60	33	17	100	15	159	32	153	133	157	86	29	119	174	136	163	116	19	## Tournée 18
129	135	65	56	162	83	155	50	177	152	98	186	107	45	20	18	173	## Tournée 19
47	160	197	113	87	164	126	150	## Tournée 20
