113539	## Somme des retards
60	## Temps CPU (millisecondes)
64	34	113	86	20	99	23	43	100	109	135	95	40	25	17	85	91	114	57	42	101	90	111	107	144	52	124	119	141	21	145	129	93	87	136	123	102	3	83	32	7	72	46	50	63	29	22	55	56	82	15	28	69	13	84	26	137	80	116	120	97	1	48	12	108	53	122	96	36	11	139	8	106	31	103	74	77	149	142	19	126	73	92	76	125	38	58	112	134	4	121	133	147	18	45	51	30	41	14	71	88	130	98	62	35	54	78	89	143	6	140	138	60	94	39	5	81	59	24	67	66	118	70	148	68	110	105	10	47	127	61	131	104	115	146	2	33	75	37	49	150	128	65	79	16	44	9	117	27	132	## Ordonnancement
23	## Nombre de tournées
1	1	2	1	1	1	1	2	4	3	5	4	8	7	8	12	13	14	16	16	19	10	1	## Nombre de sites par tournée
64	## Tournée 1
34	## Tournée 2
86	113	## Tournée 3
20	## Tournée 4
99	## Tournée 5
23	## Tournée 6
43	## Tournée 7
100	109	## Tournée 8
40	135	95	25	## Tournée 9
85	17	91	## Tournée 10
42	90	57	101	114	## Tournée 11
111	144	107	52	## Tournée 12
141	21	124	87	93	145	119	129	## Tournée 13
83	32	3	123	102	136	7	## Tournée 14
46	50	63	55	29	22	56	72	## Tournée 15
28	13	82	69	120	116	97	26	80	84	15	137	## Tournée 16
11	96	108	1	106	8	53	139	48	31	12	36	122	## Tournée 17
19	142	76	77	125	38	73	149	92	103	74	58	112	126	## Tournée 18
51	147	45	62	14	134	130	41	121	133	4	18	88	71	30	98	## Tournée 19
6	59	24	54	5	39	35	143	138	81	67	140	94	78	89	60	## Tournée 20
146	61	70	47	131	2	148	37	104	105	127	118	66	10	68	110	33	75	115	## Tournée 21
49	27	16	150	79	128	44	65	9	117	## Tournée 22
132	## Tournée 23
