145828	## Somme des retards
40	## Temps CPU (millisecondes)
2	18	14	109	150	16	41	77	9	121	66	17	12	57	10	141	34	54	98	35	137	20	63	143	136	122	56	82	130	138	29	96	11	100	1	43	86	126	144	42	64	65	83	85	25	26	105	33	79	134	6	60	72	129	21	90	132	131	107	24	112	70	67	49	7	95	125	37	99	23	92	84	146	123	50	28	44	32	46	48	78	13	94	147	106	62	116	69	89	30	19	61	15	5	74	101	47	51	81	45	31	87	75	120	133	135	36	113	55	8	40	71	53	119	76	4	68	124	80	114	118	3	145	111	22	58	142	117	102	52	97	27	93	115	39	88	148	140	38	127	128	108	104	110	91	139	59	73	103	149	## Ordonnancement
24	## Nombre de tournées
1	2	1	1	1	1	1	1	1	2	4	4	6	6	8	8	11	10	12	16	14	18	17	4	## Nombre de sites par tournée
2	## Tournée 1
18	14	## Tournée 2
109	## Tournée 3
150	## Tournée 4
16	## Tournée 5
41	## Tournée 6
77	## Tournée 7
9	## Tournée 8
121	## Tournée 9
66	17	## Tournée 10
12	57	10	141	## Tournée 11
98	34	54	35	## Tournée 12
63	136	20	143	137	122	## Tournée 13
29	56	138	96	82	130	## Tournée 14
100	86	43	126	11	144	42	1	## Tournée 15
33	83	25	85	64	65	26	105	## Tournée 16
6	107	129	72	132	131	21	79	90	134	60	## Tournée 17
99	112	7	125	37	70	24	49	95	67	## Tournée 18
50	32	48	44	78	23	92	28	84	146	123	46	## Tournée 19
5	89	61	19	13	62	101	69	30	147	74	106	15	94	116	47	## Tournée 20
87	55	133	81	45	40	8	135	36	31	120	113	51	75	## Tournée 21
4	3	58	22	119	114	102	117	118	145	142	76	124	68	53	71	80	111	## Tournée 22
139	52	104	115	39	88	127	108	38	110	93	27	91	140	128	148	97	## Tournée 23
103	149	59	73	## Tournée 24
