200210	## Somme des retards
40	## Temps CPU (millisecondes)
114	145	30	2	129	81	72	105	94	24	48	149	126	35	144	116	113	6	136	57	119	32	45	86	13	31	21	103	63	5	22	20	69	85	106	87	102	147	41	150	78	93	120	26	107	36	47	19	44	60	66	52	54	10	37	97	46	61	4	133	75	50	23	128	67	122	108	68	146	89	109	58	38	101	98	33	14	123	104	132	29	83	111	117	56	55	90	96	7	74	28	118	127	135	125	99	138	1	40	82	84	91	137	88	140	53	148	3	139	49	142	80	76	110	141	70	73	95	121	12	18	34	27	9	79	65	77	17	59	115	92	11	8	131	25	16	134	15	100	43	62	39	130	51	143	124	71	42	64	112	## Ordonnancement
23	## Nombre de tournées
1	1	1	1	1	1	1	2	2	5	3	5	6	7	7	10	13	10	12	15	16	20	10	## Nombre de sites par tournée
114	## Tournée 1
145	## Tournée 2
30	## Tournée 3
2	## Tournée 4
129	## Tournée 5
81	## Tournée 6
72	## Tournée 7
94	105	## Tournée 8
24	48	## Tournée 9
35	116	144	149	126	## Tournée 10
6	136	113	## Tournée 11
119	57	86	45	32	## Tournée 12
21	31	13	63	5	103	## Tournée 13
85	106	20	87	102	69	22	## Tournée 14
150	93	147	41	120	26	78	## Tournée 15
52	60	107	47	44	54	36	10	66	19	## Tournée 16
108	122	75	128	133	37	61	67	46	50	97	23	4	## Tournée 17
68	101	38	58	146	98	33	109	14	89	## Tournée 18
111	83	117	7	55	104	96	90	29	123	56	132	## Tournée 19
137	125	74	135	99	127	40	1	88	28	91	138	118	82	84	## Tournée 20
12	73	49	140	95	80	53	142	148	121	70	141	76	110	139	3	## Tournée 21
134	79	9	25	59	131	27	100	8	17	65	11	92	115	43	34	77	18	15	16	## Tournée 22
42	71	124	130	64	51	39	143	112	62	## Tournée 23
