75732	## Somme des retards
30	## Temps CPU (millisecondes)
66	91	22	64	37	28	75	76	62	70	13	65	15	16	83	8	40	49	59	43	1	63	87	86	92	69	71	50	94	21	60	58	98	72	53	7	85	78	95	96	29	67	44	9	48	97	30	45	56	68	46	14	89	31	12	47	100	38	3	54	4	41	90	80	6	42	51	27	23	20	26	84	25	17	36	74	61	2	55	81	33	79	73	10	82	52	35	32	5	77	57	93	99	19	34	88	39	18	11	24	## Ordonnancement
16	## Nombre de tournées
1	2	2	2	3	4	4	5	7	6	10	7	16	14	15	2	## Nombre de sites par tournée
66	## Tournée 1
91	22	## Tournée 2
64	37	## Tournée 3
28	75	## Tournée 4
76	62	70	## Tournée 5
16	65	15	13	## Tournée 6
8	83	40	49	## Tournée 7
63	1	87	59	43	## Tournée 8
50	86	71	69	92	94	21	## Tournée 9
60	53	58	98	7	72	## Tournée 10
44	95	97	9	85	48	96	67	29	78	## Tournée 11
89	56	68	45	14	30	46	## Tournée 12
4	100	27	12	47	38	3	51	6	42	41	23	31	54	80	90	## Tournée 13
33	73	79	17	20	25	36	81	26	74	2	55	61	84	## Tournée 14
35	10	88	82	99	32	34	18	19	57	77	93	5	39	52	## Tournée 15
11	24	## Tournée 16
