52590	## Somme des retards
20	## Temps CPU (millisecondes)
27	60	95	5	73	89	62	99	1	92	30	32	44	76	33	67	24	19	36	52	81	53	56	79	86	14	71	10	65	46	43	57	66	84	70	20	98	85	88	94	96	41	75	74	54	55	47	48	8	100	11	82	16	23	21	6	45	91	42	2	49	22	63	72	90	9	34	28	39	77	97	17	64	38	78	7	4	93	15	58	29	69	18	68	26	12	25	83	61	13	3	51	37	35	87	31	59	80	40	50	## Ordonnancement
18	## Nombre de tournées
1	1	1	1	1	2	2	2	5	5	8	9	8	10	10	16	12	6	## Nombre de sites par tournée
27	## Tournée 1
60	## Tournée 2
95	## Tournée 3
5	## Tournée 4
73	## Tournée 5
89	62	## Tournée 6
99	1	## Tournée 7
30	92	## Tournée 8
76	32	67	44	33	## Tournée 9
52	36	19	81	24	## Tournée 10
65	53	56	79	14	86	71	10	## Tournée 11
98	66	84	20	46	85	57	43	70	## Tournée 12
94	88	75	41	55	54	96	74	## Tournée 13
23	16	8	47	11	48	21	6	100	82	## Tournée 14
63	91	45	90	22	2	42	9	72	49	## Tournée 15
34	4	17	93	78	69	28	77	97	39	7	38	58	15	29	64	## Tournée 16
26	61	25	68	13	18	3	37	12	51	35	83	## Tournée 17
80	31	59	50	87	40	## Tournée 18
