86627	## Somme des retards
20	## Temps CPU (millisecondes)
72	34	35	94	7	17	76	74	43	30	62	97	23	20	9	68	48	93	71	55	11	77	39	82	84	37	53	28	98	96	27	31	45	81	13	3	85	1	79	86	22	92	51	64	4	80	87	40	33	91	36	12	50	73	15	88	57	10	90	24	32	69	52	44	42	66	60	14	49	19	83	59	61	46	8	89	38	16	47	67	75	95	26	2	65	21	63	56	6	54	70	41	78	58	25	29	99	5	18	100	## Ordonnancement
19	## Nombre de tournées
1	1	1	2	1	1	1	3	5	2	5	8	9	9	11	12	11	16	1	## Nombre de sites par tournée
72	## Tournée 1
34	## Tournée 2
35	## Tournée 3
7	94	## Tournée 4
17	## Tournée 5
76	## Tournée 6
74	## Tournée 7
43	30	62	## Tournée 8
23	68	9	20	97	## Tournée 9
48	93	## Tournée 10
55	39	71	77	11	## Tournée 11
82	28	84	37	96	98	53	27	## Tournée 12
86	85	79	81	31	1	13	45	3	## Tournée 13
4	92	87	40	33	80	22	51	64	## Tournée 14
36	91	90	24	50	88	10	15	73	57	12	## Tournée 15
83	59	19	66	44	14	69	32	52	60	49	42	## Tournée 16
16	67	61	26	75	47	89	8	38	95	46	## Tournée 17
54	6	56	58	21	70	78	5	2	63	41	65	29	25	99	18	## Tournée 18
100	## Tournée 19
