81887	## Somme des retards
30	## Temps CPU (millisecondes)
57	92	24	76	23	19	15	27	61	66	75	11	83	77	9	31	84	12	71	54	2	6	22	90	82	36	99	68	14	91	63	18	42	55	34	35	96	95	58	97	88	64	85	67	40	7	56	26	93	4	52	21	89	45	53	100	46	81	17	73	86	80	1	87	10	62	78	3	20	65	50	29	32	38	94	72	60	51	39	47	43	33	41	79	28	37	59	44	49	69	13	70	30	48	25	98	5	74	8	16	## Ordonnancement
17	## Nombre de tournées
1	1	3	1	3	3	5	8	4	8	8	9	11	11	14	9	1	## Nombre de sites par tournée
57	## Tournée 1
92	## Tournée 2
23	24	76	## Tournée 3
19	## Tournée 4
15	27	61	## Tournée 5
66	75	11	## Tournée 6
77	83	9	31	84	## Tournée 7
82	2	6	22	12	90	71	54	## Tournée 8
68	14	99	36	## Tournée 9
34	96	42	55	91	63	18	35	## Tournée 10
97	85	67	95	40	88	64	58	## Tournée 11
21	89	56	93	7	26	4	45	52	## Tournée 12
10	80	100	73	86	87	81	53	1	17	46	## Tournée 13
65	62	3	50	72	78	29	20	38	94	32	## Tournée 14
43	59	37	69	41	47	51	79	28	33	39	44	60	49	## Tournée 15
98	70	48	25	5	13	74	30	8	## Tournée 16
16	## Tournée 17
