188006	## Somme des retards
100	## Temps CPU (millisecondes)
156	37	41	66	111	3	5	91	95	179	181	68	169	148	187	38	102	105	27	54	188	142	132	77	170	178	88	149	71	76	92	192	125	81	127	104	199	200	193	58	11	90	165	22	109	114	59	97	194	180	182	6	172	12	122	198	134	124	4	14	36	93	57	80	176	99	55	151	112	120	72	146	168	67	185	39	79	161	106	30	75	128	49	25	2	166	141	171	183	110	139	44	189	24	84	48	138	62	1	89	42	31	115	53	145	34	184	175	191	16	70	28	63	35	154	118	96	8	10	7	130	167	85	73	195	137	147	121	69	108	23	61	158	101	140	103	40	144	94	52	21	26	123	131	82	117	51	46	15	78	196	43	100	33	29	157	163	133	116	136	159	74	129	13	143	19	17	119	174	9	32	190	153	64	162	107	177	155	86	152	83	98	45	65	197	18	135	164	50	56	113	173	186	160	47	126	20	87	150	60	## Ordonnancement
19	## Nombre de tournées
3	2	2	4	6	6	6	8	8	13	14	12	16	17	17	18	22	19	7	## Nombre de sites par tournée
41	156	37	## Tournée 1
66	111	## Tournée 2
5	3	## Tournée 3
181	95	179	91	## Tournée 4
102	68	169	38	148	187	## Tournée 5
54	132	27	105	142	188	## Tournée 6
77	88	71	170	149	178	## Tournée 7
199	92	125	104	81	192	76	127	## Tournée 8
193	200	90	165	58	109	11	22	## Tournée 9
97	12	114	124	6	172	194	134	182	198	59	122	180	## Tournée 10
36	55	72	57	93	14	80	4	151	176	112	120	146	99	## Tournée 11
106	30	25	128	67	168	185	75	161	49	79	39	## Tournée 12
24	183	84	139	141	166	62	138	110	89	2	1	48	171	189	44	## Tournée 13
154	175	16	42	31	28	70	191	118	35	115	145	184	63	96	34	53	## Tournée 14
61	167	23	8	10	130	121	195	85	101	69	147	7	73	137	158	108	## Tournée 15
82	196	94	15	103	21	46	52	26	131	123	43	117	40	51	140	144	78	## Tournée 16
129	13	64	116	19	143	32	153	133	157	159	17	100	9	29	119	174	136	163	74	190	33	## Tournée 17
173	135	65	56	162	83	155	113	197	50	164	177	152	98	186	107	45	86	18	## Tournée 18
47	60	87	126	150	20	160	## Tournée 19
