221623	## Somme des retards
60	## Temps CPU (millisecondes)
161	100	169	115	11	99	2	51	166	102	152	19	22	45	122	8	189	132	4	65	83	29	67	142	69	38	77	44	185	103	138	49	70	197	21	42	10	3	39	27	182	141	94	151	105	200	82	130	165	118	167	172	75	143	162	181	199	89	131	36	53	109	93	193	148	127	191	78	180	87	171	106	68	107	139	179	54	63	12	17	150	129	146	174	88	140	6	111	80	9	91	198	133	145	76	126	90	116	37	124	186	190	71	61	147	40	30	183	134	170	175	57	52	74	154	25	114	28	173	47	20	121	50	123	104	120	135	137	13	156	159	79	85	15	160	158	33	64	84	163	110	31	46	56	177	98	32	113	23	178	18	24	62	95	81	192	92	1	194	144	125	16	35	117	5	48	43	55	196	195	164	97	157	96	128	14	60	59	188	26	168	136	72	153	41	176	187	101	58	73	119	108	34	7	112	66	86	155	149	184	## Ordonnancement
22	## Nombre de tournées
1	1	1	2	2	3	4	4	5	6	6	9	10	12	14	16	16	21	19	22	21	5	## Nombre de sites par tournée
161	## Tournée 1
100	## Tournée 2
169	## Tournée 3
115	11	## Tournée 4
2	99	## Tournée 5
51	102	166	## Tournée 6
45	152	22	19	## Tournée 7
122	132	189	8	## Tournée 8
65	29	83	67	4	## Tournée 9
44	69	38	142	185	77	## Tournée 10
70	49	21	138	103	197	## Tournée 11
10	151	3	39	141	182	94	27	42	## Tournée 12
75	105	200	167	165	143	118	172	82	130	## Tournée 13
181	162	127	36	89	148	109	193	93	199	131	53	## Tournée 14
171	87	180	78	107	12	179	68	54	139	106	63	17	191	## Tournée 15
80	146	9	129	140	76	145	133	111	150	91	6	174	88	198	126	## Tournée 16
170	71	57	147	186	30	90	175	190	61	183	116	134	40	124	37	## Tournée 17
159	13	154	85	79	20	50	74	114	28	47	121	135	173	25	104	123	120	156	137	52	## Tournée 18
33	178	18	98	163	113	177	110	158	31	46	15	160	84	56	64	32	23	24	## Tournée 19
48	55	5	117	125	192	96	62	35	196	92	16	43	194	195	95	1	144	164	81	97	157	## Tournée 20
136	112	73	108	168	176	41	60	72	59	101	128	58	26	34	153	187	14	188	7	119	## Tournée 21
86	155	184	66	149	## Tournée 22
