187729	## Somme des retards
60	## Temps CPU (millisecondes)
129	102	170	153	126	136	120	104	96	17	39	114	132	78	144	37	43	77	182	62	151	35	45	89	133	38	75	142	73	53	1	140	26	65	7	83	16	152	48	174	36	100	178	50	191	186	27	172	93	171	108	165	156	190	116	200	101	63	9	193	19	47	40	20	34	59	125	199	127	197	128	173	109	168	72	51	55	105	184	113	97	13	18	194	145	106	139	29	74	135	3	192	177	85	181	176	180	14	2	81	160	95	112	92	115	98	147	12	8	52	61	123	148	32	58	146	99	137	103	154	166	56	161	175	64	68	54	69	21	143	188	179	5	187	183	157	30	162	189	6	80	42	121	164	57	76	33	159	163	94	88	10	122	158	70	91	67	44	138	149	134	11	28	66	15	198	46	41	79	185	31	4	167	111	84	107	71	25	124	150	87	23	49	117	110	60	169	24	130	196	90	22	119	141	82	131	195	155	86	118	## Ordonnancement
23	## Nombre de tournées
1	2	1	1	1	1	2	2	3	3	5	9	8	12	12	14	16	16	17	23	20	23	8	## Nombre de sites par tournée
129	## Tournée 1
102	170	## Tournée 2
153	## Tournée 3
126	## Tournée 4
136	## Tournée 5
120	## Tournée 6
96	104	## Tournée 7
17	39	## Tournée 8
132	114	78	## Tournée 9
144	37	43	## Tournée 10
35	151	182	77	62	## Tournée 11
73	45	75	142	1	53	89	38	133	## Tournée 12
140	48	16	83	65	26	7	152	## Tournée 13
191	186	50	178	27	36	93	108	171	100	172	174	## Tournée 14
156	165	193	116	101	40	190	200	63	9	47	19	## Tournée 15
197	51	199	109	168	72	34	127	125	128	173	59	55	20	## Tournée 16
177	13	74	194	184	105	106	145	139	3	29	97	18	113	192	135	## Tournée 17
115	112	85	81	92	2	181	98	12	147	8	14	160	176	180	95	## Tournée 18
103	148	161	166	32	99	137	68	123	58	64	154	175	61	146	52	56	## Tournée 19
183	163	6	188	157	164	42	69	33	121	5	159	30	179	80	54	57	187	143	21	189	76	162	## Tournée 20
15	122	70	94	44	46	88	67	41	66	79	198	134	138	149	158	28	11	91	10	## Tournée 21
150	130	84	117	90	167	49	25	185	111	23	60	24	4	110	71	124	196	31	87	107	22	169	## Tournée 22
131	86	118	155	82	119	141	195	## Tournée 23
