59064	## Somme des retards
30	## Temps CPU (millisecondes)
5	40	32	17	26	81	21	63	76	39	10	83	54	15	37	6	55	27	7	71	12	30	31	2	13	28	58	16	3	85	8	51	96	70	46	62	34	93	9	92	36	95	35	45	49	52	65	89	18	74	84	67	41	47	88	61	94	82	69	14	38	43	33	64	99	56	4	23	98	59	87	77	22	48	11	60	97	50	80	19	86	79	91	1	68	20	75	90	24	42	25	57	44	29	72	73	100	66	53	78	## Ordonnancement
16	## Nombre de tournées
1	1	2	2	2	3	3	7	7	8	10	10	14	15	9	6	## Nombre de sites par tournée
5	## Tournée 1
40	## Tournée 2
17	32	## Tournée 3
81	26	## Tournée 4
21	63	## Tournée 5
39	76	10	## Tournée 6
15	54	83	## Tournée 7
37	7	12	71	55	6	27	## Tournée 8
31	28	30	2	13	16	58	## Tournée 9
51	96	3	8	70	62	46	85	## Tournée 10
52	9	35	92	93	36	34	95	45	49	## Tournée 11
65	61	18	67	41	47	88	89	84	74	## Tournée 12
64	23	82	14	33	43	38	98	94	59	4	56	69	99	## Tournée 13
97	22	79	50	87	48	91	11	60	86	77	19	1	68	80	## Tournée 14
24	25	42	44	20	29	75	57	90	## Tournée 15
66	72	78	73	100	53	## Tournée 16
