45225	## Somme des retards
10	## Temps CPU (millisecondes)
78	72	76	49	28	20	88	31	89	55	46	24	40	56	10	81	35	82	99	27	86	75	73	64	41	9	5	47	33	43	83	54	52	95	92	17	1	91	15	58	61	42	90	80	66	22	67	2	3	100	94	57	62	87	60	18	53	74	44	93	16	19	71	4	8	45	6	50	34	21	69	77	51	13	68	29	63	79	65	26	48	96	70	14	7	38	98	59	97	32	84	85	11	39	25	30	37	12	23	36	## Ordonnancement
14	## Nombre de tournées
2	1	2	4	3	6	5	7	10	10	12	16	12	10	## Nombre de sites par tournée
72	78	## Tournée 1
76	## Tournée 2
49	28	## Tournée 3
89	20	31	88	## Tournée 4
46	55	24	## Tournée 5
35	56	10	40	81	82	## Tournée 6
99	75	73	86	27	## Tournée 7
64	9	47	5	33	41	43	## Tournée 8
83	92	1	95	17	15	52	58	91	54	## Tournée 9
61	67	90	2	66	80	3	22	42	100	## Tournée 10
19	18	16	74	57	62	60	93	87	94	53	44	## Tournée 11
77	79	6	4	63	69	34	71	68	50	13	45	8	51	21	29	## Tournée 12
32	48	96	26	98	59	65	70	7	14	38	97	## Tournée 13
85	25	36	11	30	23	12	39	84	37	## Tournée 14
