139655	## Somme des retards
100	## Temps CPU (millisecondes)
15	28	64	125	183	161	25	165	10	196	129	45	56	70	185	36	126	19	84	163	176	143	76	170	117	111	48	21	77	102	147	199	103	50	172	137	23	110	180	61	53	152	107	168	157	75	12	112	144	78	89	40	47	113	127	11	105	156	188	62	37	60	41	2	118	39	181	120	177	81	178	87	108	200	83	67	73	96	155	151	35	44	26	91	187	130	189	148	69	149	34	169	13	9	158	99	101	82	54	193	162	14	20	90	141	49	38	30	6	135	142	68	93	92	46	119	138	94	115	66	8	22	32	146	109	86	159	65	55	29	171	79	182	104	52	63	116	1	136	150	139	160	17	184	16	192	124	154	131	140	164	175	133	4	121	128	42	194	27	51	166	153	198	195	59	98	100	186	31	179	197	88	167	7	43	134	95	114	58	80	173	5	97	33	122	74	123	190	72	106	3	71	85	174	132	18	191	24	57	145	## Ordonnancement
21	## Nombre de tournées
1	1	2	2	3	4	5	6	7	7	11	9	12	13	15	16	22	21	23	17	3	## Nombre de sites par tournée
15	## Tournée 1
28	## Tournée 2
125	64	## Tournée 3
161	183	## Tournée 4
10	25	165	## Tournée 5
45	196	129	56	## Tournée 6
36	70	19	185	126	## Tournée 7
176	163	170	143	84	76	## Tournée 8
117	102	111	147	21	77	48	## Tournée 9
199	23	103	137	50	110	172	## Tournée 10
152	75	107	12	168	180	144	112	53	157	61	## Tournée 11
47	78	127	40	89	113	11	156	105	## Tournée 12
37	39	118	62	120	181	177	60	2	81	41	188	## Tournée 13
151	73	67	178	44	200	35	26	155	96	87	83	108	## Tournée 14
148	158	189	130	13	99	187	82	169	9	69	34	149	101	91	## Tournée 15
92	142	135	54	93	20	141	193	38	6	49	162	90	14	30	68	## Tournée 16
8	119	79	55	182	115	94	66	52	63	65	159	146	46	22	29	109	171	32	138	104	86	## Tournée 17
42	128	16	140	160	192	184	175	133	150	124	131	17	139	164	4	1	136	116	121	154	## Tournée 18
51	88	98	167	179	27	186	7	114	95	153	195	197	58	59	43	134	194	166	100	80	198	31	## Tournée 19
122	18	191	85	33	72	123	74	71	190	97	173	106	5	3	132	174	## Tournée 20
24	145	57	## Tournée 21
