236952	## Somme des retards
170	## Temps CPU (millisecondes)
274	126	196	104	124	51	22	13	199	223	50	151	168	254	182	99	230	43	262	282	75	105	123	287	153	187	293	264	278	190	37	251	226	23	106	277	209	41	252	156	300	292	208	109	80	161	98	178	85	136	227	177	276	112	137	3	154	176	164	141	78	127	155	228	33	49	205	158	107	134	289	11	224	229	139	61	122	88	128	10	201	159	157	144	68	63	142	220	288	221	180	8	218	204	59	130	215	165	4	9	163	259	149	57	212	77	170	83	231	26	87	92	5	271	211	12	94	25	210	27	174	191	30	18	256	234	2	84	171	70	162	250	167	36	232	263	44	74	35	55	21	193	239	160	297	169	194	40	54	147	219	286	97	89	58	119	60	295	146	249	198	117	111	90	270	45	31	185	103	188	281	53	38	69	296	91	268	64	233	241	82	189	125	121	34	237	213	217	294	255	28	101	1	267	257	52	235	120	140	203	62	175	266	245	184	172	138	202	96	15	114	299	66	298	143	216	42	195	115	113	279	283	225	133	265	132	236	150	291	102	197	243	258	148	269	46	81	20	192	186	116	100	247	166	118	290	19	76	222	56	280	32	145	86	73	95	248	79	183	273	129	152	72	173	207	275	39	135	214	29	93	200	242	272	179	24	244	181	261	14	16	253	48	108	246	7	238	285	71	6	260	47	110	67	240	131	65	17	206	284	## Ordonnancement
25	## Nombre de tournées
1	1	1	1	1	2	4	4	4	7	7	9	10	11	16	15	19	17	20	19	22	28	27	30	24	## Nombre de sites par tournée
274	## Tournée 1
126	## Tournée 2
196	## Tournée 3
104	## Tournée 4
124	## Tournée 5
22	51	## Tournée 6
199	50	223	13	## Tournée 7
168	182	151	254	## Tournée 8
99	230	43	262	## Tournée 9
75	153	287	187	123	282	105	## Tournée 10
37	293	251	190	278	226	264	## Tournée 11
277	106	41	209	23	252	292	156	300	## Tournée 12
227	98	208	109	80	177	161	85	178	136	## Tournée 13
137	276	155	127	141	164	176	78	3	154	112	## Tournée 14
228	205	11	128	229	49	122	139	134	88	224	61	158	33	289	107	## Tournée 15
204	157	218	220	159	288	63	10	201	8	221	144	142	180	68	## Tournée 16
57	163	130	9	212	92	165	83	59	259	170	231	215	4	87	26	5	77	149	## Tournée 17
234	30	210	18	191	25	171	2	271	211	27	174	12	94	84	256	70	## Tournée 18
297	239	54	44	36	263	74	162	35	147	169	40	232	21	167	193	250	194	160	55	## Tournée 19
31	295	286	60	270	89	45	58	198	90	97	219	146	185	117	103	119	249	111	## Tournée 20
53	188	233	255	82	294	189	121	281	268	69	64	28	38	213	34	91	237	217	296	241	125	## Tournée 21
184	66	143	62	202	15	96	245	52	101	267	114	298	42	299	1	195	172	257	175	138	235	216	203	115	266	140	120	## Tournée 22
102	186	197	283	81	192	20	166	290	148	46	243	225	100	150	265	269	291	247	118	113	279	116	132	258	236	133	## Tournée 23
248	273	39	19	222	272	72	76	56	242	179	200	95	129	135	207	145	214	86	29	73	152	183	32	24	173	93	275	79	280	## Tournée 24
240	131	71	14	253	67	7	17	246	238	261	16	110	48	284	260	47	285	206	6	181	244	108	65	## Tournée 25
