299628	## Somme des retards
40	## Temps CPU (millisecondes)
197	30	66	147	184	39	58	97	17	98	64	137	126	152	20	7	9	242	249	110	239	204	76	165	175	172	151	81	188	178	53	87	211	138	79	220	227	35	185	134	34	171	128	31	16	62	111	207	32	230	73	193	195	13	234	170	95	102	6	119	225	201	10	141	208	180	93	156	45	14	245	99	104	112	162	84	136	25	59	24	163	54	88	44	29	209	72	158	221	69	200	146	67	219	206	224	117	144	169	114	210	166	78	181	15	55	107	189	205	92	223	23	11	4	61	217	215	229	145	52	202	214	121	237	5	47	125	216	22	176	233	50	248	49	91	132	236	173	86	159	143	57	43	177	123	3	187	142	160	192	191	124	46	135	222	164	33	153	183	167	70	40	127	168	94	106	238	140	241	130	18	38	105	133	116	231	90	65	82	8	131	194	247	51	182	199	190	213	56	250	85	12	21	155	179	2	150	42	139	243	196	149	203	101	240	41	63	232	212	100	60	129	28	77	157	174	74	148	120	226	218	71	115	235	89	118	96	1	68	161	19	154	198	109	103	75	83	26	244	48	80	37	108	186	36	228	113	27	122	246	## Ordonnancement
23	## Nombre de tournées
1	1	1	1	3	3	4	5	7	10	10	10	11	13	15	14	20	18	20	21	23	24	15	## Nombre de sites par tournée
197	## Tournée 1
30	## Tournée 2
66	## Tournée 3
147	## Tournée 4
184	39	58	## Tournée 5
17	98	97	## Tournée 6
137	126	152	64	## Tournée 7
249	20	9	7	242	## Tournée 8
175	204	165	110	172	76	239	## Tournée 9
79	53	87	178	81	220	211	188	151	138	## Tournée 10
227	62	31	128	34	185	35	16	134	171	## Tournée 11
195	230	193	32	207	111	234	170	13	73	## Tournée 12
141	102	180	95	208	93	225	6	10	119	201	## Tournée 13
156	136	112	245	84	99	59	162	14	45	24	104	25	## Tournée 14
200	72	221	69	29	44	88	219	209	158	146	163	54	206	67	## Tournée 15
114	169	224	205	210	181	78	55	107	117	15	189	166	144	## Tournée 16
11	237	223	229	202	125	4	215	92	216	22	23	47	217	61	214	5	121	145	52	## Tournée 17
49	159	123	233	86	3	143	177	91	187	132	50	173	176	236	43	248	57	## Tournée 18
192	222	46	124	168	160	135	94	238	106	191	70	183	164	167	153	127	40	142	33	## Tournée 19
90	194	18	190	199	131	65	51	140	130	38	247	105	133	8	82	182	116	241	231	213	## Tournée 20
2	21	42	149	60	179	139	232	250	101	150	56	212	85	100	243	155	203	41	12	63	240	196	## Tournée 21
218	19	198	226	74	109	174	115	157	28	129	235	154	120	89	118	1	77	68	148	71	103	161	96	## Tournée 22
26	108	228	113	27	246	186	122	75	80	83	36	244	37	48	## Tournée 23
