143707	## Somme des retards
80	## Temps CPU (millisecondes)
101	54	147	143	198	81	57	127	86	166	118	102	93	150	24	33	25	6	128	76	69	52	164	90	29	134	37	13	1	135	165	182	39	74	65	132	94	123	19	3	88	172	187	49	89	73	148	179	195	21	68	67	161	55	157	108	31	154	112	18	96	105	9	27	142	180	77	64	115	92	14	83	107	111	114	110	43	47	155	126	75	42	98	192	41	32	141	23	8	160	40	120	11	72	59	145	84	53	50	133	130	163	17	38	16	158	36	199	177	194	173	103	20	152	80	113	156	149	100	61	196	140	78	4	181	151	139	129	190	193	183	66	46	109	191	2	91	119	12	170	185	175	200	82	63	99	44	122	169	184	138	48	22	144	146	131	79	159	60	95	136	35	10	197	106	97	137	153	171	167	176	28	85	87	186	58	125	71	34	162	104	121	116	70	62	189	188	5	174	7	117	178	124	56	168	26	30	51	45	15	## Ordonnancement
20	## Nombre de tournées
1	1	4	2	3	5	4	7	10	10	10	13	11	16	17	16	22	20	20	8	## Nombre de sites par tournée
101	## Tournée 1
54	## Tournée 2
147	143	198	81	## Tournée 3
127	57	## Tournée 4
166	86	118	## Tournée 5
102	33	24	93	150	## Tournée 6
76	6	25	128	## Tournée 7
134	29	90	52	37	69	164	## Tournée 8
135	94	65	1	182	165	13	132	39	74	## Tournée 9
3	172	123	148	73	89	88	187	19	49	## Tournée 10
108	195	179	21	55	31	157	161	68	67	## Tournée 11
96	180	115	18	112	9	105	77	142	27	154	64	92	## Tournée 12
47	110	107	14	83	126	155	43	75	111	114	## Tournée 13
84	40	11	42	141	160	120	32	72	8	145	98	59	192	41	23	## Tournée 14
194	38	17	53	133	130	16	36	177	173	50	158	103	199	163	152	20	## Tournée 15
78	151	156	61	190	139	80	100	181	4	193	129	196	149	140	113	## Tournée 16
2	46	119	12	91	99	191	66	185	63	200	48	44	138	109	175	183	184	170	169	82	122	## Tournée 17
197	137	35	167	28	153	136	22	144	97	176	79	131	106	171	146	95	159	10	60	## Tournée 18
117	162	87	62	125	104	58	85	34	70	188	5	186	178	7	121	174	116	189	71	## Tournée 19
30	51	56	15	168	124	45	26	## Tournée 20
