56759	## Somme des retards
40	## Temps CPU (millisecondes)
149	16	87	138	144	2	50	116	115	88	51	102	111	10	99	17	107	60	38	31	40	20	130	32	9	108	5	148	45	106	127	105	132	123	29	84	112	48	70	25	53	93	6	131	134	82	44	142	1	103	125	121	72	33	140	14	73	22	36	139	35	55	78	34	133	143	13	11	119	3	15	136	43	26	65	117	104	83	90	114	92	63	76	122	135	145	126	46	12	57	150	100	81	110	85	54	75	128	41	47	4	79	49	7	58	124	86	27	30	69	42	101	137	19	146	118	141	97	61	71	95	28	113	129	91	59	52	89	120	94	98	24	39	23	64	18	77	8	56	109	62	68	147	96	67	80	66	74	21	37	## Ordonnancement
18	## Nombre de tournées
1	3	1	1	1	3	5	5	7	9	10	13	15	17	13	18	18	10	## Nombre de sites par tournée
149	## Tournée 1
87	16	138	## Tournée 2
144	## Tournée 3
2	## Tournée 4
50	## Tournée 5
115	88	116	## Tournée 6
10	99	102	111	51	## Tournée 7
107	31	60	38	17	## Tournée 8
32	9	5	40	130	108	20	## Tournée 9
29	123	148	45	106	84	132	127	105	## Tournée 10
53	48	134	82	25	131	70	6	93	112	## Tournée 11
14	121	73	36	1	22	140	72	33	44	103	125	142	## Tournée 12
26	133	55	11	139	136	35	119	78	13	143	15	34	43	3	## Tournée 13
92	114	57	150	145	126	76	122	83	46	12	117	104	135	65	90	63	## Tournée 14
100	49	75	4	81	128	54	79	7	47	85	110	41	## Tournée 15
86	42	137	97	30	118	58	124	61	95	71	69	146	101	141	28	27	19	## Tournée 16
52	94	23	109	8	120	113	56	18	89	77	24	59	91	39	64	98	129	## Tournée 17
68	80	147	74	62	21	96	66	67	37	## Tournée 18
