337363	## Somme des retards
220	## Temps CPU (millisecondes)
100	77	161	158	264	103	225	210	220	238	134	293	279	145	116	183	65	192	261	218	107	85	16	30	176	79	280	216	204	130	11	289	180	91	189	205	237	83	277	297	110	5	133	111	182	207	22	170	139	90	250	14	44	94	252	294	72	167	19	163	193	45	154	132	291	142	171	270	17	273	230	84	290	227	188	35	255	284	223	174	92	59	248	295	18	12	206	88	211	66	2	124	55	191	95	249	239	217	135	299	256	136	15	43	106	151	155	202	48	67	226	104	269	57	87	281	121	232	98	53	101	13	254	82	262	62	122	172	9	28	272	215	153	263	300	251	173	194	228	166	126	276	127	267	74	258	242	6	187	26	287	99	47	298	49	144	143	241	52	224	247	156	150	196	63	214	179	213	162	160	81	208	165	286	186	190	20	41	288	36	229	97	75	21	233	212	231	266	27	1	184	39	29	115	197	37	46	119	169	141	4	51	96	25	222	244	201	198	113	125	178	24	159	58	3	56	199	157	68	253	73	34	240	219	275	278	86	64	177	33	78	38	236	140	282	102	123	80	71	292	109	76	7	175	221	185	274	42	203	152	128	10	69	70	148	114	271	296	245	105	112	108	234	61	138	181	23	168	259	93	257	149	260	31	118	120	50	60	131	265	246	8	146	235	283	117	89	268	243	137	32	195	164	200	40	147	129	54	285	209	## Ordonnancement
27	## Nombre de tournées
1	1	2	1	1	2	3	3	4	6	6	8	9	8	12	13	14	14	19	17	22	25	26	27	28	26	2	## Nombre de sites par tournée
100	## Tournée 1
77	## Tournée 2
161	158	## Tournée 3
264	## Tournée 4
103	## Tournée 5
225	210	## Tournée 6
238	220	134	## Tournée 7
293	145	279	## Tournée 8
192	116	65	183	## Tournée 9
30	218	16	261	107	85	## Tournée 10
130	280	176	216	79	204	## Tournée 11
289	91	11	83	189	237	180	205	## Tournée 12
22	111	207	297	110	277	133	5	182	## Tournée 13
252	14	44	94	170	90	139	250	## Tournée 14
291	72	132	142	45	154	163	19	171	167	294	193	## Tournée 15
174	227	35	223	273	255	230	17	188	84	284	290	270	## Tournée 16
2	18	12	88	66	92	55	124	206	59	211	191	248	295	## Tournée 17
256	299	106	202	151	95	239	249	155	217	15	43	136	135	## Tournée 18
121	53	122	226	67	82	262	254	87	281	232	48	98	104	269	101	62	13	57	## Tournée 19
9	263	127	153	126	228	194	267	272	276	300	251	215	172	173	166	28	## Tournée 20
6	99	143	187	150	26	298	52	214	196	156	224	247	242	63	49	47	287	74	258	144	241	## Tournée 21
212	36	286	190	233	165	75	97	231	1	266	213	41	160	288	81	162	20	21	179	229	184	27	208	186	## Tournée 22
222	25	199	37	198	39	56	119	4	201	96	244	51	46	125	29	24	115	197	141	159	113	58	169	178	3	## Tournée 23
253	278	175	78	34	236	157	68	71	292	38	140	7	86	64	123	73	240	109	275	219	76	102	282	80	177	33	## Tournée 24
149	257	259	274	108	181	128	271	112	245	148	185	234	93	61	10	42	168	221	296	23	138	203	114	152	105	69	70	## Tournée 25
54	89	129	147	243	60	137	8	200	260	40	283	268	118	120	131	50	195	246	31	235	265	117	146	32	164	## Tournée 26
209	285	## Tournée 27
