59762	## Somme des retards
20	## Temps CPU (millisecondes)
114	86	99	69	129	138	27	103	134	147	119	128	42	133	56	108	19	25	97	95	132	30	105	24	89	82	111	63	62	29	14	57	78	81	120	135	8	96	87	130	137	15	113	67	64	124	33	93	55	94	123	79	71	45	83	85	91	17	88	4	125	150	127	54	40	36	110	10	148	101	80	49	104	11	140	118	145	115	16	9	32	112	35	100	122	5	131	48	20	77	21	37	75	28	73	84	70	92	142	144	146	46	38	41	12	90	59	1	107	102	39	136	66	47	58	61	34	53	13	3	26	143	98	74	141	44	139	109	18	76	7	43	22	51	126	72	68	149	106	50	65	116	121	23	6	2	52	31	60	117	## Ordonnancement
21	## Nombre de tournées
1	1	1	1	1	1	3	2	3	5	4	9	10	11	12	15	16	18	19	15	2	## Nombre de sites par tournée
114	## Tournée 1
86	## Tournée 2
99	## Tournée 3
69	## Tournée 4
129	## Tournée 5
138	## Tournée 6
103	134	27	## Tournée 7
119	147	## Tournée 8
128	42	133	## Tournée 9
108	25	56	19	97	## Tournée 10
30	95	105	132	## Tournée 11
63	111	89	14	62	57	82	24	29	## Tournée 12
130	96	81	120	15	137	87	8	135	78	## Tournée 13
93	94	113	55	33	71	64	79	124	123	67	## Tournée 14
91	17	4	88	150	127	40	125	54	83	85	45	## Tournée 15
10	115	104	16	148	110	80	9	140	11	145	36	49	101	118	## Tournée 16
35	122	100	32	5	37	84	77	21	20	48	112	73	28	131	75	## Tournée 17
12	92	41	66	90	39	47	46	142	70	146	59	38	102	144	1	136	107	## Tournée 18
139	3	26	143	34	58	22	53	18	61	109	98	7	43	76	74	141	13	44	## Tournée 19
72	65	116	126	52	23	50	6	149	51	68	2	106	31	121	## Tournée 20
60	117	## Tournée 21
