288310	## Somme des retards
100	## Temps CPU (millisecondes)
11	155	217	190	41	105	53	120	250	165	84	31	134	118	130	186	106	89	90	245	191	14	129	73	54	158	167	206	188	15	117	200	169	241	136	224	163	212	49	45	168	216	208	225	30	242	199	125	114	160	28	210	229	219	140	29	18	233	51	184	247	64	115	193	26	133	62	72	239	86	214	39	185	131	152	46	111	79	88	68	102	77	121	232	108	70	143	203	55	161	207	154	146	42	17	222	27	128	234	5	202	94	132	236	171	248	71	78	235	211	60	103	151	6	57	228	221	142	147	215	230	238	95	187	21	137	13	156	81	226	99	148	25	85	65	164	112	149	110	246	48	127	67	98	159	162	198	66	180	176	249	181	87	12	178	205	201	107	218	175	179	116	69	38	172	16	204	223	52	3	82	47	240	237	59	83	80	34	113	144	37	43	173	209	231	1	196	170	213	177	58	153	141	145	166	195	76	7	19	32	174	183	4	8	20	24	123	109	50	157	22	150	63	44	119	23	194	227	9	126	104	36	75	2	101	135	244	10	124	74	122	220	91	40	243	35	92	197	189	138	97	182	96	100	139	56	93	33	61	192	## Ordonnancement
22	## Nombre de tournées
1	1	1	3	3	3	5	6	9	10	9	10	15	15	17	17	18	19	24	22	24	18	## Nombre de sites par tournée
11	## Tournée 1
155	## Tournée 2
217	## Tournée 3
105	41	190	## Tournée 4
53	120	250	## Tournée 5
84	165	31	## Tournée 6
186	130	106	118	134	## Tournée 7
14	245	90	129	191	89	## Tournée 8
54	206	15	158	200	73	188	117	167	## Tournée 9
169	212	241	216	49	224	136	45	163	168	## Tournée 10
28	30	242	160	208	225	199	114	125	## Tournée 11
219	140	51	233	247	18	29	210	229	184	## Tournée 12
26	214	239	46	185	115	72	152	86	131	133	62	64	39	193	## Tournée 13
203	108	161	121	77	79	111	70	102	143	88	68	55	232	207	## Tournée 14
5	236	42	154	222	171	71	78	146	17	128	248	202	94	132	27	234	## Tournée 15
6	238	221	147	95	228	60	151	235	230	215	21	142	57	187	103	211	## Tournée 16
137	156	112	127	81	226	65	164	85	48	148	149	99	25	110	13	67	246	## Tournée 17
66	98	116	176	205	178	218	175	179	180	12	198	107	162	201	87	159	181	249	## Tournée 18
43	240	231	237	37	34	47	204	209	144	1	223	83	69	82	80	113	172	16	173	3	38	59	52	## Tournée 19
123	196	195	183	76	145	166	8	32	24	7	153	174	170	213	20	109	19	4	58	177	141	## Tournée 20
194	227	157	220	126	2	119	9	244	63	74	22	44	124	135	150	50	36	122	104	10	101	23	75	## Tournée 21
192	91	35	61	138	189	197	139	56	97	33	100	40	96	93	182	243	92	## Tournée 22
