179347	## Somme des retards
140	## Temps CPU (millisecondes)
224	123	214	63	5	16	22	244	21	115	172	41	6	232	204	35	94	81	133	25	78	184	14	156	155	76	91	92	3	96	179	227	189	151	86	113	58	154	186	13	167	149	80	243	163	38	119	9	160	222	67	54	2	108	181	203	124	79	140	20	242	128	237	1	134	171	231	162	17	53	46	90	110	74	61	66	217	207	209	118	198	23	104	87	77	145	70	165	42	213	188	185	220	72	39	102	117	106	55	4	146	83	19	194	127	195	236	215	158	210	82	105	107	191	249	137	197	89	101	206	10	241	36	121	196	88	233	229	103	32	200	182	138	166	239	168	216	141	161	27	45	125	75	247	176	122	169	8	64	136	97	183	192	57	68	48	212	235	246	143	180	71	159	170	116	248	221	85	29	201	24	226	114	18	142	230	59	130	131	98	69	218	132	129	49	33	60	250	99	205	147	234	95	11	164	15	111	208	31	223	47	40	7	193	65	152	240	93	26	157	100	112	153	245	84	173	211	178	219	30	126	44	62	43	174	56	190	228	52	177	175	150	50	238	51	225	120	135	199	73	144	187	139	34	109	12	37	148	28	202	## Ordonnancement
22	## Nombre de tournées
1	1	1	2	2	3	4	7	7	8	10	12	12	15	15	17	19	23	19	25	25	22	## Nombre de sites par tournée
224	## Tournée 1
123	## Tournée 2
214	## Tournée 3
5	63	## Tournée 4
16	22	## Tournée 5
115	244	21	## Tournée 6
6	232	172	41	## Tournée 7
133	78	204	35	25	81	94	## Tournée 8
184	76	92	14	91	155	156	## Tournée 9
86	96	113	179	3	189	151	227	## Tournée 10
163	167	80	13	154	38	186	58	243	149	## Tournée 11
108	9	203	124	181	79	160	54	119	2	67	222	## Tournée 12
53	20	162	171	17	242	1	237	140	231	134	128	## Tournée 13
46	23	207	77	118	104	198	66	90	110	74	87	61	217	209	## Tournée 14
70	220	213	185	42	102	188	4	39	72	165	55	145	106	117	## Tournée 15
210	19	215	194	82	249	195	236	105	146	158	191	107	137	83	127	197	## Tournée 16
121	168	89	36	32	233	241	138	182	229	101	10	196	200	88	166	103	239	206	## Tournée 17
48	246	75	136	212	122	45	183	64	141	235	216	169	8	161	176	97	68	125	57	27	247	192	## Tournée 18
130	180	201	143	248	29	226	116	221	159	24	18	85	114	59	142	71	170	230	## Tournée 19
131	69	33	47	49	31	223	147	99	11	95	15	132	218	98	208	60	164	111	7	234	250	129	205	40	## Tournée 20
100	228	44	112	178	84	93	152	211	30	43	26	126	62	193	157	245	190	65	219	153	174	56	240	173	## Tournée 21
109	28	225	199	187	238	34	202	50	148	12	52	135	51	73	120	37	177	144	150	175	139	## Tournée 22
