85602	## Somme des retards
60	## Temps CPU (millisecondes)
3	36	135	28	119	150	145	181	42	22	124	148	172	32	157	160	117	186	131	1	98	5	68	103	65	61	79	167	175	76	39	67	178	24	58	136	37	106	138	129	8	128	45	154	21	13	19	78	197	152	20	16	33	142	94	192	86	158	80	84	43	57	107	99	199	50	64	114	196	179	182	187	166	109	162	125	46	121	49	104	141	155	176	74	108	52	174	139	190	101	69	163	38	97	96	189	132	111	75	118	11	70	185	18	14	77	92	62	137	15	191	60	95	23	116	54	48	2	122	153	173	177	115	169	44	55	31	91	188	170	105	171	168	10	164	73	123	110	27	26	87	133	165	193	30	146	102	53	140	82	156	17	100	194	134	126	143	35	66	72	200	130	93	59	6	29	195	198	40	63	127	88	180	51	41	12	85	56	120	9	159	112	161	183	34	151	47	89	147	113	149	4	71	144	7	90	184	83	25	81	## Ordonnancement
19	## Nombre de tournées
1	2	2	2	3	5	7	8	10	13	12	14	18	17	18	22	20	23	3	## Nombre de sites par tournée
3	## Tournée 1
36	135	## Tournée 2
119	28	## Tournée 3
145	150	## Tournée 4
22	42	181	## Tournée 5
157	32	172	148	124	## Tournée 6
131	160	117	186	5	98	1	## Tournée 7
68	79	167	76	65	175	103	61	## Tournée 8
136	67	58	24	106	178	129	37	39	138	## Tournée 9
128	16	154	45	197	152	21	19	78	20	8	13	33	## Tournée 10
107	158	80	94	86	99	142	43	84	57	199	192	## Tournée 11
46	109	121	187	162	114	50	196	125	182	49	166	64	179	## Tournée 12
141	189	139	190	104	108	96	74	163	176	52	132	155	174	38	101	69	97	## Tournée 13
18	70	15	185	60	23	75	191	77	14	118	11	137	95	92	62	111	## Tournée 14
2	116	169	44	105	31	115	122	153	173	55	188	48	91	177	170	171	54	## Tournée 15
123	53	146	156	140	30	193	27	165	133	73	87	110	82	164	102	168	100	194	17	10	26	## Tournée 16
143	200	93	35	59	130	40	180	63	88	29	127	134	126	195	72	6	51	66	198	## Tournée 17
147	159	71	184	161	112	56	89	183	41	144	90	151	47	34	9	7	4	85	149	12	113	120	## Tournée 18
25	81	83	## Tournée 19
