45588	## Somme des retards
40	## Temps CPU (millisecondes)
13	5	37	48	67	79	38	14	47	69	78	57	65	46	33	87	50	31	44	56	61	76	49	11	17	20	41	27	64	9	99	55	73	96	51	74	80	88	63	19	21	3	22	28	54	10	100	43	66	81	15	23	52	90	92	32	84	45	6	4	40	30	89	71	35	58	75	26	8	12	72	97	24	29	25	85	7	34	82	91	62	16	18	68	1	95	59	94	39	83	36	2	53	86	70	42	98	60	93	77	## Ordonnancement
16	## Nombre de tournées
1	1	2	1	2	4	4	5	9	10	10	11	11	14	12	3	## Nombre de sites par tournée
13	## Tournée 1
5	## Tournée 2
37	48	## Tournée 3
67	## Tournée 4
79	38	## Tournée 5
78	47	69	14	## Tournée 6
65	57	33	46	## Tournée 7
56	87	50	31	44	## Tournée 8
11	61	76	49	17	20	27	41	64	## Tournée 9
96	88	55	51	73	9	80	63	99	74	## Tournée 10
21	3	28	43	10	22	54	66	100	19	## Tournée 11
15	81	4	52	84	23	90	92	45	32	6	## Tournée 12
89	58	35	12	75	71	40	8	26	30	72	## Tournée 13
16	34	7	82	24	68	91	29	25	62	85	1	18	97	## Tournée 14
36	53	95	42	59	94	2	86	83	70	39	98	## Tournée 15
77	93	60	## Tournée 16
