374127	## Somme des retards
550	## Temps CPU (millisecondes)
27	202	16	28	160	62	101	112	36	4	162	172	241	22	110	293	273	286	70	61	269	182	166	267	137	259	10	221	206	213	95	161	8	233	258	124	252	150	96	234	277	125	151	218	219	271	139	254	43	242	1	13	289	154	222	46	106	197	40	226	64	210	38	155	126	20	185	180	113	251	268	236	94	186	196	153	31	146	245	283	75	99	174	60	122	5	24	287	187	39	297	138	257	71	191	171	178	41	57	86	276	111	199	90	18	228	156	76	55	208	295	190	250	294	118	152	93	195	92	51	35	240	189	7	87	239	9	144	32	181	216	285	232	82	282	121	188	274	255	229	291	281	80	74	249	133	192	299	246	72	217	212	15	50	37	53	33	177	280	79	141	23	17	109	21	263	266	128	169	248	198	115	25	66	261	14	135	119	97	68	157	65	52	264	238	284	290	164	205	298	272	89	19	134	220	48	230	58	223	85	149	176	107	170	67	11	204	247	81	143	114	179	88	30	103	29	54	142	209	140	130	34	173	104	227	214	136	184	47	83	147	296	77	6	98	148	225	256	2	59	117	42	193	163	237	167	69	175	244	158	300	84	262	235	45	56	275	127	12	211	203	260	201	145	26	215	224	270	44	131	200	253	91	194	292	108	279	3	278	265	123	49	159	105	168	129	120	207	100	73	183	116	165	288	63	243	231	132	102	78	## Ordonnancement
25	## Nombre de tournées
2	1	2	2	2	4	5	7	8	9	12	14	11	14	18	18	18	19	22	23	24	26	21	15	3	## Nombre de sites par tournée
27	202	## Tournée 1
16	## Tournée 2
28	160	## Tournée 3
101	62	## Tournée 4
112	36	## Tournée 5
162	172	4	241	## Tournée 6
273	110	286	22	293	## Tournée 7
70	269	137	182	166	267	61	## Tournée 8
259	161	221	95	213	10	206	8	## Tournée 9
252	150	258	233	96	277	125	124	234	## Tournée 10
1	13	219	254	151	218	271	154	289	242	139	43	## Tournée 11
185	20	222	106	226	126	180	155	197	210	46	64	38	40	## Tournée 12
245	196	186	94	153	236	268	251	31	113	146	## Tournée 13
99	39	24	75	174	297	287	122	257	283	187	5	60	138	## Tournée 14
76	41	111	156	178	71	199	86	18	191	90	295	228	55	171	208	276	57	## Tournée 15
195	152	93	239	35	7	294	250	189	51	240	32	92	9	118	144	190	87	## Tournée 16
121	188	192	274	281	216	291	229	82	232	285	249	74	80	181	133	282	255	## Tournée 17
17	246	50	299	72	263	177	212	37	53	109	141	33	79	21	217	23	280	15	## Tournée 18
198	52	68	238	248	157	284	66	290	266	65	14	97	128	119	164	264	115	169	25	261	135	## Tournée 19
204	107	11	85	220	176	143	19	149	247	48	58	298	205	89	230	170	272	114	67	134	81	223	## Tournée 20
296	184	77	98	88	140	103	34	227	173	142	179	54	130	47	83	209	147	214	30	29	6	136	104	## Tournée 21
211	42	127	203	262	12	45	175	2	84	117	275	237	244	225	148	163	59	158	167	235	300	56	193	256	69	## Tournée 22
215	194	108	265	26	200	123	145	292	91	278	49	270	253	44	201	260	131	224	279	3	## Tournée 23
288	73	159	116	207	168	105	183	120	165	129	63	231	100	243	## Tournée 24
132	102	78	## Tournée 25
