88450	## Somme des retards
30	## Temps CPU (millisecondes)
90	30	9	96	57	78	88	92	58	110	41	17	48	28	46	124	122	74	34	35	14	56	134	22	21	140	50	15	84	68	99	36	87	139	54	109	12	2	4	11	93	117	69	105	89	80	6	129	40	51	67	47	148	7	125	150	116	62	29	85	120	43	33	16	114	107	142	38	128	26	132	149	100	65	146	135	3	13	27	91	141	52	112	115	137	108	103	121	59	145	95	143	126	10	60	79	20	101	63	127	1	77	61	113	130	82	45	118	104	72	42	131	83	119	64	111	147	53	31	39	102	97	32	25	73	71	66	5	37	18	24	94	75	133	136	144	44	123	23	98	106	70	81	55	49	86	76	19	8	138	## Ordonnancement
17	## Nombre de tournées
1	2	1	4	5	7	7	9	12	10	12	16	17	16	18	12	1	## Nombre de sites par tournée
90	## Tournée 1
9	30	## Tournée 2
96	## Tournée 3
57	92	78	88	## Tournée 4
48	17	110	41	58	## Tournée 5
74	122	28	35	34	46	124	## Tournée 6
22	14	56	50	134	140	21	## Tournée 7
109	54	68	87	84	139	99	36	15	## Tournée 8
93	6	12	105	4	2	89	69	129	11	80	117	## Tournée 9
150	51	62	47	148	40	7	125	116	67	## Tournée 10
107	16	38	26	120	43	29	33	114	85	128	142	## Tournée 11
132	149	27	52	108	135	115	100	146	137	141	3	91	65	112	13	## Tournée 12
61	10	1	103	20	77	95	126	59	127	145	143	79	60	101	121	63	## Tournée 13
42	31	119	53	111	130	45	147	64	72	104	131	118	113	82	83	## Tournée 14
25	102	32	144	44	75	5	136	66	71	73	39	18	97	24	133	94	37	## Tournée 15
106	19	98	76	81	49	23	123	8	70	55	86	## Tournée 16
138	## Tournée 17
