490539	## Somme des retards
100	## Temps CPU (millisecondes)
62	80	91	178	43	198	55	226	177	263	272	134	11	156	239	97	234	121	4	267	63	119	172	46	47	35	106	208	258	297	271	150	231	296	6	90	293	20	252	67	26	280	222	39	220	276	33	27	269	155	114	278	281	203	14	76	32	31	246	79	294	77	65	266	160	285	277	162	242	86	53	130	12	207	265	217	167	102	7	298	143	279	268	184	185	181	71	189	149	193	66	112	299	274	78	137	144	50	98	9	212	15	44	145	108	241	3	96	196	209	25	126	159	54	300	125	57	85	257	103	61	199	51	49	133	191	224	131	213	75	118	221	94	187	124	169	259	275	58	92	206	232	236	153	72	5	164	88	197	251	176	182	214	109	73	283	1	74	288	22	21	192	204	250	168	249	141	158	19	165	70	113	107	69	166	215	202	244	142	205	295	101	248	17	34	229	48	120	175	111	140	146	128	105	186	170	123	284	59	235	157	122	40	163	132	152	256	68	262	60	93	115	82	148	154	42	83	104	238	24	2	292	218	243	84	228	261	100	225	36	116	188	223	95	52	194	286	219	200	289	127	139	129	240	45	211	38	147	81	264	273	180	227	255	216	30	230	161	183	87	8	260	99	190	117	270	287	179	64	138	237	291	254	10	233	195	37	174	29	282	89	247	28	136	16	173	245	23	56	171	151	253	41	210	135	290	110	201	18	13	## Ordonnancement
30	## Nombre de tournées
1	1	1	2	1	1	1	1	2	2	2	4	4	5	6	8	7	12	13	16	15	18	18	21	21	22	28	28	27	12	## Nombre de sites par tournée
62	## Tournée 1
80	## Tournée 2
91	## Tournée 3
43	178	## Tournée 4
198	## Tournée 5
55	## Tournée 6
226	## Tournée 7
177	## Tournée 8
272	263	## Tournée 9
134	11	## Tournée 10
156	239	## Tournée 11
121	97	234	4	## Tournée 12
63	267	119	172	## Tournée 13
208	47	46	106	35	## Tournée 14
297	231	271	258	296	150	## Tournée 15
252	90	280	20	26	6	67	293	## Tournée 16
220	269	39	222	276	33	27	## Tournée 17
14	114	281	31	278	79	32	294	76	203	155	246	## Tournée 18
207	53	86	285	130	77	277	266	162	12	242	160	65	## Tournée 19
193	298	71	149	265	7	185	189	102	143	279	268	184	181	167	217	## Tournée 20
9	108	299	274	78	112	50	15	44	66	144	98	137	212	145	## Tournée 21
3	196	209	300	25	257	199	126	125	96	85	57	61	51	54	241	103	159	## Tournée 22
169	275	259	92	94	124	49	221	213	118	131	133	58	206	191	75	187	224	## Tournée 23
192	21	288	109	176	73	164	197	283	153	214	88	22	5	182	74	1	72	232	236	251	## Tournée 24
295	142	204	101	69	158	113	165	205	168	202	70	107	250	141	166	249	19	248	215	244	## Tournée 25
59	170	40	34	229	284	120	111	157	105	163	122	17	132	128	175	146	186	123	235	140	48	## Tournée 26
93	100	188	256	238	154	42	104	115	218	225	60	2	148	261	292	116	262	68	243	84	36	82	152	83	228	223	24	## Tournée 27
30	240	227	161	52	129	127	45	183	255	38	289	286	219	273	200	194	87	139	264	230	8	81	147	180	211	95	216	## Tournée 28
195	247	10	23	282	37	174	89	179	270	237	117	138	254	260	245	190	287	29	99	136	173	64	28	16	291	233	## Tournée 29
210	201	110	18	151	56	171	290	41	135	253	13	## Tournée 30
