50431	## Somme des retards
0	## Temps CPU (millisecondes)
58	42	83	10	11	17	67	12	90	64	57	37	96	26	82	66	40	95	19	100	68	78	24	53	44	39	86	50	41	70	4	30	98	84	71	46	81	7	18	48	31	54	8	5	72	29	87	27	1	9	91	93	21	49	85	51	62	13	22	73	20	88	94	23	38	36	79	99	63	34	77	6	2	60	52	47	33	3	15	25	75	92	69	35	76	14	55	43	65	80	45	59	32	28	97	74	89	56	61	16	## Ordonnancement
14	## Nombre de tournées
1	1	1	1	3	7	7	7	10	11	12	13	15	11	## Nombre de sites par tournée
58	## Tournée 1
42	## Tournée 2
83	## Tournée 3
10	## Tournée 4
11	67	17	## Tournée 5
90	57	12	64	37	96	26	## Tournée 6
100	40	19	82	66	68	95	## Tournée 7
86	44	78	50	39	24	53	## Tournée 8
98	41	30	4	46	71	81	84	70	7	## Tournée 9
8	48	18	31	5	29	54	72	27	87	1	## Tournée 10
73	62	13	93	49	22	91	20	85	9	21	51	## Tournée 11
94	2	99	34	60	23	38	88	6	77	63	36	79	## Tournée 12
35	25	76	14	52	69	33	55	65	43	92	47	75	3	15	## Tournée 13
61	89	56	32	28	16	97	74	59	45	80	## Tournée 14
