390518	## Somme des retards
210	## Temps CPU (millisecondes)
272	67	293	178	200	227	33	30	190	228	31	292	165	69	181	230	45	73	164	223	295	50	277	209	158	133	97	243	92	72	129	123	249	288	16	37	284	241	191	82	83	252	17	10	285	80	100	38	204	8	183	126	107	173	251	6	19	110	176	282	120	153	136	189	245	47	247	275	170	235	205	119	138	24	186	210	198	225	213	105	219	70	54	149	246	3	159	248	116	177	270	85	232	269	168	52	57	96	102	23	32	163	65	63	155	297	84	142	113	104	187	196	161	108	90	1	160	179	211	294	103	26	2	48	162	262	62	125	106	75	43	81	114	66	127	256	218	229	79	131	236	28	240	78	197	172	289	14	195	242	180	9	59	280	15	88	267	273	144	13	151	77	27	35	29	278	171	221	150	231	56	74	203	217	139	152	299	61	259	258	93	254	253	40	112	132	146	141	154	199	194	276	44	60	157	89	281	18	220	55	226	239	130	265	216	53	174	134	21	296	145	95	185	202	167	117	264	22	137	290	4	20	68	182	115	51	215	121	279	128	201	283	212	193	11	214	71	25	87	261	156	233	12	222	99	7	287	169	58	257	147	98	255	39	238	271	46	268	109	111	101	140	34	175	207	135	124	234	206	291	94	208	36	188	286	143	263	224	42	5	76	118	41	298	192	250	300	260	244	237	184	274	49	64	148	86	91	122	266	166	## Ordonnancement
26	## Nombre de tournées
1	1	1	2	2	3	4	7	7	8	8	11	11	13	14	14	20	19	18	23	25	24	25	27	10	2	## Nombre de sites par tournée
272	## Tournée 1
67	## Tournée 2
293	## Tournée 3
178	200	## Tournée 4
33	227	## Tournée 5
228	190	30	## Tournée 6
69	292	165	31	## Tournée 7
230	295	73	223	181	164	45	## Tournée 8
209	50	277	97	133	158	243	## Tournée 9
123	92	288	249	16	129	37	72	## Tournée 10
82	17	83	241	284	252	191	10	## Tournée 11
100	173	251	8	285	38	80	204	107	126	183	## Tournée 12
189	176	120	245	136	110	6	47	19	153	282	## Tournée 13
275	235	24	198	186	205	138	213	225	119	247	170	210	## Tournée 14
246	105	219	85	159	177	149	232	54	116	3	270	70	248	## Tournée 15
65	23	269	84	57	52	32	102	163	168	63	155	297	96	## Tournée 16
104	161	1	179	113	142	48	187	108	196	160	26	103	62	90	262	294	162	211	2	## Tournée 17
43	66	79	106	127	114	197	125	236	28	131	256	78	240	172	81	218	75	229	## Tournée 18
59	195	267	273	77	35	27	180	280	13	242	14	144	289	151	15	9	88	## Tournée 19
203	74	93	139	221	217	259	299	254	253	146	150	278	40	112	152	61	171	132	29	56	258	231	## Tournée 20
141	21	216	44	89	60	281	226	194	265	53	276	296	199	18	154	157	134	239	145	174	95	220	55	130	## Tournée 21
202	283	115	264	182	20	51	4	11	137	279	68	214	212	185	128	117	193	201	121	290	167	22	215	## Tournée 22
109	101	98	147	233	25	58	238	271	268	169	99	287	7	156	39	71	255	261	46	87	257	12	222	111	## Tournée 23
76	140	291	298	192	41	250	188	36	175	263	206	135	208	94	286	224	260	5	124	234	207	34	42	118	143	300	## Tournée 24
184	122	244	91	237	148	86	49	274	64	## Tournée 25
166	266	## Tournée 26
