57275	## Somme des retards
10	## Temps CPU (millisecondes)
82	87	68	51	98	14	45	59	66	4	8	60	86	79	94	53	64	97	3	42	70	67	74	24	20	61	57	48	28	83	12	33	10	69	5	80	91	84	47	85	16	50	2	43	26	49	35	52	63	88	37	44	36	25	89	62	41	92	30	6	54	19	56	95	15	78	18	29	90	72	21	71	34	11	13	58	17	76	81	27	31	38	75	1	46	32	99	22	7	39	100	65	77	55	73	93	96	23	9	40	## Ordonnancement
19	## Nombre de tournées
2	1	1	1	2	2	2	1	3	4	6	6	7	10	12	14	16	9	1	## Nombre de sites par tournée
82	87	## Tournée 1
68	## Tournée 2
51	## Tournée 3
98	## Tournée 4
14	45	## Tournée 5
59	66	## Tournée 6
4	8	## Tournée 7
60	## Tournée 8
79	86	94	## Tournée 9
64	53	97	3	## Tournée 10
67	74	24	42	20	70	## Tournée 11
48	57	61	12	83	28	## Tournée 12
5	80	84	33	10	69	91	## Tournée 13
49	47	2	35	85	50	43	26	52	16	## Tournée 14
37	88	62	63	44	89	25	92	6	41	36	30	## Tournée 15
95	19	29	78	18	34	54	15	90	56	11	72	21	71	## Tournée 16
58	75	46	32	38	13	22	27	99	17	81	1	7	76	31	39	## Tournée 17
96	55	77	100	65	93	73	9	23	## Tournée 18
40	## Tournée 19
