53867	## Somme des retards
20	## Temps CPU (millisecondes)
115	5	52	76	138	16	48	142	32	132	79	10	143	147	105	29	82	58	150	20	78	21	118	13	69	3	101	70	85	22	4	43	86	107	54	26	129	55	33	38	117	56	77	53	111	65	139	126	34	30	83	114	125	44	39	89	27	62	97	19	93	37	66	42	110	130	102	121	28	49	123	128	95	104	87	145	144	137	24	127	8	36	75	119	96	98	6	140	11	133	149	72	100	103	120	57	106	88	94	113	40	64	109	148	134	45	31	122	17	35	2	68	81	18	60	46	63	124	25	61	67	59	74	116	12	146	131	112	47	84	51	80	41	141	23	50	9	92	73	14	7	99	91	136	71	108	90	1	15	135	## Ordonnancement
17	## Nombre de tournées
1	2	2	2	4	3	7	8	9	12	14	13	17	16	19	19	2	## Nombre de sites par tournée
115	## Tournée 1
52	5	## Tournée 2
76	138	## Tournée 3
16	48	## Tournée 4
142	79	32	132	## Tournée 5
147	143	10	## Tournée 6
29	82	20	105	150	78	58	## Tournée 7
85	13	70	118	21	3	69	101	## Tournée 8
55	26	86	107	43	22	4	129	54	## Tournée 9
38	56	139	65	34	126	33	117	30	111	77	53	## Tournée 10
125	19	83	42	97	27	93	37	114	44	39	89	66	62	## Tournée 11
95	144	130	28	104	110	121	145	49	128	102	123	87	## Tournée 12
137	127	103	72	75	140	149	119	11	98	6	24	96	100	8	133	36	## Tournée 13
57	64	120	35	45	122	94	40	88	134	106	109	148	31	113	17	## Tournée 14
81	67	47	60	112	146	12	18	46	59	74	116	2	68	131	25	63	61	124	## Tournée 15
41	7	136	51	23	9	80	14	108	1	71	141	99	90	84	73	91	50	92	## Tournée 16
15	135	## Tournée 17
