128056	## Somme des retards
120	## Temps CPU (millisecondes)
181	80	65	177	5	15	61	25	107	106	34	100	42	55	162	180	115	189	40	6	76	94	45	160	154	112	93	91	98	190	75	157	169	172	120	41	182	47	191	143	43	97	125	102	151	99	52	30	149	56	59	105	114	82	147	28	194	31	164	70	117	159	155	89	122	145	1	128	86	10	179	96	88	171	83	168	158	22	37	104	183	29	176	124	195	27	144	127	146	185	39	73	13	108	116	173	72	193	48	137	51	66	46	150	118	63	67	187	109	62	184	196	129	119	170	138	134	18	131	26	79	175	130	12	9	166	7	81	36	163	20	121	38	50	198	123	139	74	136	64	161	84	126	152	186	103	141	199	132	153	197	58	32	148	68	14	24	3	53	200	2	101	111	156	188	33	57	16	78	90	49	4	8	69	142	77	60	54	95	21	174	85	178	113	35	92	44	135	133	19	71	23	140	110	17	165	192	167	87	11	## Ordonnancement
20	## Nombre de tournées
1	2	2	4	3	4	6	8	8	9	10	13	13	15	17	22	21	19	19	4	## Nombre de sites par tournée
181	## Tournée 1
65	80	## Tournée 2
177	5	## Tournée 3
61	25	107	15	## Tournée 4
100	106	34	## Tournée 5
55	180	162	42	## Tournée 6
6	189	40	94	115	76	## Tournée 7
112	160	98	91	93	154	190	45	## Tournée 8
120	75	172	47	182	169	157	41	## Tournée 9
102	143	52	191	125	43	97	99	151	## Tournée 10
59	149	30	28	82	147	114	194	105	56	## Tournée 11
122	128	70	145	155	159	31	86	117	1	10	164	89	## Tournée 12
83	176	37	171	104	29	96	22	88	158	168	183	179	## Tournée 13
13	108	73	193	185	195	116	72	27	127	144	39	124	146	173	## Tournée 14
46	109	150	63	67	196	118	137	62	184	170	66	51	129	187	48	119	## Tournée 15
20	38	26	134	166	36	139	9	50	138	7	18	198	12	123	175	131	130	163	121	79	81	## Tournée 16
199	148	153	132	136	58	32	74	141	68	64	161	126	84	197	103	152	24	14	186	3	## Tournée 17
33	200	53	4	101	78	111	156	188	142	57	90	60	69	77	8	16	49	2	## Tournée 18
174	178	21	54	92	140	113	19	135	133	85	17	95	71	165	23	44	35	110	## Tournée 19
192	11	87	167	## Tournée 20
