30910	## Somme des retards
20	## Temps CPU (millisecondes)
1	44	27	30	2	32	57	73	51	99	50	43	9	58	72	77	52	41	12	92	18	93	15	60	56	54	94	21	69	53	29	33	23	3	79	64	47	86	96	38	89	13	24	14	17	84	22	66	16	100	82	5	65	40	35	70	11	68	6	48	61	62	98	80	28	75	34	81	95	19	90	39	8	97	76	88	55	4	83	10	37	49	59	74	42	63	25	20	91	31	7	45	85	67	87	78	36	71	26	46	## Ordonnancement
13	## Nombre de tournées
2	5	3	4	6	8	9	11	10	14	12	12	4	## Nombre de sites par tournée
44	1	## Tournée 1
27	57	32	30	2	## Tournée 2
51	73	99	## Tournée 3
43	9	58	50	## Tournée 4
41	92	52	72	77	12	## Tournée 5
21	94	15	60	54	93	18	56	## Tournée 6
3	47	23	33	29	79	53	64	69	## Tournée 7
24	86	14	89	66	13	96	38	22	17	84	## Tournée 8
16	70	11	68	35	5	40	65	100	82	## Tournée 9
34	39	48	98	90	75	80	6	61	95	28	81	62	19	## Tournée 10
76	83	97	49	8	10	37	59	4	74	88	55	## Tournée 11
85	25	42	7	20	91	31	78	87	63	45	67	## Tournée 12
71	46	36	26	## Tournée 13
