107360	## Somme des retards
20	## Temps CPU (millisecondes)
19	45	6	124	22	65	97	122	80	87	42	29	138	141	12	10	47	105	16	127	117	134	139	7	70	27	46	110	106	20	63	52	96	95	34	147	71	128	73	114	8	33	49	83	24	90	28	40	31	131	149	148	53	135	21	136	41	107	145	14	92	112	1	38	17	125	94	75	60	79	93	44	88	104	98	25	118	129	116	58	109	69	76	137	15	64	111	113	140	85	108	72	68	101	123	121	133	9	120	100	2	150	51	84	143	142	48	37	82	99	77	54	78	74	103	4	11	130	119	50	86	56	39	36	32	59	18	43	66	91	89	126	30	23	67	5	57	13	26	3	62	132	61	146	35	55	81	144	115	102	## Ordonnancement
21	## Nombre de tournées
2	1	1	2	1	3	3	3	5	5	6	9	10	11	12	14	18	18	18	7	1	## Nombre de sites par tournée
45	19	## Tournée 1
6	## Tournée 2
124	## Tournée 3
65	22	## Tournée 4
97	## Tournée 5
87	80	122	## Tournée 6
42	138	29	## Tournée 7
10	12	141	## Tournée 8
47	117	16	105	127	## Tournée 9
27	7	134	70	139	## Tournée 10
63	110	106	46	20	52	## Tournée 11
71	96	34	147	8	95	114	128	73	## Tournée 12
33	40	131	90	31	28	24	83	49	149	## Tournée 13
53	107	14	41	136	92	21	148	112	145	135	## Tournée 14
104	1	88	60	17	44	125	75	93	38	79	94	## Tournée 15
116	111	98	113	15	76	25	64	129	118	69	109	137	58	## Tournée 16
101	121	84	100	9	51	143	85	123	68	133	2	140	142	108	150	120	72	## Tournée 17
82	86	56	36	74	103	130	4	77	39	48	78	37	99	119	50	11	54	## Tournée 18
5	18	26	57	91	13	30	67	66	59	43	62	126	89	3	23	132	32	## Tournée 19
55	81	115	35	144	61	146	## Tournée 20
102	## Tournée 21
