199869	## Somme des retards
160	## Temps CPU (millisecondes)
144	154	141	44	74	2	45	200	31	168	42	195	132	114	35	25	165	20	27	76	43	99	160	127	98	188	60	139	193	64	133	17	140	119	34	172	77	72	101	81	87	111	146	138	157	175	184	63	66	108	173	110	36	180	100	73	112	84	171	54	40	93	47	79	104	131	136	155	23	69	49	177	6	148	197	120	199	185	96	86	7	116	95	11	152	128	9	103	48	1	41	68	51	170	28	151	58	198	186	15	24	137	78	55	149	12	115	33	8	179	176	56	142	174	130	134	57	192	158	80	18	62	161	82	102	3	109	169	143	91	117	123	32	16	147	178	135	118	38	59	30	39	163	13	126	159	26	53	46	21	22	189	37	194	162	19	124	106	187	75	90	65	105	121	129	191	167	89	107	190	153	4	50	183	145	122	67	71	14	125	182	181	10	29	61	52	70	85	156	113	92	97	196	94	83	88	166	5	150	164	## Ordonnancement
21	## Nombre de tournées
1	1	2	3	2	4	5	4	7	9	11	11	10	15	16	17	17	21	22	19	3	## Nombre de sites par tournée
144	## Tournée 1
154	## Tournée 2
44	141	## Tournée 3
45	2	74	## Tournée 4
31	200	## Tournée 5
195	132	168	42	## Tournée 6
114	165	25	35	20	## Tournée 7
99	76	43	27	## Tournée 8
139	98	60	188	193	127	160	## Tournée 9
64	140	72	172	119	77	34	133	17	## Tournée 10
184	101	146	81	87	138	157	175	111	63	66	## Tournée 11
110	180	84	171	173	100	112	36	73	54	108	## Tournée 12
47	40	104	131	79	136	23	93	69	155	## Tournée 13
185	96	199	95	148	177	120	152	11	6	116	197	49	7	86	## Tournée 14
186	151	15	24	51	58	28	103	1	48	41	170	128	198	68	9	## Tournée 15
142	78	8	149	33	174	179	12	137	130	176	192	115	56	134	57	55	## Tournée 16
16	117	143	102	158	147	123	169	82	3	109	161	32	80	91	18	62	## Tournée 17
159	135	189	30	38	126	46	178	118	37	59	194	13	22	162	163	21	19	53	26	39	## Tournée 18
190	187	67	145	167	107	71	122	4	183	106	89	50	153	65	105	124	75	90	121	191	129	## Tournée 19
61	182	70	83	181	85	113	125	29	196	92	94	97	10	88	166	156	14	52	## Tournée 20
150	164	5	## Tournée 21
