98332	## Somme des retards
90	## Temps CPU (millisecondes)
29	25	120	27	47	112	72	95	26	88	159	104	195	15	149	157	179	167	50	5	75	76	133	172	16	8	142	106	22	45	196	163	12	140	124	36	150	102	17	49	192	80	69	146	158	18	116	171	105	101	60	90	100	125	190	97	193	143	89	56	155	44	147	135	103	42	2	178	156	123	96	63	152	191	70	83	198	51	66	188	78	84	28	65	7	98	166	126	115	200	53	134	160	55	46	121	54	184	199	109	38	94	35	132	64	93	161	87	10	74	108	119	113	154	3	194	43	117	37	122	127	39	114	34	175	67	13	6	59	52	182	79	131	189	162	186	111	168	73	130	181	19	77	136	153	58	176	24	144	20	61	177	197	183	23	185	33	11	107	165	110	1	137	141	31	85	62	138	91	9	4	40	170	118	169	99	187	21	145	129	71	92	174	151	41	139	82	173	164	57	81	30	68	180	32	148	86	14	48	128	## Ordonnancement
21	## Nombre de tournées
1	1	1	2	3	3	4	6	5	8	8	12	13	16	18	19	20	18	21	18	3	## Nombre de sites par tournée
29	## Tournée 1
25	## Tournée 2
120	## Tournée 3
27	47	## Tournée 4
112	95	72	## Tournée 5
159	88	26	## Tournée 6
149	15	195	104	## Tournée 7
75	179	167	50	157	5	## Tournée 8
172	8	133	16	76	## Tournée 9
12	196	140	163	22	106	142	45	## Tournée 10
17	124	192	102	49	36	150	80	## Tournée 11
90	158	116	69	18	100	101	60	171	125	146	105	## Tournée 12
56	135	42	190	44	147	97	193	103	143	155	2	89	## Tournée 13
28	188	66	51	191	78	96	70	178	83	123	198	156	152	63	84	## Tournée 14
54	7	200	115	126	38	199	109	46	121	184	55	160	98	65	134	53	166	## Tournée 15
132	108	64	87	43	94	35	37	194	154	117	93	161	74	122	119	10	113	3	## Tournée 16
186	73	182	39	175	111	59	114	52	168	131	67	34	162	189	6	130	79	127	13	## Tournée 17
58	177	23	11	24	181	185	20	176	61	197	144	153	33	136	77	183	19	## Tournée 18
1	21	169	137	9	91	141	165	85	62	170	145	99	31	4	110	118	107	187	40	138	## Tournée 19
148	57	174	71	173	30	32	41	68	180	151	129	92	86	81	164	139	82	## Tournée 20
48	14	128	## Tournée 21
