38566	## Somme des retards
10	## Temps CPU (millisecondes)
59	20	100	3	48	97	4	66	64	8	95	21	32	49	52	88	75	40	45	43	86	82	29	51	16	74	92	87	85	11	23	18	12	80	61	33	15	47	25	24	1	41	78	62	13	36	5	81	38	37	96	42	65	77	83	55	58	54	76	26	6	93	34	30	79	35	22	60	27	14	57	84	39	46	63	94	31	89	28	90	99	68	56	72	67	91	50	9	71	17	73	70	69	44	53	98	10	19	7	2	## Ordonnancement
15	## Nombre de tournées
1	1	2	2	4	5	5	10	8	13	11	15	14	8	1	## Nombre de sites par tournée
59	## Tournée 1
20	## Tournée 2
3	100	## Tournée 3
97	48	## Tournée 4
4	8	66	64	## Tournée 5
49	52	21	32	95	## Tournée 6
45	88	40	75	43	## Tournée 7
87	29	92	16	11	74	82	85	51	86	## Tournée 8
61	15	47	80	33	23	18	12	## Tournée 9
13	96	25	24	36	37	38	62	78	1	81	41	5	## Tournée 10
54	26	83	93	76	6	77	65	58	42	55	## Tournée 11
46	31	39	30	84	14	94	34	60	79	22	27	35	63	57	## Tournée 12
28	99	67	90	50	17	71	89	56	9	73	91	72	68	## Tournée 13
98	10	69	53	19	7	70	44	## Tournée 14
2	## Tournée 15
