149552	## Somme des retards
80	## Temps CPU (millisecondes)
131	141	94	220	24	69	238	176	144	164	127	10	68	159	52	115	53	31	30	42	93	149	134	84	145	4	152	3	161	60	85	108	245	189	39	103	239	177	27	235	158	48	82	183	200	217	147	123	50	179	23	208	61	206	216	169	246	17	224	198	210	213	218	219	11	124	1	214	49	55	72	211	83	37	148	87	125	229	6	110	196	191	202	150	86	63	143	121	241	168	25	178	221	250	101	100	204	139	130	56	156	187	57	248	199	205	172	51	46	76	215	96	5	67	247	181	120	126	65	28	133	119	47	138	89	142	232	237	166	35	222	186	26	170	227	38	44	73	188	104	223	12	226	203	64	116	14	242	165	92	184	21	43	71	154	173	77	54	163	111	240	91	22	15	228	185	225	79	136	135	193	137	40	114	231	29	153	45	62	117	207	88	112	98	113	66	128	106	249	95	80	194	151	102	182	190	2	81	33	171	146	192	8	132	109	175	180	19	78	16	243	58	230	160	201	41	234	90	155	167	7	36	105	162	74	13	18	157	174	233	99	34	140	107	70	236	129	209	75	197	195	212	9	118	122	97	20	32	59	244	## Ordonnancement
22	## Nombre de tournées
1	1	2	1	2	2	3	5	6	9	7	14	13	16	19	17	17	22	24	22	28	19	## Nombre de sites par tournée
131	## Tournée 1
141	## Tournée 2
220	94	## Tournée 3
24	## Tournée 4
69	238	## Tournée 5
144	176	## Tournée 6
127	164	10	## Tournée 7
52	53	159	115	68	## Tournée 8
93	31	42	149	134	30	## Tournée 9
145	108	4	84	161	85	60	152	3	## Tournée 10
177	39	239	245	189	103	27	## Tournée 11
158	183	147	208	217	50	61	235	23	200	48	179	82	123	## Tournée 12
11	206	210	216	219	218	17	124	213	169	246	224	198	## Tournée 13
83	55	87	214	229	72	196	148	125	110	211	49	191	6	37	1	## Tournée 14
202	204	168	143	241	121	250	150	139	63	100	25	221	56	156	86	101	178	130	## Tournée 15
187	5	248	181	76	205	247	172	57	215	46	199	96	120	51	126	67	## Tournée 16
142	166	26	119	133	35	47	186	28	89	138	232	227	65	237	170	222	## Tournée 17
116	77	173	73	223	104	154	242	21	226	92	184	12	14	43	165	203	188	64	71	38	44	## Tournée 18
135	231	111	163	54	117	40	137	240	15	153	185	225	29	45	79	136	91	228	62	207	114	193	22	## Tournée 19
171	182	151	81	128	249	192	146	98	66	190	80	2	194	8	33	88	102	106	113	95	112	## Tournée 20
36	157	41	201	58	132	180	155	162	19	16	230	234	160	174	7	74	243	78	175	18	13	109	99	90	233	105	167	## Tournée 21
118	20	212	9	75	195	140	197	70	107	34	122	97	32	236	129	209	244	59	## Tournée 22
