222586	## Somme des retards
30	## Temps CPU (millisecondes)
193	104	128	190	77	78	194	23	26	171	25	146	110	59	191	45	66	97	125	11	184	116	119	20	92	63	76	122	14	178	40	177	180	145	172	179	10	51	112	141	157	70	198	79	175	41	138	7	183	47	90	120	136	91	131	135	134	139	189	151	168	162	18	65	58	163	149	169	133	129	197	144	196	186	123	94	158	24	30	140	82	182	42	161	155	96	108	17	127	50	52	174	159	154	160	3	95	98	100	126	57	73	33	81	60	44	156	53	109	29	31	15	114	164	38	2	43	22	21	9	19	195	102	150	68	143	46	101	88	188	124	35	148	130	56	200	113	28	181	107	6	27	121	87	72	34	61	147	32	75	49	173	54	142	8	69	105	117	55	176	74	192	170	36	132	48	166	137	4	185	153	93	16	99	37	115	89	152	12	64	187	106	103	39	71	199	85	86	84	80	62	118	111	5	165	13	1	67	83	167	## Ordonnancement
23	## Nombre de tournées
1	1	2	1	1	3	2	4	4	8	8	7	10	11	13	14	14	17	19	18	19	22	1	## Nombre de sites par tournée
193	## Tournée 1
104	## Tournée 2
190	128	## Tournée 3
77	## Tournée 4
78	## Tournée 5
26	23	194	## Tournée 6
25	171	## Tournée 7
191	146	110	59	## Tournée 8
97	125	45	66	## Tournée 9
11	119	20	116	92	184	63	76	## Tournée 10
145	178	14	172	177	180	122	40	## Tournée 11
70	179	51	157	10	141	112	## Tournée 12
7	47	79	138	183	90	120	175	41	198	## Tournée 13
131	91	162	134	136	18	135	168	151	139	189	## Tournée 14
149	169	58	123	129	186	163	144	94	197	133	65	196	## Tournée 15
42	30	17	158	82	108	96	50	140	24	161	155	182	127	## Tournée 16
126	81	154	160	100	73	52	159	57	3	174	98	33	95	## Tournée 17
21	44	22	114	29	9	15	164	38	156	43	60	31	53	2	19	109	## Tournée 18
101	88	200	68	28	124	148	35	107	181	188	130	143	195	102	113	56	46	150	## Tournée 19
54	121	49	6	75	61	32	105	117	142	8	34	72	173	69	27	87	147	## Tournée 20
55	99	93	37	137	192	48	153	176	74	89	170	115	185	16	132	166	4	36	## Tournée 21
165	13	80	62	64	5	12	199	86	111	39	106	85	83	67	152	71	103	187	118	1	84	## Tournée 22
167	## Tournée 23
