88672	## Somme des retards
90	## Temps CPU (millisecondes)
22	138	74	127	34	109	101	45	139	142	81	50	68	71	112	123	2	57	3	99	118	131	117	116	51	43	13	77	26	1	144	73	105	124	149	114	143	29	65	27	60	136	108	128	39	66	102	122	67	80	35	140	37	132	90	126	125	120	11	31	93	42	46	36	95	92	137	19	76	33	21	58	91	24	12	106	113	25	41	134	86	82	16	6	10	38	30	115	64	107	97	55	47	94	83	7	145	14	104	20	69	141	88	146	78	129	61	56	5	87	96	110	135	9	32	53	59	89	8	18	121	100	49	17	62	54	98	75	52	150	147	111	72	44	130	85	119	103	70	84	4	15	79	40	63	133	28	148	48	23	## Ordonnancement
17	## Nombre de tournées
2	2	3	5	5	7	6	8	8	15	10	12	14	14	19	17	3	## Nombre de sites par tournée
22	138	## Tournée 1
74	127	## Tournée 2
109	101	34	## Tournée 3
81	142	139	45	50	## Tournée 4
2	123	68	112	71	## Tournée 5
118	99	57	117	3	131	116	## Tournée 6
77	1	43	26	13	51	## Tournée 7
143	114	73	149	124	29	144	105	## Tournée 8
39	136	66	65	108	27	128	60	## Tournée 9
31	80	122	120	35	93	90	37	126	140	67	132	125	11	102	## Tournée 10
137	92	46	19	42	21	36	33	95	76	## Tournée 11
16	25	91	82	106	86	12	24	58	134	41	113	## Tournée 12
115	64	94	10	7	83	47	38	55	30	6	145	107	97	## Tournée 13
20	88	5	96	146	69	56	104	87	14	141	129	78	61	## Tournée 14
100	110	52	49	62	9	98	135	150	54	75	89	32	17	53	8	121	59	18	## Tournée 15
133	79	4	40	85	15	72	28	119	147	130	44	63	84	70	103	111	## Tournée 16
48	23	148	## Tournée 17
