165795	## Somme des retards
100	## Temps CPU (millisecondes)
94	187	43	116	141	87	59	139	152	171	78	157	183	114	172	53	144	15	93	200	84	95	6	176	5	182	76	32	146	14	35	199	123	118	92	158	126	162	51	198	81	167	52	105	62	34	185	193	68	134	137	45	148	46	64	161	132	145	66	106	121	189	102	113	63	166	8	7	140	80	74	184	16	133	181	170	109	17	1	26	48	173	38	125	3	155	143	83	100	96	111	89	129	31	142	177	131	77	23	49	119	192	169	91	72	190	30	56	61	186	147	97	11	135	138	12	128	50	27	99	195	86	153	196	175	164	29	136	19	110	28	79	70	24	42	197	69	165	107	163	90	33	21	58	88	82	108	117	151	191	41	101	20	104	36	39	122	13	168	57	55	40	98	60	130	180	188	115	160	67	179	10	37	159	73	44	120	154	174	2	47	9	103	22	124	127	54	85	18	112	149	71	156	4	194	150	65	178	25	75	## Ordonnancement
22	## Nombre de tournées
1	2	1	1	3	1	3	3	5	6	8	10	9	13	14	15	18	21	18	23	17	8	## Nombre de sites par tournée
94	## Tournée 1
43	187	## Tournée 2
116	## Tournée 3
141	## Tournée 4
87	59	139	## Tournée 5
152	## Tournée 6
78	171	157	## Tournée 7
183	114	172	## Tournée 8
200	144	53	15	93	## Tournée 9
176	95	84	182	6	5	## Tournée 10
14	118	146	76	32	123	35	199	## Tournée 11
162	81	198	105	126	51	167	52	92	158	## Tournée 12
34	134	193	45	185	148	137	68	62	## Tournée 13
102	46	63	66	106	113	189	161	132	64	166	145	121	## Tournée 14
170	16	109	8	80	17	133	1	74	26	7	140	184	181	## Tournée 15
173	100	125	89	155	48	129	38	111	143	96	3	31	83	142	## Tournée 16
169	177	147	23	72	56	11	91	77	131	192	119	186	61	97	30	49	190	## Tournée 17
19	138	136	175	99	12	29	153	195	50	196	110	86	79	128	135	70	24	164	27	28	## Tournée 18
163	41	69	90	197	101	108	21	165	58	117	191	151	33	88	107	42	82	## Tournée 19
104	20	40	160	57	130	67	98	159	188	36	73	179	55	168	180	39	122	13	10	37	115	60	## Tournée 20
85	174	112	124	127	9	103	149	71	18	22	2	44	54	154	120	47	## Tournée 21
156	25	65	4	194	178	150	75	## Tournée 22
