60202	## Somme des retards
0	## Temps CPU (millisecondes)
19	71	49	97	52	72	100	96	29	67	63	42	35	81	7	43	83	88	66	18	16	92	1	13	57	64	4	89	93	15	77	38	8	76	94	14	37	60	84	65	50	85	41	44	69	91	45	55	79	58	78	32	39	33	61	47	28	2	95	46	36	74	68	82	80	25	31	10	54	98	6	62	86	40	21	12	53	9	24	70	22	75	34	27	26	73	99	23	51	87	5	11	48	20	30	17	59	56	3	90	## Ordonnancement
15	## Nombre de tournées
1	1	2	2	5	4	5	7	6	8	11	10	15	14	9	## Nombre de sites par tournée
19	## Tournée 1
71	## Tournée 2
97	49	## Tournée 3
52	72	## Tournée 4
100	29	67	63	96	## Tournée 5
42	81	7	35	## Tournée 6
43	66	18	83	88	## Tournée 7
64	92	1	13	16	57	4	## Tournée 8
15	89	8	93	77	38	## Tournée 9
94	84	37	14	60	76	65	50	## Tournée 10
41	85	58	91	69	32	79	44	45	78	55	## Tournée 11
95	28	2	39	61	33	47	36	74	46	## Tournée 12
80	6	12	98	31	54	53	82	40	68	10	86	25	62	21	## Tournée 13
27	22	87	70	99	23	26	75	5	73	51	34	9	24	## Tournée 14
56	17	48	59	20	90	11	3	30	## Tournée 15
