51659	## Somme des retards
20	## Temps CPU (millisecondes)
27	95	60	5	73	89	1	99	30	62	92	67	33	76	32	79	52	36	44	19	24	81	65	10	86	14	71	56	53	85	43	57	66	84	20	46	98	88	96	55	74	75	70	41	54	94	47	48	8	100	11	82	16	23	21	6	45	91	63	77	42	2	7	49	22	72	90	9	34	29	83	39	17	64	78	38	4	15	93	58	18	35	37	28	59	13	97	61	3	51	12	26	69	68	31	40	80	25	50	87	## Ordonnancement
17	## Nombre de tournées
1	2	1	1	2	1	3	4	7	7	8	9	10	12	12	13	7	## Nombre de sites par tournée
27	## Tournée 1
60	95	## Tournée 2
5	## Tournée 3
73	## Tournée 4
1	89	## Tournée 5
99	## Tournée 6
30	62	92	## Tournée 7
76	32	67	33	## Tournée 8
52	36	19	44	79	24	81	## Tournée 9
65	53	56	71	10	86	14	## Tournée 10
98	66	84	20	46	85	57	43	## Tournée 11
94	88	75	41	55	54	96	70	74	## Tournée 12
23	16	8	47	11	48	21	6	100	82	## Tournée 13
63	91	45	90	22	77	42	2	7	9	72	49	## Tournée 14
34	4	17	93	78	15	29	64	39	38	58	83	## Tournée 15
69	51	12	28	26	61	13	18	3	37	97	59	35	## Tournée 16
80	31	68	87	25	40	50	## Tournée 17
