92104	## Somme des retards
20	## Temps CPU (millisecondes)
9	68	53	76	15	26	86	29	1	57	24	14	87	83	74	97	75	78	19	72	67	81	96	66	30	65	71	95	56	23	44	50	94	80	45	58	77	61	100	89	60	10	11	59	62	17	63	4	43	85	99	84	32	27	82	49	69	64	21	22	40	48	28	8	91	20	31	39	18	6	7	98	73	36	38	35	16	37	54	90	13	70	2	46	88	34	12	79	55	42	5	51	52	93	25	3	92	47	41	33	## Ordonnancement
19	## Nombre de tournées
1	1	1	1	3	1	2	2	4	5	6	7	9	7	12	14	11	11	2	## Nombre de sites par tournée
9	## Tournée 1
68	## Tournée 2
53	## Tournée 3
76	## Tournée 4
15	86	26	## Tournée 5
29	## Tournée 6
57	1	## Tournée 7
14	24	## Tournée 8
97	87	74	83	## Tournée 9
67	19	72	75	78	## Tournée 10
71	81	65	96	66	30	## Tournée 11
56	80	94	23	50	44	95	## Tournée 12
11	89	77	60	10	61	100	58	45	## Tournée 13
43	17	62	63	4	85	59	## Tournée 14
27	84	32	64	22	49	99	69	82	40	21	48	## Tournée 15
28	6	31	38	91	98	35	73	18	36	39	7	8	20	## Tournée 16
34	88	90	54	16	46	13	12	70	2	37	## Tournée 17
79	55	47	25	5	52	3	93	42	92	51	## Tournée 18
41	33	## Tournée 19
