190960	## Somme des retards
30	## Temps CPU (millisecondes)
114	145	30	129	2	81	72	105	94	24	48	126	116	144	35	149	113	6	136	57	119	32	45	86	5	103	63	31	13	20	102	69	21	85	106	87	22	10	120	41	150	78	93	36	147	26	107	47	19	44	60	54	52	66	108	122	128	23	50	133	61	75	46	97	67	37	98	109	4	38	58	89	14	101	146	33	68	123	104	132	29	83	111	117	56	55	90	96	7	28	118	127	135	125	99	138	1	40	82	91	70	137	84	74	140	148	49	139	142	80	76	110	11	141	53	3	95	12	73	121	88	18	25	34	27	9	79	65	59	8	17	92	77	131	16	134	15	100	43	112	64	71	51	39	115	130	143	42	124	62	## Ordonnancement
22	## Nombre de tournées
1	1	1	2	1	1	2	3	4	3	5	5	8	9	8	12	11	12	15	18	17	11	## Nombre de sites par tournée
114	## Tournée 1
145	## Tournée 2
30	## Tournée 3
129	2	## Tournée 4
81	## Tournée 5
72	## Tournée 6
94	105	## Tournée 7
24	48	126	## Tournée 8
35	116	144	149	## Tournée 9
6	136	113	## Tournée 10
119	57	86	45	32	## Tournée 11
31	13	63	5	103	## Tournée 12
21	22	69	87	102	20	106	85	## Tournée 13
150	93	36	147	41	120	10	26	78	## Tournée 14
52	60	107	47	44	54	66	19	## Tournée 15
108	122	75	128	133	37	61	67	46	50	97	23	## Tournée 16
68	101	38	4	58	146	98	33	109	14	89	## Tournée 17
111	83	117	7	55	104	96	90	29	123	56	132	## Tournée 18
137	125	74	135	99	127	40	1	28	91	70	118	138	82	84	## Tournée 19
12	73	49	140	95	80	53	142	148	121	141	76	11	110	139	88	3	18	## Tournée 20
134	79	9	25	59	131	27	100	8	17	65	16	15	34	43	92	77	## Tournée 21
42	71	124	130	64	51	39	143	115	112	62	## Tournée 22
