94504	## Somme des retards
20	## Temps CPU (millisecondes)
56	84	50	8	59	70	69	36	16	82	60	76	77	26	22	91	100	3	44	88	64	51	71	20	52	40	79	65	96	61	9	17	33	85	39	6	37	54	68	62	45	97	57	43	13	29	28	24	4	19	94	2	66	72	35	34	80	75	46	55	78	18	93	30	15	47	10	81	92	98	99	73	38	48	74	7	67	21	27	58	41	25	63	32	83	14	95	87	86	23	5	1	11	90	31	89	42	53	49	12	## Ordonnancement
21	## Nombre de tournées
1	1	1	1	1	1	1	1	2	3	1	5	2	5	9	7	10	10	12	13	13	## Nombre de sites par tournée
56	## Tournée 1
84	## Tournée 2
50	## Tournée 3
8	## Tournée 4
59	## Tournée 5
70	## Tournée 6
69	## Tournée 7
36	## Tournée 8
82	16	## Tournée 9
77	60	76	## Tournée 10
26	## Tournée 11
22	100	44	3	91	## Tournée 12
88	64	## Tournée 13
71	51	20	52	40	## Tournée 14
9	65	96	33	17	39	85	79	61	## Tournée 15
45	68	54	6	62	97	37	## Tournée 16
28	4	2	13	24	19	94	43	29	57	## Tournée 17
55	34	72	46	66	35	18	75	78	80	## Tournée 18
92	98	93	15	73	99	30	38	47	48	81	10	## Tournée 19
63	27	95	25	83	67	7	58	74	41	14	32	21	## Tournée 20
53	87	1	12	31	90	49	11	89	42	86	5	23	## Tournée 21
