228798	## Somme des retards
120	## Temps CPU (millisecondes)
143	185	68	173	10	94	49	73	162	20	13	7	147	26	132	85	74	141	77	80	113	30	194	88	101	123	128	167	137	61	57	198	39	107	168	154	151	134	56	183	91	51	64	65	33	129	17	163	184	46	172	78	75	89	166	90	58	197	8	188	5	71	29	93	53	165	15	31	117	171	120	104	24	191	115	84	3	2	41	86	199	63	139	69	196	181	23	195	140	50	174	186	105	189	116	119	62	11	136	148	153	144	169	122	22	47	67	145	42	190	1	70	16	179	177	76	102	54	12	18	146	4	135	108	48	142	160	152	55	97	98	125	82	6	118	45	130	38	100	34	72	59	14	92	27	192	19	182	32	83	150	111	28	52	131	126	176	159	112	81	95	124	87	121	127	79	161	103	164	36	175	170	149	9	133	109	187	96	25	157	110	193	200	99	114	66	37	156	106	21	158	60	155	40	180	138	43	178	35	44	## Ordonnancement
23	## Nombre de tournées
1	1	2	1	1	4	2	5	5	8	6	9	9	13	12	15	16	16	17	21	23	12	1	## Nombre de sites par tournée
143	## Tournée 1
185	## Tournée 2
173	68	## Tournée 3
10	## Tournée 4
94	## Tournée 5
73	49	20	162	## Tournée 6
7	13	## Tournée 7
74	132	147	85	26	## Tournée 8
141	80	113	30	77	## Tournée 9
137	101	61	123	167	128	194	88	## Tournée 10
168	39	107	154	57	198	## Tournée 11
56	64	51	65	151	134	183	91	33	## Tournée 12
184	46	172	75	89	129	163	17	78	## Tournée 13
29	188	197	5	90	93	166	53	15	71	8	58	165	## Tournée 14
191	117	171	104	84	2	115	3	120	41	31	24	## Tournée 15
199	181	63	140	50	105	86	23	196	69	186	139	195	189	174	## Tournée 16
169	136	22	116	47	190	119	148	42	145	62	67	153	11	144	122	## Tournée 17
1	102	135	70	76	12	108	48	179	54	142	4	177	16	18	146	## Tournée 18
125	38	34	72	98	118	59	82	100	130	45	97	160	152	55	6	14	## Tournée 19
124	81	19	176	32	83	192	87	92	52	121	159	95	150	126	27	111	131	28	182	112	## Tournée 20
99	157	37	110	79	175	187	66	161	170	127	149	25	9	133	96	193	103	114	36	200	109	164	## Tournée 21
60	155	106	180	40	21	178	156	35	158	138	43	## Tournée 22
44	## Tournée 23
