183254	## Somme des retards
100	## Temps CPU (millisecondes)
37	41	156	66	111	3	5	91	95	179	181	68	169	148	187	38	102	105	27	54	188	142	132	77	170	178	88	149	71	76	92	192	125	81	127	104	199	134	200	193	11	58	90	165	22	109	124	172	97	194	180	182	6	114	12	112	122	198	59	4	36	93	57	55	80	168	151	185	14	120	146	72	67	25	39	79	176	99	161	106	30	75	128	166	49	2	141	171	183	110	139	44	189	24	84	48	138	62	1	42	31	28	34	184	145	16	191	53	35	70	115	63	118	96	89	101	10	117	130	73	167	175	85	137	7	147	121	69	108	23	61	154	158	140	78	46	15	51	40	131	26	52	21	195	94	123	144	9	82	103	8	196	43	190	32	133	116	143	13	74	159	136	86	19	17	119	174	153	163	64	157	29	33	100	162	107	113	56	50	152	18	20	129	65	45	98	135	164	155	177	60	173	186	150	87	126	197	83	47	160	## Ordonnancement
20	## Nombre de tournées
1	2	3	1	4	6	6	6	9	8	12	13	14	14	16	18	20	21	19	7	## Nombre de sites par tournée
37	## Tournée 1
41	156	## Tournée 2
66	3	111	## Tournée 3
5	## Tournée 4
181	95	179	91	## Tournée 5
102	68	169	38	148	187	## Tournée 6
54	132	27	105	142	188	## Tournée 7
77	88	71	170	149	178	## Tournée 8
199	92	125	104	81	192	134	76	127	## Tournée 9
193	200	90	165	58	109	11	22	## Tournée 10
97	12	114	124	6	172	194	112	180	182	198	122	## Tournée 11
36	55	57	93	14	80	4	185	168	120	146	59	151	## Tournée 12
106	166	30	25	128	67	72	79	39	49	176	161	75	99	## Tournée 13
24	183	84	139	141	62	138	110	2	1	48	171	189	44	## Tournée 14
16	42	31	28	70	191	118	35	115	145	184	89	63	96	34	53	## Tournée 15
154	175	61	167	23	10	130	121	101	85	69	147	7	73	137	117	158	108	## Tournée 16
82	196	8	94	15	103	9	21	195	46	52	26	131	123	43	51	40	140	144	78	## Tournée 17
64	13	74	190	33	17	100	159	32	153	143	19	116	163	136	174	119	29	86	157	133	## Tournée 18
129	135	65	56	162	60	113	50	164	155	152	177	98	186	107	45	20	18	173	## Tournée 19
47	83	160	197	87	126	150	## Tournée 20
