259332	## Somme des retards
70	## Temps CPU (millisecondes)
15	59	112	149	17	72	196	200	117	113	16	56	140	114	174	129	68	36	175	161	190	79	118	28	130	82	121	197	77	5	153	100	119	185	136	186	106	128	138	86	194	188	49	134	71	159	96	58	45	151	105	57	18	19	30	157	87	7	102	21	93	11	179	167	98	40	183	54	171	111	22	84	122	126	137	184	76	12	61	81	155	97	4	154	13	67	31	189	92	191	62	53	66	115	78	69	195	42	163	124	51	170	107	1	64	48	156	187	20	23	127	108	132	25	144	193	145	70	29	14	109	34	178	65	80	35	88	44	180	198	3	131	99	41	47	90	50	110	52	172	91	158	176	116	104	9	168	83	73	199	148	133	166	75	165	135	152	177	141	10	103	181	32	169	2	123	160	24	95	143	43	38	164	101	37	26	85	120	142	147	94	150	39	125	182	6	89	27	192	60	74	55	33	162	139	146	46	173	8	63	## Ordonnancement
23	## Nombre de tournées
2	1	1	2	1	2	2	3	4	5	6	8	10	9	11	12	15	16	14	20	20	20	16	## Nombre de sites par tournée
15	59	## Tournée 1
112	## Tournée 2
149	## Tournée 3
17	72	## Tournée 4
196	## Tournée 5
117	200	## Tournée 6
113	16	## Tournée 7
114	56	140	## Tournée 8
68	36	174	129	## Tournée 9
79	175	161	118	190	## Tournée 10
77	121	197	28	82	130	## Tournée 11
106	100	119	185	5	186	153	136	## Tournée 12
86	71	96	159	188	138	194	134	49	128	## Tournée 13
57	18	45	105	157	58	30	19	151	## Tournée 14
21	87	7	167	11	179	93	98	183	40	102	## Tournée 15
61	84	171	54	184	126	122	12	76	137	111	22	## Tournée 16
4	67	66	31	62	92	154	189	191	13	155	115	97	53	81	## Tournée 17
170	78	1	42	195	51	156	107	48	23	163	187	124	64	20	69	## Tournée 18
193	34	108	109	70	178	65	127	14	25	144	132	145	29	## Tournée 19
50	116	88	180	158	198	90	110	99	41	47	52	172	176	131	80	91	35	3	44	## Tournée 20
199	166	32	75	152	103	168	148	73	165	135	181	177	10	104	83	9	141	169	133	## Tournée 21
143	123	150	38	120	95	43	160	125	142	37	164	147	2	26	85	101	24	94	39	## Tournée 22
63	27	60	6	33	192	55	182	162	173	74	8	46	89	146	139	## Tournée 23
