61686	## Somme des retards
20	## Temps CPU (millisecondes)
5	40	26	32	17	81	21	10	76	39	63	7	83	54	15	37	6	55	27	12	58	31	2	13	28	71	30	16	85	8	51	96	70	46	3	52	62	93	95	36	92	41	35	45	49	34	65	18	67	89	74	84	9	47	88	61	59	94	11	38	43	14	69	82	99	56	4	98	23	64	97	77	48	60	22	24	50	86	1	19	91	87	68	33	29	90	80	53	20	100	66	75	72	25	44	57	79	42	73	78	## Ordonnancement
16	## Nombre de tournées
1	1	3	1	1	4	4	5	8	7	11	10	13	15	14	2	## Nombre de sites par tournée
5	## Tournée 1
40	## Tournée 2
26	17	32	## Tournée 3
81	## Tournée 4
21	## Tournée 5
39	76	63	10	## Tournée 6
15	7	54	83	## Tournée 7
37	27	6	12	55	## Tournée 8
31	28	30	2	13	16	71	58	## Tournée 9
51	96	3	8	70	85	46	## Tournée 10
52	41	35	92	93	62	45	95	36	34	49	## Tournée 11
65	61	18	67	47	88	89	84	74	9	## Tournée 12
23	82	14	11	43	38	98	94	59	4	56	69	99	## Tournée 13
64	24	97	22	50	87	48	91	33	60	86	77	19	1	68	## Tournée 14
66	80	79	53	44	20	29	100	75	57	42	72	25	90	## Tournée 15
78	73	## Tournée 16
