171315	## Somme des retards
60	## Temps CPU (millisecondes)
89	42	55	107	128	68	5	77	109	129	36	57	46	144	27	78	50	117	130	17	21	47	139	134	53	116	73	67	15	38	83	13	60	24	149	103	121	91	69	7	8	98	106	84	52	14	120	61	18	146	131	142	41	63	70	72	28	141	48	113	135	54	44	88	143	138	136	93	111	58	76	56	31	40	124	114	23	35	49	145	33	26	105	59	29	37	62	51	65	137	74	126	19	92	101	132	119	30	79	82	3	71	39	102	87	140	96	86	2	22	43	99	110	4	9	45	64	10	95	66	133	148	32	16	147	12	90	20	104	108	25	112	100	125	115	122	97	127	11	94	118	6	81	34	150	80	1	75	85	123	## Ordonnancement
18	## Nombre de tournées
1	2	2	2	3	4	5	7	7	8	9	10	12	15	17	18	15	13	## Nombre de sites par tournée
89	## Tournée 1
55	42	## Tournée 2
107	128	## Tournée 3
68	5	## Tournée 4
129	109	77	## Tournée 5
46	144	57	36	## Tournée 6
50	78	130	27	117	## Tournée 7
17	53	116	139	134	47	21	## Tournée 8
15	38	60	13	83	67	73	## Tournée 9
149	91	8	7	69	103	121	24	## Tournée 10
120	18	146	84	52	98	14	61	106	## Tournée 11
48	113	72	70	28	41	141	63	142	131	## Tournée 12
135	93	143	76	56	58	136	138	111	88	54	44	## Tournée 13
62	49	23	35	26	105	33	145	40	29	114	37	31	124	59	## Tournée 14
51	71	39	126	79	65	102	101	119	30	132	19	3	92	74	82	137	## Tournée 15
64	10	140	66	87	2	43	45	99	110	86	148	22	96	95	9	4	133	## Tournée 16
12	104	125	100	16	32	108	90	112	25	122	20	147	97	115	## Tournée 17
94	6	1	80	34	127	118	75	123	11	150	85	81	## Tournée 18
