149867	## Somme des retards
30	## Temps CPU (millisecondes)
84	28	78	133	42	14	124	60	114	98	67	10	1	80	145	12	125	4	47	57	129	144	142	119	66	76	88	21	11	102	146	87	61	70	138	77	104	52	116	127	126	22	30	13	69	135	59	90	130	49	118	62	149	106	134	111	51	97	120	40	71	123	65	122	56	108	2	103	27	45	39	79	24	58	89	147	82	41	113	54	29	17	137	3	55	64	86	85	92	75	20	8	32	139	74	68	37	15	73	150	33	53	44	136	110	93	36	18	48	109	132	63	117	107	23	72	128	121	140	6	101	81	16	46	148	50	99	83	131	31	95	143	26	112	91	100	5	96	25	115	94	34	35	19	9	38	141	7	105	43	## Ordonnancement
19	## Nombre de tournées
1	2	2	3	2	4	3	4	5	7	9	10	10	11	14	16	16	16	15	## Nombre de sites par tournée
84	## Tournée 1
78	28	## Tournée 2
133	42	## Tournée 3
14	60	124	## Tournée 4
98	114	## Tournée 5
10	67	80	1	## Tournée 6
125	145	12	## Tournée 7
57	129	4	47	## Tournée 8
142	66	119	144	76	## Tournée 9
21	146	88	87	11	61	102	## Tournée 10
22	138	116	52	77	126	104	70	127	## Tournée 11
90	135	62	30	118	130	13	59	49	69	## Tournée 12
40	51	123	149	111	106	134	97	120	71	## Tournée 13
79	24	122	65	56	108	45	2	39	103	27	## Tournée 14
82	17	137	3	64	41	54	29	58	113	55	89	147	86	## Tournée 15
68	74	85	92	15	8	32	20	139	73	150	75	44	37	53	33	## Tournée 16
63	140	136	117	93	36	18	110	107	109	48	72	128	132	121	23	## Tournée 17
50	16	81	26	91	148	95	131	99	143	6	31	83	101	112	46	## Tournée 18
96	34	7	25	38	141	105	100	43	9	19	35	115	94	5	## Tournée 19
