84508	## Somme des retards
30	## Temps CPU (millisecondes)
72	34	35	7	94	17	76	74	30	68	43	62	9	93	20	23	48	71	77	55	97	39	86	27	96	98	28	11	53	37	84	82	81	13	3	85	1	45	79	31	22	92	51	64	80	4	87	40	33	24	90	10	69	50	73	15	88	57	12	36	91	32	61	19	49	14	66	42	44	83	59	18	95	46	8	47	16	60	89	67	75	52	26	2	21	99	56	6	100	38	70	54	58	25	29	5	65	78	41	63	## Ordonnancement
17	## Nombre de tournées
1	2	1	2	2	1	4	4	5	10	8	9	12	10	12	14	3	## Nombre de sites par tournée
72	## Tournée 1
35	34	## Tournée 2
7	## Tournée 3
17	94	## Tournée 4
76	74	## Tournée 5
30	## Tournée 6
68	9	43	62	## Tournée 7
23	93	48	20	## Tournée 8
55	39	71	77	97	## Tournée 9
82	86	28	84	37	96	11	98	53	27	## Tournée 10
85	79	81	31	1	13	45	3	## Tournée 11
4	92	87	40	33	80	22	51	64	## Tournée 12
36	91	90	24	50	88	10	15	73	57	69	12	## Tournée 13
83	59	19	66	44	14	61	32	49	42	## Tournée 14
18	16	67	26	75	52	60	47	89	8	95	46	## Tournée 15
100	54	6	56	58	21	70	25	29	65	2	5	38	99	## Tournée 16
78	41	63	## Tournée 17
