176814	## Somme des retards
20	## Temps CPU (millisecondes)
9	51	52	130	62	142	76	45	34	123	11	125	71	75	57	48	134	38	43	33	88	42	117	114	25	68	100	29	24	144	15	132	14	56	119	55	37	128	145	87	102	39	59	129	137	99	124	31	82	95	2	19	98	91	44	21	150	133	109	8	22	53	73	108	97	6	139	101	4	23	138	20	141	118	67	64	146	113	92	69	60	65	127	116	13	86	112	78	83	79	104	49	122	121	107	106	85	27	18	70	77	35	5	47	66	126	58	80	94	74	7	93	143	81	10	120	105	61	40	140	135	131	136	149	28	84	50	17	32	46	63	26	90	41	147	1	103	54	72	96	115	111	110	36	3	89	16	30	12	148	## Ordonnancement
20	## Nombre de tournées
1	1	1	2	1	2	3	4	5	7	7	9	10	9	11	14	13	16	15	19	## Nombre de sites par tournée
9	## Tournée 1
51	## Tournée 2
52	## Tournée 3
130	62	## Tournée 4
142	## Tournée 5
76	45	## Tournée 6
11	34	123	## Tournée 7
57	75	71	125	## Tournée 8
43	48	134	38	33	## Tournée 9
88	117	42	100	25	114	68	## Tournée 10
144	15	29	132	24	14	56	## Tournée 11
128	37	59	145	87	55	39	119	102	## Tournée 12
82	95	19	99	129	2	137	124	31	98	## Tournée 13
21	8	150	91	109	133	44	53	22	## Tournée 14
20	4	141	73	101	138	108	6	97	23	139	## Tournée 15
112	64	146	116	118	13	65	127	67	92	113	69	86	60	## Tournée 16
107	106	121	85	83	122	70	79	78	18	27	49	104	## Tournée 17
58	80	74	66	120	93	7	143	77	94	81	10	35	5	47	126	## Tournée 18
105	17	131	149	46	136	61	140	28	84	50	135	32	40	63	## Tournée 19
30	147	54	41	103	16	36	90	110	115	89	111	3	12	96	72	1	148	26	## Tournée 20
