167803	## Somme des retards
160	## Temps CPU (millisecondes)
84	190	168	131	26	31	101	21	146	23	185	193	109	138	150	6	127	175	49	62	195	41	77	121	1	18	2	144	133	166	37	180	28	98	8	9	167	48	157	108	159	92	114	79	169	151	147	176	93	197	53	107	91	88	78	105	80	81	34	97	152	171	198	14	173	123	191	74	83	85	96	182	130	90	104	82	33	187	118	38	66	113	142	12	7	99	145	27	116	46	155	54	111	76	128	56	120	194	132	50	24	179	51	5	196	103	58	44	184	200	47	15	10	188	117	135	36	87	177	39	29	136	94	119	125	52	126	143	25	65	124	160	162	170	106	115	153	141	89	55	172	59	158	69	192	32	22	40	86	95	189	11	16	75	122	72	134	68	164	199	45	4	100	30	178	156	137	129	35	42	13	17	3	67	102	165	112	57	110	186	60	139	61	70	73	154	183	161	163	43	19	63	148	174	64	71	181	140	149	20	## Ordonnancement
22	## Nombre de tournées
1	1	1	1	1	1	4	4	3	6	8	8	7	14	11	12	19	17	20	21	19	21	## Nombre de sites par tournée
84	## Tournée 1
190	## Tournée 2
168	## Tournée 3
131	## Tournée 4
26	## Tournée 5
31	## Tournée 6
23	21	101	146	## Tournée 7
185	138	193	109	## Tournée 8
127	150	6	## Tournée 9
195	175	41	49	62	77	## Tournée 10
144	121	1	18	37	133	2	166	## Tournée 11
8	167	48	180	28	9	98	157	## Tournée 12
151	114	92	159	79	108	169	## Tournée 13
147	97	78	80	197	93	105	88	91	53	81	107	34	176	## Tournée 14
96	83	14	85	152	198	74	123	171	191	173	## Tournée 15
142	182	33	90	130	187	104	82	38	66	118	113	## Tournée 16
54	145	50	56	27	132	24	120	46	179	155	7	128	76	99	194	111	12	116	## Tournée 17
5	58	103	177	188	15	87	10	36	44	196	117	47	200	51	184	135	## Tournée 18
52	39	136	125	143	126	153	162	65	94	141	89	115	160	119	106	170	29	124	25	## Tournée 19
172	95	59	189	164	72	192	22	40	16	55	199	69	158	11	122	86	75	32	68	134	## Tournée 20
17	57	42	129	137	3	110	156	102	178	35	165	13	100	45	30	112	67	4	## Tournée 21
71	61	161	63	154	19	183	60	64	186	73	181	148	70	174	20	139	163	149	140	43	## Tournée 22
