145155	## Somme des retards
50	## Temps CPU (millisecondes)
2	18	14	109	150	16	41	77	9	121	66	17	12	57	10	141	34	54	98	35	143	29	20	63	136	122	56	82	138	86	130	96	137	144	126	43	1	100	42	107	79	65	83	85	25	26	105	33	64	11	134	21	60	72	90	129	132	131	99	112	49	67	37	7	95	125	6	70	24	23	92	84	146	123	50	28	44	32	46	48	78	13	94	147	106	62	116	69	89	30	19	61	15	5	74	101	47	40	8	55	36	133	75	31	114	87	120	135	113	45	81	51	102	117	91	80	4	71	53	68	124	3	145	22	58	142	118	76	111	139	52	27	93	115	128	127	38	148	140	119	88	39	73	108	104	97	59	110	103	149	## Ordonnancement
23	## Nombre de tournées
1	2	1	1	1	1	2	1	2	4	4	6	6	7	11	8	11	12	16	15	17	18	3	## Nombre de sites par tournée
2	## Tournée 1
18	14	## Tournée 2
109	## Tournée 3
150	## Tournée 4
16	## Tournée 5
41	## Tournée 6
77	9	## Tournée 7
121	## Tournée 8
66	17	## Tournée 9
12	57	10	141	## Tournée 10
98	34	54	35	## Tournée 11
29	122	136	63	20	143	## Tournée 12
82	96	138	56	86	130	## Tournée 13
100	43	126	137	144	42	1	## Tournée 14
33	83	79	25	85	107	64	65	26	11	105	## Tournée 15
134	90	21	131	132	72	129	60	## Tournée 16
6	7	125	112	99	67	95	49	24	70	37	## Tournée 17
50	32	48	44	78	23	92	28	84	146	123	46	## Tournée 18
5	89	61	19	13	62	101	69	30	147	74	106	15	94	116	47	## Tournée 19
87	55	133	81	114	45	40	8	135	36	31	120	113	51	75	## Tournée 20
4	3	58	22	102	117	118	145	91	142	76	124	68	53	71	80	111	## Tournée 21
139	52	104	115	39	119	127	88	108	38	27	93	97	148	59	73	140	128	## Tournée 22
103	149	110	## Tournée 23
