118154	## Somme des retards
20	## Temps CPU (millisecondes)
64	34	86	113	20	99	23	43	100	109	135	95	40	25	17	85	91	90	101	42	57	52	107	144	114	111	87	93	145	129	141	119	124	136	21	102	3	83	32	72	7	55	123	63	29	22	50	46	56	97	28	69	13	84	26	137	80	116	15	82	106	8	108	36	126	96	122	53	120	48	1	103	12	74	77	76	92	73	19	142	149	11	125	38	139	58	31	134	62	121	71	18	45	51	133	41	14	147	88	130	112	98	30	67	24	54	94	78	89	143	6	140	138	60	39	81	4	35	59	5	66	118	70	148	68	110	105	10	47	127	61	131	104	115	146	2	33	75	37	117	79	65	150	128	132	49	16	44	9	27	## Ordonnancement
23	## Nombre de tournées
1	1	1	1	1	1	1	1	2	4	3	4	5	7	6	10	11	11	16	16	17	19	11	## Nombre de sites par tournée
64	## Tournée 1
34	## Tournée 2
86	## Tournée 3
113	## Tournée 4
20	## Tournée 5
99	## Tournée 6
23	## Tournée 7
43	## Tournée 8
100	109	## Tournée 9
40	135	95	25	## Tournée 10
85	17	91	## Tournée 11
42	90	57	101	## Tournée 12
111	144	107	114	52	## Tournée 13
141	124	87	93	145	119	129	## Tournée 14
21	83	32	3	102	136	## Tournée 15
46	50	7	63	55	29	22	123	56	72	## Tournée 16
28	13	82	69	116	97	26	80	84	15	137	## Tournée 17
36	120	48	126	122	8	53	106	1	108	96	## Tournée 18
19	142	76	77	125	38	12	73	31	149	92	103	74	11	58	139	## Tournée 19
51	147	45	62	14	134	41	130	121	133	112	98	30	88	71	18	## Tournée 20
6	59	4	78	140	94	89	60	81	138	67	143	35	39	5	54	24	## Tournée 21
146	61	70	47	131	2	148	37	104	105	127	118	66	10	68	110	33	75	115	## Tournée 22
49	27	16	150	79	128	44	65	132	117	9	## Tournée 23
