78450	## Somme des retards
10	## Temps CPU (millisecondes)
66	91	22	37	75	28	64	76	62	15	70	13	65	16	83	8	40	49	59	43	1	63	87	92	69	71	21	50	94	86	58	72	98	53	7	60	85	78	95	96	29	67	9	48	44	97	14	56	4	68	89	90	41	46	45	30	12	51	42	6	80	38	54	100	47	3	27	31	11	20	26	2	25	17	36	74	61	33	84	55	81	79	73	23	24	82	18	52	35	5	32	77	57	93	99	19	34	88	39	10	## Ordonnancement
17	## Nombre de tournées
1	1	1	1	1	2	2	5	4	5	6	7	9	12	11	16	16	## Nombre de sites par tournée
66	## Tournée 1
91	## Tournée 2
22	## Tournée 3
37	## Tournée 4
75	## Tournée 5
28	64	## Tournée 6
76	62	## Tournée 7
16	65	70	13	15	## Tournée 8
8	83	40	49	## Tournée 9
63	1	87	59	43	## Tournée 10
50	92	71	69	94	21	## Tournée 11
60	53	58	98	86	7	72	## Tournée 12
44	95	9	85	48	96	67	29	78	## Tournée 13
4	89	97	56	68	45	14	12	41	30	46	90	## Tournée 14
100	27	47	38	3	51	6	42	80	54	31	## Tournée 15
33	73	79	17	11	20	25	23	55	2	74	26	61	81	36	84	## Tournée 16
35	10	88	24	82	99	32	34	18	19	57	77	93	5	39	52	## Tournée 17
