135649	## Somme des retards
30	## Temps CPU (millisecondes)
46	24	7	33	50	126	111	34	133	52	122	4	3	37	57	28	43	18	132	100	121	25	84	36	144	44	95	99	42	113	23	129	35	127	104	118	101	29	66	27	143	10	56	21	131	51	76	82	142	105	30	62	88	14	13	116	69	45	147	137	17	71	38	89	93	90	75	98	117	136	120	80	112	6	68	59	63	39	106	12	72	26	138	58	123	96	92	77	2	60	128	114	150	67	74	78	91	87	70	102	124	149	119	5	86	20	65	103	109	94	145	146	11	22	64	130	41	48	61	140	15	47	141	1	85	55	81	79	49	9	31	148	108	16	125	107	19	8	40	139	115	97	134	54	135	83	32	53	73	110	## Ordonnancement
24	## Nombre de tournées
1	1	1	1	1	1	1	1	1	2	3	4	6	5	7	8	8	13	14	16	16	18	20	1	## Nombre de sites par tournée
46	## Tournée 1
24	## Tournée 2
7	## Tournée 3
33	## Tournée 4
50	## Tournée 5
126	## Tournée 6
111	## Tournée 7
34	## Tournée 8
133	## Tournée 9
122	52	## Tournée 10
3	4	37	## Tournée 11
57	28	18	43	## Tournée 12
100	25	36	132	121	84	## Tournée 13
99	44	144	42	95	## Tournée 14
104	113	23	127	129	35	118	## Tournée 15
27	29	101	10	56	21	66	143	## Tournée 16
105	62	76	82	51	131	142	30	## Tournée 17
45	88	38	89	14	71	13	69	137	93	17	147	116	## Tournée 18
6	68	117	98	90	75	59	63	136	120	80	39	112	106	## Tournée 19
58	114	72	2	77	67	26	74	12	96	150	128	60	92	138	123	## Tournée 20
109	70	119	78	91	5	94	103	102	145	149	124	86	87	65	20	## Tournée 21
81	11	55	48	79	22	41	15	85	140	146	64	47	130	141	61	1	49	## Tournée 22
135	16	40	73	134	97	125	148	108	9	8	115	139	19	31	53	54	32	107	83	## Tournée 23
110	## Tournée 24
