47401	## Somme des retards
60	## Temps CPU (millisecondes)
26	94	60	24	92	79	17	16	91	65	14	90	76	87	15	55	21	71	2	19	51	5	30	64	69	100	66	7	28	75	63	58	37	72	41	23	54	39	4	68	78	10	8	98	46	89	31	11	53	35	67	85	42	70	99	9	48	96	6	36	73	22	83	62	44	61	50	20	29	57	34	27	74	25	18	81	32	45	33	3	13	88	95	12	82	47	56	80	52	43	40	49	1	77	84	97	86	93	59	38	## Ordonnancement
17	## Nombre de tournées
1	2	1	1	2	3	2	5	6	5	9	9	8	10	15	12	9	## Nombre de sites par tournée
26	## Tournée 1
60	94	## Tournée 2
24	## Tournée 3
92	## Tournée 4
79	17	## Tournée 5
91	65	16	## Tournée 6
14	90	## Tournée 7
21	15	55	87	76	## Tournée 8
19	30	5	51	2	71	## Tournée 9
69	64	100	7	66	## Tournée 10
41	63	37	72	23	58	54	75	28	## Tournée 11
10	4	8	68	39	78	46	89	98	## Tournée 12
85	35	67	42	31	70	11	53	## Tournée 13
96	22	83	62	6	73	48	9	99	36	## Tournée 14
25	32	27	18	81	61	44	20	29	45	50	74	34	33	57	## Tournée 15
13	3	95	52	12	88	40	82	43	56	47	80	## Tournée 16
59	1	97	86	38	49	93	84	77	## Tournée 17
