45030	## Somme des retards
20	## Temps CPU (millisecondes)
58	42	83	10	11	17	67	12	90	64	57	37	96	26	82	66	40	95	19	100	68	78	24	53	44	39	86	50	81	31	71	70	4	30	98	84	41	46	7	18	48	29	5	21	54	8	72	87	27	1	9	91	94	77	62	49	85	51	93	13	99	22	73	20	60	23	38	36	79	63	34	6	88	2	14	52	33	3	25	75	92	35	76	47	55	43	65	16	61	89	59	32	45	15	97	56	80	28	69	74	## Ordonnancement
15	## Nombre de tournées
1	1	1	1	3	7	7	7	11	11	14	10	13	10	3	## Nombre de sites par tournée
58	## Tournée 1
42	## Tournée 2
83	## Tournée 3
10	## Tournée 4
11	67	17	## Tournée 5
90	57	12	64	37	96	26	## Tournée 6
100	40	19	82	66	68	95	## Tournée 7
86	44	78	50	39	24	53	## Tournée 8
98	41	30	4	31	84	81	46	71	70	7	## Tournée 9
8	48	18	54	72	27	87	1	21	29	5	## Tournée 10
94	99	13	62	73	51	93	49	22	91	20	85	9	77	## Tournée 11
2	34	60	23	38	88	6	63	36	79	## Tournée 12
35	25	76	14	52	33	55	65	43	92	47	75	3	## Tournée 13
61	15	89	56	32	97	16	45	59	80	## Tournée 14
28	74	69	## Tournée 15
