153280	## Somme des retards
170	## Temps CPU (millisecondes)
33	153	18	113	77	146	170	86	135	80	136	178	88	196	45	211	217	58	107	85	190	101	61	4	29	23	145	66	131	15	9	20	222	89	60	114	44	38	137	191	41	218	6	176	156	53	46	115	155	249	132	231	220	64	25	134	243	55	148	195	247	67	181	22	10	183	168	159	2	32	241	37	238	141	201	126	91	180	59	118	92	130	164	74	210	158	108	72	24	229	230	169	99	204	234	200	62	111	95	206	237	172	215	19	160	193	225	94	35	76	167	73	227	17	226	112	39	69	250	71	36	63	56	125	122	119	75	216	139	121	87	110	150	197	120	26	140	14	97	144	149	100	106	142	163	11	28	90	98	177	194	228	104	49	143	52	179	78	105	239	54	7	57	248	123	117	1	175	116	212	221	34	186	208	68	50	182	184	8	3	166	96	198	192	65	31	42	151	81	240	103	133	12	84	129	93	124	16	236	219	48	83	245	13	199	161	51	27	79	235	128	205	154	174	138	171	162	173	242	223	109	185	207	43	213	127	189	102	232	202	165	214	188	157	47	70	224	147	21	246	203	209	233	40	152	82	5	30	244	187	## Ordonnancement
24	## Nombre de tournées
1	1	1	1	2	3	3	5	5	7	8	10	10	15	16	16	17	22	21	24	23	29	9	1	## Nombre de sites par tournée
33	## Tournée 1
153	## Tournée 2
18	## Tournée 3
113	## Tournée 4
77	146	## Tournée 5
135	86	170	## Tournée 6
136	178	80	## Tournée 7
217	88	211	45	196	## Tournée 8
58	101	107	85	190	## Tournée 9
66	29	23	61	131	4	145	## Tournée 10
44	20	9	60	15	89	114	222	## Tournée 11
53	6	218	191	38	137	41	176	46	156	## Tournée 12
155	25	231	64	220	115	134	132	243	249	## Tournée 13
10	195	67	159	148	241	32	181	183	37	55	2	22	247	168	## Tournée 14
201	74	141	118	158	238	72	210	91	164	92	108	126	180	59	130	## Tournée 15
215	172	200	237	24	230	169	204	99	234	229	111	62	19	206	95	## Tournée 16
225	73	94	69	71	167	193	160	39	226	36	17	35	112	227	76	250	## Tournée 17
122	216	97	106	125	63	121	100	56	75	87	197	119	150	26	140	14	144	120	139	149	110	## Tournée 18
228	105	163	248	177	239	98	28	49	179	11	52	142	90	54	104	143	57	78	7	194	## Tournée 19
8	117	123	65	208	50	184	42	96	34	1	186	31	182	116	151	68	175	166	212	192	221	198	3	## Tournée 20
161	128	81	48	27	93	13	245	16	133	235	79	199	219	240	103	12	236	51	83	129	124	84	## Tournée 21
109	185	188	224	70	138	246	232	162	157	213	127	147	205	21	47	171	154	173	214	102	189	223	202	165	207	174	242	43	## Tournée 22
209	5	30	82	152	244	40	233	203	## Tournée 23
187	## Tournée 24
