40750	## Somme des retards
60	## Temps CPU (millisecondes)
13	48	5	67	37	79	38	47	69	14	65	57	78	33	56	76	46	50	31	20	87	63	61	49	17	55	44	41	64	99	80	88	73	96	51	11	27	9	21	74	10	28	54	90	84	100	66	19	81	3	45	22	32	92	52	23	15	43	4	12	30	8	26	75	35	58	62	71	89	34	6	72	98	97	40	24	18	85	7	82	36	25	68	1	42	59	95	70	77	29	83	53	60	16	39	94	91	93	2	86	## Ordonnancement
15	## Nombre de tournées
3	1	1	2	3	5	6	8	9	9	12	13	14	10	4	## Nombre de sites par tournée
13	5	48	## Tournée 1
67	## Tournée 2
37	## Tournée 3
79	38	## Tournée 4
47	69	14	## Tournée 5
56	65	78	57	33	## Tournée 6
87	50	20	76	31	46	## Tournée 7
55	49	17	41	44	64	63	61	## Tournée 8
96	88	11	99	80	9	73	27	51	## Tournée 9
21	28	74	84	10	90	54	66	100	## Tournée 10
15	81	4	3	52	43	23	22	92	19	45	32	## Tournée 11
89	58	62	12	75	35	26	34	30	8	71	6	72	## Tournée 12
36	85	1	25	97	18	42	59	40	98	68	24	7	82	## Tournée 13
16	39	70	83	60	53	77	95	29	94	## Tournée 14
93	2	91	86	## Tournée 15
