50727	## Somme des retards
30	## Temps CPU (millisecondes)
26	60	24	94	92	91	79	17	65	16	15	14	90	21	76	87	19	55	2	71	5	30	7	66	69	100	64	51	28	75	58	37	72	23	39	63	68	10	78	8	4	41	54	99	11	53	46	98	67	35	85	42	70	31	32	62	48	96	6	36	73	22	83	50	89	33	25	29	57	20	18	27	47	9	81	74	61	45	44	95	12	82	56	34	80	93	3	88	49	1	43	40	13	52	77	84	97	86	59	38	## Ordonnancement
18	## Nombre de tournées
1	1	1	2	1	2	3	2	4	5	6	6	9	11	11	14	14	7	## Nombre de sites par tournée
26	## Tournée 1
60	## Tournée 2
24	## Tournée 3
92	94	## Tournée 4
91	## Tournée 5
79	17	## Tournée 6
65	16	15	## Tournée 7
14	90	## Tournée 8
19	21	87	76	## Tournée 9
30	5	2	71	55	## Tournée 10
69	51	64	100	7	66	## Tournée 11
37	72	23	58	75	28	## Tournée 12
10	41	63	4	8	68	39	54	78	## Tournée 13
85	35	99	46	67	42	31	70	11	53	98	## Tournée 14
96	32	22	83	62	6	73	48	50	89	36	## Tournée 15
25	33	27	18	81	61	44	20	29	45	9	47	74	57	## Tournée 16
13	3	95	82	43	56	93	49	34	1	80	40	12	88	## Tournée 17
52	77	84	38	86	97	59	## Tournée 18
