254005	## Somme des retards
730	## Temps CPU (millisecondes)
11	155	217	190	41	105	53	120	250	165	84	31	106	186	130	90	118	134	129	245	191	14	89	200	117	15	167	206	188	49	158	54	73	28	241	45	224	163	212	199	136	168	160	210	169	225	30	125	114	216	208	46	64	18	140	229	219	242	29	233	184	247	111	115	193	133	62	86	239	51	26	214	39	185	131	152	207	248	203	70	79	88	68	102	77	121	232	108	72	143	171	55	161	78	154	202	146	42	17	222	27	128	234	5	95	132	94	236	187	6	112	57	221	142	147	151	230	103	238	60	71	235	21	137	13	156	215	211	148	85	25	65	164	228	149	110	99	226	246	81	48	127	67	116	69	170	98	159	162	198	66	180	176	249	181	87	12	178	205	201	107	218	179	175	196	123	38	113	59	3	82	240	237	47	223	83	80	34	204	16	4	144	37	43	173	177	231	209	1	109	192	74	10	145	19	166	195	32	76	7	52	174	183	119	122	172	124	20	58	24	213	153	50	157	61	150	244	56	104	126	36	9	135	141	92	23	44	63	8	22	220	40	33	194	139	100	227	182	96	189	197	101	243	91	35	2	75	97	138	93	## Ordonnancement
23	## Nombre de tournées
1	1	1	3	3	3	6	5	10	10	9	10	15	17	14	15	21	20	26	21	20	13	6	## Nombre de sites par tournée
11	## Tournée 1
155	## Tournée 2
217	## Tournée 3
105	41	190	## Tournée 4
53	120	250	## Tournée 5
84	165	31	## Tournée 6
186	90	130	106	118	134	## Tournée 7
14	245	129	191	89	## Tournée 8
54	206	49	167	15	158	200	73	188	117	## Tournée 9
28	241	212	160	136	224	168	199	45	163	## Tournée 10
169	30	216	46	125	208	225	210	114	## Tournée 11
219	140	242	233	247	18	29	64	184	229	## Tournée 12
26	214	239	193	185	115	51	133	131	86	152	39	62	111	207	## Tournée 13
203	108	161	121	77	79	248	72	78	102	143	88	68	171	70	232	55	## Tournée 14
5	236	42	154	222	146	17	128	132	94	202	234	27	95	## Tournée 15
112	6	238	221	147	60	151	235	230	21	142	57	187	103	71	## Tournée 16
137	116	156	228	127	81	226	65	215	148	48	164	85	211	67	246	13	25	149	99	110	## Tournée 17
66	98	176	205	170	178	218	175	179	180	12	198	107	69	249	162	201	87	159	181	## Tournée 18
43	240	231	237	37	34	47	204	209	144	1	4	3	38	59	109	223	83	82	80	113	16	196	123	173	177	## Tournée 19
192	195	183	172	74	76	119	145	166	7	24	174	213	20	52	19	122	32	124	10	58	## Tournée 20
157	220	126	56	8	61	50	150	36	135	44	92	22	63	244	9	153	104	141	23	## Tournée 21
194	227	91	243	182	101	189	197	139	33	100	40	96	## Tournée 22
2	35	93	138	97	75	## Tournée 23
