87503	## Somme des retards
440	## Temps CPU (millisecondes)
130	84	106	33	12	216	286	157	56	253	73	173	291	194	38	211	229	77	276	257	195	293	68	193	214	135	252	245	118	149	30	168	133	167	155	125	47	44	241	272	122	290	64	105	244	277	6	72	154	96	123	228	192	233	283	270	138	45	67	28	19	236	278	213	48	147	103	54	248	212	1	144	62	25	197	113	280	292	237	161	289	87	284	46	17	9	139	262	169	267	258	79	112	32	180	101	104	172	57	218	91	89	137	78	117	20	14	230	76	222	202	285	21	166	246	58	8	39	223	152	93	238	86	186	150	232	3	74	181	92	10	24	198	174	18	269	119	261	94	97	65	263	296	191	300	61	171	227	274	240	69	210	242	136	221	98	7	71	121	50	203	259	159	5	239	34	120	127	55	132	235	250	224	234	114	42	264	297	51	288	140	35	209	279	175	116	148	249	49	100	225	85	201	207	295	115	164	23	271	294	281	70	176	165	266	243	196	90	40	282	88	82	95	231	273	111	4	63	199	265	102	129	26	184	99	287	109	187	80	53	190	188	183	11	134	146	60	31	107	75	108	298	126	142	215	145	205	52	268	220	204	13	158	153	66	143	15	81	189	254	200	255	124	251	178	41	27	16	163	59	299	37	206	185	219	162	208	128	256	110	217	22	36	151	131	275	170	182	141	160	226	83	177	43	260	156	179	247	29	2	## Ordonnancement
25	## Nombre de tournées
1	1	1	1	3	1	3	4	4	7	10	10	12	14	15	20	18	21	26	23	27	26	26	22	4	## Nombre de sites par tournée
130	## Tournée 1
84	## Tournée 2
106	## Tournée 3
33	## Tournée 4
286	216	12	## Tournée 5
157	## Tournée 6
73	253	56	## Tournée 7
291	194	38	173	## Tournée 8
211	77	229	276	## Tournée 9
68	135	193	214	293	195	257	## Tournée 10
252	155	149	245	125	133	168	30	167	118	## Tournée 11
244	122	105	64	272	277	241	44	290	47	## Tournée 12
154	138	72	6	45	123	233	96	270	283	192	228	## Tournée 13
147	278	28	144	54	236	213	67	103	212	1	48	19	248	## Tournée 14
17	289	284	46	139	113	9	62	25	292	237	87	197	280	161	## Tournée 15
32	57	172	89	117	14	79	262	258	104	218	101	267	78	137	112	91	20	169	180	## Tournée 16
230	222	246	93	8	166	238	285	21	58	76	152	186	150	202	39	223	86	## Tournée 17
18	263	119	94	24	198	3	232	181	269	97	65	61	191	92	261	300	74	10	296	174	## Tournée 18
69	240	34	50	221	98	136	5	159	250	259	7	227	120	55	171	239	121	71	274	132	203	242	210	235	127	## Tournée 19
42	297	224	35	225	100	51	207	249	175	116	49	264	234	279	209	114	140	288	148	85	295	201	## Tournée 20
4	164	165	129	82	111	63	176	70	273	115	281	23	90	102	199	265	271	231	196	40	95	243	294	282	266	88	## Tournée 21
287	187	205	183	188	215	53	26	146	52	11	142	107	190	31	80	109	108	60	145	126	184	99	298	134	75	## Tournée 22
204	81	163	41	254	13	158	59	200	206	27	299	15	268	220	153	251	37	143	124	66	189	255	16	185	178	## Tournée 23
156	260	151	217	219	182	162	177	131	83	36	160	275	43	208	256	226	128	170	141	110	22	## Tournée 24
29	179	2	247	## Tournée 25
