183722	## Somme des retards
380	## Temps CPU (millisecondes)
144	154	44	74	45	141	2	132	200	31	42	195	168	35	25	114	20	27	76	43	99	165	160	127	98	188	60	139	193	64	119	34	140	133	172	66	81	101	72	93	138	111	17	146	87	157	184	63	77	69	180	100	73	173	110	112	84	171	54	40	23	79	131	136	36	47	175	95	86	152	116	199	6	104	197	148	155	120	108	96	7	103	11	15	9	58	41	68	51	170	28	198	1	186	128	177	48	185	49	137	57	78	149	174	33	8	151	176	56	123	115	142	12	18	130	24	134	55	158	16	32	161	91	102	169	3	179	143	82	117	80	38	147	192	178	194	37	59	62	26	89	109	126	13	163	46	39	21	30	189	118	162	19	124	67	187	22	75	145	183	50	153	53	190	191	159	121	105	65	90	92	196	182	135	106	14	166	71	83	164	181	29	113	129	167	85	107	4	61	10	122	94	125	88	97	52	70	150	156	5	## Ordonnancement
20	## Nombre de tournées
1	2	4	3	3	4	5	7	10	10	10	8	16	17	18	15	20	23	18	6	## Nombre de sites par tournée
144	## Tournée 1
154	44	## Tournée 2
45	2	141	74	## Tournée 3
132	31	200	## Tournée 4
195	168	42	## Tournée 5
114	25	35	20	## Tournée 6
99	76	165	43	27	## Tournée 7
139	98	60	188	193	127	160	## Tournée 8
101	72	140	172	119	34	133	81	64	66	## Tournée 9
184	146	93	17	87	138	157	77	111	63	## Tournée 10
110	180	84	171	173	100	69	112	73	54	## Tournée 11
47	40	131	79	136	23	36	175	## Tournée 12
104	120	103	116	197	155	6	11	152	7	108	86	96	199	95	148	## Tournée 13
186	15	49	58	51	28	177	1	137	48	41	185	9	68	170	128	198	## Tournée 14
142	151	174	33	24	123	56	57	134	55	18	115	130	176	12	78	8	149	## Tournée 15
16	38	158	117	143	102	147	169	91	80	82	3	179	32	161	## Tournée 16
189	30	126	46	178	118	37	59	194	13	21	163	162	109	192	19	26	39	89	62	## Tournée 17
190	187	67	182	121	90	92	75	196	191	183	14	106	50	153	65	53	105	124	22	145	159	135	## Tournée 18
61	167	113	85	181	83	125	107	71	122	4	166	129	29	94	164	10	88	## Tournée 19
70	150	52	156	5	97	## Tournée 20
