41328	## Somme des retards
50	## Temps CPU (millisecondes)
78	72	76	20	49	89	55	46	31	24	88	28	56	10	81	35	41	73	82	27	86	75	99	40	64	47	92	5	9	33	43	83	54	52	1	17	95	15	58	100	3	2	67	66	22	91	80	90	42	61	94	57	62	87	60	18	53	74	44	93	16	19	4	32	63	68	29	51	34	69	50	6	77	13	45	8	79	65	26	21	48	96	14	7	70	59	39	97	71	85	12	37	38	98	23	84	36	25	30	11	## Ordonnancement
15	## Nombre de tournées
2	1	2	4	3	5	7	7	8	11	13	15	11	7	4	## Nombre de sites par tournée
72	78	## Tournée 1
76	## Tournée 2
49	20	## Tournée 3
89	46	31	55	## Tournée 4
88	28	24	## Tournée 5
35	56	10	81	41	## Tournée 6
99	75	73	86	27	82	40	## Tournée 7
64	92	33	9	47	5	43	## Tournée 8
83	54	58	52	15	95	17	1	## Tournée 9
61	67	90	2	66	80	3	91	22	42	100	## Tournée 10
19	16	18	74	57	4	62	60	93	87	94	53	44	## Tournée 11
32	79	77	51	8	45	13	50	68	29	65	34	69	63	6	## Tournée 12
48	96	26	59	70	21	71	7	14	39	97	## Tournée 13
85	98	84	12	23	38	37	## Tournée 14
25	36	11	30	## Tournée 15
