96411	## Somme des retards
700	## Temps CPU (millisecondes)
80	181	65	177	5	15	100	25	107	42	106	34	61	189	40	162	55	180	160	154	6	93	94	98	115	190	91	112	76	45	99	157	169	172	120	41	182	47	75	191	56	43	102	125	82	151	143	52	30	194	28	59	105	114	97	147	149	10	86	128	1	159	155	89	145	117	70	164	31	176	195	96	88	104	37	122	168	22	171	144	183	173	29	193	170	72	129	27	184	150	13	185	158	73	127	108	116	38	179	124	48	119	26	196	46	163	146	63	39	83	118	62	66	51	137	123	3	18	131	14	148	121	175	130	109	9	67	187	186	20	84	79	50	136	198	134	138	74	53	68	32	197	12	36	81	92	7	166	141	132	103	126	2	64	24	139	60	200	69	101	58	4	188	90	57	199	33	153	152	111	8	161	142	77	165	54	110	21	11	23	19	113	78	16	35	178	156	167	140	192	95	17	71	133	135	87	85	49	44	174	## Ordonnancement
21	## Nombre de tournées
1	2	3	3	4	5	7	5	8	11	9	11	15	16	16	21	19	19	16	6	3	## Nombre de sites par tournée
80	## Tournée 1
65	181	## Tournée 2
177	15	5	## Tournée 3
25	100	107	## Tournée 4
61	106	34	42	## Tournée 5
189	55	40	180	162	## Tournée 6
6	160	98	94	93	154	115	## Tournée 7
112	45	76	190	91	## Tournée 8
120	172	47	182	169	157	99	41	## Tournée 9
102	75	143	30	82	52	191	125	43	56	151	## Tournée 10
59	149	28	147	114	97	10	194	105	## Tournée 11
128	70	145	155	159	31	86	117	1	89	164	## Tournée 12
122	195	193	176	37	171	104	29	96	22	88	183	144	168	173	## Tournée 13
13	108	73	150	185	38	179	116	72	27	127	158	170	124	129	184	## Tournée 14
46	63	123	196	118	137	62	163	39	66	146	51	48	26	83	119	## Tournée 15
20	148	109	198	18	138	50	9	186	3	79	121	131	175	136	67	130	134	84	187	14	## Tournée 16
132	92	12	2	103	197	81	24	166	36	139	32	7	74	141	68	64	53	126	## Tournée 17
199	33	153	200	4	161	101	142	188	57	90	60	69	77	165	8	152	111	58	## Tournée 18
178	21	192	54	140	113	19	78	167	156	35	16	11	23	110	95	## Tournée 19
71	135	133	85	17	87	## Tournée 20
174	49	44	## Tournée 21
