318122	## Somme des retards
600	## Temps CPU (millisecondes)
100	77	161	158	264	103	225	210	220	238	134	145	183	293	65	279	192	116	261	107	218	85	16	30	176	79	280	216	204	130	11	289	180	91	189	205	237	83	277	297	110	5	133	111	182	207	22	170	139	90	250	14	44	163	94	45	252	294	72	167	193	19	154	132	291	142	171	92	17	270	227	273	230	284	84	290	13	35	255	223	174	191	295	248	151	12	18	206	88	211	66	2	188	124	55	95	249	59	217	106	43	136	281	15	256	299	135	82	239	155	202	122	62	226	104	269	232	87	53	262	101	254	121	98	48	172	194	173	215	251	153	57	144	272	67	28	156	228	166	126	276	127	9	267	214	258	242	6	99	47	49	241	143	263	52	300	287	247	26	187	150	196	63	213	74	184	1	162	160	81	165	286	186	97	20	41	96	208	298	288	36	229	224	75	21	233	212	231	266	27	179	199	56	3	197	37	46	119	169	190	4	51	244	33	222	25	201	198	141	125	178	24	159	58	73	115	29	39	157	68	253	292	71	80	219	23	278	113	70	64	38	78	177	140	86	282	102	275	123	240	34	109	76	7	175	149	257	93	259	168	128	10	69	234	108	236	105	268	271	112	114	61	138	181	152	203	42	274	185	221	285	31	118	120	50	60	131	265	209	148	8	89	296	283	117	245	235	146	137	246	32	195	164	200	40	147	129	54	260	243	## Ordonnancement
27	## Nombre de tournées
1	1	1	1	1	3	3	6	2	5	7	7	9	10	10	14	15	15	14	19	21	26	27	27	25	29	1	## Nombre de sites par tournée
100	## Tournée 1
77	## Tournée 2
161	## Tournée 3
158	## Tournée 4
264	## Tournée 5
225	210	103	## Tournée 6
238	220	134	## Tournée 7
192	293	65	145	183	279	## Tournée 8
261	116	## Tournée 9
30	218	16	107	85	## Tournée 10
130	11	216	79	204	280	176	## Tournée 11
289	91	83	189	237	180	205	## Tournée 12
22	111	207	297	110	277	133	5	182	## Tournée 13
163	252	14	44	94	170	45	250	139	90	## Tournée 14
291	72	132	142	154	167	294	171	19	193	## Tournée 15
174	227	35	223	13	17	230	255	273	290	270	284	92	84	## Tournée 16
2	18	12	88	66	188	55	95	124	151	206	295	211	191	248	## Tournée 17
256	299	106	202	135	239	249	82	59	155	281	217	15	43	136	## Tournée 18
121	53	122	226	254	262	87	232	48	98	104	269	101	62	## Tournée 19
9	153	127	126	228	194	267	272	276	251	215	172	144	173	166	67	57	28	156	## Tournée 20
6	99	263	187	150	26	52	300	214	196	247	242	63	49	47	287	74	258	213	241	143	## Tournée 21
212	36	286	233	298	165	75	97	231	1	266	184	96	179	229	288	81	162	224	20	21	160	41	27	208	186	## Tournée 22
222	25	199	33	190	73	46	201	4	119	29	125	115	24	141	197	159	56	198	37	39	244	51	178	169	58	3	## Tournée 23
253	278	175	78	34	157	68	71	292	23	38	140	7	86	64	123	70	240	109	275	219	76	102	282	80	113	177	## Tournée 24
149	257	236	259	274	108	181	128	271	112	268	152	105	69	185	234	61	93	10	42	168	221	114	203	138	## Tournée 25
54	89	129	147	60	209	137	296	8	200	260	40	283	118	245	120	131	50	195	246	31	235	285	265	117	148	146	32	164	## Tournée 26
243	## Tournée 27
