52733	## Somme des retards
60	## Temps CPU (millisecondes)
71	19	97	49	52	72	63	29	96	67	7	35	100	81	42	43	83	18	88	66	16	4	92	1	13	57	64	89	93	15	77	38	8	50	94	14	37	60	84	65	76	79	91	45	33	58	44	41	78	85	2	32	53	68	80	95	46	61	47	55	54	69	62	36	74	9	82	70	27	98	28	10	6	31	86	40	21	12	39	22	75	34	26	25	99	23	51	24	5	11	20	73	48	87	59	56	3	30	17	90	## Ordonnancement
15	## Nombre de tournées
1	3	2	4	5	7	5	7	7	11	14	13	10	8	3	## Nombre de sites par tournée
71	## Tournée 1
97	19	49	## Tournée 2
52	72	## Tournée 3
29	67	63	96	## Tournée 4
100	42	81	7	35	## Tournée 5
43	66	18	83	88	4	16	## Tournée 6
64	92	1	13	57	## Tournée 7
15	89	8	93	50	77	38	## Tournée 8
94	84	37	14	60	76	65	## Tournée 9
41	85	58	91	32	79	33	44	2	78	45	## Tournée 10
95	80	46	53	47	69	36	68	74	62	55	9	54	61	## Tournée 11
27	6	12	28	98	31	39	21	40	82	10	86	70	## Tournée 12
22	99	25	23	26	75	5	51	34	24	## Tournée 13
87	56	48	59	20	73	11	3	## Tournée 14
17	90	30	## Tournée 15
