478735	## Somme des retards
290	## Temps CPU (millisecondes)
62	80	91	43	178	198	226	55	177	11	272	263	134	156	239	4	234	121	97	267	63	119	172	46	47	35	106	208	258	297	271	150	231	296	6	90	293	20	252	67	26	280	27	276	277	220	39	33	222	269	32	155	114	278	281	203	14	76	31	246	79	294	207	86	162	266	160	285	242	65	130	53	77	12	189	181	102	279	7	298	143	274	184	268	167	193	149	71	185	217	265	145	15	212	78	137	144	50	98	9	299	44	66	108	112	103	85	300	196	209	25	159	126	57	125	96	257	61	199	3	51	241	49	275	259	169	213	75	118	221	94	54	187	131	58	133	224	124	92	191	206	21	153	192	232	72	164	5	88	197	251	176	182	214	109	73	283	1	74	288	22	236	248	101	295	205	142	244	202	165	166	70	113	107	69	19	158	141	249	168	250	204	163	132	229	175	111	59	284	123	170	105	186	42	128	146	140	120	215	235	157	122	48	40	34	17	100	188	116	225	36	261	152	115	82	240	104	83	148	154	238	24	2	292	243	228	60	93	68	262	256	223	95	87	183	173	219	200	289	127	273	81	147	211	45	264	129	139	180	227	255	216	30	230	161	52	286	194	218	8	190	117	245	247	282	64	37	195	10	38	291	254	237	138	174	89	179	287	233	29	28	136	23	16	99	260	56	171	270	253	41	210	135	290	110	201	151	84	18	13	## Ordonnancement
30	## Nombre de tournées
1	1	1	1	1	1	2	1	3	1	3	3	4	5	6	8	8	12	12	17	14	17	20	20	21	23	26	28	26	14	## Nombre de sites par tournée
62	## Tournée 1
80	## Tournée 2
91	## Tournée 3
43	## Tournée 4
178	## Tournée 5
198	## Tournée 6
226	55	## Tournée 7
177	## Tournée 8
272	263	11	## Tournée 9
134	## Tournée 10
156	239	4	## Tournée 11
121	97	234	## Tournée 12
63	267	119	172	## Tournée 13
208	47	46	106	35	## Tournée 14
297	231	271	258	296	150	## Tournée 15
252	90	280	20	26	6	67	293	## Tournée 16
220	277	39	222	276	33	269	27	## Tournée 17
14	114	281	31	278	79	32	294	76	203	155	246	## Tournée 18
207	53	86	285	130	77	12	242	160	65	266	162	## Tournée 19
193	298	274	181	184	268	279	143	102	189	7	265	149	71	185	217	167	## Tournée 20
9	108	299	78	112	50	15	44	66	144	98	137	212	145	## Tournée 21
3	196	209	300	25	257	199	126	125	96	85	57	61	51	241	103	159	## Tournée 22
21	169	275	259	92	94	124	49	221	213	118	131	133	58	206	191	54	75	187	224	## Tournée 23
192	176	73	164	109	288	251	72	1	74	232	236	182	5	22	153	283	197	88	214	## Tournée 24
295	142	204	101	69	163	158	113	165	205	168	202	70	107	250	166	141	249	19	248	244	## Tournée 25
59	170	40	34	229	284	42	120	111	157	105	122	17	132	128	175	146	186	123	215	235	48	140	## Tournée 26
93	100	240	188	256	238	154	104	115	60	225	148	261	292	116	262	68	243	2	228	83	152	82	36	223	24	## Tournée 27
30	161	227	52	129	127	218	45	183	255	289	286	219	273	200	194	87	139	173	264	230	8	81	147	180	211	95	216	## Tournée 28
195	247	10	23	282	37	38	174	89	179	136	99	29	254	260	245	190	287	117	138	237	291	233	64	28	16	## Tournée 29
210	201	110	18	151	56	171	290	84	41	270	135	253	13	## Tournée 30
