40532	## Somme des retards
120	## Temps CPU (millisecondes)
73	54	4	7	148	138	46	131	137	88	94	72	77	29	121	55	37	39	66	105	52	112	90	17	136	103	147	133	41	64	113	92	119	144	102	120	84	76	110	1	81	9	28	67	91	33	58	83	69	57	6	129	142	134	75	143	106	124	125	111	145	48	5	93	49	30	115	10	123	63	149	32	13	86	31	3	104	56	16	80	62	14	60	98	20	70	109	126	43	100	65	25	71	89	130	22	36	26	79	74	117	139	27	140	42	68	21	116	135	19	87	97	34	11	15	53	51	118	18	128	8	38	2	127	45	99	107	114	50	132	141	12	122	47	95	59	85	78	44	146	108	150	82	61	24	101	40	35	96	23	## Ordonnancement
17	## Nombre de tournées
1	2	2	4	5	4	7	7	8	12	13	15	18	17	14	16	5	## Nombre de sites par tournée
73	## Tournée 1
4	54	## Tournée 2
148	7	## Tournée 3
46	137	138	131	## Tournée 4
88	72	77	94	29	## Tournée 5
39	37	121	55	## Tournée 6
17	66	52	112	136	90	105	## Tournée 7
147	103	41	133	64	113	92	## Tournée 8
144	102	120	119	110	1	76	84	## Tournée 9
28	67	81	33	57	6	69	83	129	91	9	58	## Tournée 10
75	143	48	142	5	125	111	106	49	134	93	124	145	## Tournée 11
13	115	56	16	123	31	86	30	104	10	149	3	63	80	32	## Tournée 12
71	89	126	98	60	36	14	25	130	65	43	26	22	20	100	70	109	62	## Tournée 13
27	68	42	79	15	74	116	11	21	19	87	135	117	34	140	139	97	## Tournée 14
51	38	107	127	18	50	2	8	45	128	53	118	114	99	## Tournée 15
146	108	47	122	141	150	85	12	24	61	44	95	82	132	59	78	## Tournée 16
35	101	96	23	40	## Tournée 17
