84146	## Somme des retards
130	## Temps CPU (millisecondes)
3	36	135	28	119	150	145	181	42	22	124	148	172	32	157	160	117	186	131	1	98	5	76	175	61	79	167	103	68	138	58	65	24	178	67	136	39	37	106	129	8	197	45	154	21	13	19	152	20	16	33	142	128	57	192	86	158	80	84	78	43	107	94	99	199	49	121	114	196	179	182	187	166	109	162	125	46	155	64	50	104	189	176	38	52	174	139	190	101	69	163	74	97	96	141	132	111	75	118	15	137	62	70	185	14	18	108	92	11	191	60	95	23	168	171	105	48	2	122	153	173	177	115	169	44	55	31	91	188	170	77	54	116	194	100	17	156	110	27	26	87	133	165	193	30	146	102	53	140	123	73	164	10	134	126	88	127	56	63	40	200	195	29	6	151	59	93	198	82	72	120	66	35	180	51	90	12	7	144	83	149	113	161	47	34	89	112	159	9	4	85	143	41	184	81	130	147	183	25	71	## Ordonnancement
19	## Nombre de tournées
1	2	2	2	3	5	7	7	11	11	14	15	16	17	20	20	22	19	6	## Nombre de sites par tournée
3	## Tournée 1
36	135	## Tournée 2
119	28	## Tournée 3
145	150	## Tournée 4
22	42	181	## Tournée 5
157	32	172	148	124	## Tournée 6
131	160	117	186	5	98	1	## Tournée 7
68	79	167	76	175	103	61	## Tournée 8
136	67	58	24	106	178	129	37	39	138	65	## Tournée 9
16	154	45	197	152	21	19	20	8	13	33	## Tournée 10
128	107	158	80	94	86	99	142	43	78	192	199	84	57	## Tournée 11
46	109	121	187	162	114	50	196	155	182	125	49	166	64	179	## Tournée 12
141	189	139	190	104	97	101	174	38	132	176	163	74	96	52	69	## Tournée 13
18	70	15	185	60	23	75	191	118	11	137	95	108	62	111	92	14	## Tournée 14
2	116	169	44	105	31	77	171	54	115	168	122	153	173	55	188	48	91	177	170	## Tournée 15
123	53	146	156	140	30	193	27	165	133	73	87	110	164	102	100	194	17	10	26	## Tournée 16
56	59	93	35	200	6	72	195	126	134	127	29	63	88	180	40	120	151	82	198	51	66	## Tournée 17
143	159	112	161	184	144	90	12	149	113	47	34	9	7	4	85	83	41	89	## Tournée 18
147	71	25	183	81	130	## Tournée 19
