33768	## Somme des retards
30	## Temps CPU (millisecondes)
59	20	100	3	48	97	4	66	64	8	52	16	95	21	32	49	88	75	40	45	82	86	11	29	51	92	74	33	87	85	43	23	37	61	80	15	12	47	96	24	1	81	5	36	62	13	18	78	41	42	38	25	93	6	26	76	54	67	58	55	83	77	65	34	94	30	46	39	84	57	14	60	22	35	79	63	31	89	73	19	71	68	56	91	72	27	98	99	90	17	28	7	44	9	50	2	53	10	69	70	## Ordonnancement
14	## Nombre de tournées
1	1	2	2	4	6	5	11	6	14	12	13	14	9	## Nombre de sites par tournée
59	## Tournée 1
20	## Tournée 2
3	100	## Tournée 3
97	48	## Tournée 4
4	8	66	64	## Tournée 5
49	52	21	32	95	16	## Tournée 6
45	88	40	82	75	## Tournée 7
87	29	92	86	23	33	85	51	74	11	43	## Tournée 8
61	15	47	80	37	12	## Tournée 9
13	18	5	25	24	36	96	62	38	41	81	1	78	42	## Tournée 10
54	26	83	93	67	76	6	77	65	58	55	34	## Tournée 11
46	31	39	30	84	14	94	60	79	22	35	63	57	## Tournée 12
28	98	99	90	71	89	56	27	19	73	91	72	68	17	## Tournée 13
10	69	50	7	70	44	53	9	2	## Tournée 14
