79574	## Somme des retards
120	## Temps CPU (millisecondes)
90	30	9	96	57	78	88	92	58	110	41	17	48	28	46	124	122	74	34	35	14	56	134	22	21	140	50	15	84	68	99	36	87	139	54	109	129	6	62	2	4	11	93	117	69	105	89	80	12	116	51	125	47	148	7	40	67	29	26	85	43	120	33	3	107	150	142	38	128	108	103	149	137	65	146	135	79	114	13	27	91	16	141	52	112	100	59	132	77	1	95	143	126	60	20	101	63	145	127	53	115	121	113	61	82	45	118	104	10	131	42	83	72	5	119	64	111	31	147	130	39	102	97	24	37	25	73	71	66	32	18	75	133	136	144	44	123	23	76	55	81	49	106	94	98	19	138	8	70	86	## Ordonnancement
17	## Nombre de tournées
2	1	1	4	5	6	8	10	12	9	12	18	16	16	16	12	2	## Nombre de sites par tournée
30	90	## Tournée 1
9	## Tournée 2
96	## Tournée 3
57	92	78	88	## Tournée 4
48	17	110	41	58	## Tournée 5
74	122	28	34	46	124	## Tournée 6
35	22	14	56	50	134	140	21	## Tournée 7
109	54	68	87	129	84	139	99	36	15	## Tournée 8
93	6	62	12	105	4	2	89	69	80	11	117	## Tournée 9
51	148	29	40	47	125	116	7	67	## Tournée 10
107	150	26	38	128	3	85	43	33	108	120	142	## Tournée 11
16	137	141	103	65	112	91	13	114	59	52	27	149	146	100	135	79	132	## Tournée 12
61	63	101	121	53	115	60	143	145	126	113	77	20	95	1	127	## Tournée 13
42	10	82	5	31	119	111	130	45	147	64	72	104	131	118	83	## Tournée 14
25	102	32	144	44	75	133	37	66	136	39	73	71	18	97	24	## Tournée 15
106	138	19	98	76	81	49	23	123	8	94	55	## Tournée 16
70	86	## Tournée 17
