60240	## Somme des retards
60	## Temps CPU (millisecondes)
63	53	56	1	61	23	70	74	68	39	37	98	78	64	80	18	91	29	48	75	17	46	45	93	66	90	31	32	100	60	94	54	2	89	13	35	77	38	41	19	9	20	73	79	14	26	99	27	83	71	69	7	4	65	8	12	42	49	76	30	82	55	22	67	88	62	95	40	24	28	86	84	52	43	44	34	6	57	15	3	50	85	5	72	92	51	47	59	16	58	33	25	97	96	87	36	11	21	81	10	## Ordonnancement
15	## Nombre de tournées
1	2	4	5	5	6	8	8	9	11	12	14	9	5	1	## Nombre de sites par tournée
63	## Tournée 1
56	53	## Tournée 2
1	23	61	70	## Tournée 3
39	37	68	98	74	## Tournée 4
78	91	64	18	80	## Tournée 5
48	46	45	75	17	29	## Tournée 6
32	60	66	31	94	93	90	100	## Tournée 7
54	77	41	89	38	2	13	35	## Tournée 8
73	9	20	27	99	26	19	79	14	## Tournée 9
4	83	12	42	76	71	69	8	65	7	49	## Tournée 10
86	67	55	24	95	22	62	82	40	28	30	88	## Tournée 11
44	43	84	6	15	72	5	3	50	52	57	85	34	92	## Tournée 12
97	33	16	51	58	47	59	96	25	## Tournée 13
11	87	81	21	36	## Tournée 14
10	## Tournée 15
