173531	## Somme des retards
600	## Temps CPU (millisecondes)
16	198	37	25	142	39	167	49	123	41	30	5	67	101	60	151	13	7	112	134	120	82	69	119	47	44	176	80	2	192	106	188	53	31	161	76	156	164	157	172	126	45	20	131	149	175	185	159	79	187	137	29	35	54	3	138	136	186	173	200	22	170	118	87	62	197	27	125	181	115	48	195	190	191	88	58	55	97	72	96	141	93	33	92	139	34	6	113	158	150	70	124	14	194	1	26	57	19	61	122	24	21	10	109	36	166	12	174	107	199	59	74	108	121	155	95	183	15	103	133	99	90	128	86	100	64	145	160	168	105	17	135	152	75	129	144	81	127	78	140	154	111	56	116	153	104	42	38	46	179	143	84	130	73	9	98	77	89	148	171	162	50	189	32	178	110	23	102	196	182	4	177	43	91	8	132	169	94	180	68	71	163	18	165	11	51	146	63	52	117	184	65	193	66	83	114	40	28	85	147	## Ordonnancement
22	## Nombre de tournées
2	3	4	3	4	5	4	7	9	6	12	9	13	13	14	14	18	16	17	16	7	4	## Nombre de sites par tournée
16	198	## Tournée 1
142	25	37	## Tournée 2
49	167	123	39	## Tournée 3
5	41	30	## Tournée 4
67	151	101	60	## Tournée 5
112	120	134	13	7	## Tournée 6
69	47	119	82	## Tournée 7
176	2	106	192	44	80	188	## Tournée 8
53	161	31	157	156	76	172	126	164	## Tournée 9
149	45	185	175	20	131	## Tournée 10
173	54	79	136	35	137	186	187	29	159	3	138	## Tournée 11
170	62	22	118	200	125	27	197	87	## Tournée 12
195	181	72	96	55	97	190	115	48	88	191	58	141	## Tournée 13
139	124	33	6	113	14	150	70	93	34	194	158	92	## Tournée 14
21	10	57	12	19	109	1	174	36	26	122	61	24	166	## Tournée 15
183	90	59	95	15	103	99	74	155	108	107	133	199	121	## Tournée 16
86	145	168	127	128	100	105	17	129	78	152	135	160	75	144	140	64	81	## Tournée 17
42	38	116	179	130	9	73	111	84	153	46	154	56	104	98	143	## Tournée 18
162	4	89	102	196	23	182	189	32	110	50	171	43	77	148	178	177	## Tournée 19
18	146	51	180	91	165	94	52	8	71	11	169	68	163	132	63	## Tournée 20
117	83	66	184	65	114	193	## Tournée 21
85	147	28	40	## Tournée 22
