92719	## Somme des retards
240	## Temps CPU (millisecondes)
29	25	120	27	47	95	112	26	72	159	88	104	195	15	149	157	5	167	75	8	179	133	172	50	196	45	12	106	22	76	16	142	163	140	146	101	49	36	150	17	105	158	192	80	124	69	100	18	171	102	60	193	116	90	125	2	42	103	135	147	89	155	44	143	56	190	97	28	178	156	198	191	66	96	63	152	70	51	123	188	78	84	65	83	38	7	98	166	126	115	200	53	134	160	55	121	54	184	199	109	46	122	132	64	161	87	10	74	108	119	3	154	117	194	43	168	35	37	94	34	114	67	186	73	175	13	6	59	52	182	79	131	162	113	93	111	189	39	127	130	11	183	33	19	197	138	177	144	61	24	153	23	181	136	58	145	21	99	118	176	85	81	20	4	77	185	40	31	170	30	169	137	187	1	110	165	107	129	71	92	68	128	14	57	173	91	9	62	180	41	139	141	32	148	86	151	48	164	82	174	## Ordonnancement
21	## Nombre de tournées
1	1	1	2	4	2	4	4	6	9	11	10	12	17	17	18	20	16	22	18	5	## Nombre de sites par tournée
29	## Tournée 1
25	## Tournée 2
120	## Tournée 3
27	47	## Tournée 4
112	95	72	26	## Tournée 5
159	88	## Tournée 6
149	15	195	104	## Tournée 7
75	167	157	5	## Tournée 8
172	196	8	133	50	179	## Tournée 9
12	140	163	16	76	45	22	106	142	## Tournée 10
158	17	124	192	49	101	80	36	150	105	146	## Tournée 11
90	116	102	69	18	100	171	125	193	60	## Tournée 12
56	135	42	190	44	147	97	103	143	155	2	89	## Tournée 13
28	188	66	51	191	78	96	70	178	83	123	198	156	152	63	84	65	## Tournée 14
54	7	200	115	126	38	199	109	46	121	184	55	160	98	134	53	166	## Tournée 15
132	108	64	87	43	94	35	37	194	154	117	161	168	74	122	119	10	3	## Tournée 16
186	73	182	39	93	175	111	59	114	52	131	67	34	162	189	6	79	113	127	13	## Tournée 17
58	177	23	11	24	181	144	197	61	153	136	33	183	130	138	19	## Tournée 18
81	1	21	30	169	137	85	185	20	176	165	118	110	4	77	107	187	40	170	145	99	31	## Tournée 19
148	57	71	173	32	41	91	141	68	9	62	92	86	129	14	180	139	128	## Tournée 20
174	48	151	164	82	## Tournée 21
