81694	## Somme des retards
310	## Temps CPU (millisecondes)
19	45	6	124	22	65	80	97	87	122	138	42	29	10	141	12	117	105	16	47	52	134	139	127	70	27	46	63	7	73	20	114	106	110	49	8	95	34	128	24	96	131	33	112	83	31	90	147	71	136	40	14	149	148	25	53	145	94	107	41	28	21	17	88	104	1	92	118	135	125	79	75	93	44	38	111	98	64	15	150	137	76	60	69	109	58	100	116	72	113	140	85	108	56	68	2	121	133	123	129	51	84	143	142	48	37	82	99	86	50	78	74	103	130	54	77	3	18	39	36	32	59	101	26	57	119	30	23	11	120	91	43	62	132	115	144	81	5	9	4	126	66	146	61	13	55	67	89	102	35	## Ordonnancement
21	## Nombre de tournées
2	2	2	2	2	4	3	3	6	8	9	10	13	11	13	14	16	14	10	5	1	## Nombre de sites par tournée
45	19	## Tournée 1
124	6	## Tournée 2
65	22	## Tournée 3
97	80	## Tournée 4
87	122	## Tournée 5
10	42	138	29	## Tournée 6
117	12	141	## Tournée 7
47	16	105	## Tournée 8
27	127	134	70	139	52	## Tournée 9
63	110	106	7	46	20	114	73	## Tournée 10
33	131	96	34	8	24	49	95	128	## Tournée 11
40	71	90	136	31	147	83	112	14	149	## Tournée 12
53	104	1	107	88	41	17	145	28	94	25	21	148	## Tournée 13
98	111	135	125	44	93	38	79	92	118	75	## Tournée 14
116	113	60	100	15	76	64	150	69	109	137	58	72	## Tournée 15
56	121	84	143	85	51	129	123	68	133	2	140	142	108	## Tournée 16
82	86	18	74	36	103	130	3	77	39	48	78	37	99	50	54	## Tournée 17
26	101	57	91	11	120	59	43	62	119	23	132	32	30	## Tournée 18
5	81	115	144	61	66	9	126	4	146	## Tournée 19
55	13	67	89	102	## Tournée 20
35	## Tournée 21
