135582	## Somme des retards
160	## Temps CPU (millisecondes)
101	54	81	143	198	147	57	127	86	166	118	33	93	150	102	25	24	6	128	76	69	74	52	164	90	29	134	37	65	1	135	165	182	39	132	94	13	148	73	3	88	172	187	89	19	123	195	31	21	68	67	161	55	157	108	49	179	92	115	64	96	9	18	105	142	180	77	112	154	14	107	83	111	114	43	47	155	126	27	110	75	42	98	41	32	141	23	8	160	40	120	11	72	59	84	53	145	50	36	194	199	149	17	163	196	130	133	16	38	177	103	192	20	152	80	129	113	139	173	170	4	140	78	61	100	181	151	158	191	193	48	138	184	2	169	44	99	63	185	200	82	12	119	156	91	190	122	109	46	66	183	144	146	131	79	137	188	106	136	35	10	197	95	60	159	153	171	167	176	28	85	87	186	58	125	56	168	189	97	70	116	175	121	62	30	34	71	5	174	7	117	22	178	15	51	162	104	26	45	124	## Ordonnancement
20	## Nombre de tournées
2	1	3	2	3	4	6	7	9	9	11	12	12	14	19	16	21	19	23	7	## Nombre de sites par tournée
101	54	## Tournée 1
81	## Tournée 2
147	143	198	## Tournée 3
127	57	## Tournée 4
166	86	118	## Tournée 5
102	33	93	150	## Tournée 6
76	6	24	69	25	128	## Tournée 7
134	29	90	52	37	74	164	## Tournée 8
135	94	65	1	182	165	13	132	39	## Tournée 9
3	172	123	148	73	89	88	187	19	## Tournée 10
108	195	179	21	55	31	157	161	68	49	67	## Tournée 11
96	180	115	18	112	9	105	77	142	154	64	92	## Tournée 12
47	110	107	14	83	126	155	43	75	27	111	114	## Tournée 13
84	40	11	42	141	160	120	32	72	8	98	59	41	23	## Tournée 14
194	38	17	53	192	130	16	36	177	20	152	196	145	163	149	199	103	50	133	## Tournée 15
78	151	158	191	173	139	170	181	4	100	80	129	193	140	113	61	## Tournée 16
2	156	46	190	119	12	91	99	183	184	109	44	138	66	185	63	200	48	122	82	169	## Tournée 17
197	137	35	167	28	153	188	136	144	176	79	131	106	171	146	95	159	10	60	## Tournée 18
117	87	62	125	22	56	175	5	186	178	7	121	168	189	116	174	97	58	85	34	70	71	30	## Tournée 19
162	51	104	15	124	45	26	## Tournée 20
