251265	## Somme des retards
590	## Temps CPU (millisecondes)
113	278	142	95	236	281	97	110	186	83	198	283	293	163	170	118	30	78	13	49	224	59	53	217	299	254	119	15	84	66	24	2	3	151	256	252	192	43	215	112	133	147	93	240	277	45	89	159	211	152	288	226	165	72	221	117	137	106	266	143	99	287	298	155	19	296	184	194	270	190	114	61	237	156	41	70	178	238	203	282	259	276	17	91	248	36	37	102	261	214	223	275	230	286	264	40	284	94	177	80	28	208	144	23	62	207	104	33	108	279	191	5	262	219	48	250	9	265	57	38	92	60	131	295	73	111	227	64	212	172	232	258	269	267	150	146	134	244	145	233	74	127	169	21	149	220	22	11	20	249	58	105	123	138	46	242	168	25	136	63	222	255	206	76	12	193	86	182	130	196	245	292	39	188	195	82	216	54	291	77	167	124	126	290	180	34	26	153	199	201	154	8	285	251	103	32	161	231	7	289	71	75	280	187	160	52	181	44	27	246	50	139	51	247	42	79	218	115	122	135	179	140	175	173	81	14	4	65	69	162	96	29	235	243	125	225	241	10	141	6	109	129	101	274	228	132	100	234	209	47	271	210	67	171	87	174	229	272	260	120	116	213	85	185	205	1	239	158	90	157	176	148	128	18	31	202	200	56	164	68	121	166	183	297	98	273	16	263	35	268	197	107	55	294	204	257	300	189	88	253	## Ordonnancement
24	## Nombre de tournées
1	1	2	2	4	6	8	9	9	10	11	14	12	15	15	21	19	24	25	22	31	24	13	2	## Nombre de sites par tournée
113	## Tournée 1
278	## Tournée 2
142	95	## Tournée 3
281	236	## Tournée 4
186	110	83	97	## Tournée 5
163	283	293	198	118	170	## Tournée 6
49	217	30	78	224	13	53	59	## Tournée 7
84	254	119	3	2	24	15	66	299	## Tournée 8
112	256	133	147	215	151	252	43	192	## Tournée 9
226	89	211	45	93	152	277	288	240	159	## Tournée 10
266	99	117	72	165	298	287	143	106	137	221	## Tournée 11
237	114	270	194	61	155	296	178	156	190	184	41	19	70	## Tournée 12
248	17	37	102	282	261	203	259	276	36	91	238	## Tournée 13
28	80	40	214	144	208	275	286	223	23	264	230	94	177	284	## Tournée 14
279	48	191	33	108	219	57	62	5	207	9	104	265	250	262	## Tournée 15
212	73	145	111	232	258	150	269	146	131	267	295	172	64	38	60	233	227	92	244	134	## Tournée 16
22	11	20	138	74	168	149	105	169	58	249	25	220	242	127	123	21	136	46	## Tournée 17
188	124	86	255	77	292	193	82	63	196	130	182	126	291	76	222	39	206	12	245	216	195	54	167	## Tournée 18
153	199	7	8	231	181	251	290	201	52	103	280	187	285	75	44	161	180	34	26	289	160	71	32	154	## Tournée 19
65	122	218	81	247	14	135	27	115	162	179	69	139	4	175	246	173	140	42	79	51	50	## Tournée 20
225	101	6	29	171	243	109	116	271	241	47	125	229	96	174	234	272	132	228	141	274	260	10	210	100	235	209	87	67	129	120	## Tournée 21
121	185	128	98	56	164	157	148	202	297	31	68	1	176	213	205	85	90	158	183	166	239	18	200	## Tournée 22
204	268	107	294	197	35	55	189	257	16	263	300	273	## Tournée 23
88	253	## Tournée 24
