24457	## Somme des retards
70	## Temps CPU (millisecondes)
1	44	57	2	32	27	30	73	51	99	92	50	43	9	58	72	93	41	52	12	60	77	54	18	56	94	21	66	69	79	3	24	33	23	29	89	15	64	47	38	61	17	22	14	13	53	68	84	96	86	100	82	5	65	40	35	70	11	16	6	48	19	62	80	28	75	34	98	95	90	39	74	59	81	55	4	83	7	37	49	97	8	42	63	67	76	88	10	46	85	87	78	36	20	45	31	26	71	91	25	## Ordonnancement
13	## Nombre de tournées
2	4	5	4	5	7	12	10	10	12	11	11	7	## Nombre de sites par tournée
44	1	## Tournée 1
27	57	32	2	## Tournée 2
51	92	30	99	73	## Tournée 3
43	9	58	50	## Tournée 4
41	93	52	72	12	## Tournée 5
21	94	77	60	54	18	56	## Tournée 6
24	89	15	66	64	69	79	29	33	23	47	3	## Tournée 7
14	53	68	61	84	17	22	38	96	13	## Tournée 8
16	86	70	11	100	65	40	35	5	82	## Tournée 9
34	39	48	98	90	75	80	6	95	28	19	62	## Tournée 10
7	4	74	37	59	55	8	97	81	83	49	## Tournée 11
85	76	67	46	36	63	88	87	10	42	78	## Tournée 12
25	20	91	31	26	45	71	## Tournée 13
