179511	## Somme des retards
600	## Temps CPU (millisecondes)
251	149	201	243	111	269	184	5	129	293	290	4	54	266	250	152	100	93	62	94	183	16	120	28	97	172	235	267	244	194	116	196	277	188	225	255	103	75	187	252	110	242	77	150	119	215	257	295	198	73	258	271	283	98	185	135	191	130	134	123	220	264	249	268	92	229	292	102	272	261	132	275	234	82	10	118	273	199	67	300	44	238	155	11	31	224	13	20	49	173	233	192	286	232	151	36	105	57	167	8	43	141	168	193	47	165	222	51	247	46	108	254	95	106	157	114	144	226	210	7	288	189	52	39	202	9	12	133	161	128	71	296	203	68	109	6	72	86	101	297	76	81	179	180	276	223	284	230	19	89	218	159	64	227	265	131	90	74	17	147	21	278	29	274	212	289	248	245	136	3	279	117	181	166	38	156	70	139	171	209	182	15	56	154	169	285	138	99	22	287	219	41	78	48	158	164	294	262	50	104	281	115	145	55	174	35	66	160	91	26	25	107	112	63	30	241	208	58	246	18	207	299	237	190	239	32	259	83	221	61	85	253	53	175	170	205	127	24	137	186	178	121	37	34	162	146	40	124	206	217	33	176	204	65	45	195	122	79	1	140	96	270	282	113	211	163	216	214	260	2	84	213	87	142	60	14	231	69	177	125	197	88	291	143	280	298	27	263	148	42	153	23	228	256	126	236	80	240	200	59	## Ordonnancement
24	## Nombre de tournées
1	1	2	2	3	6	5	7	9	8	12	11	17	18	17	18	22	20	28	25	28	22	17	1	## Nombre de sites par tournée
251	## Tournée 1
149	## Tournée 2
201	243	## Tournée 3
269	111	## Tournée 4
129	5	184	## Tournée 5
250	290	266	54	293	4	## Tournée 6
62	152	94	100	93	## Tournée 7
235	120	28	16	172	183	97	## Tournée 8
225	267	196	255	194	116	188	244	277	## Tournée 9
187	103	110	252	242	77	150	75	## Tournée 10
295	73	257	198	215	271	135	283	185	258	98	119	## Tournée 11
130	264	220	92	191	123	134	292	229	249	268	## Tournée 12
155	67	234	199	118	132	273	44	275	238	300	261	102	10	82	272	11	## Tournée 13
36	141	43	192	8	286	232	151	20	57	13	49	233	224	167	105	173	31	## Tournée 14
168	47	247	222	210	193	106	157	108	254	226	46	165	144	51	114	95	## Tournée 15
189	161	68	128	296	203	7	202	9	39	71	6	133	109	12	72	52	288	## Tournée 16
218	81	223	179	90	230	276	76	159	64	180	227	131	89	86	19	265	17	101	74	297	284	## Tournée 17
139	171	147	38	136	279	70	278	29	166	181	156	274	289	245	21	212	3	117	248	## Tournée 18
262	281	35	154	78	169	209	182	104	55	15	285	219	158	287	48	115	138	174	66	22	145	99	41	294	50	56	164	## Tournée 19
160	85	253	30	18	207	299	241	32	208	190	246	26	58	61	83	239	107	91	259	112	63	25	221	237	## Tournée 20
53	170	206	162	24	34	124	37	45	195	127	178	204	137	121	1	217	65	140	79	205	146	186	176	33	175	122	40	## Tournée 21
270	211	96	197	216	214	125	163	177	213	87	113	60	88	282	260	14	231	2	69	142	84	## Tournée 22
153	200	228	240	148	42	126	256	263	298	27	80	280	23	291	236	143	## Tournée 23
59	## Tournée 24
