40445	## Somme des retards
80	## Temps CPU (millisecondes)
82	87	51	98	68	14	45	66	59	8	4	60	86	94	79	67	64	97	3	42	20	24	74	70	53	12	85	48	28	83	57	61	84	91	80	2	5	69	35	33	47	52	10	36	26	43	50	49	16	63	88	37	44	25	89	41	92	30	6	54	19	34	95	21	72	62	18	78	15	71	56	17	11	13	58	22	32	1	75	29	90	46	81	7	39	9	40	76	99	31	73	77	65	23	100	96	55	38	93	27	## Ordonnancement
19	## Nombre de tournées
2	1	2	1	3	1	3	2	4	6	7	9	8	10	14	12	10	4	1	## Nombre de sites par tournée
82	87	## Tournée 1
51	## Tournée 2
68	98	## Tournée 3
14	## Tournée 4
45	66	59	## Tournée 5
8	## Tournée 6
60	4	86	## Tournée 7
79	94	## Tournée 8
67	64	3	97	## Tournée 9
53	70	20	42	24	74	## Tournée 10
48	85	57	61	12	83	28	## Tournée 11
5	80	47	2	35	84	33	69	91	## Tournée 12
49	26	52	43	10	50	36	16	## Tournée 13
37	88	63	44	89	25	92	6	41	30	## Tournée 14
62	95	19	78	18	34	54	15	56	11	72	21	17	71	## Tournée 15
58	75	46	29	32	13	22	81	1	7	90	39	## Tournée 16
9	23	31	40	76	65	100	77	73	99	## Tournée 17
96	55	38	93	## Tournée 18
27	## Tournée 19
