438296	## Somme des retards
880	## Temps CPU (millisecondes)
104	296	80	186	262	20	265	157	293	24	289	188	51	48	139	282	66	63	68	243	15	135	171	129	1	300	96	222	35	26	233	46	162	177	160	277	16	109	174	128	299	36	127	281	100	217	286	120	71	295	252	183	145	224	55	89	23	235	113	39	7	272	149	67	182	225	279	125	82	92	27	110	49	249	22	154	197	116	76	18	231	117	191	240	147	239	53	54	288	152	165	236	103	173	86	207	93	64	274	121	247	232	124	91	47	206	164	77	273	214	201	6	87	181	57	237	50	155	13	245	3	263	4	52	220	159	30	106	151	285	38	209	43	132	158	9	298	130	226	143	283	107	45	264	32	134	70	144	44	122	81	179	83	219	11	257	205	74	167	244	246	78	95	254	204	271	138	85	193	170	184	268	266	228	163	185	292	261	153	97	61	251	118	21	176	234	238	270	126	202	73	12	84	65	56	276	29	278	115	212	169	287	119	156	256	259	192	280	123	142	112	146	31	198	221	2	101	253	195	40	79	10	175	178	242	108	227	60	172	166	59	99	41	211	216	25	14	8	275	196	269	133	291	58	230	28	88	161	75	229	140	189	17	210	190	258	187	72	137	19	114	194	290	150	34	297	284	223	141	42	294	199	98	37	200	250	94	180	102	168	62	131	90	248	213	267	105	241	218	136	148	69	203	260	208	33	215	255	5	111	## Ordonnancement
26	## Nombre de tournées
2	1	2	2	4	3	4	6	7	7	9	9	10	12	10	12	18	17	19	22	23	24	27	19	22	9	## Nombre de sites par tournée
296	104	## Tournée 1
80	## Tournée 2
262	186	## Tournée 3
265	20	## Tournée 4
293	289	157	24	## Tournée 5
48	51	188	## Tournée 6
139	66	282	63	## Tournée 7
135	15	129	243	68	171	## Tournée 8
35	96	1	26	233	300	222	## Tournée 9
277	160	16	177	162	46	109	## Tournée 10
127	281	286	217	174	100	36	128	299	## Tournée 11
295	89	183	145	120	55	252	71	224	## Tournée 12
39	235	7	23	182	149	272	67	225	113	## Tournée 13
110	92	125	22	27	49	154	279	197	249	116	82	## Tournée 14
117	147	240	54	18	191	231	239	76	53	## Tournée 15
288	86	64	93	165	274	121	103	173	207	152	236	## Tournée 16
124	247	6	91	181	87	155	206	164	201	47	273	237	232	50	214	57	77	## Tournée 17
132	209	245	38	30	285	220	159	4	13	158	43	3	151	263	52	106	## Tournée 18
44	264	45	70	143	219	122	134	9	107	283	298	81	179	226	32	130	83	144	## Tournée 19
257	246	205	254	170	11	193	138	74	266	204	163	184	167	78	95	268	244	228	185	85	271	## Tournée 20
84	97	276	251	29	261	12	56	292	153	238	202	115	118	176	65	126	21	270	234	61	278	73	## Tournée 21
79	123	195	212	101	280	221	287	169	256	119	192	175	10	2	156	146	259	112	253	40	142	31	198	## Tournée 22
75	211	60	229	216	59	172	230	58	275	133	196	269	161	108	14	28	291	227	99	8	178	242	88	25	41	166	## Tournée 23
223	189	290	140	150	284	114	194	258	187	17	72	141	297	19	210	190	34	137	## Tournée 24
102	250	294	131	200	241	90	267	37	105	218	180	148	94	168	199	136	62	98	248	42	213	## Tournée 25
208	69	111	255	203	33	5	260	215	## Tournée 26
