60125	## Somme des retards
60	## Temps CPU (millisecondes)
149	16	87	138	144	50	2	116	115	102	88	99	51	111	10	17	107	60	38	31	40	20	130	32	9	108	5	148	45	106	127	105	132	123	29	84	22	48	70	25	53	93	6	131	134	82	112	36	142	1	125	121	72	33	140	103	14	73	44	139	35	55	78	34	133	143	13	11	119	3	15	136	43	26	65	104	83	90	114	92	63	76	122	135	145	126	46	117	150	57	12	100	27	79	85	54	75	128	41	47	4	81	49	95	7	58	124	71	61	97	141	110	101	137	19	98	67	146	118	42	69	30	56	86	28	109	129	8	77	18	64	94	39	24	80	120	89	52	59	91	37	113	62	74	66	23	21	96	147	68	## Ordonnancement
18	## Nombre de tournées
1	3	1	2	1	3	4	5	7	9	11	12	15	15	16	20	17	8	## Nombre de sites par tournée
149	## Tournée 1
87	16	138	## Tournée 2
144	## Tournée 3
2	50	## Tournée 4
116	## Tournée 5
115	88	102	## Tournée 6
10	99	111	51	## Tournée 7
107	31	60	38	17	## Tournée 8
32	9	5	40	130	108	20	## Tournée 9
29	123	148	45	106	84	132	127	105	## Tournée 10
53	48	134	82	25	131	70	6	93	112	22	## Tournée 11
14	121	73	36	1	140	72	33	44	103	125	142	## Tournée 12
26	133	55	11	139	136	35	119	78	13	143	15	34	43	3	## Tournée 13
92	114	150	63	90	65	126	145	76	122	83	46	117	104	135	## Tournée 14
100	49	75	57	81	4	128	54	79	7	47	85	95	12	27	41	## Tournée 15
86	42	137	56	19	97	67	30	118	58	124	61	98	71	69	146	101	141	110	28	## Tournée 16
52	80	120	113	8	109	24	94	18	89	77	59	64	39	91	129	37	## Tournée 17
68	23	74	147	62	21	96	66	## Tournée 18
