226178	## Somme des retards
410	## Temps CPU (millisecondes)
274	196	126	104	124	199	22	51	13	182	223	168	254	50	262	230	43	151	99	75	105	282	287	123	153	187	293	264	278	190	37	251	226	292	106	277	209	41	252	156	23	208	109	80	136	98	178	85	300	227	177	155	112	122	137	161	154	176	164	141	78	127	276	128	88	205	107	3	134	289	11	224	220	229	139	49	33	228	204	218	8	159	158	221	288	142	63	68	144	157	180	61	201	10	59	87	26	231	9	170	77	212	149	259	163	83	4	165	215	130	5	171	84	12	94	25	18	174	191	57	30	27	210	234	2	92	211	271	70	147	219	167	36	232	297	44	90	256	35	55	21	193	239	74	160	263	169	194	40	54	250	162	188	97	89	111	117	295	146	249	58	198	286	121	60	119	270	45	31	185	103	28	255	294	217	38	34	114	296	91	268	64	233	241	82	189	69	96	213	125	237	53	281	1	115	195	143	298	140	203	62	175	266	245	184	172	138	202	120	15	66	216	235	42	52	257	267	179	101	113	279	283	225	133	236	150	291	197	102	243	258	148	269	46	192	20	207	173	132	265	299	116	81	100	247	166	118	290	19	76	214	222	56	280	32	186	145	108	73	129	248	79	183	273	95	152	72	86	275	39	135	29	93	200	242	272	24	244	181	261	14	7	246	238	285	71	6	260	47	110	67	253	240	48	16	65	17	206	284	131	## Ordonnancement
25	## Nombre de tournées
1	2	1	1	3	1	5	5	7	7	8	10	12	15	16	16	19	23	19	23	25	29	29	22	1	## Nombre de sites par tournée
274	## Tournée 1
126	196	## Tournée 2
104	## Tournée 3
124	## Tournée 4
199	22	51	## Tournée 5
13	## Tournée 6
168	182	223	254	50	## Tournée 7
99	151	43	262	230	## Tournée 8
75	153	287	187	123	282	105	## Tournée 9
37	293	251	190	278	226	264	## Tournée 10
277	106	41	209	23	252	292	156	## Tournée 11
227	98	208	109	80	177	178	85	300	136	## Tournée 12
137	276	155	127	141	164	176	122	112	161	154	78	## Tournée 13
228	205	11	128	229	220	49	3	139	134	88	224	107	33	289	## Tournée 14
204	157	218	63	10	201	288	159	61	8	158	221	144	142	180	68	## Tournée 15
149	163	130	9	212	165	83	59	259	170	231	215	4	87	26	77	## Tournée 16
57	234	30	210	18	191	25	171	2	92	271	211	27	174	12	5	94	84	70	## Tournée 17
297	239	54	44	36	263	74	162	35	147	169	40	232	90	256	21	167	193	250	194	160	219	55	## Tournée 18
188	31	295	286	60	270	89	45	58	198	97	146	121	185	117	103	119	249	111	## Tournée 19
53	233	96	255	82	294	189	281	268	69	64	28	114	237	217	91	34	213	38	1	296	241	125	## Tournée 20
184	66	143	62	202	15	52	245	101	267	203	216	115	235	138	179	298	42	175	257	195	172	120	140	266	## Tournée 21
102	197	283	81	192	207	20	166	290	148	46	243	225	100	150	265	269	291	247	118	173	299	113	279	116	132	258	236	133	## Tournée 22
248	186	145	135	129	95	200	242	56	76	72	272	222	19	39	273	214	86	29	73	152	183	24	32	108	280	79	275	93	## Tournée 23
240	71	14	253	67	7	17	246	238	261	6	16	110	48	284	260	47	285	206	181	244	65	## Tournée 24
131	## Tournée 25
