154247	## Somme des retards
550	## Temps CPU (millisecondes)
224	123	214	63	5	16	22	244	21	115	204	81	41	6	133	232	172	94	35	25	92	91	14	156	155	76	78	184	113	86	189	227	151	96	3	38	163	243	80	167	149	179	13	186	154	58	140	79	124	203	181	108	2	67	222	160	9	119	53	17	242	128	237	1	134	217	54	171	231	162	77	20	87	104	23	198	118	209	207	66	61	74	110	106	46	145	165	117	102	188	185	220	72	39	42	90	55	4	168	83	19	70	213	127	195	236	215	158	210	82	105	107	191	166	249	137	146	235	161	239	206	10	241	36	194	121	229	88	196	103	32	200	182	138	101	48	89	197	246	141	59	27	57	192	183	97	136	64	233	8	169	122	176	247	75	125	45	180	212	216	47	143	68	71	159	18	114	226	24	201	85	29	147	221	248	116	170	142	129	208	230	130	40	131	69	223	31	132	111	15	164	11	95	234	205	99	178	60	33	49	26	240	218	65	98	7	228	190	152	43	62	157	126	30	153	144	173	135	112	100	12	44	93	174	56	193	202	175	37	109	211	187	199	73	84	250	34	50	148	28	52	150	51	219	120	245	139	225	238	177	## Ordonnancement
23	## Nombre de tournées
1	1	1	2	2	3	6	4	8	7	11	12	14	13	13	19	21	22	23	23	20	15	9	## Nombre de sites par tournée
224	## Tournée 1
123	## Tournée 2
214	## Tournée 3
5	63	## Tournée 4
16	22	## Tournée 5
115	244	21	## Tournée 6
6	133	232	204	41	81	## Tournée 7
25	35	172	94	## Tournée 8
184	76	92	14	91	155	156	78	## Tournée 9
86	96	113	3	189	151	227	## Tournée 10
163	167	80	13	154	38	186	58	179	243	149	## Tournée 11
108	9	203	124	140	181	79	160	119	2	67	222	## Tournée 12
53	77	20	162	171	17	242	1	237	217	231	134	128	54	## Tournée 13
46	23	207	104	118	198	66	74	106	87	61	209	110	## Tournée 14
220	185	42	102	188	4	39	72	165	55	145	90	117	## Tournée 15
70	210	19	213	168	82	249	195	236	105	146	158	191	107	166	137	83	127	215	## Tournée 16
121	239	206	48	103	235	182	138	161	194	32	36	89	241	229	101	10	196	200	88	197	## Tournée 17
97	180	176	8	169	216	246	75	136	212	122	45	183	64	141	57	27	247	192	59	233	125	## Tournée 18
47	230	129	24	18	159	147	221	116	170	130	201	68	143	248	29	226	208	85	40	114	142	71	## Tournée 19
131	69	33	49	31	223	99	178	111	164	60	98	218	11	95	26	15	132	240	205	65	234	7	## Tournée 20
100	228	44	112	93	152	153	174	12	135	56	30	144	43	193	157	62	126	173	190	## Tournée 21
109	28	187	199	202	50	250	34	84	37	211	73	52	148	175	## Tournée 22
225	245	238	177	120	51	139	150	219	## Tournée 23
