117648	## Somme des retards
430	## Temps CPU (millisecondes)
131	141	94	220	24	69	238	127	144	176	10	164	68	159	52	115	53	31	30	42	93	149	134	39	108	4	3	161	145	85	84	177	239	103	152	123	60	245	27	61	158	235	189	200	179	217	50	82	48	23	208	206	124	210	183	198	148	213	224	147	17	218	169	246	219	11	191	216	6	49	229	87	37	83	125	211	72	55	110	196	1	56	156	150	221	143	101	121	168	241	63	250	199	100	204	178	86	139	130	214	202	126	187	57	67	5	96	76	25	51	46	215	172	248	205	247	181	120	227	65	28	133	119	47	35	232	142	237	89	138	165	222	186	26	170	44	188	73	104	43	22	184	14	166	203	64	116	226	92	242	228	12	38	21	223	71	154	173	77	54	163	111	240	91	29	231	225	135	136	193	79	137	40	185	114	15	153	45	62	117	207	88	112	98	113	33	81	106	249	95	194	234	151	102	80	190	2	230	128	171	146	192	8	132	109	175	180	32	18	13	74	58	66	7	167	41	90	182	201	36	105	243	16	78	19	157	174	233	99	34	107	70	236	118	160	75	197	155	212	9	209	129	162	20	59	244	140	122	195	97	## Ordonnancement
23	## Nombre de tournées
1	2	1	1	2	3	2	5	6	8	9	12	14	15	20	18	16	24	22	22	26	17	4	## Nombre de sites par tournée
131	## Tournée 1
141	94	## Tournée 2
220	## Tournée 3
24	## Tournée 4
69	238	## Tournée 5
144	127	176	## Tournée 6
10	164	## Tournée 7
52	53	159	115	68	## Tournée 8
93	31	42	149	134	30	## Tournée 9
145	39	108	4	84	161	85	3	## Tournée 10
177	103	60	27	152	61	245	239	123	## Tournée 11
158	217	206	208	50	189	235	23	200	48	179	82	## Tournée 12
11	183	147	210	198	219	148	169	246	218	17	124	213	224	## Tournée 13
83	55	87	37	1	216	191	49	110	211	125	6	196	72	229	## Tournée 14
202	204	168	143	241	121	214	250	150	139	63	100	199	221	56	156	86	101	178	130	## Tournée 15
187	5	248	181	76	205	247	172	57	215	25	46	126	67	96	120	227	51	## Tournée 16
142	232	138	165	26	119	133	35	47	186	28	89	222	170	65	237	## Tournée 17
116	77	173	73	223	104	154	242	21	226	92	184	12	14	43	203	22	188	64	71	38	44	228	166	## Tournée 18
135	231	111	163	54	117	40	137	240	15	153	185	225	29	45	79	136	91	62	207	114	193	## Tournée 19
171	151	81	128	249	192	146	98	190	80	2	194	8	88	234	230	102	106	113	95	33	112	## Tournée 20
36	157	41	182	201	58	132	180	16	174	7	74	243	66	32	78	175	18	13	109	99	90	233	105	19	167	## Tournée 21
118	20	212	9	75	155	162	197	70	107	34	160	129	209	236	244	59	## Tournée 22
97	122	195	140	## Tournée 23
