78104	## Somme des retards
320	## Temps CPU (millisecondes)
37	29	129	205	160	213	53	79	71	88	50	207	102	124	204	212	228	128	226	196	47	134	171	140	146	172	151	11	101	173	76	30	43	132	206	166	68	223	158	200	94	38	81	98	169	49	126	162	13	227	152	229	238	119	231	164	175	27	125	72	42	216	35	104	210	153	149	176	161	147	135	235	143	199	89	103	159	34	16	107	19	7	51	209	48	121	246	75	54	6	74	133	36	2	55	33	73	14	122	215	163	203	225	156	211	64	198	40	57	155	232	179	190	117	41	25	243	97	62	83	118	183	65	4	197	77	142	248	181	178	67	21	145	154	1	193	230	84	95	31	137	61	78	93	116	18	233	234	23	189	12	112	217	150	111	245	99	239	56	39	240	224	96	63	236	170	115	191	250	66	208	100	237	249	131	70	92	85	120	180	20	219	80	59	113	192	44	22	130	139	46	165	241	201	60	247	108	86	214	91	127	17	138	168	26	32	144	182	188	28	221	194	202	24	186	52	218	69	195	15	110	109	148	141	244	8	242	174	136	167	10	3	157	5	114	220	90	45	9	222	58	187	106	184	185	87	82	177	123	105	## Ordonnancement
19	## Nombre de tournées
3	3	4	7	7	9	10	12	14	16	15	18	18	20	20	28	23	16	7	## Nombre de sites par tournée
129	29	37	## Tournée 1
160	213	205	## Tournée 2
79	88	71	53	## Tournée 3
102	207	124	212	228	204	50	## Tournée 4
226	140	134	128	171	196	47	## Tournée 5
43	146	151	76	101	11	172	173	30	## Tournée 6
68	158	206	166	94	200	81	132	223	38	## Tournée 7
119	162	227	238	98	126	231	169	13	49	152	229	## Tournée 8
149	72	176	42	125	164	216	153	27	35	161	104	210	175	## Tournée 9
107	209	147	143	16	48	89	135	103	51	199	34	7	19	159	235	## Tournée 10
215	2	55	133	6	14	246	33	74	121	36	54	75	122	73	## Tournée 11
155	41	57	190	179	232	211	40	225	198	156	203	243	117	64	97	163	25	## Tournée 12
21	65	248	197	1	118	142	178	77	183	181	4	145	83	193	154	67	62	## Tournée 13
93	112	116	31	234	23	230	217	233	84	245	95	150	189	137	12	111	61	78	18	## Tournée 14
115	70	191	236	131	208	96	237	249	66	224	240	63	39	170	56	250	239	100	99	## Tournée 15
201	60	241	192	80	46	139	130	44	180	108	168	247	138	86	113	219	85	20	127	17	59	120	165	22	92	91	214	## Tournée 16
69	15	8	141	188	109	144	24	110	202	26	52	244	186	221	194	148	195	32	242	28	182	218	## Tournée 17
58	9	157	10	136	5	45	174	167	3	106	114	90	220	222	187	## Tournée 18
123	82	184	185	177	105	87	## Tournée 19
