120510	## Somme des retards
220	## Temps CPU (millisecondes)
55	49	122	35	148	128	103	91	89	25	3	40	142	43	121	129	115	66	144	26	137	36	69	10	118	13	102	37	65	39	140	71	20	74	119	62	27	12	50	78	93	47	11	95	28	53	110	112	1	106	99	113	44	105	7	72	109	143	131	2	68	116	133	125	33	42	141	5	127	29	70	81	94	64	126	51	14	54	59	32	146	86	73	111	57	24	61	97	124	150	130	21	15	134	52	96	132	4	136	100	45	145	34	8	149	6	88	108	19	85	60	135	17	67	16	139	9	38	104	22	147	18	30	46	80	83	107	48	76	90	63	117	138	58	123	114	56	101	23	77	98	79	31	120	87	41	82	84	75	92	## Ordonnancement
20	## Nombre de tournées
1	1	2	3	3	5	5	4	8	6	10	10	11	12	14	18	18	13	5	1	## Nombre de sites par tournée
55	## Tournée 1
49	## Tournée 2
35	122	## Tournée 3
128	148	103	## Tournée 4
91	25	89	## Tournée 5
142	40	121	43	3	## Tournée 6
144	129	26	66	115	## Tournée 7
10	36	69	137	## Tournée 8
37	140	13	118	71	65	39	102	## Tournée 9
74	12	20	62	119	27	## Tournée 10
112	28	78	53	11	50	95	110	47	93	## Tournée 11
7	44	99	143	106	1	113	109	72	105	## Tournée 12
33	127	42	133	131	125	5	68	2	141	116	## Tournée 13
146	126	29	70	54	51	94	81	59	64	14	32	## Tournée 14
24	86	61	111	134	15	97	150	124	52	130	57	21	73	## Tournée 15
132	4	19	85	88	145	135	8	34	45	96	149	100	108	17	136	60	6	## Tournée 16
22	107	90	18	9	104	83	67	16	80	147	30	76	63	46	38	139	48	## Tournée 17
120	114	123	77	138	58	98	101	31	56	23	117	79	## Tournée 18
82	41	75	84	87	## Tournée 19
92	## Tournée 20
