326604	## Somme des retards
2020	## Temps CPU (millisecondes)
272	67	293	178	200	227	33	30	190	228	31	292	165	69	50	230	45	73	164	181	295	97	223	209	158	133	277	243	72	129	123	249	288	16	285	37	92	80	10	241	191	82	83	252	17	38	126	173	100	8	204	183	107	251	245	136	176	110	19	120	153	284	282	189	6	47	247	275	170	235	205	119	138	24	186	210	198	225	85	213	54	149	246	3	159	248	219	177	70	270	105	232	297	172	84	1	116	168	102	32	57	163	65	63	155	269	113	142	262	104	187	2	26	160	52	96	114	23	103	211	28	108	161	48	197	162	62	125	242	231	75	90	131	59	127	256	14	79	66	294	43	78	196	106	289	146	35	195	254	151	81	13	9	280	15	218	179	144	236	203	74	240	77	27	296	29	132	278	112	194	221	93	61	273	226	229	299	217	258	174	40	171	21	199	141	145	202	279	44	22	53	216	265	130	88	253	55	281	167	115	157	60	259	180	264	276	134	201	154	95	214	101	111	185	150	283	121	267	182	18	220	51	152	139	239	291	4	89	137	215	56	238	128	46	212	193	11	71	271	25	117	12	287	156	222	68	20	290	7	261	87	58	257	98	207	255	39	34	268	109	300	184	76	42	263	286	208	36	188	206	143	99	224	234	166	124	147	118	298	192	250	140	260	244	237	175	135	148	64	94	233	86	169	5	41	91	122	274	49	266	## Ordonnancement
25	## Nombre de tournées
1	2	2	2	3	4	7	7	9	10	7	12	12	15	14	20	19	19	20	26	26	24	22	14	3	## Nombre de sites par tournée
272	## Tournée 1
67	293	## Tournée 2
178	200	## Tournée 3
33	227	## Tournée 4
228	190	30	## Tournée 5
69	292	165	31	## Tournée 6
230	295	50	73	181	164	45	## Tournée 7
209	97	133	158	243	223	277	## Tournée 8
123	92	288	249	16	129	37	72	285	## Tournée 9
82	17	80	38	83	241	10	126	252	191	## Tournée 10
100	173	251	8	204	107	183	## Tournée 11
189	176	120	245	284	136	110	6	47	19	153	282	## Tournée 12
275	235	24	198	186	205	138	225	119	247	170	210	## Tournée 13
246	105	219	85	159	177	149	232	54	213	3	297	270	70	248	## Tournée 14
65	155	63	168	1	113	57	172	32	102	163	269	84	116	## Tournée 15
104	161	23	114	197	62	103	26	28	160	142	48	187	52	2	211	162	262	108	96	## Tournée 16
43	59	66	79	90	294	78	256	131	242	75	14	196	231	289	125	146	106	127	## Tournée 17
203	74	9	254	179	195	77	35	27	81	240	218	280	13	296	144	236	151	15	## Tournée 18
141	93	221	217	299	273	229	226	258	194	29	171	61	112	40	132	199	174	21	278	## Tournée 19
202	22	264	216	115	259	167	281	60	201	44	55	265	53	276	214	130	180	279	88	253	95	145	134	157	154	## Tournée 20
283	139	89	267	46	193	128	185	212	56	111	18	152	239	137	238	150	11	4	51	220	182	101	291	215	121	## Tournée 21
109	98	20	39	156	71	290	261	117	87	257	207	12	34	222	68	7	287	268	58	25	271	300	255	## Tournée 22
76	140	184	192	298	147	250	36	188	263	99	208	206	143	118	42	234	124	166	260	224	286	## Tournée 23
122	41	244	91	94	237	175	233	148	169	135	86	64	5	## Tournée 24
49	266	274	## Tournée 25
