339718	## Somme des retards
410	## Temps CPU (millisecondes)
54	234	20	168	95	161	230	222	223	241	163	103	9	43	130	112	201	173	27	30	99	198	235	247	117	150	250	220	180	100	56	63	48	59	195	246	1	147	53	78	32	152	141	120	83	40	10	24	139	153	134	144	18	96	233	26	38	33	135	69	231	186	236	158	200	52	226	6	28	71	178	206	190	211	177	25	210	165	72	156	138	123	229	41	184	127	2	70	169	3	11	131	125	19	188	155	170	243	55	242	228	67	74	50	85	151	75	60	143	124	98	215	36	79	216	115	118	181	185	121	49	82	128	45	7	248	57	207	171	237	136	44	197	122	213	102	81	17	175	97	29	39	13	162	15	91	148	146	88	108	16	51	34	92	199	114	218	196	101	116	21	37	89	65	133	107	208	31	132	203	239	232	142	106	224	209	76	245	84	167	172	164	182	12	154	194	192	77	110	22	189	105	204	93	8	240	87	160	90	126	174	73	227	219	217	140	109	214	238	119	4	35	176	137	145	64	23	94	66	61	159	149	80	191	104	129	157	225	14	212	205	46	179	113	221	202	62	47	42	249	111	5	193	166	58	86	187	68	244	183	## Ordonnancement
25	## Nombre de tournées
2	1	2	2	2	4	4	4	8	6	8	8	10	13	15	15	17	20	17	21	22	22	20	6	1	## Nombre de sites par tournée
54	234	## Tournée 1
20	## Tournée 2
95	168	## Tournée 3
230	161	## Tournée 4
222	223	## Tournée 5
163	103	241	9	## Tournée 6
112	201	43	130	## Tournée 7
27	173	30	99	## Tournée 8
150	198	250	247	220	235	180	117	## Tournée 9
195	48	59	56	63	100	## Tournée 10
53	78	141	246	32	152	1	147	## Tournée 11
139	120	40	153	24	83	10	134	## Tournée 12
233	26	96	144	69	231	18	33	135	38	## Tournée 13
52	178	186	200	28	6	226	211	206	71	158	236	190	## Tournée 14
165	138	169	70	210	72	25	127	229	123	156	41	177	2	184	## Tournée 15
19	242	67	125	131	155	243	74	188	11	3	50	55	170	228	## Tournée 16
98	115	151	75	60	36	79	49	85	124	185	215	118	143	121	216	181	## Tournée 17
122	171	29	136	81	128	82	213	57	248	7	97	102	207	175	45	44	237	197	17	## Tournée 18
39	162	13	114	148	146	108	51	199	196	218	88	91	15	34	16	92	## Tournée 19
133	245	84	101	76	232	107	65	106	21	239	132	37	89	203	31	116	142	208	224	209	## Tournée 20
87	189	194	167	172	90	22	204	164	77	93	174	105	240	8	182	126	192	154	12	160	110	## Tournée 21
219	64	35	137	214	145	94	149	227	119	4	159	217	176	140	80	61	73	23	66	109	238	## Tournée 22
179	104	47	14	191	129	42	62	5	225	212	202	113	111	193	205	157	249	221	46	## Tournée 23
166	244	187	68	58	86	## Tournée 24
183	## Tournée 25
