134583	## Somme des retards
190	## Temps CPU (millisecondes)
28	15	64	125	183	161	25	165	10	196	129	45	56	19	126	77	36	185	70	176	163	76	170	84	102	48	21	147	111	143	199	103	50	172	137	23	117	110	180	78	12	53	152	107	168	157	75	112	144	156	105	40	47	113	127	11	89	81	62	177	120	41	2	118	39	181	37	44	61	188	60	108	200	155	67	73	96	13	151	35	26	92	162	178	187	158	189	169	83	34	149	69	9	99	87	101	91	82	54	171	142	135	14	148	30	38	49	90	20	6	130	65	68	93	182	63	55	46	119	138	94	184	8	66	141	115	22	32	146	109	86	159	193	52	104	1	136	150	116	139	16	192	124	154	131	140	17	164	160	175	197	133	29	4	121	128	79	42	194	27	51	18	153	195	59	98	100	186	198	31	179	88	166	167	7	43	134	95	114	58	80	85	145	122	57	33	24	74	72	106	190	174	132	123	71	191	173	3	97	5	## Ordonnancement
20	## Nombre de tournées
2	2	2	3	4	6	5	6	8	11	8	13	11	17	16	21	23	23	15	4	## Nombre de sites par tournée
15	28	## Tournée 1
125	64	## Tournée 2
161	183	## Tournée 3
10	25	165	## Tournée 4
45	196	129	56	## Tournée 5
36	70	19	77	185	126	## Tournée 6
176	163	170	84	76	## Tournée 7
102	111	147	143	21	48	## Tournée 8
199	23	103	137	117	50	110	172	## Tournée 9
78	152	75	107	12	168	180	144	112	53	157	## Tournée 10
47	113	127	40	89	11	156	105	## Tournée 11
37	39	118	62	61	177	120	181	2	41	81	44	188	## Tournée 12
151	73	67	13	200	35	60	108	26	155	96	## Tournée 13
92	101	83	87	149	69	9	34	162	169	82	187	99	178	158	189	91	## Tournée 14
148	130	171	68	20	93	54	135	142	38	6	65	49	90	14	30	## Tournée 15
8	119	141	86	138	32	104	94	66	52	184	63	193	182	55	115	159	146	46	22	109	## Tournée 16
42	79	16	140	128	4	1	136	29	139	17	197	116	121	131	124	150	133	164	175	154	160	192	## Tournée 17
51	88	98	167	179	18	31	198	80	100	166	194	134	59	58	43	195	153	186	7	114	95	27	## Tournée 18
122	24	85	33	72	123	191	132	106	145	174	57	190	71	74	## Tournée 19
3	5	173	97	## Tournée 20
