278066	## Somme des retards
4294966242	## Temps CPU (millisecondes)
202	28	27	160	62	16	101	112	36	162	241	4	22	293	110	273	286	70	61	166	172	182	269	8	267	137	10	221	96	206	95	161	259	233	277	234	252	213	124	258	13	125	151	218	219	271	242	254	43	150	1	40	289	154	46	106	197	113	139	64	210	226	155	126	20	185	180	222	245	251	31	268	236	196	94	38	153	60	146	99	257	283	191	75	297	187	5	24	186	90	287	39	41	250	190	71	208	178	138	9	174	86	18	122	276	92	93	156	76	144	249	171	295	192	55	118	87	228	195	111	199	255	7	57	152	294	32	263	21	246	216	285	74	25	281	291	50	240	274	121	23	80	232	133	181	128	299	290	169	72	82	238	217	239	79	189	51	53	35	177	68	280	188	282	264	17	248	109	143	164	266	284	81	198	66	212	15	261	37	135	85	97	14	48	67	11	52	272	88	205	6	247	204	115	220	170	229	209	184	149	104	119	33	176	107	142	83	141	147	19	89	298	114	148	98	12	30	103	296	134	117	47	140	58	227	173	34	214	136	193	157	29	275	65	2	203	179	49	145	256	127	54	235	44	230	167	175	73	223	262	130	163	42	59	211	278	265	123	225	3	215	45	270	120	84	69	102	300	237	292	224	168	77	26	201	260	78	159	279	129	100	158	244	132	194	288	56	231	243	63	165	131	207	116	108	105	183	200	253	91	## Ordonnancement
25	## Nombre de tournées
1	2	4	2	3	5	9	7	9	12	13	14	14	18	15	19	23	20	23	24	20	19	12	8	4	## Nombre de sites par tournée
202	## Tournée 1
27	28	## Tournée 2
101	16	160	62	## Tournée 3
112	36	## Tournée 4
162	4	241	## Tournée 5
273	110	286	22	293	## Tournée 6
70	269	172	137	182	166	267	8	61	## Tournée 7
259	161	221	95	10	96	206	## Tournée 8
252	13	234	125	124	277	213	258	233	## Tournée 9
1	150	151	40	218	271	154	289	242	254	219	43	## Tournée 10
113	185	20	46	64	226	106	126	180	155	197	139	210	## Tournée 11
99	245	222	196	94	153	236	268	251	257	31	38	60	146	## Tournée 12
39	186	41	24	75	250	187	191	90	287	283	297	5	190	## Tournée 13
76	138	93	9	276	208	144	171	122	295	174	249	156	178	71	86	18	92	## Tournée 14
195	192	152	263	111	294	255	57	7	199	32	228	55	118	87	## Tournée 15
121	246	50	299	274	281	216	240	232	285	25	74	80	181	133	21	291	23	128	## Tournée 16
188	68	238	248	239	72	35	177	169	282	189	53	109	51	79	82	217	280	143	164	264	17	290	## Tournée 17
198	52	88	284	66	67	272	15	266	48	14	97	205	85	11	212	261	135	81	37	## Tournée 18
204	107	209	184	220	176	247	19	149	119	83	298	229	89	33	147	170	142	114	115	6	104	141	## Tournée 19
296	98	157	140	103	134	34	227	173	179	148	65	47	275	117	2	12	203	58	214	193	30	29	136	## Tournée 20
211	73	42	49	127	262	278	175	145	54	163	59	167	235	130	44	230	256	265	223	## Tournée 21
215	77	270	168	102	123	300	225	201	237	84	45	292	26	69	3	120	224	260	## Tournée 22
288	159	132	158	244	100	231	56	129	78	279	194	## Tournée 23
108	116	207	105	243	63	131	165	## Tournée 24
91	253	200	183	## Tournée 25
