103484	## Somme des retards
340	## Temps CPU (millisecondes)
12	104	183	137	51	229	262	76	136	16	97	245	143	71	40	293	7	298	86	214	138	132	141	110	252	109	146	184	198	277	266	273	157	181	202	274	127	195	119	60	50	68	43	101	128	250	111	95	285	94	63	5	13	155	106	246	26	151	226	32	241	244	209	216	166	254	73	162	164	114	65	255	231	280	27	92	79	160	102	291	191	249	14	89	107	147	188	295	176	201	290	213	275	85	57	203	158	296	276	24	83	292	1	205	96	30	204	117	125	4	232	108	9	123	287	82	279	237	197	45	135	163	186	144	131	265	142	99	113	91	41	145	156	236	234	105	170	88	168	185	208	178	80	8	37	67	207	10	21	173	2	59	240	74	52	272	84	190	271	212	152	25	182	98	218	268	257	289	22	270	282	210	283	247	300	33	93	31	256	211	161	169	180	23	194	118	124	62	189	115	47	49	206	269	224	28	58	179	6	81	172	177	139	29	215	297	56	133	258	288	149	238	261	34	174	126	90	140	253	18	154	3	175	294	36	150	264	165	192	42	72	267	55	35	171	11	159	281	228	66	54	233	77	242	121	284	103	134	148	17	153	15	122	299	286	78	196	217	278	220	251	69	239	87	130	19	222	187	44	70	235	112	263	227	230	64	260	100	221	116	223	20	167	129	219	48	243	46	61	225	259	120	53	248	39	199	75	200	38	193	## Ordonnancement
21	## Nombre de tournées
3	1	2	4	7	7	7	9	13	14	14	17	17	24	21	22	24	29	31	28	6	## Nombre de sites par tournée
104	12	183	## Tournée 1
137	## Tournée 2
51	229	## Tournée 3
262	76	16	136	## Tournée 4
7	40	245	71	143	293	97	## Tournée 5
110	141	138	86	298	214	132	## Tournée 6
198	109	252	277	146	266	184	## Tournée 7
195	60	274	273	157	181	127	119	202	## Tournée 8
285	50	63	128	68	95	250	13	43	111	94	101	5	## Tournée 9
246	155	26	32	151	166	226	244	73	216	254	241	209	106	## Tournée 10
164	114	191	102	92	231	160	255	291	79	162	280	27	65	## Tournée 11
201	296	176	213	107	275	85	203	290	57	89	295	249	147	188	158	14	## Tournée 12
24	83	1	276	205	125	9	4	108	96	117	123	232	287	292	30	204	## Tournée 13
135	131	234	91	99	113	236	88	142	197	163	168	105	279	41	45	237	145	144	82	156	186	170	265	## Tournée 14
59	52	21	67	212	272	185	190	8	178	208	2	10	173	240	80	271	74	207	37	84	## Tournée 15
210	93	289	256	22	270	268	98	31	161	211	247	182	283	25	33	300	282	152	257	169	218	## Tournée 16
49	62	28	81	179	172	206	269	189	47	297	23	6	115	118	58	29	194	215	124	224	180	139	177	## Tournée 17
18	175	149	264	261	192	165	56	294	72	34	154	238	55	42	133	258	267	3	288	174	140	35	90	36	171	150	253	126	## Tournée 18
77	217	239	103	122	121	159	278	78	148	233	66	284	130	11	15	153	220	196	134	242	299	251	54	228	286	69	19	281	17	87	## Tournée 19
187	70	260	116	100	219	44	61	167	248	20	120	46	48	230	53	112	222	225	259	263	64	243	223	235	221	129	227	## Tournée 20
193	38	75	39	199	200	## Tournée 21
