280455	## Somme des retards
240	## Temps CPU (millisecondes)
197	66	30	147	184	39	58	97	17	98	64	137	126	152	20	7	9	242	249	165	172	110	239	76	175	151	81	188	178	204	35	53	87	211	138	79	220	62	16	185	134	31	171	34	128	227	111	207	32	230	73	195	193	13	234	170	95	6	119	102	225	201	10	141	208	180	93	156	45	14	245	99	162	112	104	84	25	136	59	24	163	54	88	44	29	209	72	158	221	69	200	146	67	219	206	224	117	144	169	114	229	166	78	181	15	55	107	189	205	92	223	23	11	4	61	217	210	215	145	52	202	214	121	237	5	47	125	216	22	176	233	50	248	49	91	132	236	173	86	159	143	57	43	177	123	3	187	142	160	247	191	124	46	135	222	164	33	153	183	167	70	40	127	168	94	106	238	60	241	140	130	18	38	105	133	116	231	90	65	82	8	131	194	192	51	182	199	190	213	129	212	63	250	101	21	155	179	2	150	42	139	149	203	12	85	240	56	232	100	28	77	157	198	174	148	120	1	118	226	243	71	89	196	235	96	161	19	154	41	26	109	103	246	122	27	244	36	68	37	115	218	74	186	80	48	113	83	75	228	108	## Ordonnancement
23	## Nombre de tournées
1	2	1	3	3	4	5	6	12	9	10	11	13	15	15	19	18	20	22	20	23	16	2	## Nombre de sites par tournée
197	## Tournée 1
66	30	## Tournée 2
147	## Tournée 3
184	39	58	## Tournée 4
17	98	97	## Tournée 5
137	126	152	64	## Tournée 6
249	20	9	7	242	## Tournée 7
175	239	76	172	110	165	## Tournée 8
79	35	53	204	87	178	81	220	211	188	151	138	## Tournée 9
227	62	31	128	34	185	16	134	171	## Tournée 10
195	230	193	32	207	111	234	170	13	73	## Tournée 11
141	102	180	95	208	93	225	6	10	119	201	## Tournée 12
156	136	112	245	84	99	59	162	14	45	24	104	25	## Tournée 13
200	72	221	69	29	44	88	219	209	158	146	163	54	206	67	## Tournée 14
114	229	55	78	181	205	224	169	166	144	15	117	189	92	107	## Tournée 15
11	237	223	214	61	217	47	52	23	210	202	125	4	215	216	22	5	121	145	## Tournée 16
49	159	123	233	86	3	143	177	91	187	132	50	173	176	236	43	248	57	## Tournée 17
46	222	124	168	160	135	94	238	106	191	70	183	164	167	153	127	247	40	142	33	## Tournée 18
192	90	194	18	60	190	199	131	65	51	140	130	38	213	133	8	82	182	116	241	231	105	## Tournée 19
2	21	42	149	100	85	150	56	212	129	250	232	139	179	155	203	12	63	240	101	## Tournée 20
26	41	19	198	226	243	109	174	28	157	96	154	235	120	89	118	1	77	148	71	103	196	161	## Tournée 21
218	74	80	75	122	27	246	186	113	36	83	244	68	115	48	37	## Tournée 22
108	228	## Tournée 23
