89537	## Somme des retards
110	## Temps CPU (millisecondes)
22	138	127	74	109	101	50	139	142	34	123	45	117	81	112	71	68	116	3	99	118	131	57	2	43	13	77	26	1	51	143	114	128	149	124	105	73	29	66	37	60	108	39	27	65	144	93	31	120	125	140	136	132	90	126	80	67	102	19	21	35	33	76	36	95	137	42	92	82	11	122	58	91	97	46	25	113	41	106	86	12	24	16	6	10	55	64	115	107	38	94	47	83	134	7	56	145	96	104	78	129	141	8	30	146	100	69	88	61	20	5	14	147	110	103	59	89	53	18	49	15	17	9	98	32	54	75	87	23	52	28	135	111	72	148	130	48	85	119	70	84	4	44	40	62	63	133	150	121	79	## Ordonnancement
17	## Nombre de tournées
2	1	3	4	7	7	5	8	9	12	13	12	14	15	18	18	2	## Nombre de sites par tournée
22	138	## Tournée 1
127	## Tournée 2
74	109	101	## Tournée 3
139	142	34	50	## Tournée 4
81	71	117	68	45	112	123	## Tournée 5
2	118	99	57	3	131	116	## Tournée 6
77	1	43	26	13	## Tournée 7
143	114	73	128	149	51	124	105	## Tournée 8
39	144	29	108	65	66	27	37	60	## Tournée 9
31	80	102	125	136	132	140	67	90	93	126	120	## Tournée 10
137	35	122	92	11	82	36	33	95	76	21	42	19	## Tournée 11
16	25	91	46	113	106	86	12	24	58	41	97	## Tournée 12
115	64	94	10	7	83	56	47	38	55	6	145	134	107	## Tournée 13
100	20	88	5	96	146	30	8	69	129	104	14	141	78	61	## Tournée 14
110	52	49	87	9	147	18	59	23	32	89	75	54	15	17	103	53	98	## Tournée 15
133	85	4	135	40	72	28	150	62	119	148	44	63	84	70	130	48	111	## Tournée 16
79	121	## Tournée 17
