203224	## Somme des retards
300	## Temps CPU (millisecondes)
104	193	128	77	190	26	78	194	23	171	25	110	191	59	146	45	66	97	125	63	76	116	119	20	92	184	11	122	14	178	40	177	180	145	172	120	179	10	51	112	141	157	70	198	18	90	47	183	138	41	175	79	136	168	151	189	7	139	134	163	135	131	91	162	123	65	186	58	149	129	169	144	196	30	50	94	24	17	197	161	3	155	133	42	182	96	82	108	140	127	19	52	33	73	154	126	98	95	100	57	29	159	174	158	60	44	81	22	43	2	160	164	114	31	38	109	53	156	21	9	195	102	150	88	15	101	46	68	188	124	35	148	130	56	200	113	28	181	107	192	8	49	173	87	72	34	147	69	32	75	143	121	142	27	61	37	54	105	117	16	74	93	6	132	48	166	137	185	36	170	153	187	115	176	99	55	89	67	13	83	64	152	80	71	199	84	62	118	103	111	106	5	165	1	12	39	86	167	85	4	## Ordonnancement
21	## Nombre de tournées
3	2	2	2	3	3	5	7	8	9	8	13	11	15	13	16	19	20	20	16	5	## Nombre de sites par tournée
193	104	128	## Tournée 1
190	77	## Tournée 2
78	26	## Tournée 3
23	194	## Tournée 4
25	171	110	## Tournée 5
191	146	59	## Tournée 6
97	125	45	63	66	## Tournée 7
11	119	20	116	92	184	76	## Tournée 8
145	178	14	172	177	180	122	40	## Tournée 9
70	179	51	157	198	10	141	120	112	## Tournée 10
47	79	138	183	90	175	41	18	## Tournée 11
131	7	91	162	134	136	123	135	163	168	151	139	189	## Tournée 12
149	169	58	129	186	144	50	65	196	30	94	## Tournée 13
42	17	82	108	96	3	140	197	133	161	24	155	182	127	19	## Tournée 14
126	158	154	29	100	73	52	159	57	174	98	33	95	## Tournée 15
21	44	22	81	160	114	109	9	164	38	156	43	60	31	53	2	## Tournée 16
101	88	200	68	15	102	195	130	188	56	46	150	181	28	124	148	35	107	113	## Tournée 17
192	54	121	37	49	75	61	32	105	117	142	8	34	72	143	173	69	27	87	147	## Tournée 18
55	13	99	93	137	36	48	153	176	74	187	89	170	115	185	16	132	67	166	6	## Tournée 19
165	103	80	62	64	5	12	199	83	106	111	71	152	118	1	84	## Tournée 20
86	39	85	4	167	## Tournée 21
