143558	## Somme des retards
520	## Temps CPU (millisecondes)
25	234	36	144	197	191	4	167	1	112	111	156	75	145	244	102	62	50	160	185	122	218	177	199	198	51	18	21	181	193	97	140	188	60	107	241	131	165	221	168	40	67	126	146	247	133	106	232	52	237	33	113	80	223	47	123	58	42	9	225	205	208	71	37	190	153	73	83	43	134	53	103	138	203	88	90	78	154	136	148	176	183	55	20	130	31	173	135	3	35	66	7	204	215	124	172	219	220	226	77	29	245	105	93	235	72	161	27	212	115	84	26	202	45	194	14	227	210	182	98	246	159	250	163	114	158	187	76	8	54	68	41	119	164	206	170	48	192	229	121	5	132	214	228	56	104	147	224	100	108	16	155	213	243	57	175	249	34	137	195	200	32	10	120	15	117	143	141	150	238	139	17	87	86	89	2	44	142	222	169	189	82	110	178	125	211	231	129	248	28	180	201	151	157	184	59	70	24	236	38	30	216	81	118	116	64	196	101	74	13	39	152	166	99	96	239	12	128	179	22	46	49	174	209	186	217	171	127	65	230	79	94	162	63	11	240	207	91	149	19	95	242	61	69	233	92	109	6	85	23	## Ordonnancement
21	## Nombre de tournées
4	4	4	4	4	7	7	8	8	12	16	13	15	18	20	21	25	23	23	12	2	## Nombre de sites par tournée
234	144	36	25	## Tournée 1
191	4	167	197	## Tournée 2
1	111	156	112	## Tournée 3
102	244	75	145	## Tournée 4
185	50	160	62	## Tournée 5
51	18	177	199	198	218	122	## Tournée 6
181	21	140	60	188	193	97	## Tournée 7
241	67	221	165	131	168	107	40	## Tournée 8
106	232	247	52	133	126	237	146	## Tournée 9
113	33	9	223	80	205	42	123	208	225	58	47	## Tournée 10
73	90	190	37	134	138	88	153	154	71	203	103	83	43	78	53	## Tournée 11
176	55	135	136	183	148	31	20	3	130	35	66	173	## Tournée 12
105	72	7	220	235	172	204	77	226	215	93	245	29	219	124	## Tournée 13
84	182	210	194	45	227	26	27	250	202	115	98	163	14	161	159	246	212	## Tournée 14
8	170	114	132	164	5	214	192	158	121	119	54	228	229	41	187	206	68	76	48	## Tournée 15
57	243	104	200	249	155	120	213	16	100	195	224	56	34	108	10	175	137	15	32	147	## Tournée 16
248	150	82	86	139	89	117	28	143	238	169	222	178	211	141	125	189	142	231	17	110	2	129	87	44	## Tournée 17
64	101	157	196	152	70	74	13	166	39	30	116	59	184	151	180	38	81	24	201	118	236	216	## Tournée 18
171	230	174	217	186	96	12	94	162	127	99	65	49	128	240	179	239	46	209	22	79	11	63	## Tournée 19
95	91	61	149	19	6	242	207	69	109	233	92	## Tournée 20
85	23	## Tournée 21
