44283	## Somme des retards
140	## Temps CPU (millisecondes)
86	114	99	129	69	138	27	103	134	147	119	133	128	42	95	97	25	108	56	105	30	19	132	57	15	14	82	111	63	62	29	89	24	81	120	135	8	96	87	130	137	78	113	67	64	124	33	93	55	94	123	79	71	40	127	17	88	4	150	125	85	80	91	148	54	45	9	36	83	115	145	101	11	49	104	5	140	118	10	110	16	32	84	35	28	75	122	131	48	20	77	21	37	100	73	112	70	22	66	136	39	146	46	38	59	98	90	12	41	107	102	76	144	142	92	47	58	7	53	1	109	26	143	141	74	149	44	3	13	18	34	61	51	126	2	6	116	65	68	72	60	52	31	43	23	106	50	121	117	139	## Ordonnancement
19	## Nombre de tournées
2	3	1	3	2	4	4	5	9	9	11	13	16	15	19	16	11	6	1	## Nombre de sites par tournée
114	86	## Tournée 1
69	99	129	## Tournée 2
138	## Tournée 3
103	134	27	## Tournée 4
119	147	## Tournée 5
128	95	42	133	## Tournée 6
108	25	56	97	## Tournée 7
30	132	19	57	105	## Tournée 8
63	111	89	14	62	15	29	82	24	## Tournée 9
130	96	81	120	137	87	8	135	78	## Tournée 10
93	94	113	55	33	71	64	79	124	123	67	## Tournée 11
148	91	80	17	127	40	88	4	150	125	54	85	45	## Tournée 12
10	115	104	16	110	9	83	11	140	145	36	49	101	32	5	118	## Tournée 13
35	122	100	37	84	77	21	20	48	70	112	73	28	131	75	## Tournée 14
12	92	41	66	90	39	47	46	142	98	136	38	76	59	146	102	144	22	107	## Tournée 15
3	26	143	149	34	58	53	18	61	109	7	1	74	141	13	44	## Tournée 16
72	65	116	126	52	2	51	68	60	6	31	## Tournée 17
50	23	117	43	106	121	## Tournée 18
139	## Tournée 19
