163440	## Somme des retards
160	## Temps CPU (millisecondes)
94	43	116	187	59	87	141	157	152	139	171	78	183	114	172	93	53	144	15	84	200	199	5	95	6	176	182	118	35	14	32	81	146	126	123	92	76	51	198	162	167	52	105	148	62	34	185	193	68	134	137	45	158	64	161	132	145	66	106	121	189	102	113	63	166	8	46	1	181	133	140	80	74	184	155	170	109	7	26	142	100	38	192	125	16	143	3	83	173	111	89	17	48	96	129	31	177	131	77	164	119	169	49	91	23	72	190	30	56	61	186	147	97	11	28	70	79	69	12	128	50	27	99	195	86	153	175	29	19	196	136	110	24	135	107	117	108	138	163	90	33	21	58	88	82	165	179	151	42	191	197	101	41	159	37	149	36	160	13	115	57	55	40	98	60	130	180	39	122	67	10	168	104	20	73	71	120	154	54	127	65	47	2	9	103	178	85	188	194	112	44	75	25	124	150	174	22	18	4	156	## Ordonnancement
20	## Nombre de tournées
1	3	3	3	2	4	5	6	8	8	10	12	15	16	18	19	19	23	16	9	## Nombre de sites par tournée
94	## Tournée 1
116	43	187	## Tournée 2
87	59	141	## Tournée 3
152	157	139	## Tournée 4
78	171	## Tournée 5
93	183	114	172	## Tournée 6
200	144	53	84	15	## Tournée 7
176	95	182	6	199	5	## Tournée 8
81	118	14	126	146	32	123	35	## Tournée 9
162	198	105	51	167	76	92	52	## Tournée 10
34	134	193	45	185	148	137	68	62	158	## Tournée 11
102	145	166	132	64	161	189	113	106	66	63	121	## Tournée 12
170	46	109	8	80	155	7	26	74	1	133	140	184	142	181	## Tournée 13
173	100	16	83	31	96	143	129	48	17	38	192	111	89	125	3	## Tournée 14
169	177	147	23	72	56	11	164	91	77	131	119	186	61	97	30	49	190	## Tournée 15
19	136	69	175	99	12	29	153	195	50	196	110	86	79	128	24	70	27	28	## Tournée 16
163	138	107	88	33	151	191	82	179	117	58	101	90	135	197	165	21	108	42	## Tournée 17
104	20	40	160	57	130	67	98	159	115	37	41	149	122	10	13	39	55	168	180	73	36	60	## Tournée 18
85	65	127	9	103	112	194	178	71	47	120	54	154	2	44	188	## Tournée 19
156	25	124	4	174	22	18	150	75	## Tournée 20
