157911	## Somme des retards
310	## Temps CPU (millisecondes)
190	84	131	168	26	31	146	23	21	101	185	109	193	138	127	150	6	195	49	41	62	77	175	37	18	2	144	133	1	121	180	28	98	8	9	167	48	166	151	159	79	197	114	92	157	169	97	108	152	93	53	107	78	91	105	88	81	34	147	96	171	80	198	14	74	173	123	191	176	83	85	182	90	66	7	82	33	187	113	118	38	12	27	99	104	130	142	24	145	128	56	76	155	54	46	116	120	194	50	179	51	106	117	10	103	58	184	200	47	44	15	111	5	196	188	36	132	87	177	29	136	94	119	52	65	143	126	135	122	124	170	162	160	125	115	153	141	39	55	89	68	158	69	25	32	22	40	86	95	189	11	16	75	192	72	59	172	164	110	57	4	100	30	134	178	3	137	129	42	17	156	67	102	61	165	112	186	45	199	140	148	19	13	161	35	163	43	174	63	181	70	71	139	20	60	154	183	64	149	73	## Ordonnancement
22	## Nombre de tournées
2	2	1	2	3	4	4	5	7	8	10	11	12	16	13	18	20	20	21	15	5	1	## Nombre de sites par tournée
84	190	## Tournée 1
131	168	## Tournée 2
26	## Tournée 3
31	146	## Tournée 4
23	21	101	## Tournée 5
185	138	193	109	## Tournée 6
195	127	150	6	## Tournée 7
49	41	175	62	77	## Tournée 8
144	121	1	18	37	133	2	## Tournée 9
8	167	48	180	28	9	166	98	## Tournée 10
97	151	114	92	157	159	79	197	108	169	## Tournée 11
147	152	78	93	105	88	91	53	81	107	34	## Tournée 12
96	83	14	85	176	171	123	74	80	198	191	173	## Tournée 13
142	12	182	33	7	90	130	187	104	99	82	38	27	66	118	113	## Tournée 14
54	145	50	56	155	120	46	179	128	76	116	194	24	## Tournée 15
5	58	103	188	15	87	111	36	10	44	196	117	47	200	132	184	51	106	## Tournée 16
52	39	136	125	143	126	153	162	65	94	141	122	29	170	135	119	160	115	177	124	## Tournée 17
172	95	59	189	164	72	192	22	40	16	55	69	158	11	89	32	68	75	86	25	## Tournée 18
17	57	61	4	67	45	186	100	178	165	199	156	102	110	3	42	129	137	30	112	134	## Tournée 19
71	161	63	19	13	35	163	140	139	20	70	174	148	181	43	## Tournée 20
154	183	60	64	149	## Tournée 21
73	## Tournée 22
