112046	## Somme des retards
220	## Temps CPU (millisecondes)
46	24	7	33	34	50	111	126	122	52	4	3	37	133	57	43	28	18	25	127	121	84	100	95	132	99	144	44	36	42	23	35	129	21	27	113	104	118	10	56	143	66	101	29	131	82	76	51	137	105	30	62	88	147	13	14	116	69	45	142	17	71	38	89	93	90	75	98	117	120	80	136	112	6	68	59	63	39	106	138	26	60	58	123	96	92	128	150	2	72	114	103	12	67	74	79	91	65	124	70	102	149	119	5	86	20	87	77	109	94	145	146	78	81	1	22	130	11	107	47	48	64	140	41	61	85	55	15	141	49	110	9	135	31	19	54	97	40	16	134	125	32	53	73	108	148	139	115	8	83	## Ordonnancement
19	## Nombre de tournées
1	2	1	4	2	4	4	7	5	8	6	8	13	14	16	18	17	14	6	## Nombre de sites par tournée
46	## Tournée 1
7	24	## Tournée 2
33	## Tournée 3
126	34	111	50	## Tournée 4
122	52	## Tournée 5
3	4	133	37	## Tournée 6
57	28	18	43	## Tournée 7
100	25	132	127	84	95	121	## Tournée 8
99	36	42	144	44	## Tournée 9
104	113	27	23	21	129	35	118	## Tournée 10
29	101	10	56	66	143	## Tournée 11
105	62	76	82	51	131	137	30	## Tournée 12
45	88	38	89	142	71	13	69	17	93	147	116	14	## Tournée 13
6	68	117	98	90	75	59	63	136	120	80	39	112	106	## Tournée 14
58	114	72	2	138	12	74	26	96	103	123	67	92	128	60	150	## Tournée 15
109	70	119	77	78	91	79	5	94	102	145	149	146	65	20	124	86	87	## Tournée 16
81	11	55	48	22	41	15	85	140	64	47	130	141	61	1	107	49	## Tournée 17
135	16	40	73	134	97	125	9	110	32	54	53	31	19	## Tournée 18
139	115	8	108	148	83	## Tournée 19
