196534	## Somme des retards
60	## Temps CPU (millisecondes)
114	145	30	2	129	81	72	48	105	94	24	126	116	144	35	149	119	113	6	136	86	57	45	32	21	5	103	63	31	13	22	20	69	85	106	87	102	10	120	41	78	150	93	66	147	26	107	36	47	19	44	60	52	54	108	122	128	23	133	50	61	75	46	97	67	37	98	109	4	38	58	89	14	101	146	33	68	123	104	132	29	83	111	117	56	55	90	96	7	28	74	118	127	135	125	99	138	1	40	82	91	70	137	140	148	139	49	142	80	76	110	11	141	3	95	12	84	121	88	53	27	25	131	65	77	17	59	115	92	18	34	8	79	16	73	9	134	15	100	43	62	39	130	51	143	124	71	42	64	112	## Ordonnancement
23	## Nombre de tournées
1	1	1	1	1	1	1	3	2	4	5	4	5	7	9	8	12	11	12	14	17	20	10	## Nombre de sites par tournée
114	## Tournée 1
145	## Tournée 2
30	## Tournée 3
2	## Tournée 4
129	## Tournée 5
81	## Tournée 6
72	## Tournée 7
94	48	105	## Tournée 8
24	126	## Tournée 9
35	116	144	149	## Tournée 10
119	6	86	136	113	## Tournée 11
57	21	45	32	## Tournée 12
31	13	63	5	103	## Tournée 13
85	106	20	87	102	69	22	## Tournée 14
66	120	41	147	93	150	78	10	26	## Tournée 15
52	60	107	47	44	54	36	19	## Tournée 16
108	122	75	128	133	37	61	67	46	50	97	23	## Tournée 17
68	101	38	4	58	146	98	33	109	14	89	## Tournée 18
111	83	117	7	55	104	96	90	29	123	56	132	## Tournée 19
137	125	74	135	99	127	40	1	28	91	70	118	138	82	## Tournée 20
12	49	140	95	80	53	142	148	121	84	3	141	76	11	110	139	88	## Tournée 21
134	79	73	9	25	59	131	27	100	8	17	65	16	15	34	43	115	92	77	18	## Tournée 22
42	71	124	130	64	51	39	143	112	62	## Tournée 23
