81644	## Somme des retards
40	## Temps CPU (millisecondes)
24	57	92	19	76	23	15	27	61	66	75	11	31	83	77	90	84	2	9	82	6	54	22	12	71	99	68	14	36	18	35	91	64	96	34	40	85	55	95	63	42	88	67	97	4	58	89	93	52	26	21	56	7	45	62	46	81	17	73	100	87	80	53	10	94	1	50	78	32	3	20	72	65	86	29	38	60	51	39	41	47	43	79	28	37	33	44	59	49	69	25	70	98	16	8	13	74	5	30	48	## Ordonnancement
16	## Nombre de tournées
2	1	3	3	3	5	7	5	6	9	10	12	10	14	8	2	## Nombre de sites par tournée
24	57	## Tournée 1
92	## Tournée 2
19	23	76	## Tournée 3
15	27	61	## Tournée 4
66	75	11	## Tournée 5
77	83	31	84	90	## Tournée 6
82	2	9	6	22	12	54	## Tournée 7
68	14	71	99	36	## Tournée 8
34	96	91	35	64	18	## Tournée 9
97	85	55	67	42	95	40	63	88	## Tournée 10
21	58	89	56	93	7	26	4	45	52	## Tournée 11
10	80	100	62	73	53	1	94	17	46	87	81	## Tournée 12
65	50	86	72	78	29	20	38	32	3	## Tournée 13
43	59	37	69	41	47	51	79	28	33	39	44	60	49	## Tournée 14
98	70	16	25	5	13	74	8	## Tournée 15
48	30	## Tournée 16
