162418	## Somme des retards
430	## Temps CPU (millisecondes)
37	41	156	66	111	3	5	91	95	179	181	68	169	148	187	38	102	132	188	142	27	105	71	77	170	178	88	54	149	76	92	192	125	81	127	104	199	200	22	90	11	193	165	134	109	172	97	58	194	182	6	114	12	112	124	122	198	4	80	39	14	79	176	161	36	151	180	59	120	146	72	168	67	185	93	57	75	99	106	30	25	55	128	49	2	141	171	183	110	139	166	44	189	24	84	48	138	62	1	89	42	31	69	53	145	34	184	175	191	16	70	28	35	115	63	118	96	101	10	61	7	130	167	85	73	195	137	147	121	108	23	154	158	43	140	100	196	8	103	40	131	123	94	26	17	144	9	82	117	51	15	46	64	78	190	157	133	52	159	21	74	13	143	136	86	19	119	174	153	163	32	29	33	186	107	60	177	116	164	83	129	65	98	135	155	56	113	173	162	150	50	126	20	45	197	152	47	87	18	160	## Ordonnancement
21	## Nombre de tournées
1	2	2	2	4	6	5	7	8	8	12	13	15	15	17	17	20	19	16	8	3	## Nombre de sites par tournée
37	## Tournée 1
41	156	## Tournée 2
66	111	## Tournée 3
5	3	## Tournée 4
181	95	179	91	## Tournée 5
102	68	169	38	148	187	## Tournée 6
132	27	105	142	188	## Tournée 7
54	77	88	71	170	149	178	## Tournée 8
199	92	125	104	81	192	76	127	## Tournée 9
193	200	90	165	134	11	109	22	## Tournée 10
97	12	114	124	6	58	194	172	182	198	122	112	## Tournée 11
36	79	39	180	176	151	4	80	14	120	146	59	161	## Tournée 12
106	55	72	57	67	93	30	25	128	168	99	185	75	2	49	## Tournée 13
24	183	84	139	141	166	62	138	110	89	1	171	189	44	48	## Tournée 14
175	16	42	31	28	70	191	118	35	115	145	69	184	63	96	34	53	## Tournée 15
154	61	167	23	10	130	121	195	85	101	147	7	73	43	108	158	137	## Tournée 16
82	64	196	8	94	9	100	103	15	17	46	144	78	140	131	123	117	40	51	26	## Tournée 17
13	74	190	33	52	159	32	153	143	19	133	157	86	29	21	119	174	136	163	## Tournée 18
129	135	65	56	162	83	60	113	164	155	116	173	177	98	186	107	## Tournée 19
47	197	50	126	150	152	45	20	## Tournée 20
160	18	87	## Tournée 21
