226170	## Somme des retards
260	## Temps CPU (millisecondes)
185	143	10	173	68	20	94	49	73	7	162	74	147	85	132	13	141	30	26	77	80	167	113	61	154	101	123	137	88	194	134	168	107	128	39	198	57	151	64	51	56	183	78	91	65	33	89	17	163	46	172	129	75	184	90	58	197	8	188	5	71	29	93	53	165	15	166	31	117	120	104	24	191	115	84	3	2	41	171	139	199	195	69	196	181	23	63	190	140	50	174	186	105	189	116	86	119	62	136	148	153	144	11	169	122	22	47	145	42	67	70	146	16	4	18	54	125	102	76	177	179	12	108	48	1	160	59	72	135	100	38	130	118	82	6	111	83	45	98	97	55	175	152	34	142	14	124	99	25	19	52	182	150	32	110	28	131	126	176	192	27	159	95	92	81	87	112	121	127	200	157	9	96	133	79	109	187	158	149	36	193	164	161	103	114	66	37	35	106	178	43	60	155	40	180	138	21	170	44	156	## Ordonnancement
21	## Nombre de tournées
2	2	1	2	2	2	6	6	7	7	9	8	11	14	15	16	15	20	23	19	13	## Nombre de sites par tournée
185	143	## Tournée 1
10	173	## Tournée 2
68	## Tournée 3
20	94	## Tournée 4
73	49	## Tournée 5
7	162	## Tournée 6
74	132	13	141	147	85	## Tournée 7
167	80	113	30	26	77	## Tournée 8
137	101	61	154	123	88	194	## Tournée 9
168	39	128	198	57	134	107	## Tournée 10
56	64	51	65	151	78	183	91	33	## Tournée 11
184	46	172	75	89	129	163	17	## Tournée 12
29	188	197	5	90	93	53	71	8	58	165	## Tournée 13
191	117	171	104	84	2	166	115	3	120	41	31	24	15	## Tournée 14
199	181	63	140	50	105	23	196	69	186	139	190	195	189	174	## Tournée 15
169	136	22	116	47	119	148	42	145	62	67	153	11	144	86	122	## Tournée 16
1	125	102	70	76	12	108	48	179	54	4	177	16	18	146	## Tournée 17
38	34	72	98	118	59	83	82	100	135	130	175	97	111	160	152	55	6	142	45	## Tournée 18
99	124	110	81	19	176	32	14	52	192	87	92	131	28	182	112	25	27	126	150	95	159	121	## Tournée 19
157	37	79	158	164	187	66	161	149	9	133	96	193	103	36	114	200	109	127	## Tournée 20
60	155	106	180	40	21	178	156	35	44	43	170	138	## Tournée 21
