110542	## Somme des retards
160	## Temps CPU (millisecondes)
64	86	34	113	20	99	43	23	109	100	40	85	25	95	135	91	17	42	144	57	101	90	111	114	107	52	87	93	145	129	141	119	124	136	123	22	102	3	21	80	32	56	46	50	63	29	83	55	7	72	97	28	69	122	84	26	137	36	116	15	82	1	48	12	120	13	126	96	53	108	139	8	106	103	38	74	77	76	92	73	19	142	149	11	125	58	31	121	147	62	18	133	14	134	51	41	45	71	88	130	30	98	59	112	5	24	54	78	89	94	143	6	140	138	60	39	81	4	35	67	66	118	105	70	148	68	10	110	47	127	61	131	104	115	146	2	33	75	37	49	150	132	65	79	16	44	27	128	9	117	## Ordonnancement
22	## Nombre de tournées
1	2	1	1	1	1	3	5	2	5	4	7	8	9	11	12	14	17	16	19	8	3	## Nombre de sites par tournée
64	## Tournée 1
34	86	## Tournée 2
113	## Tournée 3
20	## Tournée 4
99	## Tournée 5
43	## Tournée 6
100	23	109	## Tournée 7
40	135	95	25	85	## Tournée 8
17	91	## Tournée 9
42	90	57	101	144	## Tournée 10
111	114	107	52	## Tournée 11
141	124	87	93	145	119	129	## Tournée 12
21	80	136	102	123	22	3	32	## Tournée 13
46	50	83	55	29	63	56	72	7	## Tournée 14
28	137	15	84	26	97	122	116	36	69	82	## Tournée 15
13	12	120	48	126	139	8	53	106	1	108	96	## Tournée 16
19	142	76	77	125	38	73	31	149	92	103	74	11	58	## Tournée 17
51	147	45	62	59	14	134	41	130	121	133	112	98	30	88	71	18	## Tournée 18
6	24	54	5	39	35	143	138	81	67	140	94	78	4	89	60	## Tournée 19
146	61	70	47	131	2	148	37	104	105	127	118	66	10	68	110	33	75	115	## Tournée 20
49	27	16	150	79	132	44	65	## Tournée 21
128	9	117	## Tournée 22
