61062	## Somme des retards
50	## Temps CPU (millisecondes)
10	51	89	67	2	48	14	72	76	40	56	78	34	29	93	35	70	33	61	90	24	79	100	20	8	42	71	16	18	31	26	59	30	99	85	19	49	96	46	66	27	12	87	69	57	9	1	75	45	17	50	68	60	47	39	97	4	83	15	41	63	37	44	53	36	74	86	38	82	21	11	58	7	80	88	52	23	28	84	13	91	62	22	3	43	6	98	65	92	54	94	95	81	73	32	64	55	5	77	25	## Ordonnancement
17	## Nombre de tournées
1	2	1	1	1	1	3	4	6	9	9	8	11	10	16	11	6	## Nombre de sites par tournée
10	## Tournée 1
89	51	## Tournée 2
67	## Tournée 3
2	## Tournée 4
48	## Tournée 5
14	## Tournée 6
72	40	76	## Tournée 7
34	56	78	29	## Tournée 8
33	90	35	61	70	93	## Tournée 9
8	24	16	79	18	20	42	100	71	## Tournée 10
30	19	99	31	49	26	96	59	85	## Tournée 11
9	46	87	69	27	12	66	57	## Tournée 12
47	50	75	4	68	45	97	1	60	39	17	## Tournée 13
86	53	37	83	41	15	74	63	44	36	## Tournée 14
62	82	52	11	23	88	84	13	80	58	21	22	28	38	91	7	## Tournée 15
95	3	98	65	54	73	92	6	94	43	81	## Tournée 16
55	25	32	77	64	5	## Tournée 17
