159520	## Somme des retards
420	## Temps CPU (millisecondes)
156	37	41	66	3	181	111	5	95	179	91	68	169	148	187	38	102	132	54	142	27	105	170	77	178	88	71	188	149	76	92	192	125	81	127	104	199	200	114	58	11	193	90	165	22	134	109	198	172	97	194	180	182	6	12	112	122	124	4	185	14	36	57	151	59	120	146	72	67	39	75	79	176	99	80	161	168	106	30	25	141	128	49	2	84	93	110	139	44	189	24	183	171	62	138	48	55	1	166	89	42	96	31	53	28	130	145	34	184	175	191	16	70	35	115	63	118	78	101	10	61	23	167	85	73	195	137	147	121	108	7	69	154	158	140	196	15	51	117	9	144	52	21	26	94	123	131	40	82	103	46	43	186	100	33	190	32	133	19	13	74	159	143	136	119	17	116	153	163	157	29	8	64	107	162	60	177	155	164	83	197	129	65	45	18	152	86	56	47	173	160	113	174	135	98	20	126	50	87	150	## Ordonnancement
19	## Nombre de tournées
3	1	4	3	6	5	7	8	10	11	9	17	16	18	17	17	22	16	10	## Nombre de sites par tournée
41	156	37	## Tournée 1
66	## Tournée 2
181	3	111	5	## Tournée 3
95	179	91	## Tournée 4
102	68	169	38	148	187	## Tournée 5
54	132	27	105	142	## Tournée 6
77	88	71	170	188	149	178	## Tournée 7
199	92	125	104	81	192	76	127	## Tournée 8
193	200	90	114	22	58	109	11	134	165	## Tournée 9
97	12	122	6	124	194	172	182	198	112	180	## Tournée 10
36	57	151	4	14	120	146	59	185	## Tournée 11
106	141	30	25	128	67	80	2	75	99	168	161	176	49	79	39	72	## Tournée 12
24	183	84	55	139	166	62	138	93	110	89	1	171	189	44	48	## Tournée 13
175	16	42	31	28	70	191	118	35	115	145	184	63	96	130	34	53	78	## Tournée 14
154	61	167	23	10	137	195	85	101	69	147	7	140	73	158	108	121	## Tournée 15
82	196	94	9	103	15	21	46	52	26	131	123	43	117	40	51	144	## Tournée 16
64	13	74	190	33	17	100	8	163	136	119	29	159	32	186	153	143	19	116	133	107	157	## Tournée 17
129	47	83	162	56	65	60	197	164	155	152	177	86	45	18	173	## Tournée 18
135	150	126	87	50	113	98	20	174	160	## Tournée 19
