303315	## Somme des retards
340	## Temps CPU (millisecondes)
192	187	92	183	120	97	81	65	131	197	84	9	149	112	137	133	24	61	85	31	55	132	147	176	62	59	14	154	40	77	23	13	72	3	161	1	48	123	33	195	16	87	150	181	179	105	99	108	165	185	46	15	199	126	196	74	148	172	34	111	163	49	54	151	117	64	144	44	56	76	20	138	141	75	39	37	173	93	12	156	153	6	171	100	167	136	113	170	5	21	89	53	86	41	178	63	10	103	114	139	146	19	191	119	94	145	142	78	175	58	45	28	124	143	194	83	79	188	152	25	169	102	166	27	11	174	96	162	168	35	110	129	22	121	107	38	140	52	128	17	67	2	184	200	158	186	122	127	116	109	4	182	159	101	50	193	115	73	8	189	134	157	135	47	160	68	43	71	36	190	26	70	18	42	177	98	69	7	32	88	180	57	80	118	130	95	164	66	106	91	104	155	51	125	60	82	198	90	29	30	## Ordonnancement
24	## Nombre de tournées
1	1	1	2	3	1	4	5	5	7	8	8	13	8	12	12	14	17	18	18	23	14	4	1	## Nombre de sites par tournée
192	## Tournée 1
187	## Tournée 2
92	## Tournée 3
120	183	## Tournée 4
81	65	97	## Tournée 5
131	## Tournée 6
197	9	84	149	## Tournée 7
61	137	133	24	112	## Tournée 8
55	85	132	31	147	## Tournée 9
154	176	14	62	40	77	59	## Tournée 10
23	48	72	161	3	123	1	13	## Tournée 11
195	150	179	33	16	181	105	87	## Tournée 12
165	108	99	172	185	126	196	199	46	148	74	34	15	## Tournée 13
49	144	117	64	111	54	151	163	## Tournée 14
93	20	12	141	75	138	56	37	44	39	173	76	## Tournée 15
113	100	170	21	89	171	6	156	153	5	136	167	## Tournée 16
63	41	94	53	19	139	86	114	146	119	178	191	103	10	## Tournée 17
169	175	28	102	143	194	145	25	83	79	58	45	142	188	152	78	124	## Tournée 18
128	110	52	96	168	174	22	166	129	140	17	38	121	11	35	107	162	27	## Tournée 19
115	159	127	73	200	116	158	122	182	101	186	184	2	67	4	50	193	109	## Tournée 20
180	18	88	43	8	69	70	68	190	177	98	7	189	47	160	135	134	26	32	157	71	36	42	## Tournée 21
51	155	104	125	91	118	130	164	57	66	95	106	60	80	## Tournée 22
82	29	90	198	## Tournée 23
30	## Tournée 24
