86005	## Somme des retards
50	## Temps CPU (millisecondes)
34	72	35	7	94	17	76	62	74	68	43	30	93	9	23	48	20	39	71	96	55	11	77	97	82	84	98	28	3	53	37	27	79	85	13	81	1	45	31	86	22	92	51	64	80	4	87	40	33	91	36	12	50	73	15	88	57	10	90	24	32	69	19	44	42	66	60	14	49	75	83	59	29	95	46	67	47	16	70	38	89	8	52	61	26	18	5	99	56	6	100	54	58	25	63	21	65	2	78	41	## Ordonnancement
18	## Nombre de tournées
2	1	1	1	1	1	3	2	5	8	7	8	9	11	12	13	13	2	## Nombre de sites par tournée
34	72	## Tournée 1
35	## Tournée 2
7	## Tournée 3
94	## Tournée 4
17	## Tournée 5
76	## Tournée 6
68	74	62	## Tournée 7
43	30	## Tournée 8
23	9	48	93	20	## Tournée 9
55	82	39	71	77	96	97	11	## Tournée 10
28	84	37	98	53	27	3	## Tournée 11
86	85	79	81	31	1	13	45	## Tournée 12
4	92	87	40	33	80	22	51	64	## Tournée 13
36	91	90	24	50	88	10	15	73	57	12	## Tournée 14
83	59	19	66	44	14	69	32	49	60	75	42	## Tournée 15
16	67	61	29	26	52	47	89	8	38	95	46	70	## Tournée 16
100	54	6	56	58	21	25	99	18	65	63	2	5	## Tournée 17
78	41	## Tournée 18
