46468	## Somme des retards
80	## Temps CPU (millisecondes)
27	95	60	89	5	73	1	30	62	99	32	33	76	92	67	53	24	19	14	44	36	52	81	10	65	71	86	79	56	47	46	84	96	57	66	43	98	20	85	94	88	75	54	41	70	74	55	48	8	72	100	11	82	16	22	23	21	6	45	77	42	2	49	78	7	63	90	91	15	9	4	29	93	17	64	83	38	34	39	58	69	18	68	26	51	59	61	3	25	37	35	28	97	13	40	12	50	87	31	80	## Ordonnancement
17	## Nombre de tournées
1	2	2	1	1	3	5	8	6	10	8	11	12	11	10	7	2	## Nombre de sites par tournée
27	## Tournée 1
60	95	## Tournée 2
89	5	## Tournée 3
73	## Tournée 4
1	## Tournée 5
99	30	62	## Tournée 6
76	32	67	92	33	## Tournée 7
52	36	53	19	44	81	14	24	## Tournée 8
65	56	79	86	71	10	## Tournée 9
98	66	84	96	20	47	46	85	57	43	## Tournée 10
94	88	75	41	55	54	74	70	## Tournée 11
23	72	16	8	48	11	21	22	6	100	82	## Tournée 12
63	78	91	45	90	77	42	2	7	9	49	15	## Tournée 13
34	4	17	93	69	58	83	39	38	64	29	## Tournée 14
26	61	25	68	18	3	37	59	35	51	## Tournée 15
28	12	87	40	13	97	50	## Tournée 16
80	31	## Tournée 17
