68846	## Somme des retards
60	## Temps CPU (millisecondes)
91	66	22	37	75	28	64	76	62	15	70	13	65	83	8	40	49	16	87	63	43	69	1	59	98	71	92	50	21	94	60	86	58	72	7	85	53	96	95	78	9	67	48	44	56	14	45	89	4	68	90	46	29	30	97	12	47	38	41	54	100	3	80	6	42	51	27	31	11	20	26	2	25	17	36	74	61	33	84	55	81	79	73	23	10	82	52	35	93	57	99	19	5	34	88	24	18	32	77	39	## Ordonnancement
16	## Nombre de tournées
1	3	1	2	2	4	5	6	7	4	9	11	13	16	13	3	## Nombre de sites par tournée
91	## Tournée 1
66	37	22	## Tournée 2
75	## Tournée 3
28	64	## Tournée 4
76	62	## Tournée 5
65	70	13	15	## Tournée 6
16	8	83	40	49	## Tournée 7
63	1	69	87	59	43	## Tournée 8
50	92	71	98	94	21	60	## Tournée 9
72	7	86	58	## Tournée 10
44	95	9	53	67	96	48	85	78	## Tournée 11
4	89	97	56	68	45	14	90	29	46	30	## Tournée 12
100	27	12	47	38	3	51	6	42	41	80	54	31	## Tournée 13
33	73	79	17	11	20	25	23	55	2	74	26	61	81	36	84	## Tournée 14
35	10	88	24	82	99	34	18	19	57	93	5	52	## Tournée 15
32	77	39	## Tournée 16
