175169	## Somme des retards
220	## Temps CPU (millisecondes)
114	30	145	2	81	129	72	94	48	24	126	149	35	105	144	116	119	113	6	136	86	57	45	32	63	5	31	103	22	13	102	10	20	21	85	106	87	26	147	41	150	78	93	120	69	107	52	19	44	60	54	36	66	108	122	33	128	23	50	47	133	75	46	97	98	67	37	96	89	4	68	61	109	58	38	101	146	104	14	28	117	29	111	118	90	132	56	123	83	55	7	137	74	99	135	125	127	1	138	70	82	53	91	148	84	140	88	95	3	139	142	49	80	76	110	11	141	40	73	12	121	43	34	27	9	79	65	8	17	59	115	77	131	25	16	134	15	100	124	18	62	64	71	51	39	130	92	143	42	112	## Ordonnancement
21	## Nombre de tournées
1	2	1	2	1	1	3	5	5	4	6	6	8	8	14	12	12	16	14	19	10	## Nombre de sites par tournée
114	## Tournée 1
145	30	## Tournée 2
2	## Tournée 3
129	81	## Tournée 4
72	## Tournée 5
94	## Tournée 6
24	48	126	## Tournée 7
35	116	144	105	149	## Tournée 8
119	6	86	136	113	## Tournée 9
57	63	32	45	## Tournée 10
31	13	102	5	22	103	## Tournée 11
21	10	87	20	106	85	## Tournée 12
150	93	147	41	120	26	69	78	## Tournée 13
52	60	107	44	54	36	66	19	## Tournée 14
108	122	75	128	133	98	33	37	46	67	50	97	23	47	## Tournée 15
68	101	38	4	58	146	104	109	96	14	61	89	## Tournée 16
111	83	117	7	118	55	28	90	29	123	56	132	## Tournée 17
137	125	140	74	53	135	99	127	1	88	148	82	84	138	70	91	## Tournée 18
12	73	49	95	80	142	3	121	141	76	11	110	139	40	## Tournée 19
134	79	9	25	124	27	131	59	15	16	17	65	8	100	43	34	115	77	18	## Tournée 20
42	71	130	64	51	39	92	143	112	62	## Tournée 21
