147329	## Somme des retards
60	## Temps CPU (millisecondes)
84	28	78	133	42	14	124	60	114	1	12	80	98	10	67	125	145	4	47	57	129	144	142	119	66	76	88	21	11	102	146	87	61	70	77	104	52	116	127	138	126	22	118	30	13	69	135	59	90	130	62	149	106	134	111	51	97	120	40	71	123	49	39	45	2	29	56	103	108	27	122	79	65	24	58	44	82	3	17	41	113	54	147	137	89	55	64	86	85	53	20	8	150	32	74	68	37	15	33	139	73	75	136	93	110	92	18	23	109	72	48	117	107	63	132	128	121	140	112	143	101	81	131	36	46	148	50	99	83	16	31	115	95	26	91	19	43	7	38	141	9	34	35	105	5	25	96	6	100	94	## Ordonnancement
20	## Nombre de tournées
1	2	2	3	2	5	2	4	5	7	9	9	11	12	14	14	16	17	14	1	## Nombre de sites par tournée
84	## Tournée 1
78	28	## Tournée 2
133	42	## Tournée 3
14	60	124	## Tournée 4
1	114	## Tournée 5
10	67	80	12	98	## Tournée 6
125	145	## Tournée 7
57	129	4	47	## Tournée 8
142	66	119	144	76	## Tournée 9
21	146	88	87	11	61	102	## Tournée 10
22	138	116	52	77	126	104	70	127	## Tournée 11
90	135	62	30	118	130	13	59	69	## Tournée 12
40	51	123	49	149	111	106	134	97	120	71	## Tournée 13
79	24	122	65	39	103	27	56	108	45	29	2	## Tournée 14
82	17	137	3	64	41	54	44	58	113	55	89	147	86	## Tournée 15
68	74	85	15	8	32	20	139	73	150	75	37	53	33	## Tournée 16
63	140	92	72	48	109	107	110	18	93	117	136	128	132	121	23	## Tournée 17
50	16	81	26	91	148	95	131	99	143	115	83	101	112	46	36	31	## Tournée 18
96	34	7	25	38	141	105	100	6	43	9	19	35	5	## Tournée 19
94	## Tournée 20
