62634	## Somme des retards
20	## Temps CPU (millisecondes)
5	40	32	17	26	81	21	63	39	10	83	54	76	15	7	6	37	55	27	12	58	31	2	13	28	71	30	3	62	70	8	51	96	46	85	16	52	45	35	36	92	95	93	49	34	65	18	67	89	9	74	41	47	88	61	84	94	69	11	38	14	24	43	82	99	56	4	33	98	59	23	87	97	48	60	22	64	50	77	79	19	91	1	68	57	29	80	86	53	20	100	44	75	72	25	66	90	42	78	73	## Ordonnancement
16	## Nombre de tournées
1	1	2	2	2	2	5	5	7	9	9	10	16	13	14	2	## Nombre de sites par tournée
5	## Tournée 1
40	## Tournée 2
17	32	## Tournée 3
81	26	## Tournée 4
21	63	## Tournée 5
39	10	## Tournée 6
15	7	76	54	83	## Tournée 7
37	27	6	12	55	## Tournée 8
31	28	30	2	13	58	71	## Tournée 9
51	96	3	8	70	62	46	16	85	## Tournée 10
52	35	92	93	36	34	95	45	49	## Tournée 11
65	61	18	67	41	47	88	89	74	9	## Tournée 12
24	23	82	14	33	11	43	38	98	84	94	59	4	56	69	99	## Tournée 13
64	97	22	79	50	87	48	91	60	77	19	1	68	## Tournée 14
66	80	44	86	42	72	25	57	75	100	29	20	53	90	## Tournée 15
78	73	## Tournée 16
