150333	## Somme des retards
250	## Temps CPU (millisecondes)
9	51	130	52	76	62	45	142	11	34	125	43	71	123	75	57	134	38	33	48	117	100	25	42	68	88	56	37	114	87	29	24	144	55	15	132	119	31	39	145	102	14	59	129	137	128	124	95	82	99	2	19	98	53	22	8	97	150	133	109	21	44	91	20	141	73	6	138	139	101	4	23	64	86	108	112	118	13	69	92	60	113	65	81	127	116	79	67	78	47	121	126	107	122	83	49	106	146	104	85	27	18	70	35	5	58	80	66	94	74	7	93	143	105	10	120	63	17	46	61	40	140	135	131	136	149	28	84	32	77	89	26	90	41	1	103	115	72	110	3	16	148	30	54	36	96	147	111	12	50	## Ordonnancement
21	## Nombre de tournées
1	1	2	2	3	1	6	4	6	10	7	10	11	12	12	15	14	13	14	5	1	## Nombre de sites par tournée
9	## Tournée 1
51	## Tournée 2
52	130	## Tournée 3
76	62	## Tournée 4
11	45	142	## Tournée 5
34	## Tournée 6
43	57	75	123	71	125	## Tournée 7
38	33	48	134	## Tournée 8
88	117	42	100	25	68	## Tournée 9
144	37	15	29	87	132	55	24	56	114	## Tournée 10
39	119	145	14	59	31	102	## Tournée 11
82	128	95	19	99	129	2	137	124	98	## Tournée 12
21	8	150	91	109	133	97	44	53	22	20	## Tournée 13
112	64	108	86	6	138	4	141	73	101	139	23	## Tournée 14
116	118	81	13	65	79	127	67	92	113	69	60	## Tournée 15
107	146	106	121	85	83	122	70	78	47	126	18	27	49	104	## Tournée 16
105	58	80	74	66	120	93	7	63	143	94	10	35	5	## Tournée 17
17	131	149	46	136	61	140	28	84	77	40	32	135	## Tournée 18
30	54	41	103	16	89	115	110	90	3	72	1	148	26	## Tournée 19
147	96	111	12	36	## Tournée 20
50	## Tournée 21
