94453	## Somme des retards
30	## Temps CPU (millisecondes)
50	56	84	8	59	70	69	36	16	82	60	76	77	26	22	100	44	88	3	91	64	51	20	71	52	40	33	96	9	17	65	85	79	39	97	6	62	37	54	68	61	45	29	43	13	28	24	4	19	57	94	2	66	72	35	34	80	75	46	55	78	18	93	30	15	98	47	10	81	92	21	83	99	73	38	48	95	58	27	41	67	63	90	25	32	14	74	7	42	5	31	11	87	53	23	12	1	89	86	49	## Ordonnancement
22	## Nombre de tournées
2	1	1	1	1	1	1	2	1	1	2	3	4	5	8	8	10	10	14	12	8	4	## Nombre de sites par tournée
56	50	## Tournée 1
84	## Tournée 2
8	## Tournée 3
59	## Tournée 4
70	## Tournée 5
69	## Tournée 6
36	## Tournée 7
82	16	## Tournée 8
60	## Tournée 9
76	## Tournée 10
77	26	## Tournée 11
22	100	44	## Tournée 12
88	3	64	91	## Tournée 13
71	51	20	52	40	## Tournée 14
9	65	96	33	17	39	85	79	## Tournée 15
45	68	54	6	62	97	61	37	## Tournée 16
28	4	2	13	24	19	94	43	29	57	## Tournée 17
55	34	72	46	66	35	18	75	78	80	## Tournée 18
92	98	93	21	47	38	30	99	15	73	83	10	81	48	## Tournée 19
63	27	95	25	41	74	58	67	7	90	14	32	## Tournée 20
53	87	12	31	11	23	5	42	## Tournée 21
1	89	86	49	## Tournée 22
