48569	## Somme des retards
60	## Temps CPU (millisecondes)
27	60	89	95	5	1	73	99	92	30	62	33	67	32	76	81	52	36	44	19	24	53	56	79	86	14	71	10	65	85	20	43	57	66	84	46	98	94	88	96	55	74	75	70	41	54	48	47	21	83	16	8	100	11	82	23	6	45	72	42	49	63	22	90	91	15	9	34	29	37	78	77	17	64	2	38	7	4	39	93	58	18	68	26	59	13	97	61	3	28	35	69	51	40	80	25	12	50	87	31	## Ordonnancement
18	## Nombre de tournées
1	1	2	1	2	1	4	4	5	8	8	10	10	10	14	11	7	1	## Nombre de sites par tournée
27	## Tournée 1
60	## Tournée 2
89	95	## Tournée 3
5	## Tournée 4
1	73	## Tournée 5
99	## Tournée 6
30	62	33	92	## Tournée 7
76	32	81	67	## Tournée 8
52	36	19	44	24	## Tournée 9
65	53	56	79	14	86	71	10	## Tournée 10
98	66	84	20	46	85	57	43	## Tournée 11
94	88	75	41	55	48	54	96	70	74	## Tournée 12
23	16	8	47	11	21	83	6	100	82	## Tournée 13
63	91	45	90	22	42	9	72	49	15	## Tournée 14
34	4	17	93	78	77	2	39	37	7	38	58	64	29	## Tournée 15
69	28	26	61	68	18	3	97	59	35	13	## Tournée 16
80	51	12	87	25	40	50	## Tournée 17
31	## Tournée 18
