178721	## Somme des retards
100	## Temps CPU (millisecondes)
89	55	42	107	128	68	5	77	109	129	57	144	36	46	117	27	50	78	130	116	139	134	21	53	17	60	47	73	67	38	13	24	15	149	103	121	83	69	7	91	8	146	98	106	84	52	14	120	61	18	48	142	41	63	70	131	72	141	54	113	28	31	93	29	44	88	143	138	136	111	58	76	56	135	62	40	124	114	23	35	49	105	33	26	59	37	137	74	119	101	132	19	30	51	65	79	126	145	82	3	71	39	87	133	2	99	110	22	92	4	64	10	95	45	122	66	96	140	148	102	1	32	86	16	9	20	104	43	108	90	25	12	112	147	100	115	125	97	94	11	127	118	6	81	34	150	123	80	75	85	## Ordonnancement
19	## Nombre de tournées
1	1	1	2	2	3	3	6	6	6	10	10	10	13	12	17	17	18	12	## Nombre de sites par tournée
89	## Tournée 1
55	## Tournée 2
42	## Tournée 3
107	128	## Tournée 4
68	5	## Tournée 5
129	109	77	## Tournée 6
36	57	144	## Tournée 7
50	46	130	78	27	117	## Tournée 8
17	53	116	139	134	21	## Tournée 9
38	47	60	13	67	73	## Tournée 10
15	149	91	8	7	83	69	103	121	24	## Tournée 11
48	98	52	146	84	106	18	120	14	61	## Tournée 12
113	72	70	28	41	141	63	142	54	131	## Tournée 13
135	93	143	76	56	58	29	136	138	111	31	88	44	## Tournée 14
62	49	23	35	26	105	33	40	114	37	59	124	## Tournée 15
51	71	39	87	126	79	65	119	30	132	19	3	74	82	137	145	101	## Tournée 16
64	10	140	66	2	96	92	22	122	4	133	95	148	45	102	99	110	## Tournée 17
12	43	1	104	125	100	16	32	86	108	90	112	25	9	20	147	97	115	## Tournée 18
94	6	34	80	127	118	75	123	11	150	85	81	## Tournée 19
