180745	## Somme des retards
210	## Temps CPU (millisecondes)
129	102	153	170	126	120	136	96	104	17	39	114	132	78	144	37	43	77	182	62	151	35	45	89	133	38	75	142	73	53	1	140	174	152	7	83	16	186	65	26	48	93	100	50	191	27	178	172	36	171	108	165	156	190	116	200	101	63	9	193	19	47	40	20	34	59	125	199	127	197	128	173	109	168	72	51	55	192	135	106	13	18	194	145	180	74	139	97	113	29	184	105	3	177	12	64	112	14	2	81	160	95	176	92	175	181	115	98	147	85	8	52	123	148	58	146	99	137	103	154	32	166	56	161	61	69	33	68	163	159	57	121	189	80	30	42	6	157	183	164	187	5	76	179	188	21	143	54	94	79	41	46	198	66	134	138	67	91	162	70	44	149	11	28	158	122	10	15	88	130	22	90	4	24	169	60	110	117	124	150	87	23	25	71	107	84	111	167	196	185	31	82	131	195	141	155	86	118	119	49	## Ordonnancement
23	## Nombre de tournées
1	1	2	1	2	2	2	3	3	5	9	10	10	12	14	17	17	17	20	22	20	9	1	## Nombre de sites par tournée
129	## Tournée 1
102	## Tournée 2
153	170	## Tournée 3
126	## Tournée 4
120	136	## Tournée 5
96	104	## Tournée 6
17	39	## Tournée 7
132	114	78	## Tournée 8
144	37	43	## Tournée 9
35	151	182	77	62	## Tournée 10
73	45	75	142	1	53	89	38	133	## Tournée 11
140	48	186	16	83	174	65	26	7	152	## Tournée 12
191	50	178	27	36	93	108	100	171	172	## Tournée 13
156	165	193	116	101	40	190	200	63	9	47	19	## Tournée 14
197	51	199	109	168	72	34	127	125	128	173	59	55	20	## Tournée 15
177	13	74	194	184	105	106	145	139	3	29	97	18	113	180	135	192	## Tournée 16
115	112	85	81	92	2	181	175	95	12	147	98	8	14	160	64	176	## Tournée 17
103	148	161	166	32	99	137	68	123	58	33	69	154	61	146	52	56	## Tournée 18
183	163	6	188	157	164	42	30	159	80	179	54	57	187	143	21	189	76	5	121	## Tournée 19
15	130	162	122	70	94	44	46	88	67	41	66	79	198	134	138	149	158	28	11	91	10	## Tournée 20
150	84	117	90	167	111	185	23	60	24	4	110	71	124	196	87	107	22	169	25	## Tournée 21
131	86	118	155	82	119	141	195	31	## Tournée 22
49	## Tournée 23
