127230	## Somme des retards
300	## Temps CPU (millisecondes)
2	18	14	150	16	109	9	41	77	121	57	17	66	12	34	10	141	54	98	35	82	20	63	136	143	56	122	29	138	137	96	1	43	144	86	126	130	42	100	107	65	83	85	11	25	26	105	64	90	24	134	60	72	6	129	21	132	79	33	131	99	112	67	49	7	95	125	84	37	70	47	46	106	44	146	123	50	28	116	23	78	32	92	69	48	13	94	147	30	61	89	19	15	74	101	81	51	45	31	87	75	62	120	133	135	5	113	36	55	8	40	4	71	119	142	53	76	114	3	145	22	80	118	102	111	110	59	52	115	108	127	68	124	88	73	58	27	91	117	139	97	93	39	103	128	104	149	148	140	38	## Ordonnancement
22	## Nombre de tournées
1	3	2	2	1	1	3	4	3	5	6	9	8	12	10	15	10	16	14	15	7	3	## Nombre de sites par tournée
2	## Tournée 1
18	14	150	## Tournée 2
109	16	## Tournée 3
9	41	## Tournée 4
77	## Tournée 5
121	## Tournée 6
66	57	17	## Tournée 7
12	10	34	141	## Tournée 8
98	54	35	## Tournée 9
82	63	136	20	143	## Tournée 10
29	56	138	96	122	137	## Tournée 11
100	86	107	43	126	130	144	42	1	## Tournée 12
65	64	85	25	83	11	105	26	## Tournée 13
6	129	72	132	131	21	79	90	33	134	24	60	## Tournée 14
99	112	7	125	84	37	70	67	95	49	## Tournée 15
50	32	48	44	78	23	69	92	28	146	116	123	47	46	106	## Tournée 16
89	61	19	13	94	74	147	30	101	15	## Tournée 17
5	87	62	55	133	81	45	40	8	135	36	31	120	113	51	75	## Tournée 18
4	3	22	119	114	102	118	145	142	76	53	71	80	111	## Tournée 19
139	52	58	115	88	127	108	117	27	91	59	124	68	73	110	## Tournée 20
104	39	103	149	97	93	128	## Tournée 21
140	148	38	## Tournée 22
