77528	## Somme des retards
110	## Temps CPU (millisecondes)
76	9	68	86	53	57	15	29	26	1	24	14	87	83	74	97	67	75	78	19	72	81	66	30	65	71	95	23	77	96	56	44	50	94	80	100	60	10	49	61	89	45	17	48	58	69	62	63	28	43	59	85	11	99	84	27	82	32	64	21	22	36	4	40	8	91	20	31	39	18	6	7	73	12	38	98	16	37	54	90	13	70	2	46	88	35	34	93	92	3	41	42	52	47	79	55	5	33	25	51	## Ordonnancement
18	## Nombre de tournées
1	2	2	4	1	2	5	4	5	9	9	9	11	9	14	8	4	1	## Nombre de sites par tournée
76	## Tournée 1
9	68	## Tournée 2
53	86	## Tournée 3
29	57	15	26	## Tournée 4
1	## Tournée 5
14	24	## Tournée 6
67	97	87	74	83	## Tournée 7
19	72	75	78	## Tournée 8
71	81	65	66	30	## Tournée 9
56	80	77	44	96	94	23	50	95	## Tournée 10
17	89	49	60	10	61	100	45	48	## Tournée 11
11	43	28	63	62	69	59	58	85	## Tournée 12
27	84	32	64	22	99	82	36	4	40	21	## Tournée 13
6	31	91	18	73	7	39	8	20	## Tournée 14
34	88	90	38	16	54	46	98	35	13	12	70	2	37	## Tournée 15
41	79	47	3	52	93	42	92	## Tournée 16
55	25	5	33	## Tournée 17
51	## Tournée 18
