186936	## Somme des retards
670	## Temps CPU (millisecondes)
161	100	169	166	115	99	11	51	2	102	189	22	45	4	152	19	8	132	122	67	65	83	29	21	142	69	38	77	49	44	185	103	42	197	70	138	151	10	3	39	27	182	141	94	105	200	82	130	165	118	167	172	75	143	127	193	148	131	36	53	109	93	171	89	199	181	162	191	78	180	87	111	139	68	107	106	179	54	63	12	17	116	129	146	174	88	91	6	30	80	9	140	198	133	145	76	126	150	37	190	40	147	71	183	28	57	137	186	124	134	170	175	90	79	13	114	61	50	121	104	120	47	160	173	156	23	158	25	154	159	24	74	52	85	157	15	98	56	123	113	46	18	177	20	110	163	84	135	64	33	55	178	164	192	96	112	95	97	195	32	194	16	125	5	48	188	43	144	196	1	92	81	62	128	14	26	117	153	176	187	136	35	168	58	73	108	34	66	7	60	59	101	155	41	31	86	149	184	119	72	## Ordonnancement
23	## Nombre de tournées
1	1	1	4	2	1	3	6	4	8	5	8	10	13	14	17	15	21	21	18	16	9	2	## Nombre de sites par tournée
161	## Tournée 1
100	## Tournée 2
169	## Tournée 3
115	99	11	166	## Tournée 4
51	2	## Tournée 5
102	## Tournée 6
45	189	22	## Tournée 7
122	132	8	4	19	152	## Tournée 8
65	29	83	67	## Tournée 9
44	69	38	142	185	77	49	21	## Tournée 10
70	197	42	138	103	## Tournée 11
10	151	3	39	141	182	94	27	## Tournée 12
75	105	200	167	165	143	118	172	82	130	## Tournée 13
171	181	162	127	36	89	148	109	193	93	199	131	53	## Tournée 14
87	180	78	107	12	111	179	68	54	139	106	63	17	191	## Tournée 15
80	146	9	129	30	198	126	174	116	88	6	91	150	140	76	145	133	## Tournée 16
170	71	57	137	147	186	28	124	37	40	134	90	175	190	183	## Tournée 17
159	13	154	85	61	79	24	50	74	114	160	156	47	121	173	25	158	104	120	52	23	## Tournée 18
33	164	20	178	18	98	163	157	113	177	110	123	135	46	15	84	56	64	192	55	96	## Tournée 19
48	112	81	1	95	195	196	62	92	16	43	194	144	125	5	32	188	97	## Tournée 20
136	73	108	168	176	7	35	128	58	26	34	153	117	187	66	14	## Tournée 21
86	41	60	59	31	101	149	155	184	## Tournée 22
72	119	## Tournée 23
