139783	## Somme des retards
120	## Temps CPU (millisecondes)
63	51	72	15	25	53	138	59	146	71	139	8	61	73	70	45	39	42	57	48	144	129	26	121	18	52	147	49	89	2	79	135	31	65	40	96	80	111	117	21	116	19	64	75	86	12	125	1	143	150	20	131	128	13	77	56	35	105	109	85	29	106	68	69	103	133	3	32	107	149	120	10	66	4	130	91	11	58	137	82	74	7	46	145	141	22	134	127	104	124	114	118	50	83	41	87	28	112	24	123	102	36	6	140	90	119	84	38	27	92	54	113	97	142	132	14	81	44	148	17	76	94	37	110	126	33	23	98	55	100	88	108	16	43	5	95	115	78	122	47	30	67	60	62	101	99	93	136	34	9	## Ordonnancement
23	## Nombre de tournées
1	1	1	1	1	2	2	1	3	2	4	4	7	7	9	8	13	13	15	16	18	18	3	## Nombre de sites par tournée
63	## Tournée 1
51	## Tournée 2
72	## Tournée 3
15	## Tournée 4
25	## Tournée 5
53	138	## Tournée 6
146	59	## Tournée 7
71	## Tournée 8
8	139	61	## Tournée 9
73	70	## Tournée 10
39	45	57	42	## Tournée 11
48	26	129	144	## Tournée 12
49	18	89	121	52	147	2	## Tournée 13
65	96	40	80	31	135	79	## Tournée 14
117	19	86	64	21	75	111	116	12	## Tournée 15
128	20	13	125	143	1	131	150	## Tournée 16
35	106	69	105	68	29	133	85	56	109	103	3	77	## Tournée 17
11	82	66	4	107	137	10	91	130	32	120	58	149	## Tournée 18
134	83	46	124	118	41	127	145	22	104	7	74	114	141	50	## Tournée 19
112	54	84	90	38	36	119	27	28	24	123	92	102	140	87	6	## Tournée 20
132	44	37	126	55	76	33	23	97	148	14	142	17	81	94	113	98	110	## Tournée 21
43	78	16	122	47	5	101	62	108	115	67	93	30	100	88	99	60	95	## Tournée 22
136	9	34	## Tournée 23
