243134	## Somme des retards
340	## Temps CPU (millisecondes)
149	59	15	112	17	72	196	117	200	16	113	140	56	114	190	68	129	174	36	175	79	161	118	28	82	121	130	197	77	5	153	100	119	185	136	186	106	138	86	194	188	49	134	71	159	96	128	58	57	45	151	18	105	19	30	157	183	87	7	102	21	93	11	179	167	98	40	171	111	54	22	84	122	126	137	184	76	12	53	61	155	4	97	154	176	42	67	31	189	92	191	62	66	81	115	78	195	163	170	124	13	1	64	48	156	187	108	20	23	69	127	132	25	144	29	70	51	145	193	107	14	109	34	35	178	65	116	80	88	44	180	198	3	131	99	41	47	90	50	110	52	172	39	91	158	169	181	103	85	152	83	168	73	199	148	133	166	75	165	135	177	141	10	9	32	104	2	101	37	143	43	95	24	89	94	160	164	123	26	150	125	142	120	147	182	27	139	55	33	60	74	6	146	46	173	8	63	192	38	162	## Ordonnancement
24	## Nombre de tournées
2	1	1	3	1	2	1	3	5	4	6	8	9	10	12	12	15	15	17	18	21	17	14	3	## Nombre de sites par tournée
59	149	## Tournée 1
15	## Tournée 2
112	## Tournée 3
196	17	72	## Tournée 4
117	## Tournée 5
16	200	## Tournée 6
113	## Tournée 7
114	56	140	## Tournée 8
68	36	174	129	190	## Tournée 9
79	175	161	118	## Tournée 10
77	121	197	28	82	130	## Tournée 11
106	100	119	185	5	186	153	136	## Tournée 12
86	71	96	159	188	138	194	134	49	## Tournée 13
57	18	45	105	157	58	128	30	19	151	## Tournée 14
21	87	171	7	167	11	179	93	98	183	40	102	## Tournée 15
61	84	22	111	54	184	126	122	12	76	137	53	## Tournée 16
4	67	66	42	31	62	92	154	189	191	155	115	97	176	81	## Tournée 17
170	78	1	108	20	69	64	13	124	187	163	23	195	156	48	## Tournée 18
116	193	34	51	107	132	144	25	35	14	145	127	65	178	109	70	29	## Tournée 19
50	158	198	90	110	99	41	47	172	52	131	80	91	3	39	44	180	88	## Tournée 20
199	166	32	75	152	103	168	148	73	165	135	181	177	10	104	83	9	141	169	133	85	## Tournée 21
143	123	150	95	120	43	160	125	142	37	164	2	26	94	101	89	24	## Tournée 22
147	63	27	60	6	33	55	182	74	173	46	146	139	8	## Tournée 23
38	192	162	## Tournée 24
