47053	## Somme des retards
30	## Temps CPU (millisecondes)
26	60	94	24	17	92	79	91	65	16	21	14	87	90	15	76	19	55	30	5	2	66	51	7	64	71	100	69	23	58	37	46	72	75	28	39	63	98	8	78	68	4	41	54	70	42	85	10	67	35	53	11	99	31	89	9	27	96	6	36	73	22	83	62	33	32	81	34	47	48	57	20	25	18	50	61	45	3	44	88	49	95	82	84	56	29	80	52	74	43	40	13	12	59	1	77	86	93	97	38	## Ordonnancement
17	## Nombre de tournées
1	1	2	2	2	3	4	2	7	4	7	8	11	11	12	15	8	## Nombre de sites par tournée
26	## Tournée 1
60	## Tournée 2
24	94	## Tournée 3
92	17	## Tournée 4
79	91	## Tournée 5
21	65	16	## Tournée 6
14	15	87	90	## Tournée 7
19	76	## Tournée 8
30	5	51	2	55	7	66	## Tournée 9
69	71	100	64	## Tournée 10
37	72	23	46	58	75	28	## Tournée 11
41	63	4	8	68	39	78	98	## Tournée 12
85	10	35	99	42	54	31	70	11	53	67	## Tournée 13
96	22	27	33	83	62	6	73	9	89	36	## Tournée 14
25	32	81	18	47	34	48	50	45	20	61	57	## Tournée 15
13	44	40	52	95	82	43	3	88	29	56	84	49	74	80	## Tournée 16
59	1	97	86	38	93	12	77	## Tournée 17
