91642	## Somme des retards
30	## Temps CPU (millisecondes)
3	36	135	28	119	150	145	181	42	22	124	148	172	32	157	160	117	186	131	1	98	5	68	103	65	61	79	167	175	76	39	67	178	24	58	136	37	106	138	129	33	16	152	45	154	21	13	19	78	197	20	8	99	94	192	86	158	80	84	43	57	199	128	142	107	49	121	114	196	179	182	187	166	109	162	125	46	155	64	50	104	189	176	38	52	174	139	190	101	69	163	74	97	96	141	132	111	75	118	15	137	62	70	185	14	18	108	92	11	191	60	95	23	116	54	77	170	188	91	31	55	44	169	177	173	153	122	2	48	105	171	194	164	73	123	140	53	102	87	30	165	193	115	133	146	26	27	110	156	17	10	168	134	126	88	100	66	72	82	198	195	29	6	151	59	93	130	200	40	63	127	35	180	51	184	41	12	7	144	71	4	9	159	112	89	47	34	183	161	113	149	83	120	56	85	143	90	25	147	81	## Ordonnancement
19	## Nombre de tournées
1	2	2	2	3	5	7	8	10	12	13	15	16	17	18	21	23	22	3	## Nombre de sites par tournée
3	## Tournée 1
36	135	## Tournée 2
119	28	## Tournée 3
145	150	## Tournée 4
22	42	181	## Tournée 5
157	32	172	148	124	## Tournée 6
131	160	117	186	5	98	1	## Tournée 7
68	79	167	76	65	175	103	61	## Tournée 8
136	67	58	24	106	178	129	37	39	138	## Tournée 9
16	154	45	197	152	21	19	78	20	8	13	33	## Tournée 10
128	107	158	80	94	86	99	142	43	84	57	199	192	## Tournée 11
46	109	121	187	162	114	50	196	155	182	125	49	166	64	179	## Tournée 12
141	189	139	190	104	97	101	174	38	132	176	163	74	96	52	69	## Tournée 13
18	70	15	185	60	23	75	191	118	11	137	95	108	62	111	92	14	## Tournée 14
2	116	169	44	105	31	77	171	54	122	153	173	55	188	48	91	177	170	## Tournée 15
123	53	146	156	140	30	193	27	165	133	73	87	110	164	102	115	168	194	17	10	26	## Tournée 16
200	93	35	59	130	40	180	63	100	88	29	127	134	126	151	72	195	6	184	66	51	198	82	## Tournée 17
143	159	71	161	112	56	41	183	89	120	9	7	4	85	83	47	34	90	144	12	149	113	## Tournée 18
147	25	81	## Tournée 19
