95532	## Somme des retards
50	## Temps CPU (millisecondes)
138	127	109	22	34	74	50	139	142	45	101	71	81	118	112	123	68	2	116	3	131	117	143	43	13	99	77	26	57	1	51	105	128	149	114	73	144	65	126	27	39	136	108	60	37	124	66	29	102	67	80	140	132	95	90	125	120	31	93	11	35	33	76	137	36	46	42	92	21	122	19	91	24	12	106	113	25	41	97	86	82	16	58	107	55	38	115	30	64	69	47	94	83	7	134	10	145	6	14	5	100	129	8	59	146	61	78	88	56	20	104	96	28	110	75	54	18	49	141	53	89	103	121	70	15	17	9	62	32	98	87	52	111	72	4	48	119	85	79	40	148	63	135	150	23	147	130	84	44	133	## Ordonnancement
17	## Nombre de tournées
1	3	2	5	7	4	9	5	12	11	11	13	15	14	20	14	4	## Nombre de sites par tournée
138	## Tournée 1
109	22	127	## Tournée 2
74	34	## Tournée 3
139	142	101	45	50	## Tournée 4
2	118	123	81	71	68	112	## Tournée 5
117	3	131	116	## Tournée 6
77	1	57	99	43	143	26	13	51	## Tournée 7
114	73	128	149	105	## Tournée 8
39	136	29	144	108	124	65	66	27	37	126	60	## Tournée 9
31	80	102	125	120	93	90	140	67	95	132	## Tournée 10
137	35	122	92	11	46	42	21	36	33	76	## Tournée 11
16	25	91	82	106	86	12	24	58	41	97	19	113	## Tournée 12
115	64	94	10	7	83	69	47	38	55	30	6	145	134	107	## Tournée 13
100	20	88	5	96	146	8	129	56	104	14	61	78	59	## Tournée 14
110	52	49	62	87	28	54	15	75	89	32	70	121	18	141	9	98	17	103	53	## Tournée 15
85	79	4	135	40	72	150	63	147	119	148	23	48	111	## Tournée 16
133	84	44	130	## Tournée 17
