204178	## Somme des retards
100	## Temps CPU (millisecondes)
144	154	44	74	141	45	200	31	168	42	195	132	2	35	25	114	20	27	76	43	99	165	160	127	98	188	60	139	193	64	72	81	133	17	140	34	172	63	119	87	111	146	138	157	184	93	66	77	101	47	180	100	73	173	110	112	175	84	171	54	69	23	36	104	131	136	108	96	40	11	49	116	86	6	155	79	197	148	120	199	7	103	95	152	58	198	41	68	51	170	28	177	1	186	9	128	48	185	137	134	15	174	56	33	151	8	82	176	115	142	12	55	130	78	24	57	147	16	32	18	62	161	3	109	179	169	102	143	91	117	123	149	38	158	19	192	162	194	37	80	30	39	4	13	126	89	26	46	145	21	59	189	118	135	178	124	106	187	196	90	65	153	163	129	190	107	167	191	159	53	121	105	183	75	22	67	125	166	88	83	164	181	29	5	50	156	150	85	70	52	61	92	10	122	182	71	14	97	113	94	## Ordonnancement
20	## Nombre de tournées
1	2	3	2	5	4	5	7	10	10	11	9	15	14	18	19	20	22	20	3	## Nombre de sites par tournée
144	## Tournée 1
154	44	## Tournée 2
45	74	141	## Tournée 3
31	200	## Tournée 4
195	132	2	168	42	## Tournée 5
114	25	35	20	## Tournée 6
99	76	165	43	27	## Tournée 7
139	98	60	188	193	127	160	## Tournée 8
63	64	140	72	172	119	34	133	17	81	## Tournée 9
184	101	146	93	138	157	87	77	111	66	## Tournée 10
110	47	180	84	171	173	100	112	175	73	54	## Tournée 11
40	104	131	96	136	23	36	69	108	## Tournée 12
199	79	95	148	103	120	152	11	6	155	197	116	49	7	86	## Tournée 13
186	185	48	41	1	177	28	51	58	170	128	198	68	9	## Tournée 14
142	151	174	33	24	15	8	78	12	137	130	176	115	82	56	57	134	55	## Tournée 15
16	38	158	117	143	102	147	123	169	19	91	18	3	179	109	161	32	149	62	## Tournée 16
145	135	189	30	4	89	39	26	80	59	37	118	178	46	13	194	21	162	192	126	## Tournée 17
190	187	67	121	90	75	196	191	125	107	183	106	153	65	53	105	124	22	163	167	159	129	## Tournée 18
61	150	85	181	83	70	182	92	164	29	52	14	122	71	166	156	50	5	10	88	## Tournée 19
113	94	97	## Tournée 20
