241951	## Somme des retards
50	## Temps CPU (millisecondes)
274	126	196	104	124	51	22	199	223	13	50	168	254	182	262	99	230	43	151	282	187	75	105	153	287	123	293	264	278	190	37	251	226	292	106	277	209	41	252	156	23	208	109	80	136	98	178	85	300	227	177	276	112	78	141	3	154	176	164	161	137	122	127	155	228	33	49	158	107	134	289	11	224	229	139	205	88	128	204	218	8	159	157	144	68	142	63	220	288	221	180	61	201	10	130	215	165	4	83	163	259	149	57	212	77	170	9	231	26	87	59	5	171	84	12	94	25	210	27	30	191	174	18	256	234	2	92	211	271	70	162	250	167	36	232	263	44	74	35	55	21	193	239	160	297	169	194	40	54	147	103	185	31	45	90	111	117	295	146	249	270	198	121	60	119	58	89	97	286	219	188	281	53	38	34	125	296	91	268	241	64	233	82	189	69	237	96	213	217	294	255	28	115	195	42	216	143	298	299	140	203	62	175	266	245	184	172	138	202	120	15	114	66	235	52	257	267	1	101	113	279	283	225	133	236	150	291	102	197	258	243	148	269	46	192	20	207	81	132	265	116	100	247	166	118	290	179	272	242	200	93	29	135	39	173	145	108	73	129	248	79	183	273	95	152	72	86	275	186	32	280	56	222	214	76	19	24	244	181	261	14	16	48	253	7	246	238	71	285	6	260	47	67	240	131	65	17	206	284	110	## Ordonnancement
26	## Nombre de tournées
1	1	1	1	1	2	3	4	6	6	7	8	10	13	14	16	17	19	20	20	22	27	27	31	22	1	## Nombre de sites par tournée
274	## Tournée 1
126	## Tournée 2
196	## Tournée 3
104	## Tournée 4
124	## Tournée 5
22	51	## Tournée 6
199	223	13	## Tournée 7
168	182	254	50	## Tournée 8
99	151	43	262	282	230	## Tournée 9
75	153	287	187	123	105	## Tournée 10
37	293	251	190	278	226	264	## Tournée 11
277	106	41	209	23	252	292	156	## Tournée 12
227	98	208	109	80	177	178	85	300	136	## Tournée 13
137	276	155	127	141	164	176	122	112	161	3	78	154	## Tournée 14
228	205	11	128	229	49	33	289	139	134	88	224	158	107	## Tournée 15
204	157	218	220	159	288	63	10	201	8	61	221	144	142	180	68	## Tournée 16
57	163	130	9	212	165	83	59	259	170	231	215	4	87	26	77	149	## Tournée 17
234	30	210	18	191	25	171	2	92	271	211	27	174	12	5	94	84	256	70	## Tournée 18
297	239	54	44	36	263	74	162	35	147	169	40	232	21	167	193	250	194	160	55	## Tournée 19
31	295	286	60	270	89	45	58	198	90	97	219	146	121	185	117	103	119	249	111	## Tournée 20
53	188	233	96	255	82	294	189	281	268	69	64	28	38	213	34	91	237	217	296	241	125	## Tournée 21
184	66	143	62	202	15	52	245	101	267	114	298	42	299	1	195	172	257	175	138	235	216	203	115	266	140	120	## Tournée 22
102	197	283	81	192	207	20	166	290	148	46	243	225	100	150	265	269	291	247	118	113	279	116	132	258	236	133	## Tournée 23
248	186	145	135	129	95	200	242	56	76	72	272	222	19	39	273	179	79	280	93	173	275	24	183	152	73	86	29	214	108	32	## Tournée 24
240	131	71	14	253	67	7	17	246	238	261	16	181	6	48	284	260	47	285	206	65	244	## Tournée 25
110	## Tournée 26
