170788	## Somme des retards
80	## Temps CPU (millisecondes)
94	187	43	116	59	87	141	139	152	171	78	157	183	114	172	93	53	144	15	176	200	84	95	6	32	5	182	146	118	35	14	123	199	92	126	76	162	51	198	81	167	52	105	148	62	34	185	193	68	134	137	45	158	64	161	132	145	66	106	121	189	102	113	63	166	8	7	80	74	184	16	133	155	140	170	181	109	1	46	31	26	96	173	143	38	192	125	3	83	100	17	89	129	111	48	142	177	131	77	164	119	169	49	91	23	72	190	30	56	61	186	147	97	11	12	128	50	27	99	195	86	153	196	175	110	29	19	136	28	79	70	24	101	107	197	42	179	117	108	138	163	90	33	21	58	88	82	165	69	151	191	135	41	159	37	10	160	115	13	57	55	98	40	60	130	180	39	122	67	168	104	20	73	71	120	36	18	85	178	124	65	47	174	150	103	127	54	188	194	112	44	75	25	154	9	2	22	149	4	156	## Ordonnancement
20	## Nombre de tournées
2	2	3	2	3	4	5	7	5	10	10	12	16	15	18	18	20	21	18	9	## Nombre de sites par tournée
187	94	## Tournée 1
116	43	## Tournée 2
87	59	141	## Tournée 3
152	139	## Tournée 4
78	171	157	## Tournée 5
93	183	114	172	## Tournée 6
176	200	144	53	15	## Tournée 7
95	84	146	182	32	6	5	## Tournée 8
14	118	123	35	199	## Tournée 9
162	81	198	105	126	51	52	167	76	92	## Tournée 10
34	134	193	45	185	148	137	68	62	158	## Tournée 11
102	145	166	132	64	161	189	113	106	66	63	121	## Tournée 12
170	16	46	109	8	80	155	7	26	74	1	133	140	31	181	184	## Tournée 13
173	100	125	89	111	48	17	129	38	192	143	96	3	142	83	## Tournée 14
169	177	147	23	72	56	11	164	91	77	131	119	186	61	97	30	49	190	## Tournée 15
19	136	175	99	12	29	153	195	50	196	110	86	28	79	128	24	70	27	## Tournée 16
163	69	135	197	90	101	108	21	165	58	117	179	191	151	33	88	107	138	42	82	## Tournée 17
104	20	40	160	57	130	67	98	159	115	37	41	10	13	122	39	55	168	180	73	60	## Tournée 18
85	174	194	112	124	65	127	103	178	71	18	150	44	36	188	54	120	47	## Tournée 19
156	25	4	9	149	75	22	2	154	## Tournée 20
