51887	## Somme des retards
10	## Temps CPU (millisecondes)
13	5	48	67	37	79	38	47	69	14	33	65	46	57	78	56	17	31	50	44	87	76	61	49	20	41	27	64	63	80	88	55	73	96	51	11	74	99	9	66	100	10	28	54	90	84	21	19	81	6	45	22	32	92	52	23	3	43	4	12	30	8	26	75	35	58	62	71	89	15	1	97	24	34	16	85	53	7	82	36	91	25	18	68	40	72	95	59	94	39	29	86	93	2	83	60	77	70	42	98	## Ordonnancement
16	## Nombre de tournées
1	1	1	1	1	2	4	5	5	7	11	8	12	12	15	14	## Nombre de sites par tournée
13	## Tournée 1
5	## Tournée 2
48	## Tournée 3
67	## Tournée 4
37	## Tournée 5
79	38	## Tournée 6
47	33	69	14	## Tournée 7
56	65	78	57	46	## Tournée 8
87	50	17	31	44	## Tournée 9
27	20	49	76	41	64	61	## Tournée 10
96	88	11	55	51	73	9	80	63	99	74	## Tournée 11
21	28	84	10	90	54	66	100	## Tournée 12
81	4	3	52	43	23	22	92	19	45	32	6	## Tournée 13
15	89	58	1	62	12	75	35	26	30	8	71	## Tournée 14
16	36	85	53	25	97	72	18	91	68	24	7	82	34	40	## Tournée 15
77	95	93	29	94	2	59	42	86	83	70	60	39	98	## Tournée 16
