354179	## Somme des retards
150	## Temps CPU (millisecondes)
54	20	234	168	95	161	230	222	223	241	163	103	9	43	130	112	201	173	27	30	99	180	235	247	117	150	250	220	198	100	56	63	48	59	195	246	1	147	53	78	32	152	141	120	83	40	10	24	139	153	134	231	69	135	33	26	38	52	233	96	18	144	186	236	158	200	28	6	71	178	206	190	211	169	70	2	127	184	41	156	123	226	138	229	72	165	210	25	177	3	11	131	125	19	188	155	170	243	55	242	228	67	74	50	85	151	75	60	143	124	171	79	36	98	216	115	118	181	185	121	49	82	97	175	248	162	102	213	237	197	136	215	122	207	57	81	7	45	128	196	218	114	15	91	34	146	88	22	44	108	16	51	148	92	199	13	29	84	101	126	17	37	106	142	232	239	203	31	132	110	208	107	133	65	89	209	116	245	39	172	90	182	160	87	240	8	93	204	4	189	176	105	145	77	192	194	154	12	21	76	164	167	80	227	219	217	140	66	183	214	238	119	221	113	137	64	23	94	109	224	61	159	149	174	73	191	104	129	157	225	14	47	62	205	58	86	35	179	187	46	202	244	212	166	42	249	111	5	193	68	## Ordonnancement
24	## Nombre de tournées
1	2	2	2	2	4	4	5	7	6	8	8	11	11	16	15	17	18	19	21	23	23	24	1	## Nombre de sites par tournée
54	## Tournée 1
234	20	## Tournée 2
95	168	## Tournée 3
230	161	## Tournée 4
222	223	## Tournée 5
163	103	241	9	## Tournée 6
112	201	43	130	## Tournée 7
27	173	30	99	180	## Tournée 8
150	198	250	247	220	235	117	## Tournée 9
195	48	59	56	63	100	## Tournée 10
53	78	141	246	32	152	1	147	## Tournée 11
139	120	40	153	24	83	10	134	## Tournée 12
233	52	38	135	33	18	231	69	144	96	26	## Tournée 13
178	186	200	28	6	206	211	71	158	236	190	## Tournée 14
165	138	169	70	210	72	25	226	2	184	127	229	123	156	41	177	## Tournée 15
19	242	67	125	131	155	243	74	188	11	3	50	55	170	228	## Tournée 16
98	115	151	75	60	36	79	49	85	171	124	185	121	216	181	118	143	## Tournée 17
162	213	57	248	7	215	207	175	45	237	197	97	102	82	128	122	81	136	## Tournée 18
84	92	16	29	34	15	91	88	218	196	44	199	108	146	22	148	114	13	51	## Tournée 19
39	133	245	101	232	107	126	65	106	239	132	37	89	203	31	116	142	208	110	17	209	## Tournée 20
87	189	145	194	167	172	90	4	204	164	77	93	240	8	182	76	105	21	154	12	176	160	192	## Tournée 21
219	183	94	149	227	119	159	113	73	61	174	221	23	66	109	238	214	137	64	217	224	140	80	## Tournée 22
179	166	244	104	47	14	191	129	58	42	86	62	5	225	212	202	187	35	46	111	193	205	157	249	## Tournée 23
68	## Tournée 24
