225274	## Somme des retards
40	## Temps CPU (millisecondes)
193	104	128	190	77	23	78	26	194	171	25	146	110	59	191	45	66	97	125	184	11	63	145	119	20	92	116	76	172	178	40	177	180	14	122	179	10	51	112	141	157	70	198	79	175	41	138	7	183	47	90	120	136	91	131	135	134	139	189	151	168	162	18	65	58	163	149	169	133	129	197	144	196	186	123	94	127	17	82	155	161	3	42	182	96	108	140	50	30	24	158	81	33	73	126	98	95	100	160	57	154	159	174	52	19	9	21	22	43	109	29	31	15	114	164	38	2	56	53	156	44	60	195	102	150	35	188	46	101	88	68	124	148	130	200	113	28	181	107	105	142	27	121	32	143	34	75	87	72	49	173	8	61	69	54	117	55	16	74	6	192	137	147	48	166	132	4	36	185	170	153	93	176	99	37	115	89	64	152	39	86	71	199	167	85	84	80	62	118	103	111	106	5	165	13	1	12	67	83	187	## Ordonnancement
24	## Nombre de tournées
1	1	1	1	1	3	1	2	4	5	8	7	7	10	11	13	15	13	18	17	17	21	22	1	## Nombre de sites par tournée
193	## Tournée 1
104	## Tournée 2
128	## Tournée 3
190	## Tournée 4
77	## Tournée 5
78	26	23	## Tournée 6
194	## Tournée 7
25	171	## Tournée 8
191	146	110	59	## Tournée 9
97	125	45	184	66	## Tournée 10
145	11	119	20	116	92	63	76	## Tournée 11
178	14	172	177	180	122	40	## Tournée 12
70	179	51	157	10	141	112	## Tournée 13
7	47	79	138	183	90	120	175	41	198	## Tournée 14
131	91	162	134	136	18	135	168	151	139	189	## Tournée 15
149	169	58	123	129	186	163	144	94	197	133	65	196	## Tournée 16
42	30	17	158	82	108	96	3	50	140	24	161	155	182	127	## Tournée 17
126	81	154	160	100	159	52	73	174	98	33	95	57	## Tournée 18
21	44	22	114	29	9	15	164	38	156	43	60	31	53	2	56	19	109	## Tournée 19
101	88	200	68	28	124	148	35	107	181	188	130	195	102	113	46	150	## Tournée 20
54	121	49	75	61	32	105	117	142	8	34	72	143	173	69	27	87	## Tournée 21
55	99	93	37	137	192	48	147	153	176	74	89	170	115	185	16	132	166	4	6	36	## Tournée 22
165	13	80	62	64	5	12	199	86	111	39	106	85	83	67	152	71	103	118	1	167	84	## Tournée 23
187	## Tournée 24
