64647	## Somme des retards
20	## Temps CPU (millisecondes)
63	53	56	1	68	23	61	37	98	74	78	80	39	18	70	91	29	64	75	17	48	45	93	13	90	46	31	32	100	60	94	19	38	89	26	35	77	2	41	66	27	20	73	79	14	9	99	54	83	71	69	7	4	65	8	12	42	49	86	76	30	82	55	22	67	88	62	95	40	24	52	50	44	85	6	57	15	3	87	34	72	5	28	43	84	92	51	25	33	47	36	59	16	58	10	11	96	97	21	81	## Ordonnancement
14	## Nombre de tournées
1	2	3	3	7	6	8	10	8	11	12	15	11	3	## Nombre de sites par tournée
63	## Tournée 1
56	53	## Tournée 2
1	23	68	## Tournée 3
37	98	61	## Tournée 4
39	78	91	18	70	80	74	## Tournée 5
48	29	45	75	64	17	## Tournée 6
32	60	31	93	46	13	90	100	## Tournée 7
66	94	41	19	26	89	38	2	35	77	## Tournée 8
54	79	14	73	9	20	27	99	## Tournée 9
4	83	12	42	7	71	69	8	65	49	86	## Tournée 10
24	95	22	76	55	67	52	88	30	40	62	82	## Tournée 11
44	43	84	87	6	15	72	5	3	50	57	85	34	92	28	## Tournée 12
11	51	16	33	96	25	59	10	58	47	36	## Tournée 13
97	81	21	## Tournée 14
