114173	## Somme des retards
20	## Temps CPU (millisecondes)
29	25	120	27	47	112	72	95	26	88	159	104	195	15	149	157	5	167	75	179	133	172	16	50	196	8	140	45	106	22	76	163	142	12	49	17	150	102	101	105	80	192	124	100	18	171	116	60	36	90	158	125	146	69	97	190	56	143	193	89	155	44	147	135	103	42	2	83	178	156	198	191	123	96	63	152	70	51	66	188	78	84	28	46	65	7	98	166	126	115	200	53	134	160	55	121	54	184	199	109	38	94	35	43	194	168	154	161	10	87	74	108	119	93	3	64	132	117	37	122	39	111	189	186	175	34	13	6	59	52	182	79	131	162	113	114	67	73	127	183	33	23	197	144	177	20	61	138	136	176	58	24	153	77	19	181	11	130	21	187	99	169	118	30	31	40	81	57	9	91	62	4	85	185	170	145	141	137	1	110	165	107	129	92	71	174	151	139	82	14	164	173	48	41	128	68	180	32	148	86	## Ordonnancement
20	## Nombre de tournées
1	1	1	2	3	3	4	4	7	8	9	11	13	16	18	19	19	19	24	18	## Nombre de sites par tournée
29	## Tournée 1
25	## Tournée 2
120	## Tournée 3
27	47	## Tournée 4
112	95	72	## Tournée 5
159	88	26	## Tournée 6
149	15	195	104	## Tournée 7
75	167	157	5	## Tournée 8
172	196	8	133	50	16	179	## Tournée 9
12	140	163	76	45	22	106	142	## Tournée 10
17	124	192	102	105	49	101	80	150	## Tournée 11
90	158	116	69	18	100	171	125	146	60	36	## Tournée 12
56	135	42	190	44	147	97	193	103	143	155	2	89	## Tournée 13
28	188	66	51	191	78	96	70	178	83	123	198	156	152	63	84	## Tournée 14
54	7	200	115	126	38	199	109	46	121	184	55	160	98	65	134	53	166	## Tournée 15
132	108	64	87	43	94	35	37	194	154	117	93	161	74	168	122	119	10	3	## Tournée 16
186	73	182	39	175	111	59	114	52	131	67	34	162	189	6	79	113	127	13	## Tournée 17
58	177	23	11	24	181	144	197	61	176	20	183	130	138	19	153	33	136	77	## Tournée 18
57	81	1	21	30	169	137	9	91	141	165	85	185	62	170	145	99	31	4	110	118	107	187	40	## Tournée 19
148	174	71	173	32	41	68	180	151	129	14	48	86	92	164	139	128	82	## Tournée 20
