50210	## Somme des retards
20	## Temps CPU (millisecondes)
115	5	52	76	138	16	48	142	32	132	79	82	143	10	147	105	70	58	150	29	20	78	85	69	13	3	101	118	21	22	4	86	107	43	54	26	129	55	30	126	56	77	53	111	34	65	139	114	117	38	33	42	125	44	39	97	27	62	89	19	93	37	66	83	110	130	102	121	28	49	123	128	95	104	87	145	144	137	24	149	133	11	140	45	96	98	6	119	75	36	8	72	100	103	120	57	17	122	88	113	40	64	109	148	134	94	31	106	127	35	2	68	81	12	60	74	63	67	61	73	25	124	59	46	116	146	131	112	47	1	90	108	71	136	141	23	50	15	92	135	14	7	99	91	18	41	80	51	84	9	## Ordonnancement
17	## Nombre de tournées
1	2	2	2	4	4	7	7	9	13	13	13	17	16	19	20	1	## Nombre de sites par tournée
115	## Tournée 1
52	5	## Tournée 2
76	138	## Tournée 3
16	48	## Tournée 4
142	79	32	132	## Tournée 5
147	143	10	82	## Tournée 6
29	70	20	105	150	78	58	## Tournée 7
85	13	3	118	21	69	101	## Tournée 8
55	26	86	107	43	22	4	129	54	## Tournée 9
38	56	139	65	34	126	33	117	30	111	77	114	53	## Tournée 10
125	19	83	42	97	27	93	37	39	44	62	89	66	## Tournée 11
95	144	130	28	104	110	121	145	49	128	102	123	87	## Tournée 12
137	103	72	75	45	140	149	119	11	98	6	24	96	100	8	133	36	## Tournée 13
127	57	64	120	35	122	94	40	88	134	106	109	148	31	113	17	## Tournée 14
81	67	47	60	112	146	12	46	73	59	74	116	2	68	25	131	63	61	124	## Tournée 15
41	7	136	18	91	50	92	51	23	80	15	14	1	108	135	141	99	90	84	71	## Tournée 16
9	## Tournée 17
