47570	## Somme des retards
10	## Temps CPU (millisecondes)
72	78	76	46	49	28	89	31	20	88	55	24	56	10	81	35	73	82	27	86	75	99	40	43	33	47	92	5	9	41	64	83	54	52	91	1	95	15	58	100	3	2	67	22	17	66	80	90	42	61	94	57	62	87	18	60	53	74	44	93	16	19	4	63	29	68	51	69	50	34	6	77	13	45	8	79	71	65	32	97	39	59	98	38	14	70	96	48	21	26	84	85	11	37	30	7	25	12	23	36	## Ordonnancement
15	## Nombre de tournées
1	1	1	3	3	3	4	7	8	8	11	12	15	14	9	## Nombre de sites par tournée
72	## Tournée 1
78	## Tournée 2
76	## Tournée 3
49	28	46	## Tournée 4
89	20	31	## Tournée 5
88	24	55	## Tournée 6
35	56	10	81	## Tournée 7
99	75	73	86	27	82	40	## Tournée 8
64	92	33	9	47	5	43	41	## Tournée 9
83	54	91	58	52	15	95	1	## Tournée 10
61	67	90	2	66	17	80	3	22	42	100	## Tournée 11
19	18	16	74	57	62	60	93	87	94	53	44	## Tournée 12
77	79	6	4	63	69	34	71	68	50	13	45	8	51	29	## Tournée 13
32	48	96	26	98	59	65	70	21	84	97	39	14	38	## Tournée 14
85	25	36	7	11	30	23	12	37	## Tournée 15
