135368	## Somme des retards
180	## Temps CPU (millisecondes)
131	141	94	220	24	69	238	176	144	164	127	10	68	159	52	115	53	84	149	30	42	31	134	108	145	4	3	93	161	60	85	39	245	189	103	152	123	239	177	27	61	23	179	50	217	147	200	208	183	82	48	158	235	206	214	210	198	148	213	224	246	218	17	169	219	196	11	124	191	110	55	72	211	87	37	125	229	6	216	49	1	156	202	150	86	63	143	250	241	83	168	178	221	121	101	100	204	139	130	56	126	187	67	5	96	76	25	51	46	215	172	247	205	199	181	248	120	65	57	35	232	142	237	89	166	138	165	47	222	119	186	133	26	28	170	227	44	73	188	104	21	12	92	14	203	64	116	242	184	38	22	223	71	154	173	77	54	163	111	240	91	29	231	40	137	226	135	136	193	79	225	185	114	228	15	113	153	43	45	62	117	207	88	180	192	13	74	66	230	2	190	182	194	234	151	102	80	95	249	106	81	171	146	98	112	8	132	109	175	157	18	243	58	33	36	7	167	155	90	41	201	160	128	105	162	16	19	174	233	99	34	107	20	97	122	118	9	197	195	75	209	129	236	70	78	140	244	32	212	59	## Ordonnancement
24	## Nombre de tournées
1	1	1	1	1	2	2	3	5	6	8	9	13	15	13	20	16	19	21	25	24	24	17	3	## Nombre de sites par tournée
131	## Tournée 1
141	## Tournée 2
94	## Tournée 3
220	## Tournée 4
24	## Tournée 5
69	238	## Tournée 6
144	176	## Tournée 7
127	164	10	## Tournée 8
52	53	159	115	68	## Tournée 9
149	42	84	31	134	30	## Tournée 10
145	93	108	4	161	85	60	3	## Tournée 11
177	39	239	245	189	103	123	27	152	## Tournée 12
158	183	147	208	217	50	61	235	23	200	48	179	82	## Tournée 13
11	214	206	210	198	219	148	169	246	218	17	124	213	224	196	## Tournée 14
55	87	37	1	216	191	49	110	211	125	6	229	72	## Tournée 15
83	204	202	150	250	143	168	241	121	139	63	100	221	56	126	156	86	101	178	130	## Tournée 16
187	5	248	181	76	205	247	172	215	25	46	199	96	120	51	67	## Tournée 17
142	166	57	119	26	165	138	232	227	65	237	28	186	89	47	35	133	222	170	## Tournée 18
116	77	173	73	223	104	154	242	54	21	12	92	184	14	203	22	188	64	71	38	44	## Tournée 19
135	231	43	111	163	91	79	45	136	225	29	185	226	117	40	113	153	15	240	137	193	114	207	228	62	## Tournée 20
171	182	151	81	249	13	192	146	98	66	74	190	80	2	194	8	88	234	230	102	180	95	106	112	## Tournée 21
36	157	41	201	58	132	155	162	19	16	160	174	7	243	90	233	105	33	18	128	175	109	99	167	## Tournée 22
118	20	97	78	122	34	107	70	197	75	195	140	9	209	129	236	244	## Tournée 23
212	59	32	## Tournée 24
