295823	## Somme des retards
80	## Temps CPU (millisecondes)
197	30	66	147	184	39	58	97	17	98	64	137	126	152	20	7	9	242	249	110	239	204	76	165	175	172	79	178	171	53	188	87	211	81	138	151	220	227	111	16	185	134	31	35	34	128	62	207	32	13	230	73	195	193	234	170	93	180	95	6	119	225	201	10	141	208	162	102	24	59	25	14	45	99	245	112	104	84	136	156	163	54	88	44	29	209	72	158	221	69	200	146	67	219	206	224	117	144	169	114	229	210	166	181	15	55	107	189	205	92	223	23	11	4	61	217	145	215	78	52	202	214	121	237	5	47	125	216	22	176	233	50	248	49	91	132	236	173	86	159	143	57	43	177	123	3	187	160	70	183	18	124	46	135	222	164	33	153	191	167	40	127	168	94	238	142	213	140	130	247	192	105	133	116	231	90	65	8	82	131	38	194	51	182	199	190	106	241	60	56	250	85	12	21	155	179	2	150	42	139	243	196	149	203	101	240	41	63	232	212	109	103	28	198	161	19	68	154	1	89	118	115	218	71	74	235	96	120	148	174	157	26	100	77	129	246	122	27	244	48	80	108	226	37	36	228	113	83	75	186	## Ordonnancement
24	## Nombre de tournées
1	1	1	1	3	3	4	5	7	11	10	9	12	12	15	14	20	18	19	22	22	25	14	1	## Nombre de sites par tournée
197	## Tournée 1
30	## Tournée 2
66	## Tournée 3
147	## Tournée 4
184	39	58	## Tournée 5
17	98	97	## Tournée 6
137	126	152	64	## Tournée 7
249	20	9	7	242	## Tournée 8
175	204	165	110	172	76	239	## Tournée 9
79	53	87	178	81	220	211	188	151	138	171	## Tournée 10
227	62	31	128	34	185	35	16	111	134	## Tournée 11
195	230	193	32	207	170	234	13	73	## Tournée 12
141	102	180	95	208	93	225	162	6	10	119	201	## Tournée 13
156	136	112	245	84	99	59	14	45	24	104	25	## Tournée 14
200	72	221	69	29	44	88	219	209	158	146	163	54	206	67	## Tournée 15
114	229	55	181	210	205	224	169	166	144	117	15	189	107	## Tournée 16
11	237	223	78	202	125	4	215	92	216	22	23	47	217	61	214	5	121	145	52	## Tournée 17
49	159	123	233	86	3	143	177	91	187	132	50	173	176	236	43	248	57	## Tournée 18
46	222	124	168	160	94	135	238	18	183	70	191	40	127	153	167	164	142	33	## Tournée 19
192	90	194	199	190	231	106	105	51	65	140	130	38	247	133	8	82	182	116	241	213	131	## Tournée 20
2	21	42	149	60	179	139	232	250	101	150	56	212	85	243	155	203	41	12	63	240	196	## Tournée 21
26	218	74	109	100	115	174	28	157	96	129	235	154	120	89	118	1	77	68	148	71	103	161	198	19	## Tournée 22
80	226	75	122	27	246	113	228	108	36	83	244	37	48	## Tournée 23
186	## Tournée 24
