395563	## Somme des retards
200	## Temps CPU (millisecondes)
272	67	293	178	200	227	33	30	190	228	31	292	165	69	295	230	45	73	164	181	243	97	223	209	158	133	277	50	92	72	129	123	249	288	16	37	80	10	17	252	82	191	241	284	285	107	126	183	8	83	204	38	100	173	251	6	19	110	176	282	120	153	136	189	245	47	213	275	170	235	205	119	138	24	186	210	198	225	85	219	105	70	54	149	246	3	159	248	116	177	270	247	232	84	155	65	52	57	96	102	23	163	32	1	168	63	269	297	142	113	104	187	196	161	108	103	294	160	179	211	114	90	26	2	48	162	262	62	172	14	78	43	28	13	66	127	256	218	229	79	131	81	240	75	197	125	289	27	106	242	180	9	59	280	15	88	267	273	144	236	151	77	195	35	146	132	171	134	254	56	74	203	217	299	226	152	139	281	61	259	258	231	221	40	278	29	141	154	199	112	253	276	93	53	216	89	239	55	220	18	130	157	60	44	174	150	194	21	296	145	95	214	71	212	202	201	128	264	22	137	51	290	182	20	68	291	4	115	265	215	121	279	167	268	283	193	11	185	34	238	255	58	287	99	233	156	222	7	261	169	87	147	98	117	39	25	271	46	109	111	101	184	175	207	135	124	206	12	94	208	36	188	286	143	263	224	166	5	257	76	118	41	298	192	250	140	260	300	237	266	274	49	64	148	86	42	234	91	122	244	## Ordonnancement
24	## Nombre de tournées
1	2	2	2	3	4	6	8	8	8	11	11	12	15	15	20	18	18	22	25	26	24	26	13	## Nombre de sites par tournée
272	## Tournée 1
67	293	## Tournée 2
178	200	## Tournée 3
33	227	## Tournée 4
228	190	30	## Tournée 5
69	292	165	31	## Tournée 6
230	295	73	181	164	45	## Tournée 7
209	50	223	277	97	133	158	243	## Tournée 8
123	92	288	249	16	129	37	72	## Tournée 9
82	17	80	241	284	252	191	10	## Tournée 10
100	173	251	83	8	285	38	204	107	126	183	## Tournée 11
189	176	120	245	136	110	6	47	19	153	282	## Tournée 12
275	235	24	198	186	205	138	213	225	119	210	170	## Tournée 13
246	105	219	85	159	247	177	149	232	54	116	3	270	70	248	## Tournée 14
65	23	269	84	1	168	63	155	163	102	52	32	57	297	96	## Tournée 15
104	161	114	62	103	26	160	196	142	48	187	2	211	162	294	262	90	179	113	108	## Tournée 16
43	66	79	78	256	131	13	75	218	240	172	81	229	14	28	125	197	127	## Tournée 17
59	195	267	273	77	35	27	180	280	242	88	236	151	15	289	144	9	106	## Tournée 18
203	74	139	221	217	259	281	299	226	258	29	56	132	171	61	152	40	231	134	254	146	278	## Tournée 19
141	93	216	44	89	60	55	194	53	276	296	199	18	154	157	112	239	145	150	174	95	253	21	220	130	## Tournée 20
202	283	115	264	182	20	291	22	71	215	290	201	193	128	121	212	265	214	68	279	268	137	11	4	51	167	## Tournée 21
109	101	98	147	233	25	58	238	271	169	99	287	7	39	156	261	117	46	87	34	185	222	111	255	## Tournée 22
76	140	184	192	298	41	250	36	188	263	175	206	135	208	94	286	224	166	260	5	257	124	207	12	118	143	## Tournée 23
122	244	91	237	148	300	86	49	266	234	64	42	274	## Tournée 24
