171638	## Somme des retards
80	## Temps CPU (millisecondes)
234	36	144	25	191	4	197	167	1	112	111	156	75	145	244	102	62	50	160	185	122	218	177	199	198	51	18	60	21	181	193	97	140	188	107	67	131	165	221	168	241	126	146	247	232	123	106	133	40	52	237	33	113	80	9	42	58	47	223	205	208	154	90	3	190	53	43	73	226	153	83	225	138	88	37	71	136	148	134	135	219	55	20	130	31	173	183	176	103	203	78	66	72	235	93	105	245	172	77	14	45	220	29	84	124	215	204	7	35	250	246	98	182	26	68	76	194	202	227	210	115	212	159	163	214	228	132	5	121	158	54	8	41	187	170	119	32	206	48	27	114	229	192	161	15	104	200	195	100	108	17	16	155	213	243	169	57	175	249	34	164	137	224	147	10	56	28	120	178	238	87	139	86	89	38	236	2	142	44	222	189	150	110	141	125	143	231	129	248	117	162	63	151	196	184	59	30	216	70	24	81	118	116	64	127	101	82	74	13	211	180	39	152	166	99	96	239	12	128	179	209	46	61	174	49	22	186	217	233	171	157	230	65	79	201	11	240	6	109	149	85	95	23	242	69	19	92	94	91	207	## Ordonnancement
21	## Nombre de tournées
2	2	3	6	3	4	7	8	6	10	10	15	15	18	15	20	22	24	23	24	13	## Nombre de sites par tournée
234	36	## Tournée 1
144	25	## Tournée 2
191	4	197	## Tournée 3
1	111	156	75	167	112	## Tournée 4
102	244	145	## Tournée 5
185	50	160	62	## Tournée 6
51	18	177	199	198	218	122	## Tournée 7
181	21	140	60	107	188	193	97	## Tournée 8
241	67	221	165	131	168	## Tournée 9
106	232	123	247	52	133	126	237	40	146	## Tournée 10
113	33	9	223	80	205	42	208	58	47	## Tournée 11
73	90	190	37	138	88	153	154	71	83	43	3	226	225	53	## Tournée 12
176	55	135	134	136	183	148	219	203	20	103	31	78	130	173	## Tournée 13
84	105	72	7	220	235	172	45	215	66	77	204	93	245	14	35	29	124	## Tournée 14
182	210	68	194	163	202	115	98	250	26	76	227	246	212	159	## Tournée 15
8	170	114	132	5	214	192	158	121	161	119	54	228	229	41	187	206	32	27	48	## Tournée 16
57	243	104	200	249	164	155	169	34	56	224	195	100	16	213	108	147	10	17	175	137	15	## Tournée 17
248	150	86	139	89	117	28	143	238	38	178	222	120	236	44	87	129	2	141	125	189	142	231	110	## Tournée 18
82	64	101	196	152	70	211	180	74	127	13	162	216	39	30	116	59	184	151	63	81	24	118	## Tournée 19
171	230	174	217	186	61	96	201	12	99	65	49	166	128	240	179	239	46	209	233	22	79	157	11	## Tournée 20
95	85	91	23	19	6	149	94	242	207	69	109	92	## Tournée 21
