94009	## Somme des retards
10	## Temps CPU (millisecondes)
91	28	73	54	42	74	115	136	4	113	150	10	50	109	20	85	76	97	68	64	94	99	90	135	86	24	19	2	53	121	92	116	103	105	79	140	63	30	41	51	5	93	58	32	122	35	46	132	8	72	44	36	29	101	11	149	96	119	125	56	12	108	88	70	47	33	77	133	9	66	69	89	71	60	17	129	81	118	48	39	37	87	7	82	31	139	34	62	57	148	144	84	102	141	40	146	59	145	22	127	106	83	100	61	21	55	114	124	3	104	25	142	52	43	117	98	49	131	120	65	26	80	18	67	13	45	128	75	78	112	1	147	111	16	134	95	14	23	130	15	138	38	137	126	143	6	107	110	123	27	## Ordonnancement
16	## Nombre de tournées
1	1	3	4	5	6	9	8	10	11	11	14	16	16	18	17	## Nombre de sites par tournée
91	## Tournée 1
28	## Tournée 2
73	42	54	## Tournée 3
136	74	115	4	## Tournée 4
50	109	113	10	150	## Tournée 5
64	20	97	76	85	68	## Tournée 6
135	99	94	53	2	90	19	24	86	## Tournée 7
63	121	103	116	140	105	79	92	## Tournée 8
30	5	122	51	58	35	32	41	46	93	## Tournée 9
29	8	96	44	132	101	149	11	72	119	36	## Tournée 10
9	12	33	88	56	133	77	47	108	125	70	## Tournée 11
60	66	118	87	89	39	48	71	17	129	69	81	37	7	## Tournée 12
84	141	57	40	148	22	59	82	31	102	146	139	34	62	145	144	## Tournée 13
104	61	25	43	83	124	127	117	142	55	21	106	114	100	52	3	## Tournée 14
98	131	26	49	65	13	67	112	1	128	78	120	18	147	111	80	75	45	## Tournée 15
15	110	38	16	137	126	123	138	130	14	27	23	134	143	6	107	95	## Tournée 16
