53786	## Somme des retards
50	## Temps CPU (millisecondes)
114	86	69	99	129	138	27	103	134	119	128	42	147	133	56	132	108	25	97	95	30	19	105	24	89	82	111	63	62	29	14	57	78	81	120	135	8	96	87	130	137	15	113	67	64	124	33	93	55	94	123	79	71	45	54	127	150	17	88	4	125	80	91	85	40	9	36	83	115	145	118	140	49	104	11	101	148	10	110	16	32	70	112	73	28	75	122	21	48	20	131	5	37	100	46	35	84	92	142	144	146	107	41	12	98	90	77	59	38	102	39	136	66	47	31	43	34	76	18	13	139	44	149	74	143	26	3	1	53	7	61	58	22	51	60	117	6	109	106	50	65	116	121	68	72	2	52	23	141	126	## Ordonnancement
20	## Nombre de tournées
1	1	2	1	1	3	1	3	6	4	9	10	11	12	16	16	17	19	14	3	## Nombre de sites par tournée
114	## Tournée 1
86	## Tournée 2
69	99	## Tournée 3
129	## Tournée 4
138	## Tournée 5
103	134	27	## Tournée 6
119	## Tournée 7
128	42	147	## Tournée 8
108	25	56	132	97	133	## Tournée 9
30	95	105	19	## Tournée 10
63	111	89	14	62	57	82	24	29	## Tournée 11
130	96	81	120	15	137	87	8	135	78	## Tournée 12
93	94	113	55	33	71	64	79	124	123	67	## Tournée 13
91	80	17	4	88	150	127	40	125	54	85	45	## Tournée 14
10	115	104	16	148	110	9	83	11	140	145	36	49	101	32	118	## Tournée 15
35	122	100	5	37	84	21	20	48	70	46	112	73	28	131	75	## Tournée 16
12	92	41	66	90	39	47	142	98	136	38	59	146	77	102	144	107	## Tournée 17
139	3	26	143	149	34	58	22	53	18	61	7	43	1	74	44	13	76	31	## Tournée 18
72	65	116	52	117	2	51	68	109	121	106	50	6	60	## Tournée 19
23	141	126	## Tournée 20
