103172	## Somme des retards
50	## Temps CPU (millisecondes)
45	19	6	124	22	65	80	97	122	42	87	138	29	141	12	10	117	105	16	47	27	70	7	127	139	134	46	52	63	73	20	106	110	8	114	34	147	71	128	95	96	49	149	83	24	90	28	40	31	131	33	112	92	14	21	136	41	107	135	53	148	104	88	145	125	94	75	60	79	93	44	17	38	1	98	25	118	129	116	58	109	69	76	137	15	64	111	113	140	85	108	51	68	2	100	120	133	121	123	150	72	84	143	142	48	132	37	82	18	101	77	54	78	74	103	9	11	130	119	50	43	99	56	39	36	32	59	3	26	13	57	5	4	30	67	89	91	66	86	62	61	102	35	55	23	126	81	144	115	146	## Ordonnancement
22	## Nombre de tournées
1	1	1	1	2	2	3	2	3	4	7	6	9	9	10	13	14	16	22	14	9	1	## Nombre de sites par tournée
45	## Tournée 1
19	## Tournée 2
6	## Tournée 3
124	## Tournée 4
65	22	## Tournée 5
97	80	## Tournée 6
87	42	122	## Tournée 7
138	29	## Tournée 8
10	12	141	## Tournée 9
47	117	16	105	## Tournée 10
27	7	46	127	134	70	139	## Tournée 11
63	110	106	20	73	52	## Tournée 12
71	96	34	147	8	49	95	114	128	## Tournée 13
33	40	131	90	31	28	24	83	149	## Tournée 14
53	107	14	41	136	92	21	148	112	135	## Tournée 15
104	1	88	60	17	44	125	145	75	93	38	79	94	## Tournée 16
116	111	98	113	15	76	25	64	129	118	69	109	137	58	## Tournée 17
121	84	100	120	68	123	85	143	51	133	2	140	142	108	150	72	## Tournée 18
82	18	101	56	36	74	103	32	130	50	11	78	48	39	77	119	99	43	9	37	54	132	## Tournée 19
5	86	26	57	91	13	30	67	66	59	62	89	4	3	## Tournée 20
55	81	115	35	23	102	126	61	144	## Tournée 21
146	## Tournée 22
