60422	## Somme des retards
0	## Temps CPU (millisecondes)
19	71	97	49	52	72	63	29	96	67	42	18	35	100	81	7	83	43	88	66	4	16	57	1	92	64	38	93	13	89	15	77	8	76	94	14	37	60	84	65	50	85	41	44	33	91	45	55	79	58	78	2	32	74	69	61	47	28	54	46	95	62	36	53	68	82	80	25	31	27	98	26	10	6	86	40	21	12	39	9	24	34	73	22	23	75	51	70	48	87	5	11	99	30	20	17	59	56	3	90	## Ordonnancement
15	## Nombre de tournées
1	3	2	4	6	4	6	7	8	13	9	16	12	8	1	## Nombre de sites par tournée
19	## Tournée 1
97	71	49	## Tournée 2
52	72	## Tournée 3
29	67	63	96	## Tournée 4
100	42	18	81	7	35	## Tournée 5
43	66	83	88	## Tournée 6
64	92	1	4	57	16	## Tournée 7
15	89	8	93	13	77	38	## Tournée 8
94	84	37	14	60	76	65	50	## Tournée 9
41	85	58	91	32	74	79	33	44	2	78	45	55	## Tournée 10
95	28	54	61	46	47	69	36	62	## Tournée 11
27	6	80	25	86	10	26	82	53	98	31	12	39	21	40	68	## Tournée 12
22	87	70	23	48	51	73	34	9	24	75	5	## Tournée 13
99	56	17	59	20	11	3	30	## Tournée 14
90	## Tournée 15
