47661	## Somme des retards
20	## Temps CPU (millisecondes)
98	87	82	51	68	59	45	14	66	4	8	60	79	86	3	74	97	64	94	42	20	24	67	70	53	12	35	48	28	83	57	61	84	85	80	2	5	69	91	33	47	52	10	36	26	43	50	49	16	6	63	30	92	41	25	89	62	44	37	88	54	17	56	95	15	78	18	29	90	72	21	71	34	19	11	39	7	76	32	46	1	75	31	27	81	22	58	13	100	23	99	77	55	38	93	96	65	40	9	73	## Ordonnancement
17	## Nombre de tournées
2	1	2	3	1	4	1	5	6	7	8	10	11	13	14	11	1	## Nombre de sites par tournée
98	87	## Tournée 1
82	## Tournée 2
68	51	## Tournée 3
14	45	59	## Tournée 4
66	## Tournée 5
60	4	79	8	## Tournée 6
86	## Tournée 7
64	74	3	94	97	## Tournée 8
67	53	70	20	42	24	## Tournée 9
48	35	57	61	12	83	28	## Tournée 10
5	80	2	84	33	69	91	85	## Tournée 11
49	47	10	50	6	16	36	43	26	52	## Tournée 12
37	88	62	63	44	54	89	25	92	41	30	## Tournée 13
95	19	29	78	18	34	72	21	17	56	15	90	71	## Tournée 14
58	75	46	32	13	22	27	76	7	11	81	1	31	39	## Tournée 15
96	40	65	100	77	55	38	99	93	9	23	## Tournée 16
73	## Tournée 17
