134999	## Somme des retards
60	## Temps CPU (millisecondes)
55	122	49	35	148	128	103	91	89	25	3	40	142	43	121	129	115	66	144	26	36	102	69	118	140	10	13	119	39	62	137	37	74	12	65	20	27	109	71	53	50	47	78	93	11	95	28	110	112	106	72	105	113	44	7	143	5	126	127	68	42	64	99	51	125	2	29	1	32	15	33	133	94	81	70	116	14	131	54	52	134	111	57	4	61	24	45	97	150	141	21	130	59	146	86	73	132	136	100	88	145	34	8	149	6	108	124	19	85	96	120	60	139	18	30	22	38	104	123	9	147	80	83	107	48	76	90	135	63	75	17	67	117	46	138	56	58	92	82	114	101	87	41	77	23	98	31	79	16	84	## Ordonnancement
18	## Nombre de tournées
1	3	3	3	5	5	6	6	7	9	8	12	11	15	16	21	18	1	## Nombre de sites par tournée
55	## Tournée 1
35	122	49	## Tournée 2
128	148	103	## Tournée 3
91	25	89	## Tournée 4
142	40	121	43	3	## Tournée 5
144	129	26	66	115	## Tournée 6
10	36	69	102	118	140	## Tournée 7
37	13	119	62	137	39	## Tournée 8
74	12	20	65	71	109	27	## Tournée 9
28	78	53	11	50	95	110	47	93	## Tournée 10
112	7	44	143	106	113	72	105	## Tournée 11
126	99	29	127	1	51	5	68	64	2	125	42	## Tournée 12
33	70	54	15	131	94	81	133	116	32	14	## Tournée 13
146	24	61	111	4	134	150	97	130	57	21	59	45	141	52	## Tournée 14
132	86	19	85	88	145	8	124	34	96	149	100	108	73	136	6	## Tournée 15
22	107	90	18	123	9	135	104	83	60	38	63	76	75	30	147	80	139	48	120	17	## Tournée 16
114	16	67	87	92	117	23	56	31	46	101	98	58	41	82	79	77	138	## Tournée 17
84	## Tournée 18
