338760	## Somme des retards
150	## Temps CPU (millisecondes)
100	77	161	158	103	264	225	210	220	238	134	145	293	279	192	65	183	261	116	16	107	218	85	30	79	176	280	216	204	130	11	289	180	91	189	205	237	83	277	297	5	110	133	111	182	207	22	170	139	90	250	14	44	94	45	291	252	132	154	163	193	19	167	171	72	294	17	227	290	273	230	206	84	142	188	35	255	284	270	174	92	248	55	223	12	88	211	18	66	13	2	124	295	191	95	249	59	151	106	43	15	136	281	256	299	135	217	239	155	202	122	62	262	82	254	104	53	232	87	57	101	226	251	121	98	48	172	9	28	215	153	272	269	144	263	300	67	173	194	228	166	126	276	127	267	196	214	63	224	150	156	52	298	49	247	47	241	143	99	287	26	6	187	242	258	74	184	1	27	266	231	212	233	21	75	97	229	36	288	96	41	20	190	186	286	165	208	81	160	162	213	179	157	199	29	115	197	37	46	119	169	141	4	51	244	25	201	198	113	125	178	24	159	58	3	56	76	39	175	68	109	292	71	80	219	23	278	86	140	236	38	78	222	33	177	64	70	282	102	275	123	240	34	73	253	7	221	185	274	42	203	152	181	138	61	148	108	271	268	245	283	296	105	112	114	234	69	10	128	168	259	93	257	149	260	54	129	147	40	200	164	195	32	246	8	146	235	117	89	243	137	209	265	131	60	50	120	118	31	285	## Ordonnancement
26	## Nombre de tournées
1	1	1	1	2	2	3	4	4	5	6	8	9	10	9	14	14	16	16	19	21	26	26	28	28	26	## Nombre de sites par tournée
100	## Tournée 1
77	## Tournée 2
161	## Tournée 3
158	## Tournée 4
264	103	## Tournée 5
225	210	## Tournée 6
238	220	134	## Tournée 7
192	293	145	279	## Tournée 8
261	65	116	183	## Tournée 9
30	218	16	107	85	## Tournée 10
130	280	176	216	79	204	## Tournée 11
289	91	11	83	189	237	180	205	## Tournée 12
22	111	207	297	110	277	133	5	182	## Tournée 13
291	252	14	44	94	170	45	250	139	90	## Tournée 14
72	132	154	163	19	171	167	294	193	## Tournée 15
174	227	142	35	270	290	284	255	206	273	17	230	188	84	## Tournée 16
2	18	12	223	13	124	92	66	88	55	295	211	191	248	## Tournée 17
256	299	106	202	151	95	239	249	155	59	281	217	15	43	136	135	## Tournée 18
121	53	122	226	57	82	262	254	87	232	48	98	104	101	62	251	## Tournée 19
9	263	127	153	126	228	194	267	269	272	276	300	215	172	144	173	166	67	28	## Tournée 20
6	99	143	187	150	26	298	52	214	196	156	224	247	242	63	49	47	287	74	258	241	## Tournée 21
212	36	286	190	233	165	75	97	231	1	266	213	41	160	288	81	162	20	21	179	96	229	184	27	208	186	## Tournée 22
25	199	37	198	39	56	119	157	4	201	29	125	115	24	141	197	159	244	51	46	3	76	178	169	58	113	## Tournée 23
222	278	253	175	78	34	236	123	64	86	68	71	292	23	38	140	7	80	282	102	177	275	109	240	219	73	70	33	## Tournée 24
149	257	259	274	108	181	128	271	245	112	268	152	105	69	148	185	234	61	93	10	42	168	221	296	114	283	203	138	## Tournée 25
54	89	129	147	243	60	209	137	8	200	260	40	118	120	131	50	195	246	31	235	285	265	117	146	32	164	## Tournée 26
