219376	## Somme des retards
50	## Temps CPU (millisecondes)
198	16	37	25	142	39	167	49	123	67	41	30	5	101	60	151	13	7	112	134	120	69	119	47	82	44	176	80	2	192	106	157	76	156	172	164	126	31	53	45	131	149	161	175	185	188	159	79	187	137	138	29	54	3	20	136	186	173	125	27	35	118	88	87	190	170	62	200	115	72	48	195	58	24	113	191	55	97	22	197	141	181	33	92	150	158	6	34	70	124	14	93	96	59	12	19	61	122	21	155	10	139	36	57	26	174	194	107	99	74	168	166	109	183	95	46	38	121	15	108	103	133	1	128	86	78	127	199	144	73	75	84	17	135	152	153	129	132	145	64	100	90	140	154	81	9	160	130	104	143	179	65	42	178	105	94	56	111	98	43	177	4	182	196	146	51	23	189	11	165	28	163	68	32	110	147	116	50	102	171	148	89	77	52	8	63	169	180	184	71	85	193	66	18	83	40	162	117	114	91	## Ordonnancement
21	## Nombre de tournées
1	1	3	4	4	3	4	5	6	8	7	12	10	12	12	15	16	20	16	24	17	## Nombre de sites par tournée
198	## Tournée 1
16	## Tournée 2
142	25	37	## Tournée 3
49	167	123	39	## Tournée 4
67	41	30	5	## Tournée 5
151	101	60	## Tournée 6
112	134	13	7	## Tournée 7
120	69	47	119	82	## Tournée 8
176	2	106	192	44	80	## Tournée 9
53	31	157	156	76	172	126	164	## Tournée 10
149	161	45	185	175	131	188	## Tournée 11
173	54	79	136	186	187	29	159	3	138	137	20	## Tournée 12
170	190	27	125	200	118	62	35	88	87	## Tournée 13
195	72	97	115	48	24	191	58	197	113	55	22	## Tournée 14
181	124	33	6	14	150	70	93	34	158	92	141	## Tournée 15
21	10	57	12	96	139	19	122	194	59	61	26	36	174	155	## Tournée 16
38	168	183	121	46	109	1	133	107	108	74	99	103	15	95	166	## Tournée 17
86	145	127	128	199	153	100	84	17	129	75	78	152	135	73	90	132	64	140	144	## Tournée 18
42	81	56	104	154	105	65	98	143	160	111	179	130	9	94	178	## Tournée 19
146	51	4	89	147	68	163	77	148	116	165	102	196	23	182	189	28	32	110	50	11	171	43	177	## Tournée 20
18	162	85	91	180	83	117	66	40	52	8	71	169	114	63	193	184	## Tournée 21
