180840	## Somme des retards
90	## Temps CPU (millisecondes)
224	123	214	63	5	16	22	244	115	232	41	133	21	6	172	94	81	35	204	25	92	91	14	156	155	76	78	184	3	96	179	227	189	151	86	113	58	154	186	13	167	149	80	243	163	38	119	9	160	222	67	54	2	108	181	203	124	79	53	17	162	231	171	134	217	1	237	128	242	20	140	77	87	104	23	198	118	209	207	66	61	74	110	106	46	145	165	117	102	188	185	220	72	39	42	90	55	4	137	249	70	194	107	105	236	215	158	210	195	127	213	191	19	83	146	197	89	101	206	10	200	32	103	229	233	82	88	196	121	36	182	138	166	239	168	246	141	161	27	45	57	192	183	97	122	169	8	64	176	247	75	125	241	68	48	212	235	130	59	230	71	159	170	116	226	24	201	85	29	147	221	248	136	114	18	142	208	180	143	216	7	40	47	223	31	26	111	15	164	11	95	234	205	99	250	60	33	49	129	132	218	69	98	131	193	65	152	240	93	44	126	100	112	153	245	84	144	173	135	211	178	219	30	12	157	62	43	174	56	190	228	52	177	175	150	238	51	225	187	199	139	34	109	50	148	28	202	120	73	37	## Ordonnancement
23	## Nombre de tournées
1	1	1	2	2	2	5	6	8	8	10	12	13	14	13	17	20	22	23	24	27	16	3	## Nombre de sites par tournée
224	## Tournée 1
123	## Tournée 2
214	## Tournée 3
5	63	## Tournée 4
16	22	## Tournée 5
115	244	## Tournée 6
6	133	232	21	41	## Tournée 7
25	204	35	172	81	94	## Tournée 8
184	76	92	14	91	155	156	78	## Tournée 9
86	96	113	179	3	189	151	227	## Tournée 10
163	167	80	13	154	38	186	58	243	149	## Tournée 11
108	9	203	124	181	79	160	54	119	2	67	222	## Tournée 12
53	20	162	171	17	242	1	237	140	231	217	134	128	## Tournée 13
46	23	207	77	118	104	198	66	74	106	87	61	209	110	## Tournée 14
220	185	42	102	188	4	39	72	165	55	145	90	117	## Tournée 15
70	210	19	213	194	215	83	137	107	127	249	195	236	105	146	158	191	## Tournée 16
121	168	89	36	82	32	233	138	182	229	101	10	196	200	88	166	197	206	239	103	## Tournée 17
48	246	75	235	169	8	161	176	97	68	125	241	57	27	247	192	141	64	183	212	122	45	## Tournée 18
130	180	201	143	248	29	226	208	116	221	147	159	216	170	230	24	136	18	85	114	59	142	71	## Tournée 19
131	69	33	47	49	31	223	99	11	95	15	26	132	218	98	60	164	111	7	234	250	129	205	40	## Tournée 20
100	228	44	112	178	84	93	152	211	30	144	43	62	126	193	157	245	190	65	219	153	174	12	135	56	240	173	## Tournée 21
109	28	225	199	187	238	34	202	50	148	52	139	51	150	175	177	## Tournée 22
37	120	73	## Tournée 23
