147004	## Somme des retards
20	## Temps CPU (millisecondes)
15	28	64	125	183	161	25	165	10	196	129	45	56	70	185	36	126	19	84	77	163	176	76	170	102	48	21	147	111	143	199	103	50	172	137	23	117	110	180	53	152	107	168	12	157	112	144	156	78	75	47	40	113	127	11	105	89	81	62	177	120	41	2	118	39	181	37	44	61	26	35	151	13	83	67	73	96	155	200	108	60	188	91	178	187	158	189	69	149	34	169	148	9	99	87	101	82	54	92	68	142	65	130	6	90	141	49	38	30	14	135	162	193	93	182	171	159	46	109	184	115	66	8	22	20	32	146	138	63	119	86	55	52	104	1	29	136	150	116	139	160	16	192	124	154	131	140	17	164	94	175	133	4	121	128	79	42	194	27	51	166	153	195	59	98	100	198	186	31	179	197	88	167	7	43	134	95	114	58	80	173	5	97	74	57	33	24	145	106	72	123	190	3	71	85	174	132	18	191	122	## Ordonnancement
21	## Nombre de tournées
1	1	2	2	3	4	5	6	6	8	9	10	12	13	15	18	19	23	23	19	1	## Nombre de sites par tournée
15	## Tournée 1
28	## Tournée 2
125	64	## Tournée 3
161	183	## Tournée 4
10	25	165	## Tournée 5
45	196	129	56	## Tournée 6
36	70	19	185	126	## Tournée 7
176	163	170	77	84	76	## Tournée 8
102	111	147	143	21	48	## Tournée 9
199	23	103	137	117	50	110	172	## Tournée 10
152	107	12	168	180	144	112	53	157	## Tournée 11
47	78	75	105	156	11	40	127	89	113	## Tournée 12
37	39	118	62	61	177	120	181	2	41	81	44	## Tournée 13
151	73	67	13	200	35	60	108	26	155	96	188	83	## Tournée 14
148	158	189	178	99	187	82	169	9	69	34	149	87	101	91	## Tournée 15
92	142	182	193	38	135	54	93	141	130	68	30	14	90	162	49	65	6	## Tournée 16
8	119	86	138	32	20	159	146	46	22	109	171	104	115	55	52	66	184	63	## Tournée 17
42	79	16	140	94	128	4	1	136	29	139	17	116	121	131	124	150	133	164	175	154	160	192	## Tournée 18
51	88	98	167	179	27	186	7	114	95	153	195	197	58	59	43	134	194	166	100	80	198	31	## Tournée 19
132	3	5	106	145	173	174	57	97	190	71	74	85	24	33	72	123	18	191	## Tournée 20
122	## Tournée 21
