137096	## Somme des retards
20	## Temps CPU (millisecondes)
181	65	80	177	5	107	25	15	100	106	34	61	42	55	162	180	115	189	6	93	40	94	45	160	154	91	112	76	98	190	157	169	172	120	41	182	47	52	99	43	97	125	102	151	191	75	194	28	56	59	105	114	82	147	143	149	30	10	86	128	1	159	155	89	122	117	70	164	31	29	183	104	37	145	168	158	22	83	171	88	96	176	193	72	195	27	184	108	127	146	185	39	73	13	150	144	116	173	179	124	48	137	51	196	46	109	187	63	67	81	118	62	66	38	129	119	170	138	134	198	50	148	121	20	163	36	166	7	9	12	130	175	79	26	131	18	123	139	74	14	68	101	126	58	197	153	132	92	199	141	103	186	152	32	84	161	64	136	3	24	77	142	69	111	156	178	90	78	16	44	57	33	188	49	4	8	2	200	53	60	165	17	110	192	11	167	85	19	87	35	135	133	113	71	23	174	140	21	95	54	## Ordonnancement
20	## Nombre de tournées
1	1	1	2	3	4	4	6	8	7	9	11	12	13	18	17	20	22	21	20	## Nombre de sites par tournée
181	## Tournée 1
65	## Tournée 2
80	## Tournée 3
177	5	## Tournée 4
25	107	15	## Tournée 5
61	100	106	34	## Tournée 6
55	180	162	42	## Tournée 7
6	189	40	94	93	115	## Tournée 8
112	160	98	91	154	190	76	45	## Tournée 9
120	172	47	182	169	157	41	## Tournée 10
102	75	52	191	125	43	97	99	151	## Tournée 11
59	149	143	30	28	82	147	114	194	105	56	## Tournée 12
122	128	70	155	159	31	86	117	1	10	164	89	## Tournée 13
83	176	37	171	104	29	96	22	88	158	145	168	183	## Tournée 14
13	108	73	150	193	185	195	179	116	72	27	127	144	39	184	124	146	173	## Tournée 15
46	109	38	119	48	187	81	63	67	196	118	137	62	170	66	51	129	## Tournée 16
20	148	123	12	198	18	138	50	9	121	79	36	166	134	26	7	175	131	130	163	## Tournée 17
199	153	132	92	136	58	32	139	186	3	74	141	68	64	101	161	126	103	197	84	14	152	## Tournée 18
178	33	200	53	4	78	111	16	49	2	44	8	77	24	69	60	156	188	142	57	90	## Tournée 19
174	21	192	54	71	113	19	135	167	133	85	17	95	140	11	165	23	87	35	110	## Tournée 20
