202269	## Somme des retards
200	## Temps CPU (millisecondes)
251	149	243	201	111	269	184	5	129	293	290	250	266	4	152	100	93	54	62	94	235	16	120	28	97	172	255	225	194	116	196	277	244	267	183	150	242	252	110	188	187	77	75	103	119	215	257	295	198	73	258	271	283	98	185	135	191	130	134	123	220	264	249	268	275	234	92	229	292	102	272	261	132	67	82	10	118	273	199	300	44	238	155	11	31	224	13	20	49	173	233	286	232	151	192	36	105	57	167	8	43	141	210	226	168	47	165	222	51	247	46	254	95	106	161	157	114	193	108	144	7	288	296	12	52	39	202	9	133	128	71	189	203	131	109	76	6	72	101	74	81	265	274	89	284	230	276	19	180	179	68	159	227	218	64	90	297	17	147	70	38	181	289	279	223	245	248	219	136	3	22	117	21	166	29	212	156	145	139	171	35	86	66	182	15	56	154	115	281	104	262	41	287	78	48	158	164	278	294	99	50	138	285	169	55	174	91	209	61	221	83	259	32	112	299	207	18	208	213	246	241	63	217	25	30	107	58	190	253	85	140	1	205	195	24	239	186	237	121	37	162	146	40	124	206	33	176	204	65	45	26	127	170	175	53	160	96	197	79	80	113	211	280	231	178	27	60	260	142	42	87	84	2	34	148	214	263	14	216	69	137	177	122	125	282	270	200	88	143	236	163	256	23	153	228	126	298	59	240	291	## Ordonnancement
23	## Nombre de tournées
1	1	1	3	3	5	6	6	9	9	12	13	15	18	18	18	20	25	25	21	27	30	14	## Nombre de sites par tournée
251	## Tournée 1
149	## Tournée 2
243	## Tournée 3
269	111	201	## Tournée 4
129	5	184	## Tournée 5
250	290	266	293	4	## Tournée 6
62	152	54	100	93	94	## Tournée 7
235	120	28	16	172	97	## Tournée 8
225	267	196	255	194	116	277	244	183	## Tournée 9
187	103	110	252	242	77	150	75	188	## Tournée 10
295	73	257	198	215	271	135	283	185	258	98	119	## Tournée 11
130	264	220	92	191	123	234	134	292	229	275	249	268	## Tournée 12
155	67	199	118	132	273	44	238	300	261	102	10	82	272	11	## Tournée 13
36	141	43	192	8	286	232	151	20	57	13	49	233	224	167	105	173	31	## Tournée 14
168	47	247	161	222	210	193	106	157	108	254	226	46	165	144	51	114	95	## Tournée 15
189	109	133	6	71	76	12	39	203	7	202	9	128	296	72	52	288	131	## Tournée 16
218	81	74	17	101	68	230	179	90	297	284	276	159	64	180	227	89	274	19	265	## Tournée 17
139	35	171	147	38	223	70	136	279	219	166	86	181	156	66	22	145	289	245	21	212	3	117	248	29	## Tournée 18
262	281	154	78	169	209	182	104	55	15	285	158	287	91	48	278	138	115	174	164	99	41	294	50	56	## Tournée 19
259	107	112	63	25	83	61	58	190	208	32	241	299	207	18	253	30	213	217	246	221	## Tournée 20
53	170	206	85	24	162	37	124	239	146	186	176	33	175	40	160	140	65	1	237	205	45	26	195	127	121	204	## Tournée 21
270	34	197	96	280	216	214	27	125	80	177	211	79	113	87	60	282	14	260	178	137	2	231	263	148	69	42	122	142	84	## Tournée 22
153	200	228	240	298	163	236	143	88	59	291	23	126	256	## Tournée 23
