117143	## Somme des retards
40	## Temps CPU (millisecondes)
64	34	113	86	20	99	23	43	100	109	135	95	40	25	17	85	91	90	101	42	57	52	107	144	114	111	93	145	129	141	87	119	124	32	7	102	21	3	83	123	136	56	50	63	29	22	55	72	82	15	116	69	13	84	26	137	80	46	28	97	1	48	12	108	36	126	96	122	53	120	8	106	103	139	125	149	142	73	92	76	11	77	74	38	58	31	98	30	14	130	51	71	41	19	134	88	45	18	147	121	133	59	112	67	54	89	78	143	6	140	138	60	62	94	39	81	4	35	24	5	66	118	70	148	68	110	105	10	47	127	61	131	104	115	146	2	33	75	37	117	79	65	150	128	132	49	16	44	9	27	## Ordonnancement
21	## Nombre de tournées
1	1	2	2	1	1	2	4	3	4	5	7	8	7	12	12	14	17	17	19	11	## Nombre de sites par tournée
64	## Tournée 1
34	## Tournée 2
86	113	## Tournée 3
20	99	## Tournée 4
23	## Tournée 5
43	## Tournée 6
100	109	## Tournée 7
40	135	95	25	## Tournée 8
85	17	91	## Tournée 9
42	90	57	101	## Tournée 10
111	144	107	114	52	## Tournée 11
141	124	87	93	145	119	129	## Tournée 12
21	7	136	102	123	3	32	83	## Tournée 13
50	63	55	29	22	56	72	## Tournée 14
46	28	13	82	69	116	97	26	80	84	15	137	## Tournée 15
36	12	120	48	126	122	8	53	106	1	108	96	## Tournée 16
142	76	77	125	38	73	31	149	92	103	74	11	58	139	## Tournée 17
19	51	147	45	59	14	134	41	130	121	133	112	98	30	88	71	18	## Tournée 18
6	62	24	54	5	39	35	143	138	81	67	140	94	78	4	89	60	## Tournée 19
146	61	70	47	131	2	148	37	104	105	127	118	66	10	68	110	33	75	115	## Tournée 20
49	27	16	150	79	128	44	65	132	117	9	## Tournée 21
