62535	## Somme des retards
10	## Temps CPU (millisecondes)
5	40	32	17	26	81	21	63	10	76	39	7	83	54	15	37	6	55	27	12	58	31	2	13	28	71	30	16	85	70	8	51	96	46	3	34	49	45	35	36	92	95	93	62	52	65	67	41	18	74	84	9	89	88	61	59	4	11	38	43	14	69	82	99	56	47	94	98	33	23	87	80	64	97	48	60	22	24	50	77	79	19	91	1	68	90	53	20	100	42	66	25	75	72	86	57	44	29	78	73	## Ordonnancement
16	## Nombre de tournées
1	1	2	2	3	2	4	5	7	8	10	10	15	15	13	2	## Nombre de sites par tournée
5	## Tournée 1
40	## Tournée 2
17	32	## Tournée 3
81	26	## Tournée 4
21	63	10	## Tournée 5
39	76	## Tournée 6
15	7	54	83	## Tournée 7
37	27	6	12	55	## Tournée 8
31	28	30	2	13	58	71	## Tournée 9
51	96	3	8	70	85	46	16	## Tournée 10
52	35	92	93	62	45	95	36	34	49	## Tournée 11
65	61	18	67	41	9	74	88	89	84	## Tournée 12
23	82	14	33	11	43	38	98	94	59	4	47	69	99	56	## Tournée 13
64	24	97	22	79	50	87	48	91	80	60	77	19	1	68	## Tournée 14
66	44	86	42	72	25	57	75	100	29	20	53	90	## Tournée 15
78	73	## Tournée 16
