135274	## Somme des retards
30	## Temps CPU (millisecondes)
46	24	7	33	50	126	111	34	133	52	122	4	3	37	57	28	43	18	100	121	25	84	132	144	44	127	36	95	99	42	113	104	129	118	35	23	101	10	66	27	143	29	56	21	131	76	82	51	137	105	30	62	88	147	13	14	116	69	45	142	17	71	38	89	93	90	75	98	117	120	80	136	112	6	68	59	63	39	106	2	138	58	123	96	92	150	26	60	67	114	128	145	12	72	74	70	102	86	124	149	119	20	77	65	103	85	109	87	94	91	78	146	11	141	1	22	64	130	48	61	140	41	15	47	5	55	81	79	49	9	31	148	108	16	125	107	19	8	40	139	115	97	134	54	135	83	32	53	73	110	## Ordonnancement
23	## Nombre de tournées
1	1	1	1	1	1	1	1	1	2	3	4	5	7	6	8	8	13	14	16	16	18	21	## Nombre de sites par tournée
46	## Tournée 1
24	## Tournée 2
7	## Tournée 3
33	## Tournée 4
50	## Tournée 5
126	## Tournée 6
111	## Tournée 7
34	## Tournée 8
133	## Tournée 9
122	52	## Tournée 10
3	4	37	## Tournée 11
57	28	18	43	## Tournée 12
100	25	132	121	84	## Tournée 13
99	36	42	144	127	44	95	## Tournée 14
104	113	23	129	35	118	## Tournée 15
27	29	101	10	56	21	66	143	## Tournée 16
105	62	76	82	51	131	137	30	## Tournée 17
45	88	38	89	142	71	13	69	17	93	147	116	14	## Tournée 18
6	68	117	98	90	75	59	63	136	120	80	39	112	106	## Tournée 19
58	114	72	2	138	145	123	12	74	26	96	150	128	60	67	92	## Tournée 20
109	85	70	119	77	78	91	94	103	102	149	124	86	87	65	20	## Tournée 21
81	11	55	48	79	22	41	15	49	1	61	146	64	47	130	140	141	5	## Tournée 22
135	16	40	73	134	97	125	148	108	9	8	115	139	19	31	53	54	32	110	107	83	## Tournée 23
