178415	## Somme des retards
140	## Temps CPU (millisecondes)
37	41	156	66	111	3	5	91	95	179	181	68	169	148	187	38	102	27	54	188	142	132	77	170	178	88	149	71	105	76	92	192	125	81	127	104	199	58	11	193	90	109	134	22	165	200	198	114	182	93	194	180	97	6	172	112	12	122	124	30	59	161	176	57	36	151	14	120	55	4	49	67	39	146	79	80	99	168	106	185	128	75	72	25	31	141	171	183	110	139	44	189	24	84	48	138	62	1	166	89	2	96	42	28	53	7	145	34	184	175	191	16	70	35	115	63	118	101	10	61	23	130	167	85	73	195	137	147	121	108	69	154	158	43	196	8	103	40	144	52	21	26	94	123	131	117	82	51	15	46	78	140	100	33	29	157	163	133	13	74	159	143	136	17	119	56	174	9	32	190	153	64	162	107	177	155	19	164	135	65	129	45	98	83	152	86	50	116	60	173	186	160	47	18	197	20	126	87	150	113	## Ordonnancement
21	## Nombre de tournées
1	2	2	2	4	6	5	7	8	9	13	11	14	17	16	16	19	20	19	8	1	## Nombre de sites par tournée
37	## Tournée 1
41	156	## Tournée 2
66	111	## Tournée 3
5	3	## Tournée 4
181	95	179	91	## Tournée 5
102	68	169	38	148	187	## Tournée 6
54	132	27	142	188	## Tournée 7
77	88	71	105	178	170	149	## Tournée 8
199	92	125	104	81	192	76	127	## Tournée 9
193	200	90	165	134	11	109	58	22	## Tournée 10
97	12	114	124	6	93	172	194	112	180	182	198	122	## Tournée 11
36	55	57	151	4	14	120	30	59	176	161	## Tournée 12
106	146	25	128	67	80	185	75	99	168	72	79	39	49	## Tournée 13
24	183	84	31	139	141	166	62	138	110	89	2	1	48	171	189	44	## Tournée 14
175	16	42	53	34	96	63	184	7	145	118	35	115	191	28	70	## Tournée 15
154	61	167	23	10	130	121	195	85	101	69	147	73	137	158	108	## Tournée 16
82	196	8	94	15	103	21	46	52	26	131	123	43	117	40	51	140	144	78	## Tournée 17
64	13	74	56	190	33	17	100	9	29	119	174	136	163	159	32	153	143	133	157	## Tournée 18
129	135	65	60	155	116	152	19	98	177	50	164	162	83	173	186	107	45	86	## Tournée 19
47	160	18	197	87	126	150	20	## Tournée 20
113	## Tournée 21
