195728	## Somme des retards
120	## Temps CPU (millisecondes)
37	41	156	66	111	3	181	5	95	179	91	68	169	148	187	38	102	27	54	188	142	132	77	170	178	88	149	71	105	76	92	192	125	81	127	104	199	58	11	22	193	109	134	200	124	198	114	97	90	57	194	180	182	172	112	12	122	165	55	4	59	36	176	93	80	161	151	6	14	120	146	72	30	39	75	110	79	99	168	106	185	25	67	128	49	2	166	84	44	139	189	24	183	171	62	138	48	141	1	42	89	31	115	53	145	34	184	175	191	16	70	28	63	35	118	96	140	158	61	154	23	137	121	167	73	195	147	130	108	7	69	40	10	101	78	46	15	51	117	131	123	26	52	21	85	94	144	9	82	103	8	196	43	100	33	29	157	163	174	19	143	13	74	159	136	119	17	116	133	32	190	153	64	186	173	113	56	50	164	83	98	20	129	65	45	197	18	135	86	155	177	107	162	160	47	152	126	87	150	60	## Ordonnancement
20	## Nombre de tournées
1	2	2	2	4	6	5	7	8	7	14	13	14	16	15	18	19	20	20	7	## Nombre de sites par tournée
37	## Tournée 1
41	156	## Tournée 2
66	111	## Tournée 3
181	3	## Tournée 4
95	5	179	91	## Tournée 5
102	68	169	38	148	187	## Tournée 6
54	132	27	142	188	## Tournée 7
77	88	71	105	178	170	149	## Tournée 8
199	92	125	104	81	192	76	127	## Tournée 9
193	200	22	58	109	11	134	## Tournée 10
97	12	57	114	124	194	172	182	198	165	90	122	180	112	## Tournée 11
36	55	151	6	93	14	80	4	120	146	59	176	161	## Tournée 12
106	72	67	30	25	128	168	110	99	185	75	49	79	39	## Tournée 13
24	183	84	139	141	166	42	62	138	2	89	1	48	171	189	44	## Tournée 14
175	16	31	28	70	191	118	35	115	145	184	63	96	34	53	## Tournée 15
154	61	167	23	10	130	121	195	101	69	147	7	140	73	137	158	40	108	## Tournée 16
82	196	8	94	15	103	9	21	46	52	26	131	123	43	117	51	144	85	78	## Tournée 17
64	13	74	190	33	17	100	159	32	153	143	19	116	163	136	174	119	29	157	133	## Tournée 18
129	135	65	56	162	83	155	113	197	50	164	177	98	186	107	45	20	86	18	173	## Tournée 19
47	60	87	126	150	152	160	## Tournée 20
