197671	## Somme des retards
40	## Temps CPU (millisecondes)
145	114	30	2	81	129	72	105	94	24	48	126	116	144	35	149	113	6	136	86	57	119	32	45	5	21	85	103	63	31	13	102	20	106	69	87	22	26	147	41	150	78	93	120	10	107	36	47	19	44	60	66	52	54	97	37	23	133	61	50	75	46	67	128	122	108	98	109	4	38	58	89	14	101	146	33	68	123	104	132	29	83	111	117	56	55	90	96	7	28	118	127	135	125	99	138	1	40	82	91	70	137	84	74	140	148	49	139	142	80	76	110	11	141	3	95	12	73	121	88	53	18	25	34	27	9	79	59	115	8	17	92	77	131	16	134	15	100	43	71	62	51	65	39	130	143	124	64	112	42	## Ordonnancement
22	## Nombre de tournées
2	1	1	2	1	2	3	4	4	4	8	5	8	10	11	11	12	15	17	18	10	1	## Nombre de sites par tournée
145	114	## Tournée 1
30	## Tournée 2
2	## Tournée 3
129	81	## Tournée 4
72	## Tournée 5
94	105	## Tournée 6
24	48	126	## Tournée 7
35	116	144	149	## Tournée 8
6	86	136	113	## Tournée 9
119	57	45	32	## Tournée 10
21	31	13	85	63	102	5	103	## Tournée 11
106	20	87	69	22	## Tournée 12
150	93	147	41	120	10	26	78	## Tournée 13
52	60	107	47	44	54	97	36	66	19	## Tournée 14
108	122	75	128	133	37	61	67	46	50	23	## Tournée 15
68	101	38	4	58	146	98	33	109	14	89	## Tournée 16
111	83	117	7	55	104	96	90	29	123	56	132	## Tournée 17
137	125	74	135	99	127	40	1	28	91	70	118	138	82	84	## Tournée 18
12	73	49	140	95	80	53	142	148	121	141	76	11	110	139	88	3	## Tournée 19
134	79	9	25	59	131	27	100	8	17	16	15	43	34	115	92	77	18	## Tournée 20
71	124	130	64	51	65	39	143	112	62	## Tournée 21
42	## Tournée 22
