224206	## Somme des retards
80	## Temps CPU (millisecondes)
46	35	27	43	91	107	34	167	36	148	18	15	189	69	97	146	200	81	90	77	178	98	117	11	24	78	73	42	92	196	176	40	26	67	156	14	151	22	104	120	175	53	121	122	4	101	159	20	119	6	106	86	70	153	187	136	13	168	93	102	99	103	157	28	131	50	191	171	68	66	79	116	150	143	197	44	57	47	154	137	61	45	16	8	105	94	162	64	30	96	100	145	10	183	72	19	166	134	155	125	133	114	163	2	37	129	141	132	160	9	39	135	127	177	55	59	193	12	71	41	95	192	195	84	23	7	112	89	109	52	76	17	75	179	65	31	54	161	32	74	194	165	186	128	144	158	113	180	51	82	164	173	140	118	172	169	111	87	130	62	85	48	126	170	184	142	149	1	21	56	174	123	29	182	33	138	199	147	3	63	25	124	188	80	139	181	49	60	88	190	152	5	198	58	185	110	83	115	38	108	## Ordonnancement
23	## Nombre de tournées
1	1	1	1	1	2	2	2	5	6	7	8	7	9	11	11	14	16	17	17	21	22	18	## Nombre de sites par tournée
46	## Tournée 1
35	## Tournée 2
27	## Tournée 3
43	## Tournée 4
91	## Tournée 5
107	34	## Tournée 6
167	36	## Tournée 7
148	18	## Tournée 8
189	97	146	15	69	## Tournée 9
90	178	98	81	77	200	## Tournée 10
73	42	11	117	78	92	24	## Tournée 11
151	156	26	67	176	40	196	14	## Tournée 12
121	22	122	175	104	120	53	## Tournée 13
4	159	101	6	70	106	119	86	20	## Tournée 14
157	93	168	28	136	153	13	102	103	187	99	## Tournée 15
68	171	143	66	150	79	116	197	191	131	50	## Tournée 16
44	61	154	47	64	16	8	45	57	162	137	105	30	94	## Tournée 17
100	163	19	37	155	72	166	133	114	10	134	183	96	145	2	125	## Tournée 18
12	127	192	95	177	135	39	132	41	160	71	59	129	141	55	9	193	## Tournée 19
23	89	17	112	179	76	32	31	7	75	195	65	109	54	84	161	52	## Tournée 20
194	164	118	144	82	173	74	165	128	87	169	51	140	172	111	186	180	130	113	62	158	## Tournée 21
25	3	56	126	123	199	174	33	48	124	147	182	29	138	142	184	149	63	170	1	85	21	## Tournée 22
38	5	152	110	115	58	108	190	185	49	181	88	83	60	188	80	139	198	## Tournée 23
