177578	## Somme des retards
20	## Temps CPU (millisecondes)
55	89	42	107	128	68	5	77	109	129	57	144	36	46	117	27	50	78	130	116	139	134	21	53	17	47	73	67	38	83	13	60	7	8	15	121	69	103	149	91	24	98	106	52	84	14	120	61	18	146	72	41	63	136	70	142	141	131	28	48	113	135	93	44	88	143	138	111	58	54	29	76	56	124	114	23	35	49	145	33	26	105	59	40	37	31	51	65	137	3	82	119	101	132	19	30	79	126	74	10	71	39	62	102	133	66	95	2	99	110	22	92	4	64	45	96	140	148	87	122	86	16	9	20	104	43	108	90	25	12	112	147	100	115	125	32	97	1	127	123	11	94	118	6	81	34	150	80	75	85	## Ordonnancement
18	## Nombre de tournées
2	1	2	2	3	3	6	6	7	9	9	11	12	13	17	16	19	12	## Nombre de sites par tournée
55	89	## Tournée 1
42	## Tournée 2
107	128	## Tournée 3
68	5	## Tournée 4
129	109	77	## Tournée 5
36	57	144	## Tournée 6
50	46	130	78	27	117	## Tournée 7
17	53	116	139	134	21	## Tournée 8
38	47	60	13	83	67	73	## Tournée 9
15	149	91	8	7	69	103	121	24	## Tournée 10
120	18	146	84	52	98	14	61	106	## Tournée 11
48	113	72	70	28	136	41	141	63	142	131	## Tournée 12
135	93	143	76	56	58	29	138	111	88	54	44	## Tournée 13
49	23	35	26	105	33	145	40	114	37	31	124	59	## Tournée 14
51	62	71	39	10	137	126	79	65	119	30	132	19	3	74	82	101	## Tournée 15
64	140	66	87	2	96	92	22	148	45	102	99	110	95	4	133	## Tournée 16
12	43	1	104	125	100	16	32	86	108	90	112	25	122	9	20	147	97	115	## Tournée 17
94	6	34	80	127	118	75	123	11	150	85	81	## Tournée 18
