185872	## Somme des retards
60	## Temps CPU (millisecondes)
129	102	170	153	126	136	120	96	104	17	39	114	132	78	144	37	43	77	182	62	151	35	140	133	38	75	142	1	53	73	89	45	152	7	83	16	186	65	26	48	108	93	100	50	191	27	178	172	36	174	171	165	156	190	116	200	101	63	9	193	19	47	40	20	34	59	125	199	127	197	128	173	109	168	72	51	55	105	184	113	97	13	18	194	145	106	139	29	74	135	3	192	177	12	176	180	14	2	81	160	95	112	98	115	181	147	85	8	52	175	148	32	58	146	99	137	103	154	166	92	56	161	123	64	61	33	68	54	143	57	5	179	183	187	164	157	189	6	80	42	121	10	188	76	21	69	159	163	79	46	122	158	70	30	162	91	67	44	138	149	134	11	28	66	15	198	41	88	94	22	90	4	167	111	84	107	117	25	124	150	87	23	49	82	71	60	169	24	130	196	185	31	141	86	131	195	155	110	118	119	## Ordonnancement
23	## Nombre de tournées
1	1	1	1	1	1	3	2	3	3	5	10	8	11	12	14	16	15	19	21	21	22	9	## Nombre de sites par tournée
129	## Tournée 1
102	## Tournée 2
170	## Tournée 3
153	## Tournée 4
126	## Tournée 5
136	## Tournée 6
96	104	120	## Tournée 7
17	39	## Tournée 8
132	114	78	## Tournée 9
144	37	43	## Tournée 10
35	151	182	77	62	## Tournée 11
140	73	45	75	142	1	53	89	38	133	## Tournée 12
48	186	16	83	65	26	7	152	## Tournée 13
191	50	178	27	36	93	108	100	171	172	174	## Tournée 14
156	165	193	116	101	40	190	200	63	9	47	19	## Tournée 15
197	51	199	109	168	72	34	127	125	128	173	59	55	20	## Tournée 16
177	13	74	194	184	105	106	145	139	3	29	97	18	113	192	135	## Tournée 17
115	112	85	81	98	12	147	8	14	160	176	180	2	181	95	## Tournée 18
92	103	148	161	166	32	99	137	68	123	58	64	33	154	175	61	146	52	56	## Tournée 19
183	163	6	188	157	164	42	69	159	80	179	54	57	187	143	21	189	76	10	5	121	## Tournée 20
15	162	122	70	94	30	44	46	88	67	41	66	79	198	134	138	149	158	28	11	91	## Tournée 21
150	130	84	117	90	167	49	25	185	111	23	60	24	82	4	87	71	124	196	169	22	107	## Tournée 22
131	86	118	155	110	119	141	195	31	## Tournée 23
