161110	## Somme des retards
70	## Temps CPU (millisecondes)
9	51	130	52	62	76	142	45	34	123	11	125	71	75	57	48	134	38	43	33	117	25	42	68	100	119	114	87	29	24	144	15	132	14	56	59	2	128	145	37	102	55	39	95	88	98	31	82	109	124	99	19	137	129	53	22	8	150	133	21	44	91	141	6	139	97	101	4	20	23	138	86	108	73	118	67	13	69	92	60	113	65	127	116	64	112	18	104	49	122	120	121	146	107	106	27	85	79	83	78	70	35	47	126	58	80	66	94	74	5	7	93	143	81	10	17	46	84	136	149	135	40	41	140	61	131	28	50	32	105	77	63	148	30	36	103	90	96	1	12	89	115	3	110	26	16	72	54	147	111	## Ordonnancement
19	## Nombre de tournées
1	1	3	3	3	4	5	5	10	10	9	8	12	12	14	15	17	16	2	## Nombre de sites par tournée
9	## Tournée 1
51	## Tournée 2
52	130	62	## Tournée 3
76	45	142	## Tournée 4
11	34	123	## Tournée 5
57	75	71	125	## Tournée 6
43	48	134	38	33	## Tournée 7
117	42	100	25	68	## Tournée 8
144	15	29	87	14	132	24	56	114	119	## Tournée 9
128	95	37	88	59	2	102	145	55	39	## Tournée 10
82	19	109	99	129	31	98	137	124	## Tournée 11
21	8	150	91	44	53	22	133	## Tournée 12
20	4	141	73	101	138	108	86	6	97	23	139	## Tournée 13
112	64	116	118	13	65	127	67	92	113	69	60	## Tournée 14
107	146	106	121	85	83	122	120	79	78	18	27	49	104	## Tournée 15
58	80	74	66	93	7	143	70	94	81	10	35	5	47	126	## Tournée 16
105	17	131	149	46	136	41	61	140	28	84	50	135	32	40	77	63	## Tournée 17
30	54	16	36	103	90	110	115	89	12	3	96	72	1	148	26	## Tournée 18
147	111	## Tournée 19
