89051	## Somme des retards
20	## Temps CPU (millisecondes)
9	68	53	76	86	26	57	15	29	1	24	14	87	83	74	97	67	19	72	81	78	75	65	96	66	30	71	95	56	23	44	50	94	80	59	10	100	77	61	60	89	45	11	85	58	82	69	62	84	17	63	4	43	22	49	27	64	32	21	99	73	40	48	36	8	91	20	31	39	18	6	35	7	98	28	12	38	16	54	90	37	13	70	2	46	88	34	79	3	41	51	93	25	33	42	55	52	5	92	47	## Ordonnancement
18	## Nombre de tournées
1	1	1	1	2	4	2	5	5	5	7	9	10	10	12	12	10	3	## Nombre de sites par tournée
9	## Tournée 1
68	## Tournée 2
53	## Tournée 3
76	## Tournée 4
26	86	## Tournée 5
29	57	15	1	## Tournée 6
14	24	## Tournée 7
67	97	87	74	83	## Tournée 8
19	81	72	75	78	## Tournée 9
71	65	96	66	30	## Tournée 10
56	80	94	23	50	44	95	## Tournée 11
11	89	77	60	10	59	61	100	45	## Tournée 12
43	84	17	62	63	4	58	85	69	82	## Tournée 13
27	32	64	22	49	99	73	40	21	48	## Tournée 14
28	6	31	91	98	35	18	36	39	7	8	20	## Tournée 15
34	88	90	38	16	54	46	13	12	70	2	37	## Tournée 16
41	79	55	25	52	3	93	42	33	51	## Tournée 17
47	5	92	## Tournée 18
