207224	## Somme des retards
120	## Temps CPU (millisecondes)
161	100	169	2	115	11	99	51	166	102	152	22	19	45	122	8	189	132	4	65	83	29	67	21	69	38	77	44	185	103	42	142	197	70	49	138	151	10	3	39	27	182	141	94	105	200	82	130	165	118	167	172	75	143	162	181	199	89	131	36	53	109	93	193	148	127	17	12	63	91	171	139	68	107	106	179	54	87	180	78	191	126	76	145	133	198	9	30	80	111	140	88	174	146	129	150	90	116	37	124	186	6	190	40	147	50	61	71	183	28	134	170	175	57	24	79	159	156	13	137	120	104	123	121	20	47	173	114	25	154	74	52	85	18	178	23	113	32	84	163	110	31	46	56	177	98	135	64	33	158	160	15	96	157	97	164	1	196	144	125	16	35	92	117	5	48	43	55	194	195	34	192	81	95	62	112	14	108	119	73	26	101	187	153	41	176	136	168	58	188	59	66	7	184	149	72	155	86	60	128	## Ordonnancement
22	## Nombre de tournées
1	1	1	3	1	3	4	4	5	6	7	8	10	12	15	15	18	19	19	23	18	7	## Nombre de sites par tournée
161	## Tournée 1
100	## Tournée 2
169	## Tournée 3
2	115	11	## Tournée 4
99	## Tournée 5
51	102	166	## Tournée 6
45	152	22	19	## Tournée 7
122	132	189	8	## Tournée 8
65	29	83	67	4	## Tournée 9
44	69	38	185	77	21	## Tournée 10
70	142	197	42	138	49	103	## Tournée 11
10	151	3	39	141	182	94	27	## Tournée 12
75	105	200	167	165	143	118	172	82	130	## Tournée 13
181	162	127	36	89	148	109	193	93	199	131	53	## Tournée 14
171	87	180	78	107	12	91	54	68	179	139	106	63	17	191	## Tournée 15
80	146	9	129	30	198	126	174	88	150	111	140	76	145	133	## Tournée 16
170	71	57	50	186	28	147	124	37	40	134	6	116	183	61	190	175	90	## Tournée 17
159	13	154	85	79	20	24	52	74	114	156	121	47	173	25	104	123	120	137	## Tournée 18
33	178	18	98	163	113	177	110	158	135	31	46	15	160	84	56	64	32	23	## Tournée 19
48	55	5	117	125	34	144	164	81	1	95	195	35	62	196	92	16	43	194	96	192	97	157	## Tournée 20
136	112	73	108	168	176	41	153	26	187	14	66	188	58	59	101	7	119	## Tournée 21
86	155	184	72	60	128	149	## Tournée 22
