86835	## Somme des retards
10	## Temps CPU (millisecondes)
57	24	92	76	19	23	15	27	61	66	75	11	31	83	77	90	84	2	9	6	54	82	12	36	71	99	68	14	22	18	95	34	42	91	35	64	96	40	63	88	58	55	85	67	97	7	56	26	93	4	52	21	89	45	53	100	46	81	17	73	38	80	87	1	10	50	62	78	32	3	20	65	86	29	94	72	60	51	39	47	43	33	41	79	28	37	59	44	49	69	13	30	25	98	5	74	8	70	48	16	## Ordonnancement
18	## Nombre de tournées
1	1	1	1	2	3	3	5	6	6	9	7	9	11	11	14	7	3	## Nombre de sites par tournée
57	## Tournée 1
24	## Tournée 2
92	## Tournée 3
76	## Tournée 4
19	23	## Tournée 5
15	27	61	## Tournée 6
66	75	11	## Tournée 7
77	83	31	84	90	## Tournée 8
82	2	9	6	12	54	## Tournée 9
68	22	36	99	71	14	## Tournée 10
34	96	42	91	95	40	18	35	64	## Tournée 11
97	85	55	67	88	63	58	## Tournée 12
21	89	56	93	7	26	4	45	52	## Tournée 13
10	80	100	73	53	1	17	38	87	81	46	## Tournée 14
65	62	3	86	50	72	78	29	20	94	32	## Tournée 15
43	59	37	69	41	47	51	79	28	33	39	44	60	49	## Tournée 16
98	25	5	13	74	30	8	## Tournée 17
70	16	48	## Tournée 18
