176432	## Somme des retards
60	## Temps CPU (millisecondes)
84	190	168	131	26	31	146	23	21	101	138	127	193	109	185	6	150	195	49	41	62	77	175	37	18	2	144	133	1	121	180	28	98	8	9	167	48	166	159	92	114	197	108	79	157	97	151	147	93	169	53	107	78	91	88	105	80	81	34	96	152	171	198	14	173	191	123	74	176	83	85	142	113	99	82	90	33	187	118	38	66	104	130	182	179	24	50	194	120	56	76	155	54	46	116	27	128	145	7	12	132	103	117	10	87	58	47	44	184	200	15	111	5	196	36	188	51	177	29	136	94	119	125	160	162	124	126	143	65	52	135	170	106	115	153	141	39	55	172	59	72	122	25	32	22	40	86	95	189	11	16	75	192	69	158	68	89	199	110	57	112	165	61	102	67	3	17	13	42	129	137	156	178	134	140	100	4	45	164	20	149	181	71	64	148	63	43	161	154	183	35	163	19	73	70	174	30	139	186	60	## Ordonnancement
23	## Nombre de tournées
1	1	1	1	1	2	3	5	3	5	7	8	9	12	12	13	16	17	20	20	22	20	1	## Nombre de sites par tournée
84	## Tournée 1
190	## Tournée 2
168	## Tournée 3
131	## Tournée 4
26	## Tournée 5
31	146	## Tournée 6
23	21	101	## Tournée 7
185	138	127	193	109	## Tournée 8
195	150	6	## Tournée 9
49	41	175	62	77	## Tournée 10
144	121	1	18	37	133	2	## Tournée 11
8	167	48	180	28	9	166	98	## Tournée 12
97	151	114	92	157	159	79	197	108	## Tournée 13
147	78	80	81	91	169	88	105	93	107	34	53	## Tournée 14
96	83	14	85	176	152	198	74	123	171	191	173	## Tournée 15
142	182	33	90	130	187	104	82	99	38	66	118	113	## Tournée 16
54	145	50	56	27	155	7	128	76	116	179	120	46	24	12	194	## Tournée 17
5	58	103	188	15	87	111	36	10	44	196	117	47	200	132	184	51	## Tournée 18
52	39	136	125	143	126	153	162	65	94	141	115	160	119	106	170	29	135	124	177	## Tournée 19
172	95	59	189	68	32	89	11	158	69	40	16	55	22	72	192	122	86	75	25	## Tournée 20
17	57	61	4	67	45	100	13	178	165	199	156	102	110	3	42	129	164	137	112	140	134	## Tournée 21
71	73	181	148	70	174	20	139	35	64	186	19	154	63	161	30	183	43	163	149	## Tournée 22
60	## Tournée 23
