83000	## Somme des retards
40	## Temps CPU (millisecondes)
72	34	35	7	94	17	76	74	30	62	68	48	43	9	93	23	20	39	97	55	11	77	71	84	82	37	53	28	98	96	27	79	80	81	13	3	85	1	45	31	86	22	87	51	64	4	92	90	40	33	91	10	15	73	57	50	12	36	24	59	83	44	49	66	60	14	88	19	52	95	69	32	46	8	47	38	70	89	67	75	61	2	26	29	6	100	78	16	41	42	54	58	56	63	65	5	99	25	21	18	## Ordonnancement
18	## Nombre de tournées
1	2	1	1	1	2	2	4	3	6	8	10	9	9	13	9	14	5	## Nombre de sites par tournée
72	## Tournée 1
35	34	## Tournée 2
7	## Tournée 3
94	## Tournée 4
17	## Tournée 5
76	74	## Tournée 6
30	62	## Tournée 7
68	9	48	43	## Tournée 8
23	93	20	## Tournée 9
55	39	71	77	97	11	## Tournée 10
82	28	84	37	96	98	53	27	## Tournée 11
86	85	80	79	81	31	1	13	45	3	## Tournée 12
4	92	87	40	33	64	22	90	51	## Tournée 13
36	91	24	50	12	10	15	73	57	## Tournée 14
83	59	19	66	44	88	14	69	32	52	60	49	95	## Tournée 15
61	67	75	47	89	8	38	46	70	## Tournée 16
100	54	6	56	58	78	42	2	63	41	65	26	29	16	## Tournée 17
18	99	25	5	21	## Tournée 18
