267981	## Somme des retards
40	## Temps CPU (millisecondes)
59	15	112	149	17	72	196	117	200	113	16	140	56	114	174	129	161	68	36	175	190	79	118	28	82	121	130	197	77	5	153	100	119	185	136	186	106	138	86	194	188	49	134	71	159	96	128	58	57	45	151	18	105	19	30	157	87	7	102	21	93	11	179	167	98	40	183	184	122	126	137	61	12	22	76	111	54	171	115	189	84	67	31	92	13	154	62	191	4	155	97	81	66	53	48	163	187	124	51	20	1	170	42	64	156	195	23	78	69	127	107	193	145	70	29	14	144	109	25	34	132	178	108	176	65	35	88	44	180	198	3	131	99	41	47	90	50	110	52	172	91	116	158	80	104	39	181	103	73	199	148	133	168	75	83	165	152	135	177	141	10	9	32	169	147	142	150	94	160	120	166	89	101	143	43	95	24	37	85	164	123	26	2	125	182	27	146	139	33	55	60	38	192	74	6	162	46	173	8	63	## Ordonnancement
26	## Nombre de tournées
1	1	1	1	1	1	1	1	1	2	3	5	4	6	8	9	10	11	11	16	15	16	19	20	20	16	## Nombre de sites par tournée
59	## Tournée 1
15	## Tournée 2
112	## Tournée 3
149	## Tournée 4
17	## Tournée 5
72	## Tournée 6
196	## Tournée 7
117	## Tournée 8
200	## Tournée 9
113	16	## Tournée 10
114	56	140	## Tournée 11
68	36	174	129	161	## Tournée 12
79	175	118	190	## Tournée 13
77	121	197	28	82	130	## Tournée 14
106	100	119	185	5	186	153	136	## Tournée 15
86	71	96	159	188	138	194	134	49	## Tournée 16
57	18	45	105	157	58	128	30	19	151	## Tournée 17
21	87	7	167	11	179	93	98	183	40	102	## Tournée 18
61	171	54	184	126	122	12	76	137	111	22	## Tournée 19
84	67	4	66	31	62	92	154	189	191	13	155	115	97	53	81	## Tournée 20
170	78	1	42	195	51	156	48	23	163	187	124	64	20	69	## Tournée 21
193	34	108	176	109	70	178	65	127	14	25	144	132	107	145	29	## Tournée 22
50	116	88	180	158	198	90	110	99	41	47	52	172	131	80	91	35	3	44	## Tournée 23
199	32	75	152	103	168	148	73	165	135	181	177	10	39	104	83	9	141	169	133	## Tournée 24
143	123	150	166	147	2	26	85	101	89	24	37	164	95	120	43	160	125	142	94	## Tournée 25
38	27	63	60	6	33	192	55	182	162	173	74	8	46	146	139	## Tournée 26
