49008	## Somme des retards
30	## Temps CPU (millisecondes)
27	60	73	95	5	89	1	92	62	99	30	24	33	76	32	67	52	36	44	19	81	65	10	71	14	79	56	53	85	20	43	66	86	57	46	98	94	84	54	88	96	41	75	70	74	55	6	45	48	100	8	11	82	16	23	21	47	91	63	83	42	2	7	49	22	72	90	9	34	29	39	78	77	17	64	38	4	15	93	58	51	12	97	61	13	35	3	59	28	37	68	69	87	18	26	25	80	40	31	50	## Ordonnancement
17	## Nombre de tournées
1	1	2	1	2	2	2	5	5	7	8	11	10	11	12	12	8	## Nombre de sites par tournée
27	## Tournée 1
60	## Tournée 2
73	95	## Tournée 3
5	## Tournée 4
1	89	## Tournée 5
92	62	## Tournée 6
99	30	## Tournée 7
76	32	67	33	24	## Tournée 8
52	36	19	44	81	## Tournée 9
65	53	56	79	14	71	10	## Tournée 10
98	66	20	46	85	57	43	86	## Tournée 11
94	88	75	84	96	55	54	6	74	70	41	## Tournée 12
23	16	8	47	45	11	48	21	82	100	## Tournée 13
63	91	90	22	83	2	42	9	72	49	7	## Tournée 14
34	4	17	93	78	15	29	64	77	58	39	38	## Tournée 15
69	51	12	28	61	68	13	3	37	97	59	35	## Tournée 16
80	26	87	25	40	18	50	31	## Tournée 17
