227818	## Somme des retards
120	## Temps CPU (millisecondes)
143	185	10	173	68	94	20	73	49	7	162	13	74	26	132	147	141	85	77	80	167	113	30	194	88	101	123	137	61	57	154	168	107	128	39	198	151	33	134	91	56	183	51	64	65	129	46	184	17	163	172	78	75	89	90	58	197	8	188	5	71	29	93	53	165	15	166	31	117	120	104	24	191	115	84	3	2	41	171	139	199	195	69	196	181	23	63	140	50	174	186	105	116	86	119	62	11	136	148	153	144	169	122	22	47	145	190	42	67	189	1	48	4	108	135	18	54	125	102	76	177	179	12	16	70	146	160	59	72	175	55	97	98	118	82	6	83	45	130	38	100	152	34	142	81	121	87	124	110	192	19	52	182	111	32	27	28	131	126	176	157	159	161	95	92	14	112	127	79	200	170	193	149	109	9	150	158	99	96	25	36	164	103	114	66	37	156	44	178	43	187	155	133	180	138	21	106	35	60	40	## Ordonnancement
23	## Nombre de tournées
1	1	2	1	1	3	3	4	7	7	7	8	9	11	14	13	18	16	19	22	19	12	2	## Nombre de sites par tournée
143	## Tournée 1
185	## Tournée 2
10	173	## Tournée 3
68	## Tournée 4
94	## Tournée 5
73	49	20	## Tournée 6
7	13	162	## Tournée 7
74	132	147	26	## Tournée 8
167	80	141	85	77	30	113	## Tournée 9
137	101	61	123	57	88	194	## Tournée 10
168	39	151	107	154	198	128	## Tournée 11
56	64	51	65	183	91	134	33	## Tournée 12
184	46	172	75	89	129	163	17	78	## Tournée 13
29	188	197	5	90	93	53	71	8	58	165	## Tournée 14
191	117	171	104	84	2	166	115	3	120	41	31	24	15	## Tournée 15
199	181	63	140	50	105	23	196	69	186	139	195	174	## Tournée 16
169	136	22	116	189	47	190	119	148	42	145	62	67	153	11	144	86	122	## Tournée 17
1	125	102	135	70	76	12	108	48	179	54	4	177	16	18	146	## Tournée 18
38	34	72	98	118	59	83	82	100	81	130	175	97	160	152	55	6	142	45	## Tournée 19
157	124	110	28	182	112	161	131	111	176	19	32	14	52	192	87	92	121	159	95	126	27	## Tournée 20
99	37	79	158	164	200	114	36	103	150	96	193	9	149	25	170	127	66	109	## Tournée 21
155	106	180	156	35	187	138	43	44	133	178	21	## Tournée 22
60	40	## Tournée 23
