51119	## Somme des retards
20	## Temps CPU (millisecondes)
27	95	60	73	5	89	1	99	30	62	92	67	33	76	32	81	52	36	44	19	24	53	10	79	86	14	71	56	65	85	43	66	57	84	46	20	98	88	96	55	74	75	70	41	54	94	47	48	8	100	11	82	16	23	21	6	45	34	42	2	7	63	49	22	90	91	15	9	78	29	93	17	64	97	38	83	4	39	72	58	28	51	77	61	13	35	37	3	59	25	12	26	69	68	87	18	31	80	40	50	## Ordonnancement
15	## Nombre de tournées
1	2	2	3	3	4	7	7	8	9	10	12	12	14	6	## Nombre de sites par tournée
27	## Tournée 1
60	95	## Tournée 2
5	73	## Tournée 3
99	1	89	## Tournée 4
30	62	92	## Tournée 5
76	32	67	33	## Tournée 6
52	36	53	19	44	81	24	## Tournée 7
65	56	79	14	86	71	10	## Tournée 8
98	66	84	20	46	85	57	43	## Tournée 9
94	88	75	41	55	54	96	70	74	## Tournée 10
23	16	8	47	11	48	21	6	100	82	## Tournée 11
34	63	91	45	90	22	2	42	9	49	15	7	## Tournée 12
4	17	93	78	72	29	64	97	39	38	58	83	## Tournée 13
69	51	12	77	28	26	61	25	68	13	3	37	59	35	## Tournée 14
80	31	18	50	87	40	## Tournée 15
