480108	## Somme des retards
60	## Temps CPU (millisecondes)
296	104	80	186	262	20	265	293	24	289	157	188	51	48	139	282	66	63	68	35	15	135	171	243	129	1	300	96	26	233	109	277	160	222	177	16	46	162	174	128	281	299	36	127	100	217	286	120	71	252	295	183	145	224	55	89	23	235	113	39	7	272	149	67	182	225	125	22	27	110	49	249	147	154	54	92	197	279	116	18	53	117	231	191	240	239	82	76	288	152	165	236	103	173	86	207	93	64	274	121	155	124	91	47	206	164	77	273	214	201	6	87	181	57	237	232	247	158	38	132	43	263	4	52	220	159	30	106	151	285	209	245	13	50	219	83	179	81	226	143	3	70	45	264	204	138	134	283	144	44	122	130	298	9	11	257	228	74	167	244	246	78	95	85	254	271	176	107	193	170	184	268	266	32	205	185	278	163	153	97	61	251	84	12	73	234	238	270	126	202	21	118	192	65	56	276	29	261	115	212	119	156	2	221	198	142	112	146	31	211	123	269	280	101	259	253	256	40	79	292	75	10	88	172	28	195	267	275	166	62	41	25	216	187	14	99	8	59	196	133	58	230	60	227	287	169	229	175	242	108	223	284	297	105	34	150	290	194	114	208	19	168	72	102	258	190	210	291	17	189	136	161	140	178	141	148	69	218	5	37	250	94	248	260	131	137	33	215	90	180	255	213	203	241	98	199	294	111	42	200	## Ordonnancement
26	## Nombre de tournées
1	2	2	2	3	4	4	6	6	8	9	9	10	12	10	12	17	17	20	22	22	22	26	28	24	2	## Nombre de sites par tournée
296	## Tournée 1
80	104	## Tournée 2
262	186	## Tournée 3
265	20	## Tournée 4
293	289	24	## Tournée 5
48	157	51	188	## Tournée 6
139	66	282	63	## Tournée 7
35	135	15	243	68	171	## Tournée 8
96	1	129	26	233	300	## Tournée 9
277	160	222	16	177	162	46	109	## Tournée 10
127	281	286	217	174	100	36	128	299	## Tournée 11
295	89	183	145	120	55	252	71	224	## Tournée 12
39	235	7	23	182	149	272	67	225	113	## Tournée 13
147	110	54	92	125	22	27	49	154	279	197	249	## Tournée 14
117	240	82	18	191	231	239	76	53	116	## Tournée 15
288	86	64	93	165	274	121	103	173	207	152	236	## Tournée 16
124	247	6	91	181	87	155	206	164	201	47	273	237	232	214	57	77	## Tournée 17
132	209	245	38	30	285	220	159	4	13	50	158	43	151	263	52	106	## Tournée 18
44	264	45	70	3	130	179	226	81	138	204	9	134	122	219	143	83	144	283	298	## Tournée 19
257	246	205	254	170	11	193	32	184	176	185	268	244	228	95	78	167	266	74	107	85	271	## Tournée 20
84	97	276	251	29	261	12	56	153	238	202	118	126	65	163	21	270	192	234	61	278	73	## Tournée 21
79	211	123	212	101	280	221	2	156	146	259	112	115	253	40	292	269	198	31	142	256	119	## Tournée 22
75	60	195	62	216	59	172	267	230	58	10	25	41	169	287	166	196	133	275	88	187	99	227	28	14	8	## Tournée 23
208	102	189	223	140	229	290	284	150	72	161	17	108	291	297	194	258	114	105	178	19	242	210	175	168	34	190	136	## Tournée 24
250	137	98	199	203	131	255	241	33	90	37	5	148	94	260	248	294	69	111	213	141	215	218	180	## Tournée 25
42	200	## Tournée 26
