175825	## Somme des retards
20	## Temps CPU (millisecondes)
234	36	144	25	191	4	197	1	112	111	156	167	75	145	244	102	62	50	160	185	122	218	177	199	198	51	18	21	181	193	97	140	188	60	107	241	131	165	221	168	247	67	237	52	232	123	106	133	40	146	126	33	113	80	9	42	58	47	223	205	208	71	37	88	225	53	43	73	226	153	83	190	138	90	154	136	148	134	176	183	55	20	130	31	173	135	3	103	203	78	66	72	235	93	105	245	219	77	14	45	220	29	172	124	215	204	7	35	163	159	212	115	84	26	68	76	194	202	227	210	182	98	246	250	214	228	132	5	27	48	158	119	187	54	41	206	170	121	114	229	192	161	56	200	195	100	108	243	155	8	213	16	169	57	175	249	34	164	137	224	32	147	10	104	15	117	248	143	231	141	150	17	87	86	89	38	236	2	142	44	222	139	189	238	110	178	125	129	120	28	63	151	196	184	59	30	216	70	24	81	118	116	64	127	101	82	74	13	211	180	39	152	166	99	162	239	12	128	179	209	174	46	61	49	22	186	217	233	171	157	201	230	65	79	94	96	11	240	207	91	149	85	95	23	242	69	19	92	109	6	## Ordonnancement
21	## Nombre de tournées
2	2	3	5	4	4	7	7	8	9	10	14	15	18	16	18	23	25	22	26	12	## Nombre de sites par tournée
234	36	## Tournée 1
144	25	## Tournée 2
191	4	197	## Tournée 3
1	111	156	167	112	## Tournée 4
102	244	75	145	## Tournée 5
185	50	160	62	## Tournée 6
51	18	177	199	198	218	122	## Tournée 7
181	21	140	60	188	193	97	## Tournée 8
241	67	221	247	131	168	107	165	## Tournée 9
106	232	123	52	133	126	40	237	146	## Tournée 10
113	33	9	223	80	205	42	208	58	47	## Tournée 11
73	90	190	37	138	88	153	154	71	83	43	226	225	53	## Tournée 12
176	55	135	134	136	183	148	203	20	103	3	130	78	173	31	## Tournée 13
105	72	7	220	235	172	45	215	66	77	204	93	245	14	35	29	219	124	## Tournée 14
84	182	210	68	194	163	202	115	98	250	26	76	227	246	212	159	## Tournée 15
170	114	132	5	214	192	158	121	161	119	54	228	229	41	187	206	27	48	## Tournée 16
8	243	104	200	249	164	155	169	34	56	224	195	100	16	213	108	147	10	175	137	15	32	57	## Tournée 17
248	150	86	139	89	117	28	143	238	38	178	222	120	236	44	87	129	2	141	125	189	142	231	17	110	## Tournée 18
82	64	101	196	152	70	211	180	74	127	13	216	39	30	116	59	184	151	63	81	24	118	## Tournée 19
171	230	174	217	186	61	96	201	12	94	162	65	49	166	128	240	179	239	46	209	233	22	79	157	99	11	## Tournée 20
95	85	91	23	19	6	149	242	207	69	109	92	## Tournée 21
