56413	## Somme des retards
0	## Temps CPU (millisecondes)
13	5	48	67	37	79	38	47	69	14	65	57	78	33	56	76	46	50	31	44	87	49	17	41	20	27	61	64	9	99	55	73	96	11	51	80	88	63	21	74	10	28	54	90	84	100	66	19	81	3	45	22	32	92	52	23	15	43	4	12	30	89	71	62	58	7	35	75	26	8	6	97	1	68	18	25	91	36	82	53	85	16	34	24	40	72	95	59	94	39	29	86	93	2	83	60	77	70	42	98	## Ordonnancement
16	## Nombre de tournées
1	1	1	1	1	2	3	5	6	7	10	9	12	12	15	14	## Nombre de sites par tournée
13	## Tournée 1
5	## Tournée 2
48	## Tournée 3
67	## Tournée 4
37	## Tournée 5
79	38	## Tournée 6
47	69	14	## Tournée 7
56	65	78	57	33	## Tournée 8
87	50	76	44	31	46	## Tournée 9
27	17	20	49	41	61	64	## Tournée 10
96	88	11	55	51	73	9	80	63	99	## Tournée 11
21	28	74	84	10	90	54	66	100	## Tournée 12
15	81	4	3	52	43	23	22	92	19	45	32	## Tournée 13
89	58	62	12	75	35	26	30	7	8	71	6	## Tournée 14
16	36	85	53	1	25	97	72	18	91	68	24	82	34	40	## Tournée 15
77	95	93	29	94	2	59	42	86	83	70	60	39	98	## Tournée 16
