350474	## Somme des retards
30	## Temps CPU (millisecondes)
100	77	161	158	264	103	225	210	220	238	134	145	293	279	192	65	183	261	116	16	107	218	85	30	79	176	280	216	204	130	11	289	180	91	189	205	237	83	277	297	5	110	133	111	182	207	22	252	90	250	14	44	94	45	139	170	132	291	154	163	193	19	167	171	72	142	294	270	17	273	230	84	290	227	188	35	255	284	223	174	92	2	55	124	18	13	206	88	211	66	12	248	295	191	95	249	59	151	106	43	15	136	281	256	299	135	217	239	155	202	122	62	262	82	254	101	53	232	87	57	269	104	226	121	98	48	172	28	300	263	144	153	215	272	251	67	173	194	228	166	126	276	127	9	267	214	196	63	150	156	224	247	52	298	49	47	241	143	99	287	26	6	187	242	258	74	184	1	27	266	231	212	233	21	75	97	229	36	288	96	41	20	190	186	286	165	208	81	160	162	213	179	39	29	115	197	37	46	119	169	141	4	51	244	33	222	25	201	198	113	125	178	24	159	58	3	56	199	175	7	76	109	292	71	80	219	23	278	86	140	236	38	78	177	64	70	282	102	275	123	240	34	73	253	68	157	221	185	274	42	203	152	181	138	61	148	108	271	268	245	283	296	105	112	114	234	69	10	128	168	259	93	257	149	285	31	118	120	50	60	131	32	246	8	146	89	117	235	243	137	209	265	164	200	40	147	129	54	260	195	## Ordonnancement
28	## Nombre de tournées
1	1	1	1	1	1	2	3	4	4	5	6	8	9	9	11	13	14	16	16	19	21	26	26	28	28	25	1	## Nombre de sites par tournée
100	## Tournée 1
77	## Tournée 2
161	## Tournée 3
158	## Tournée 4
264	## Tournée 5
103	## Tournée 6
225	210	## Tournée 7
238	220	134	## Tournée 8
192	293	145	279	## Tournée 9
261	65	116	183	## Tournée 10
30	218	16	107	85	## Tournée 11
130	280	176	216	79	204	## Tournée 12
289	91	11	83	189	237	180	205	## Tournée 13
22	111	207	297	110	277	133	5	182	## Tournée 14
45	170	94	44	90	139	250	252	14	## Tournée 15
291	72	132	142	154	163	19	171	167	294	193	## Tournée 16
174	227	35	223	273	255	230	17	188	84	284	290	270	## Tournée 17
2	18	12	13	124	206	92	66	88	55	295	211	191	248	## Tournée 18
256	299	106	202	151	95	239	249	155	59	281	217	15	43	136	135	## Tournée 19
121	53	122	226	57	82	262	254	87	232	48	98	104	269	101	62	## Tournée 20
9	263	127	153	126	228	194	267	272	276	300	251	215	172	144	173	166	67	28	## Tournée 21
6	99	143	187	150	26	298	52	214	196	156	224	247	242	63	49	47	287	74	258	241	## Tournée 22
212	36	286	190	233	165	75	97	231	1	266	213	41	160	288	81	162	20	21	179	96	229	184	27	208	186	## Tournée 23
222	25	199	33	37	198	39	56	119	4	201	125	29	24	141	197	159	115	244	51	46	3	178	169	58	113	## Tournée 24
253	278	175	78	34	236	157	68	71	292	23	38	140	7	86	64	123	70	73	240	109	275	219	76	102	282	80	177	## Tournée 25
149	257	259	274	108	181	128	271	245	112	268	152	105	69	148	185	234	61	93	10	42	168	221	296	114	283	203	138	## Tournée 26
54	89	129	147	243	60	209	137	8	200	260	40	118	120	131	50	246	31	235	285	265	117	146	32	164	## Tournée 27
195	## Tournée 28
