406236	## Somme des retards
30	## Temps CPU (millisecondes)
272	67	293	178	200	227	33	30	190	228	31	292	165	69	295	230	45	73	164	181	243	97	223	209	158	133	277	50	92	72	129	123	249	288	16	37	284	241	191	82	83	252	17	10	285	80	100	38	204	8	183	126	107	173	251	6	19	110	176	282	120	153	136	189	245	47	213	275	170	235	205	119	138	24	186	210	198	225	85	219	105	70	54	149	246	3	159	248	116	177	270	247	232	84	155	65	52	57	96	102	23	163	32	1	168	63	269	297	62	262	104	48	2	26	90	294	160	179	211	103	108	161	196	187	162	113	142	172	197	75	43	81	114	66	127	256	218	229	79	131	13	28	240	78	125	35	27	106	242	180	9	59	280	15	88	267	273	144	236	151	77	195	14	289	29	278	40	221	231	56	74	203	217	299	226	152	139	281	61	259	258	93	254	150	171	132	146	95	145	296	21	194	253	174	53	216	265	239	55	220	18	130	157	60	44	276	134	112	199	154	141	214	11	212	202	167	279	121	215	89	290	4	291	20	182	115	51	137	22	264	128	201	283	193	101	71	185	268	25	117	147	58	287	99	12	156	68	233	222	7	261	169	87	257	98	255	39	238	46	109	111	140	184	34	175	207	135	124	263	206	94	208	36	188	286	42	143	224	234	166	5	76	118	41	298	192	250	271	300	260	244	237	266	274	49	64	148	86	91	122	## Ordonnancement
25	## Nombre de tournées
1	1	1	2	2	3	4	6	8	8	8	11	11	12	15	15	19	18	19	23	24	24	26	29	10	## Nombre de sites par tournée
272	## Tournée 1
67	## Tournée 2
293	## Tournée 3
178	200	## Tournée 4
33	227	## Tournée 5
228	190	30	## Tournée 6
69	292	165	31	## Tournée 7
230	295	73	181	164	45	## Tournée 8
209	50	223	277	97	133	158	243	## Tournée 9
123	92	288	249	16	129	37	72	## Tournée 10
82	17	83	241	284	252	191	10	## Tournée 11
100	173	251	8	285	38	80	204	107	126	183	## Tournée 12
189	176	120	245	136	110	6	47	19	153	282	## Tournée 13
275	235	24	198	186	205	138	213	225	119	210	170	## Tournée 14
246	105	219	85	159	247	177	149	232	54	116	3	270	70	248	## Tournée 15
65	23	269	84	1	168	63	155	163	102	52	32	57	297	96	## Tournée 16
104	161	179	113	142	48	187	108	196	160	26	103	62	90	262	294	162	211	2	## Tournée 17
43	66	79	78	256	131	13	75	218	240	172	81	229	127	114	197	125	28	## Tournée 18
59	195	267	273	77	35	27	180	280	242	14	144	289	151	15	236	88	9	106	## Tournée 19
203	74	93	139	221	217	259	281	299	226	258	29	56	132	171	61	152	40	231	150	146	278	254	## Tournée 20
141	21	216	44	60	55	265	194	53	276	296	199	18	154	157	134	239	145	174	95	253	220	112	130	## Tournée 21
202	283	115	264	101	291	22	182	20	51	4	11	137	279	214	212	128	193	201	121	290	89	167	215	## Tournée 22
109	147	98	71	156	39	99	287	68	7	222	111	185	117	261	46	87	257	12	255	233	25	58	238	268	169	## Tournée 23
76	140	184	192	298	41	250	36	188	263	175	206	135	208	94	286	224	260	166	5	124	234	207	34	42	118	143	271	300	## Tournée 24
122	244	91	237	148	86	49	266	274	64	## Tournée 25
