52882	## Somme des retards
0	## Temps CPU (millisecondes)
72	78	76	28	49	20	46	31	89	88	55	24	56	10	81	35	82	73	33	27	86	75	99	40	43	41	15	92	5	9	47	64	83	54	91	1	17	95	52	58	61	42	90	80	66	22	67	2	3	100	94	57	93	62	87	18	60	53	74	44	16	19	79	63	13	77	6	34	7	50	29	69	51	45	8	4	65	68	97	39	59	98	38	14	70	96	48	21	26	32	71	84	85	11	37	25	12	23	36	30	## Ordonnancement
16	## Nombre de tournées
1	1	1	2	4	3	5	7	8	8	10	13	13	15	8	1	## Nombre de sites par tournée
72	## Tournée 1
78	## Tournée 2
76	## Tournée 3
49	28	## Tournée 4
89	20	46	31	## Tournée 5
88	24	55	## Tournée 6
35	56	10	81	82	## Tournée 7
99	33	73	75	27	86	40	## Tournée 8
64	92	9	47	5	15	41	43	## Tournée 9
83	54	91	58	52	95	17	1	## Tournée 10
61	67	90	2	66	80	3	22	42	100	## Tournée 11
79	19	18	16	74	57	62	60	93	87	94	53	44	## Tournée 12
77	51	8	45	13	50	7	34	69	63	4	6	29	## Tournée 13
32	48	96	26	98	59	65	70	21	68	14	71	39	97	38	## Tournée 14
85	25	36	11	23	12	84	37	## Tournée 15
30	## Tournée 16
