91894	## Somme des retards
20	## Temps CPU (millisecondes)
29	129	37	205	160	213	53	79	71	88	50	207	124	102	204	212	228	128	226	196	47	134	171	140	146	172	151	11	101	173	76	30	43	132	206	166	68	223	158	200	94	38	81	98	169	49	126	162	13	227	152	229	238	119	231	161	176	149	153	210	42	216	35	104	107	72	125	27	175	164	48	209	51	7	19	103	159	34	16	89	199	143	235	135	147	122	14	73	33	55	40	133	36	2	74	6	54	75	246	121	163	203	225	156	211	190	179	232	248	155	57	198	64	117	41	25	243	215	97	83	145	21	67	178	181	142	77	154	197	4	65	183	1	193	62	245	111	150	217	78	93	116	234	233	18	23	189	12	61	118	112	137	31	95	84	230	70	131	237	100	208	96	63	249	191	115	139	170	250	236	66	224	240	39	56	239	99	168	138	127	91	214	219	80	113	201	44	22	59	130	186	46	165	241	192	60	247	108	86	180	120	17	85	92	8	20	58	148	110	32	242	188	182	28	202	221	194	5	24	52	218	69	195	15	174	109	144	141	244	26	136	106	3	185	157	220	87	45	114	82	177	90	222	184	9	187	123	10	167	105	## Ordonnancement
19	## Nombre de tournées
1	2	3	4	7	7	9	10	12	15	15	15	18	17	20	22	27	26	20	## Nombre de sites par tournée
29	## Tournée 1
129	37	## Tournée 2
160	213	205	## Tournée 3
79	88	71	53	## Tournée 4
102	207	124	212	228	204	50	## Tournée 5
226	140	134	128	171	196	47	## Tournée 6
43	146	151	76	101	11	172	173	30	## Tournée 7
68	158	206	166	94	200	81	132	223	38	## Tournée 8
119	162	227	238	98	126	231	169	13	49	152	229	## Tournée 9
107	149	72	176	42	125	164	216	153	27	35	161	104	210	175	## Tournée 10
209	147	143	16	48	89	135	103	51	199	34	7	19	159	235	## Tournée 11
122	73	246	14	6	133	2	55	74	121	36	54	33	40	75	## Tournée 12
155	41	215	64	190	179	232	211	225	198	156	203	243	117	163	25	248	57	## Tournée 13
21	65	197	97	1	67	142	178	77	183	181	4	145	83	193	154	62	## Tournée 14
93	112	116	118	23	31	234	217	233	84	245	95	150	189	137	12	111	61	78	18	## Tournée 15
115	139	70	191	236	131	208	96	237	249	230	66	224	240	63	39	170	56	250	239	100	99	## Tournée 16
201	60	241	192	80	46	130	44	180	108	168	247	138	86	113	219	85	127	17	59	120	165	22	92	91	214	186	## Tournée 17
58	69	15	8	141	188	109	144	24	110	202	26	52	244	221	194	174	148	5	195	32	20	218	182	28	242	## Tournée 18
123	9	157	82	184	106	3	167	114	177	90	220	185	222	187	105	87	136	45	10	## Tournée 19
