228953	## Somme des retards
10	## Temps CPU (millisecondes)
193	104	128	190	77	26	78	194	23	171	25	146	110	59	191	45	66	97	125	11	184	116	119	20	92	63	76	122	14	178	40	177	180	145	172	179	10	51	112	141	157	70	198	79	175	41	138	7	183	47	90	120	136	91	131	135	134	139	189	151	168	162	18	65	58	163	149	169	133	129	197	144	196	186	123	94	24	30	140	82	155	161	3	42	182	96	108	33	17	127	50	158	81	159	154	160	126	98	95	100	31	57	73	174	52	19	9	21	22	43	2	38	15	114	164	29	109	53	156	44	60	107	200	56	35	188	46	101	88	68	124	148	130	150	113	28	102	181	195	8	121	61	49	72	87	54	34	147	32	75	143	173	142	27	69	105	117	37	176	170	36	132	48	166	137	4	185	6	153	192	93	16	74	99	115	55	89	83	67	1	80	86	71	199	167	85	84	39	62	118	103	111	165	106	5	187	152	64	12	13	## Ordonnancement
23	## Nombre de tournées
1	1	1	1	1	2	2	2	4	4	8	8	7	10	11	13	15	14	16	18	18	20	23	## Nombre de sites par tournée
193	## Tournée 1
104	## Tournée 2
128	## Tournée 3
190	## Tournée 4
77	## Tournée 5
78	26	## Tournée 6
23	194	## Tournée 7
25	171	## Tournée 8
191	146	110	59	## Tournée 9
97	125	45	66	## Tournée 10
11	119	20	116	92	184	63	76	## Tournée 11
145	178	14	172	177	180	122	40	## Tournée 12
70	179	51	157	10	141	112	## Tournée 13
7	47	79	138	183	90	120	175	41	198	## Tournée 14
131	91	162	134	136	18	135	168	151	139	189	## Tournée 15
149	169	58	123	129	186	163	144	94	197	133	65	196	## Tournée 16
42	30	17	50	140	33	161	24	3	96	108	82	155	182	127	## Tournée 17
126	81	158	154	160	100	73	52	159	57	174	98	31	95	## Tournée 18
21	44	22	114	29	9	15	164	38	156	43	60	53	2	19	109	## Tournée 19
101	88	200	68	28	124	148	35	107	181	188	130	56	46	150	195	102	113	## Tournée 20
54	121	49	75	61	32	105	117	142	8	34	72	143	173	69	27	87	147	## Tournée 21
55	99	93	37	137	192	48	153	176	74	89	170	115	185	16	132	166	4	6	36	## Tournée 22
165	13	80	62	64	5	12	199	86	111	39	106	85	83	67	152	71	103	187	118	1	167	84	## Tournée 23
