492067	## Somme des retards
40	## Temps CPU (millisecondes)
62	80	91	43	178	198	55	226	177	263	272	134	11	156	239	97	234	121	4	267	63	119	172	46	47	35	106	208	258	297	271	150	231	296	6	90	293	20	252	67	26	280	27	276	277	220	39	33	222	269	32	155	114	278	281	203	14	76	31	246	79	294	207	86	162	266	160	285	242	65	130	53	77	12	265	217	167	102	7	298	143	279	268	184	185	181	71	189	149	193	66	112	299	274	78	137	144	50	98	9	212	15	44	145	108	241	3	96	196	209	25	126	159	54	300	125	57	85	257	103	61	199	51	133	21	191	131	75	118	213	221	94	187	169	58	259	124	275	224	92	206	49	22	72	288	164	236	5	88	197	251	176	182	214	109	73	283	1	74	101	153	232	192	248	250	168	249	142	158	19	165	166	70	113	107	69	215	202	244	141	205	295	204	40	122	157	235	59	284	123	170	105	186	42	128	146	140	111	175	120	48	163	132	229	34	17	256	223	68	262	60	93	228	82	240	104	83	148	154	238	24	2	292	243	84	115	261	100	225	36	116	188	152	95	52	87	183	161	30	216	255	180	139	264	45	211	38	147	81	129	273	227	127	230	289	200	219	286	194	218	8	260	99	190	117	270	29	89	282	64	37	237	291	254	10	138	174	179	287	233	28	136	16	173	245	23	56	171	247	201	110	290	195	135	210	41	253	151	18	13	## Ordonnancement
31	## Nombre de tournées
1	1	1	1	1	1	1	1	1	2	2	2	4	4	5	6	8	8	12	12	16	15	18	19	21	20	23	27	28	25	14	## Nombre de sites par tournée
62	## Tournée 1
80	## Tournée 2
91	## Tournée 3
43	## Tournée 4
178	## Tournée 5
198	## Tournée 6
55	## Tournée 7
226	## Tournée 8
177	## Tournée 9
272	263	## Tournée 10
134	11	## Tournée 11
156	239	## Tournée 12
121	97	234	4	## Tournée 13
63	267	119	172	## Tournée 14
208	47	46	106	35	## Tournée 15
297	231	271	258	296	150	## Tournée 16
252	90	280	20	26	6	67	293	## Tournée 17
220	277	39	222	276	33	269	27	## Tournée 18
14	114	281	31	278	79	32	294	76	203	155	246	## Tournée 19
207	53	86	285	130	77	12	242	160	65	266	162	## Tournée 20
193	298	71	149	265	7	185	189	102	143	279	268	184	181	167	217	## Tournée 21
9	108	299	274	78	112	50	15	44	66	144	98	137	212	145	## Tournée 22
3	196	209	300	25	257	199	126	125	96	85	57	61	51	54	241	103	159	## Tournée 23
21	169	275	259	92	94	124	49	221	213	118	131	133	58	206	191	75	187	224	## Tournée 24
192	176	73	164	109	288	251	101	153	283	197	214	88	22	5	182	74	1	72	232	236	## Tournée 25
295	142	204	69	158	113	165	205	168	202	70	107	250	141	166	249	19	248	215	244	## Tournée 26
59	170	40	34	229	284	42	120	111	157	105	163	122	17	132	128	175	146	186	123	235	48	140	## Tournée 27
93	100	240	188	256	238	154	104	115	60	225	148	261	292	116	262	68	243	84	2	228	83	152	82	36	223	24	## Tournée 28
30	161	227	52	129	127	218	45	183	255	38	289	286	219	273	200	194	87	139	264	230	8	81	147	180	211	95	216	## Tournée 29
10	23	282	37	174	89	179	270	237	117	138	254	260	245	190	287	29	99	136	173	64	28	16	291	233	## Tournée 30
195	210	201	247	18	110	151	56	171	290	41	135	253	13	## Tournée 31
