41453	## Somme des retards
0	## Temps CPU (millisecondes)
59	20	100	3	48	97	4	66	64	8	95	21	32	49	52	16	75	40	45	88	43	82	86	29	51	92	74	33	87	85	11	23	47	15	80	61	12	18	37	96	24	1	41	78	62	13	36	5	81	38	25	31	6	26	76	54	67	58	55	83	77	65	42	93	34	30	79	35	22	60	27	14	57	84	39	46	63	94	28	17	90	99	68	50	91	72	56	98	9	71	19	73	89	7	44	53	2	10	69	70	## Ordonnancement
14	## Nombre de tournées
1	1	2	2	4	5	7	9	8	12	13	14	15	7	## Nombre de sites par tournée
59	## Tournée 1
20	## Tournée 2
3	100	## Tournée 3
97	48	## Tournée 4
4	8	66	64	## Tournée 5
49	52	21	32	95	## Tournée 6
45	88	40	82	75	43	16	## Tournée 7
87	29	92	86	33	85	51	74	11	## Tournée 8
61	15	47	80	37	12	23	18	## Tournée 9
13	96	25	24	36	5	62	38	41	81	1	78	## Tournée 10
54	26	83	93	67	76	6	77	65	58	31	42	55	## Tournée 11
46	39	30	84	14	94	34	60	79	22	27	35	63	57	## Tournée 12
28	98	99	90	50	17	71	89	56	9	19	73	91	72	68	## Tournée 13
10	69	53	2	7	70	44	## Tournée 14
