68938	## Somme des retards
0	## Temps CPU (millisecondes)
63	53	56	61	68	23	98	39	37	1	91	70	80	18	78	74	29	64	75	17	48	45	93	31	13	90	46	32	100	60	66	2	35	89	77	19	38	41	94	54	14	20	73	79	26	99	9	27	83	71	69	7	4	65	8	12	42	49	76	30	82	55	22	67	88	62	95	40	24	86	92	5	85	50	57	3	6	72	34	44	43	28	52	96	84	25	33	36	15	47	59	16	87	58	97	10	11	51	81	21	## Ordonnancement
14	## Nombre de tournées
1	2	3	4	6	6	8	9	9	11	11	13	16	1	## Nombre de sites par tournée
63	## Tournée 1
56	53	## Tournée 2
23	61	68	## Tournée 3
39	37	98	1	## Tournée 4
78	91	18	70	80	74	## Tournée 5
48	29	45	75	64	17	## Tournée 6
32	60	31	93	46	13	90	100	## Tournée 7
66	94	41	19	77	89	38	2	35	## Tournée 8
54	79	14	26	9	73	20	27	99	## Tournée 9
4	83	12	42	76	71	69	8	65	7	49	## Tournée 10
86	67	55	24	95	22	82	62	40	30	88	## Tournée 11
44	43	52	57	85	34	50	6	72	5	3	28	92	## Tournée 12
11	84	87	51	15	58	47	10	36	59	16	33	81	97	96	25	## Tournée 13
21	## Tournée 14
