179981	## Somme des retards
10	## Temps CPU (millisecondes)
94	187	116	43	141	87	59	139	152	171	78	157	183	114	172	93	200	144	15	53	182	84	95	6	176	5	14	81	32	146	35	199	123	118	51	198	105	162	167	126	52	76	92	148	62	185	34	68	193	134	137	45	158	64	161	132	145	66	106	121	189	102	113	166	63	8	7	80	74	184	16	133	155	140	170	181	109	1	46	31	26	96	173	143	38	192	125	3	83	100	17	89	129	111	48	142	177	131	77	164	119	169	49	91	23	72	190	30	56	61	186	147	97	11	70	28	29	153	50	27	99	195	19	33	86	128	79	12	175	196	136	110	24	69	135	191	165	108	163	90	58	21	107	88	138	82	117	179	151	42	197	101	73	20	104	168	36	160	115	13	57	55	98	40	60	130	180	39	122	67	10	37	159	41	71	149	112	194	54	127	22	65	150	174	2	47	9	103	124	178	85	188	18	154	120	44	156	4	25	75	## Ordonnancement
23	## Nombre de tournées
1	1	1	1	1	2	2	3	4	4	6	8	9	10	12	16	15	18	19	19	22	22	4	## Nombre de sites par tournée
94	## Tournée 1
187	## Tournée 2
116	## Tournée 3
43	## Tournée 4
141	## Tournée 5
87	59	## Tournée 6
152	139	## Tournée 7
78	171	157	## Tournée 8
93	183	114	172	## Tournée 9
200	144	53	15	## Tournée 10
176	95	84	182	6	5	## Tournée 11
81	118	14	146	32	123	35	199	## Tournée 12
162	198	105	126	51	167	76	92	52	## Tournée 13
34	134	193	45	185	148	137	68	62	158	## Tournée 14
102	145	166	132	64	161	189	113	106	66	63	121	## Tournée 15
170	16	46	109	8	80	155	7	26	74	1	133	140	31	181	184	## Tournée 16
173	100	125	89	111	48	17	129	38	192	143	96	3	142	83	## Tournée 17
169	177	147	23	72	56	11	164	91	77	131	119	186	61	97	30	49	190	## Tournée 18
19	136	175	99	12	33	153	195	50	196	29	110	86	28	79	128	24	70	27	## Tournée 19
163	69	135	197	90	101	108	21	165	58	117	179	191	151	82	42	88	107	138	## Tournée 20
104	20	40	160	57	130	67	98	159	115	37	41	10	13	122	39	55	168	180	73	36	60	## Tournée 21
85	174	194	112	124	65	127	9	103	149	71	18	22	178	2	44	188	150	54	154	120	47	## Tournée 22
156	25	4	75	## Tournée 23
