212200	## Somme des retards
60	## Temps CPU (millisecondes)
251	149	243	201	111	269	184	5	129	293	290	250	266	4	152	100	93	54	62	94	235	16	120	28	97	172	255	225	194	116	196	277	244	267	183	150	242	252	110	188	187	77	75	103	119	215	257	295	198	73	258	271	283	98	185	135	292	134	123	220	264	249	268	234	92	130	229	191	11	155	238	275	300	82	10	118	273	199	44	67	132	261	272	102	31	224	13	20	49	173	233	192	286	232	151	36	105	57	167	8	43	141	210	226	157	106	254	46	222	51	165	47	114	168	95	193	108	144	72	131	203	296	9	247	39	202	52	133	12	161	128	71	189	288	109	6	7	227	159	179	180	276	223	284	230	19	89	218	274	64	81	68	265	90	101	86	297	74	76	147	17	35	70	38	181	279	136	248	245	219	289	117	294	21	166	29	212	156	145	139	171	209	169	15	174	55	138	285	99	278	41	287	78	48	158	164	3	22	262	50	104	281	115	154	56	182	66	253	61	221	83	259	32	25	112	299	207	18	208	213	246	241	63	217	237	239	30	107	58	190	91	85	140	1	205	195	45	65	204	176	33	34	162	146	40	124	206	37	121	178	186	24	26	127	170	175	53	160	96	197	79	80	113	211	69	216	27	60	260	142	87	84	2	148	214	263	14	231	280	177	122	125	282	270	200	88	143	137	298	126	228	42	153	23	256	163	236	59	240	291	## Ordonnancement
24	## Nombre de tournées
1	1	1	1	2	3	5	6	6	9	9	12	12	16	18	16	19	24	20	26	24	27	26	16	## Nombre de sites par tournée
251	## Tournée 1
149	## Tournée 2
243	## Tournée 3
201	## Tournée 4
269	111	## Tournée 5
129	5	184	## Tournée 6
250	290	266	293	4	## Tournée 7
62	152	54	100	93	94	## Tournée 8
235	120	28	16	172	97	## Tournée 9
225	267	196	255	194	116	277	244	183	## Tournée 10
187	103	110	252	242	77	150	75	188	## Tournée 11
295	73	257	198	215	271	135	283	185	258	98	119	## Tournée 12
130	264	220	92	191	123	234	134	292	229	249	268	## Tournée 13
155	67	199	118	132	273	44	275	238	300	261	102	10	82	272	11	## Tournée 14
36	141	43	192	8	286	232	151	20	57	13	49	233	224	167	105	173	31	## Tournée 15
168	47	222	210	193	106	157	108	254	226	46	165	144	51	114	95	## Tournée 16
247	189	161	109	133	6	71	39	12	72	52	288	131	7	202	9	203	128	296	## Tournée 17
218	81	223	147	179	90	230	276	76	159	64	180	227	89	274	86	19	265	17	101	74	68	297	284	## Tournée 18
139	35	171	38	136	279	70	219	166	181	156	289	145	245	294	21	212	117	248	29	## Tournée 19
262	281	154	78	169	209	182	3	104	55	15	285	22	66	174	164	99	41	50	56	287	158	48	278	138	115	## Tournée 20
259	91	107	239	112	63	25	83	61	58	190	208	32	241	299	207	18	253	30	213	217	237	246	221	## Tournée 21
53	170	206	85	24	34	124	37	162	160	146	186	176	33	175	40	204	178	121	127	195	26	45	1	65	140	205	## Tournée 22
270	211	96	197	280	216	214	27	125	80	177	79	113	87	60	282	14	260	263	231	2	148	69	122	142	84	## Tournée 23
153	200	228	240	42	126	256	298	163	236	143	88	59	291	23	137	## Tournée 24
