163474	## Somme des retards
20	## Temps CPU (millisecondes)
33	153	18	113	77	146	170	86	135	178	80	136	217	88	196	45	211	58	107	85	190	101	61	4	29	23	145	66	131	15	9	20	222	89	60	114	44	38	137	6	191	41	218	176	156	53	46	115	231	155	249	132	220	64	25	134	243	148	195	247	67	181	22	10	183	168	159	2	32	241	37	238	55	201	126	91	180	59	118	92	130	164	74	210	141	158	72	24	111	230	169	99	204	234	200	62	229	95	206	237	172	215	19	108	36	71	69	226	35	76	167	73	121	227	94	17	225	193	112	39	250	160	106	14	144	97	149	140	100	120	87	139	110	150	216	26	75	197	122	119	125	56	63	248	142	163	11	28	90	98	177	194	228	104	49	143	52	179	78	105	239	54	57	123	166	175	116	192	117	212	221	34	186	208	68	50	182	184	8	3	96	7	198	65	31	42	1	81	235	79	51	27	161	242	12	236	84	129	93	124	16	219	48	83	245	199	13	133	103	240	151	128	205	154	174	138	171	162	173	214	202	232	102	233	207	43	213	127	189	185	109	223	165	188	157	47	70	224	147	21	246	203	209	82	40	152	187	5	30	244	## Ordonnancement
23	## Nombre de tournées
1	1	1	1	2	3	4	4	5	7	8	10	10	14	16	17	18	21	20	24	25	29	9	## Nombre de sites par tournée
33	## Tournée 1
153	## Tournée 2
18	## Tournée 3
113	## Tournée 4
77	146	## Tournée 5
135	86	170	## Tournée 6
217	136	178	80	## Tournée 7
88	211	45	196	## Tournée 8
58	101	107	85	190	## Tournée 9
66	29	23	61	131	4	145	## Tournée 10
44	20	9	60	15	89	114	222	## Tournée 11
53	6	218	191	38	137	41	176	46	156	## Tournée 12
155	25	231	64	220	115	134	132	243	249	## Tournée 13
10	195	67	159	148	241	32	181	183	37	168	22	247	2	## Tournée 14
201	74	141	118	158	238	55	91	210	164	92	126	180	59	130	72	## Tournée 15
215	172	200	237	24	230	169	204	108	99	234	229	111	62	19	206	95	## Tournée 16
225	121	17	69	71	167	193	160	39	226	36	35	112	227	76	250	94	73	## Tournée 17
122	216	97	106	125	63	56	75	87	197	119	150	26	140	14	144	120	149	139	110	100	## Tournée 18
228	105	163	248	177	239	98	28	49	179	11	52	142	90	54	104	143	57	78	194	## Tournée 19
8	117	123	65	208	50	184	42	96	34	1	186	31	182	116	221	198	3	7	192	175	166	212	68	## Tournée 20
161	128	81	48	27	93	13	245	16	133	235	79	199	219	240	103	151	12	236	51	83	129	124	84	242	## Tournée 21
109	185	188	224	70	138	246	232	162	157	213	127	147	233	21	205	47	171	154	173	214	102	189	223	202	165	207	174	43	## Tournée 22
209	5	30	82	152	244	40	187	203	## Tournée 23
