48626	## Somme des retards
10	## Temps CPU (millisecondes)
73	54	4	7	148	46	131	138	137	94	72	55	77	29	88	37	39	121	136	90	66	105	52	112	92	17	147	133	41	64	113	103	1	144	120	102	76	110	84	119	81	9	28	67	91	33	58	83	69	57	6	129	142	134	48	31	106	124	125	111	145	143	5	93	49	80	115	56	104	3	149	32	13	86	63	123	10	75	16	26	60	98	30	89	71	25	126	43	100	65	140	109	70	20	130	22	14	62	15	79	74	117	139	27	135	116	2	21	68	42	19	87	97	34	11	36	50	114	107	18	99	45	8	59	38	35	127	146	95	128	122	23	118	51	53	132	141	82	101	47	40	85	78	44	108	96	150	12	24	61	## Ordonnancement
17	## Nombre de tournées
1	2	2	3	5	5	8	5	9	12	13	14	19	18	19	14	1	## Nombre de sites par tournée
73	## Tournée 1
4	54	## Tournée 2
148	7	## Tournée 3
46	138	131	## Tournée 4
137	77	55	94	72	## Tournée 5
39	88	37	121	29	## Tournée 6
17	66	52	112	136	90	105	92	## Tournée 7
147	41	133	64	113	## Tournée 8
144	103	102	120	119	110	1	76	84	## Tournée 9
28	67	81	33	57	6	69	83	129	91	9	58	## Tournée 10
5	142	48	143	49	134	106	111	31	125	93	124	145	## Tournée 11
13	75	115	56	16	123	80	63	3	149	10	104	32	86	## Tournée 12
71	89	126	98	60	14	25	130	65	43	140	26	22	20	30	100	70	109	62	## Tournée 13
27	68	15	79	42	36	117	135	19	21	87	74	116	11	34	139	97	2	## Tournée 14
51	35	146	38	107	122	127	18	23	50	8	45	128	53	118	114	99	59	95	## Tournée 15
101	85	150	141	47	108	78	96	40	24	12	44	82	132	## Tournée 16
61	## Tournée 17
