159724	## Somme des retards
10	## Temps CPU (millisecondes)
2	14	18	109	150	16	41	77	9	121	66	17	12	57	10	141	34	54	98	35	122	20	63	136	143	137	96	130	138	29	82	56	100	1	43	86	126	144	42	11	64	65	26	85	25	83	105	33	107	79	134	6	60	72	129	21	90	132	131	24	112	70	49	67	7	95	125	37	99	48	92	84	23	146	123	50	28	44	32	46	78	47	74	5	15	116	89	101	30	19	61	106	94	147	69	13	51	81	45	113	135	133	75	31	114	87	120	62	36	55	8	40	111	76	118	80	58	22	145	3	68	124	119	53	71	4	104	142	117	102	139	52	97	27	108	73	39	88	148	140	38	127	128	115	93	110	91	59	149	103	## Ordonnancement
24	## Nombre de tournées
1	1	1	1	1	2	1	1	1	2	4	4	5	7	7	10	10	10	12	15	16	18	18	2	## Nombre de sites par tournée
2	## Tournée 1
14	## Tournée 2
18	## Tournée 3
109	## Tournée 4
150	## Tournée 5
41	16	## Tournée 6
77	## Tournée 7
9	## Tournée 8
121	## Tournée 9
66	17	## Tournée 10
12	57	10	141	## Tournée 11
98	34	54	35	## Tournée 12
63	136	20	143	122	## Tournée 13
29	56	138	96	82	137	130	## Tournée 14
100	86	43	126	144	42	1	## Tournée 15
33	83	25	85	107	64	65	26	11	105	## Tournée 16
6	129	72	132	131	21	79	90	134	60	## Tournée 17
99	112	7	125	37	70	24	49	95	67	## Tournée 18
50	32	48	44	78	23	92	28	84	146	123	46	## Tournée 19
5	89	61	19	13	94	74	106	15	147	30	69	101	116	47	## Tournée 20
87	62	55	133	81	114	45	40	8	135	36	31	120	113	51	75	## Tournée 21
4	3	58	104	22	119	102	117	118	145	142	76	124	68	53	71	80	111	## Tournée 22
139	52	115	39	88	127	108	38	110	93	27	91	140	128	59	148	97	73	## Tournée 23
103	149	## Tournée 24
