95299	## Somme des retards
0	## Temps CPU (millisecondes)
34	72	35	7	94	17	76	74	30	62	9	43	68	20	93	23	48	39	97	55	11	77	71	82	84	37	53	28	98	96	27	31	45	81	13	3	85	1	79	86	22	92	51	64	80	4	87	40	33	91	36	12	50	73	15	88	57	10	90	24	59	83	44	42	66	60	14	49	19	69	32	61	52	75	67	47	16	70	38	89	8	46	95	26	2	65	21	63	56	6	100	78	41	54	58	25	29	99	5	18	## Ordonnancement
18	## Nombre de tournées
2	1	1	1	1	1	1	2	3	4	6	8	9	9	11	11	13	16	## Nombre de sites par tournée
34	72	## Tournée 1
35	## Tournée 2
7	## Tournée 3
94	## Tournée 4
17	## Tournée 5
76	## Tournée 6
74	## Tournée 7
30	62	## Tournée 8
68	9	43	## Tournée 9
23	93	48	20	## Tournée 10
55	39	71	77	97	11	## Tournée 11
82	28	84	37	96	98	53	27	## Tournée 12
86	85	79	81	31	1	13	45	3	## Tournée 13
4	92	87	40	33	80	22	51	64	## Tournée 14
36	91	90	24	50	88	10	15	73	57	12	## Tournée 15
83	59	19	66	44	14	69	32	49	60	42	## Tournée 16
16	67	61	26	75	52	47	89	8	38	95	46	70	## Tournée 17
100	54	6	56	58	21	78	5	2	63	41	65	29	25	99	18	## Tournée 18
