219429	## Somme des retards
20	## Temps CPU (millisecondes)
193	10	95	4	64	28	163	128	94	175	104	67	90	125	180	198	103	121	149	96	192	87	126	20	80	184	115	77	7	189	143	105	112	179	120	111	140	42	69	54	17	174	156	152	70	190	162	170	72	159	161	76	83	55	59	41	186	178	129	51	151	157	24	12	49	185	169	124	147	131	38	85	18	142	93	9	29	27	16	98	117	15	133	53	191	123	200	138	33	155	196	46	171	167	68	168	134	36	110	65	21	35	66	187	166	71	182	100	74	25	145	92	19	132	153	52	2	78	3	57	56	37	106	173	97	113	81	136	150	181	199	165	183	101	119	118	26	176	45	148	86	5	43	158	14	73	172	30	8	82	116	62	31	137	130	107	188	1	50	75	114	195	102	99	32	61	39	48	84	6	34	13	91	160	11	22	139	177	135	141	154	89	47	146	58	23	164	44	40	108	60	194	79	144	88	127	109	197	122	63	## Ordonnancement
24	## Nombre de tournées
1	1	1	1	1	2	2	2	2	4	6	7	7	9	10	11	13	15	16	19	19	22	21	8	## Nombre de sites par tournée
193	## Tournée 1
10	## Tournée 2
95	## Tournée 3
4	## Tournée 4
64	## Tournée 5
163	28	## Tournée 6
94	128	## Tournée 7
104	175	## Tournée 8
67	90	## Tournée 9
198	180	125	103	## Tournée 10
126	149	87	96	192	121	## Tournée 11
7	80	184	77	20	115	189	## Tournée 12
120	111	140	179	143	105	112	## Tournée 13
17	70	54	174	152	156	42	190	69	## Tournée 14
161	72	41	59	170	76	83	159	162	55	## Tournée 15
49	129	169	151	186	185	12	178	51	157	24	## Tournée 16
18	16	29	124	93	38	85	147	131	142	27	98	9	## Tournée 17
196	117	155	200	171	191	133	33	68	167	123	46	15	53	138	## Tournée 18
182	166	36	110	35	168	65	21	100	187	71	145	74	66	134	25	## Tournée 19
153	52	113	81	37	181	2	57	78	92	106	97	132	136	56	19	3	173	150	## Tournée 20
165	26	199	172	183	73	43	118	8	45	148	86	14	158	176	5	30	101	119	## Tournée 21
188	48	107	32	82	31	39	75	102	34	62	137	116	50	114	61	1	99	130	195	84	6	## Tournée 22
58	154	44	47	91	135	13	11	194	164	139	60	160	22	141	177	23	40	146	89	108	## Tournée 23
88	79	197	122	109	63	127	144	## Tournée 24
