223695	## Somme des retards
20	## Temps CPU (millisecondes)
161	100	169	115	11	99	2	51	166	102	152	19	22	45	122	8	189	132	4	65	83	29	67	142	69	38	77	44	185	103	42	49	197	70	21	138	151	10	3	39	27	182	141	94	105	200	82	130	165	118	167	172	75	143	191	181	199	89	131	36	53	109	93	193	148	127	162	78	180	87	171	139	68	107	106	179	54	63	12	17	150	129	146	174	88	140	6	111	80	9	91	198	133	145	76	126	57	175	170	30	40	147	50	61	71	190	134	183	186	124	37	116	90	85	79	154	25	114	120	104	123	121	20	47	173	28	137	13	156	74	52	159	18	178	23	113	32	84	163	110	31	46	56	177	98	135	64	33	158	160	15	24	62	95	192	92	1	194	144	81	125	16	35	117	5	48	43	55	196	195	164	97	157	96	112	7	66	60	59	188	58	168	136	72	153	41	176	187	101	26	73	119	108	34	14	128	184	86	155	149	## Ordonnancement
22	## Nombre de tournées
1	1	1	2	2	3	4	4	5	6	7	8	10	13	13	16	17	18	21	22	22	4	## Nombre de sites par tournée
161	## Tournée 1
100	## Tournée 2
169	## Tournée 3
115	11	## Tournée 4
2	99	## Tournée 5
51	102	166	## Tournée 6
45	152	22	19	## Tournée 7
122	132	189	8	## Tournée 8
65	29	83	67	4	## Tournée 9
44	69	38	142	185	77	## Tournée 10
70	49	21	138	42	103	197	## Tournée 11
10	151	3	39	141	182	94	27	## Tournée 12
75	105	200	167	165	143	118	172	82	130	## Tournée 13
181	162	127	36	89	148	109	193	93	199	131	191	53	## Tournée 14
171	87	180	78	107	12	179	68	54	139	106	63	17	## Tournée 15
80	146	9	129	140	76	145	133	111	150	91	6	174	88	198	126	## Tournée 16
170	71	57	50	186	147	124	37	40	134	30	90	175	190	61	183	116	## Tournée 17
13	154	85	79	20	52	74	114	28	47	121	173	25	104	123	120	156	137	## Tournée 18
159	33	178	18	98	163	113	177	110	158	135	31	46	15	160	84	56	64	32	23	24	## Tournée 19
48	55	5	117	125	192	96	62	35	196	92	16	43	194	195	95	1	144	164	81	97	157	## Tournée 20
136	112	73	108	168	176	41	60	72	59	101	128	58	26	34	153	187	14	66	188	7	119	## Tournée 21
86	155	184	149	## Tournée 22
