140358	## Somme des retards
10	## Temps CPU (millisecondes)
46	24	7	33	50	126	111	34	133	52	122	4	3	37	57	28	43	18	100	121	25	84	132	42	144	44	95	36	99	104	129	127	35	23	118	143	21	56	66	27	113	101	29	10	62	51	82	76	142	137	105	30	131	93	89	38	71	14	116	69	45	147	13	17	88	90	75	98	117	68	120	80	136	112	6	59	63	39	106	74	60	2	138	58	123	96	92	150	67	26	114	128	12	72	78	91	87	103	77	86	119	124	102	70	149	41	5	20	65	109	94	145	79	81	1	22	47	64	130	48	140	61	85	55	15	49	141	11	146	16	148	8	31	108	107	125	40	139	19	134	115	97	83	54	9	135	32	53	73	110	## Ordonnancement
23	## Nombre de tournées
1	1	1	1	1	1	1	1	1	2	3	4	5	6	6	9	9	12	14	15	18	17	21	## Nombre de sites par tournée
46	## Tournée 1
24	## Tournée 2
7	## Tournée 3
33	## Tournée 4
50	## Tournée 5
126	## Tournée 6
111	## Tournée 7
34	## Tournée 8
133	## Tournée 9
122	52	## Tournée 10
3	4	37	## Tournée 11
57	28	18	43	## Tournée 12
100	25	132	121	84	## Tournée 13
99	36	42	144	44	95	## Tournée 14
104	118	129	35	127	23	## Tournée 15
27	113	29	101	10	56	21	66	143	## Tournée 16
105	62	76	82	51	131	142	137	30	## Tournée 17
45	88	38	89	14	71	13	69	17	93	147	116	## Tournée 18
6	68	117	98	90	75	59	63	136	120	80	39	112	106	## Tournée 19
58	114	72	2	138	12	74	26	96	150	128	60	67	92	123	## Tournée 20
109	70	119	77	41	78	91	5	94	103	102	145	149	124	86	87	65	20	## Tournée 21
81	11	55	48	79	22	85	140	146	64	47	130	141	61	1	49	15	## Tournée 22
135	16	40	73	134	97	125	148	108	9	8	115	139	19	31	53	54	32	110	107	83	## Tournée 23
