155447	## Somme des retards
20	## Temps CPU (millisecondes)
84	28	78	133	42	14	124	60	1	98	114	10	80	67	145	12	125	4	47	57	129	144	142	119	66	76	61	87	138	11	102	146	21	88	70	127	77	52	116	126	22	118	130	104	135	69	59	13	90	30	49	62	149	106	134	111	51	97	120	40	71	123	79	39	24	45	2	29	103	56	108	27	122	65	58	89	147	82	41	54	17	137	3	55	64	86	44	53	74	8	113	32	68	37	150	20	33	139	73	75	85	136	110	93	92	107	15	23	109	48	16	117	18	63	72	132	128	121	140	112	100	6	101	81	131	83	19	148	50	99	46	36	31	115	95	143	26	91	43	7	38	141	9	94	34	35	5	25	96	105	## Ordonnancement
19	## Nombre de tournées
1	2	2	3	3	3	3	4	5	8	7	11	10	12	12	15	18	19	12	## Nombre de sites par tournée
84	## Tournée 1
78	28	## Tournée 2
133	42	## Tournée 3
14	60	124	## Tournée 4
98	1	114	## Tournée 5
10	67	80	## Tournée 6
125	145	12	## Tournée 7
57	129	4	47	## Tournée 8
142	66	119	144	76	## Tournée 9
21	146	88	138	87	11	61	102	## Tournée 10
22	116	52	77	126	127	70	## Tournée 11
90	135	62	30	118	130	13	104	59	49	69	## Tournée 12
40	51	123	149	111	106	134	97	120	71	## Tournée 13
79	24	122	65	39	103	27	56	108	45	29	2	## Tournée 14
82	17	137	3	64	41	54	58	89	55	147	86	## Tournée 15
68	74	85	8	32	20	139	73	150	113	37	44	75	53	33	## Tournée 16
63	140	16	92	15	121	132	128	48	109	107	110	18	93	117	136	72	23	## Tournée 17
50	26	81	148	91	100	99	143	6	31	19	36	46	112	115	83	101	131	95	## Tournée 18
96	34	7	25	38	141	105	43	9	35	94	5	## Tournée 19
