97649	## Somme des retards
0	## Temps CPU (millisecondes)
9	68	53	76	86	26	15	29	1	57	24	14	87	83	74	97	75	78	19	72	67	81	96	66	30	65	71	95	56	23	44	50	94	80	10	100	77	61	60	89	45	11	43	58	82	69	62	63	17	4	59	85	40	99	84	49	64	27	32	21	22	73	48	28	98	6	91	8	18	20	31	39	46	7	36	34	12	16	54	90	37	13	70	2	42	88	35	38	3	93	41	51	5	33	25	55	52	92	79	47	## Ordonnancement
18	## Nombre de tournées
1	1	1	1	2	2	2	2	4	5	6	7	8	10	11	13	12	12	## Nombre de sites par tournée
9	## Tournée 1
68	## Tournée 2
53	## Tournée 3
76	## Tournée 4
26	86	## Tournée 5
29	15	## Tournée 6
57	1	## Tournée 7
14	24	## Tournée 8
97	87	74	83	## Tournée 9
67	19	72	75	78	## Tournée 10
71	81	65	96	66	30	## Tournée 11
56	80	94	23	50	44	95	## Tournée 12
11	89	77	60	10	61	100	45	## Tournée 13
43	17	62	63	4	58	85	69	59	82	## Tournée 14
27	84	32	64	22	49	99	73	40	21	48	## Tournée 15
28	6	31	34	91	46	98	18	36	39	7	8	20	## Tournée 16
88	90	38	16	54	42	12	13	35	2	37	70	## Tournée 17
41	79	55	47	25	5	52	3	93	33	92	51	## Tournée 18
