175267	## Somme des retards
20	## Temps CPU (millisecondes)
9	51	52	130	62	142	76	45	34	123	11	125	71	75	57	134	38	43	33	25	48	100	114	117	68	42	88	56	29	87	144	24	132	15	14	119	59	128	145	37	102	55	39	19	98	31	99	82	124	95	2	137	129	91	44	21	150	133	109	8	22	53	73	108	97	6	139	101	4	23	138	20	141	118	67	64	116	113	92	69	60	65	127	104	13	86	112	78	83	79	85	49	122	121	107	106	146	27	18	120	70	35	47	66	126	58	80	94	74	5	93	7	143	81	10	105	61	40	140	135	131	136	149	28	84	50	17	32	46	77	16	63	30	26	115	96	41	147	103	1	111	110	3	89	148	12	72	54	36	90	## Ordonnancement
22	## Nombre de tournées
1	1	1	1	1	1	2	3	4	6	6	9	8	9	9	11	14	12	16	17	16	2	## Nombre de sites par tournée
9	## Tournée 1
51	## Tournée 2
52	## Tournée 3
130	## Tournée 4
62	## Tournée 5
142	## Tournée 6
76	45	## Tournée 7
11	34	123	## Tournée 8
57	75	71	125	## Tournée 9
43	48	134	25	38	33	## Tournée 10
88	117	42	100	68	114	## Tournée 11
144	15	29	87	14	132	24	56	119	## Tournée 12
128	37	19	39	145	59	102	55	## Tournée 13
82	95	124	137	2	31	98	99	129	## Tournée 14
21	8	150	91	109	133	44	53	22	## Tournée 15
20	4	141	73	101	138	108	6	97	23	139	## Tournée 16
112	64	116	118	13	65	127	67	92	113	69	86	104	60	## Tournée 17
107	146	106	121	85	83	122	79	78	18	27	49	## Tournée 18
58	80	74	66	120	93	7	143	94	70	81	10	35	5	47	126	## Tournée 19
105	17	131	149	46	136	61	16	63	77	28	140	84	50	135	32	40	## Tournée 20
30	147	54	41	103	89	115	12	3	111	110	96	72	1	148	26	## Tournée 21
36	90	## Tournée 22
