122151	## Somme des retards
10	## Temps CPU (millisecondes)
64	34	86	20	113	99	23	43	100	109	135	95	40	25	17	85	91	90	101	42	57	52	107	144	114	111	87	93	145	129	141	119	124	32	21	102	3	83	123	136	56	46	50	63	29	22	55	7	72	97	28	69	13	84	26	137	80	116	15	82	1	48	12	108	36	126	96	122	53	120	8	106	103	139	125	149	41	73	19	142	92	76	11	77	74	38	58	31	18	121	6	133	45	51	71	112	134	62	14	147	88	130	98	30	35	39	60	89	143	140	138	78	4	94	5	54	59	81	24	67	66	118	70	148	68	110	105	10	47	127	61	131	104	115	146	2	33	75	37	117	79	65	150	128	132	49	16	44	9	27	## Ordonnancement
22	## Nombre de tournées
1	1	1	2	1	1	1	2	4	3	4	5	7	7	9	11	12	16	16	16	19	11	## Nombre de sites par tournée
64	## Tournée 1
34	## Tournée 2
86	## Tournée 3
20	113	## Tournée 4
99	## Tournée 5
23	## Tournée 6
43	## Tournée 7
100	109	## Tournée 8
40	135	95	25	## Tournée 9
85	17	91	## Tournée 10
42	90	57	101	## Tournée 11
111	144	107	114	52	## Tournée 12
141	124	87	93	145	119	129	## Tournée 13
21	83	32	3	123	102	136	## Tournée 14
46	50	7	63	55	29	22	56	72	## Tournée 15
28	13	82	69	116	97	26	80	84	15	137	## Tournée 16
36	12	120	48	126	122	8	53	106	1	108	96	## Tournée 17
19	142	76	77	125	38	73	31	149	92	103	74	11	41	58	139	## Tournée 18
51	147	45	62	6	134	14	130	121	133	112	98	30	88	71	18	## Tournée 19
59	4	78	140	94	89	60	81	138	67	143	35	39	5	54	24	## Tournée 20
146	61	70	47	131	2	148	37	104	105	127	118	66	10	68	110	33	75	115	## Tournée 21
49	27	16	150	79	128	44	65	132	117	9	## Tournée 22
