50254	## Somme des retards
80	## Temps CPU (millisecondes)
49	52	19	71	97	63	29	72	96	81	67	7	35	100	43	42	83	64	88	66	18	16	4	57	1	13	15	92	38	93	89	77	8	76	94	14	37	60	84	65	50	68	85	69	91	45	55	79	58	41	78	2	32	9	12	44	46	61	47	54	33	95	62	36	74	53	82	80	27	98	28	10	86	31	25	21	39	24	22	99	34	6	23	51	70	40	87	5	59	20	73	75	90	11	56	26	30	17	3	48	## Ordonnancement
15	## Nombre de tournées
1	4	6	5	7	5	5	8	12	13	11	11	6	5	1	## Nombre de sites par tournée
49	## Tournée 1
52	97	71	19	## Tournée 2
72	96	63	81	29	67	## Tournée 3
43	100	42	7	35	## Tournée 4
64	66	18	83	88	4	16	## Tournée 5
15	92	1	13	57	## Tournée 6
89	8	93	77	38	## Tournée 7
94	84	37	14	60	76	65	50	## Tournée 8
41	85	58	91	69	32	68	79	2	78	45	55	## Tournée 9
95	12	46	53	33	44	62	74	36	47	9	54	61	## Tournée 10
27	80	25	86	10	82	21	39	31	98	28	## Tournée 11
22	6	87	70	99	23	51	34	24	40	5	## Tournée 12
20	59	75	73	90	11	## Tournée 13
56	17	26	3	30	## Tournée 14
48	## Tournée 15
