46573	## Somme des retards
60	## Temps CPU (millisecondes)
26	60	94	24	92	17	91	65	16	79	14	90	15	5	19	87	76	21	51	100	71	55	30	66	69	2	64	7	28	75	58	37	72	23	39	63	4	78	10	68	46	41	54	70	42	85	98	67	35	53	11	89	31	18	48	73	6	36	45	8	22	9	32	62	99	61	95	96	29	27	20	25	34	83	81	74	50	33	52	40	93	12	57	82	47	80	3	49	1	43	13	77	56	86	59	88	97	44	38	84	## Ordonnancement
18	## Nombre de tournées
1	1	2	1	2	3	3	5	5	5	6	8	11	12	13	13	8	1	## Nombre de sites par tournée
26	## Tournée 1
60	## Tournée 2
24	94	## Tournée 3
92	## Tournée 4
91	17	## Tournée 5
79	65	16	## Tournée 6
14	15	90	## Tournée 7
19	5	21	87	76	## Tournée 8
30	51	55	100	71	## Tournée 9
69	2	64	7	66	## Tournée 10
37	72	23	58	75	28	## Tournée 11
10	41	63	4	46	68	39	78	## Tournée 12
85	35	89	42	54	31	70	11	53	67	98	## Tournée 13
32	22	18	99	36	9	45	48	73	8	62	6	## Tournée 14
96	25	83	33	27	81	95	61	20	29	50	74	34	## Tournée 15
13	57	1	80	47	43	82	52	12	40	3	93	49	## Tournée 16
44	88	77	56	38	86	97	59	## Tournée 17
84	## Tournée 18
