80409	## Somme des retards
160	## Temps CPU (millisecondes)
138	127	22	139	101	74	109	50	45	142	34	2	81	112	71	123	68	116	117	3	99	131	43	13	118	77	105	26	57	1	73	114	128	149	124	143	51	29	67	27	39	136	108	60	37	66	65	144	93	31	120	125	126	90	132	140	35	80	11	102	122	46	36	95	137	42	76	92	33	21	58	106	113	25	41	97	134	12	86	16	24	82	91	19	6	7	96	83	47	38	30	115	64	55	107	94	10	145	104	20	8	146	59	88	141	69	78	129	61	56	5	98	14	28	110	75	9	32	53	49	103	100	15	18	17	62	54	87	52	135	111	72	44	89	121	85	148	63	133	23	147	150	130	48	119	70	4	79	40	84	## Ordonnancement
17	## Nombre de tournées
3	4	4	6	6	7	7	11	12	10	15	13	15	16	13	7	1	## Nombre de sites par tournée
127	22	138	## Tournée 1
74	109	101	139	## Tournée 2
142	34	45	50	## Tournée 3
2	81	71	68	112	123	## Tournée 4
43	99	3	117	131	116	## Tournée 5
77	1	57	105	13	26	118	## Tournée 6
143	114	73	128	149	51	124	## Tournée 7
39	136	29	144	108	65	66	67	27	37	60	## Tournée 8
31	80	102	125	11	120	35	93	90	126	140	132	## Tournée 9
137	122	92	46	42	21	36	33	95	76	## Tournée 10
16	25	91	82	106	86	12	6	58	134	24	41	97	19	113	## Tournée 11
115	64	94	10	7	83	47	38	55	30	145	96	107	## Tournée 12
20	88	5	146	8	69	56	104	129	59	141	14	98	61	78	## Tournée 13
100	110	52	49	62	87	28	54	15	75	32	17	103	53	18	9	## Tournée 14
133	85	135	72	150	63	44	147	148	121	23	89	111	## Tournée 15
79	4	40	119	130	70	48	## Tournée 16
84	## Tournée 17
