131976	## Somme des retards
90	## Temps CPU (millisecondes)
55	49	122	35	148	128	103	91	89	25	3	40	142	43	121	129	115	66	144	26	36	102	140	10	69	137	118	37	62	39	71	12	65	13	119	20	27	74	53	50	47	93	78	11	95	109	110	106	44	99	113	7	105	72	28	112	127	52	5	42	133	64	68	126	125	15	143	1	29	2	33	94	81	116	70	51	14	141	131	54	32	146	96	134	111	57	4	61	24	45	97	124	150	21	130	59	73	88	132	149	9	100	145	34	8	76	6	108	19	85	86	139	22	38	104	123	18	30	80	83	107	48	90	60	135	17	67	75	16	98	46	138	41	114	92	136	58	147	101	56	82	77	23	117	31	79	120	63	87	84	## Ordonnancement
19	## Nombre de tournées
1	1	2	3	3	5	5	5	5	8	9	9	12	14	14	15	16	21	2	## Nombre de sites par tournée
55	## Tournée 1
49	## Tournée 2
35	122	## Tournée 3
128	148	103	## Tournée 4
91	25	89	## Tournée 5
142	40	121	43	3	## Tournée 6
144	129	26	66	115	## Tournée 7
10	36	69	102	140	## Tournée 8
37	118	62	137	39	## Tournée 9
74	12	20	65	71	119	13	27	## Tournée 10
78	53	11	50	95	110	47	109	93	## Tournée 11
112	7	44	99	106	113	72	105	28	## Tournée 12
126	143	127	1	15	42	133	125	5	68	64	52	## Tournée 13
146	32	29	33	70	54	51	131	94	81	14	2	141	116	## Tournée 14
4	111	24	61	134	150	97	124	45	59	96	130	57	21	## Tournée 15
132	86	19	85	88	145	9	8	34	76	100	108	73	6	149	## Tournée 16
22	107	90	18	123	135	104	83	67	60	38	17	30	80	139	48	## Tournée 17
120	114	16	92	117	136	23	56	63	46	31	75	147	101	98	58	41	82	79	77	138	## Tournée 18
87	84	## Tournée 19
