53318	## Somme des retards
100	## Temps CPU (millisecondes)
149	16	144	87	2	138	50	88	116	115	31	10	51	102	99	107	20	17	111	60	38	5	108	130	32	9	40	148	45	106	127	105	132	123	29	84	82	134	131	25	53	93	6	33	70	48	112	36	14	140	121	72	125	103	1	22	73	142	44	139	35	55	78	133	143	13	34	11	119	3	15	136	43	26	65	117	46	126	135	63	145	76	122	114	90	83	104	7	150	12	49	81	4	47	54	75	128	41	92	85	110	27	100	57	58	124	86	61	97	141	59	118	146	19	98	137	101	42	79	69	30	71	95	28	113	129	91	77	18	64	120	94	39	23	67	89	52	8	56	109	62	68	147	96	80	24	66	74	21	37	## Ordonnancement
19	## Nombre de tournées
1	1	2	2	2	1	1	5	6	6	9	11	12	15	15	15	21	15	10	## Nombre de sites par tournée
149	## Tournée 1
16	## Tournée 2
87	144	## Tournée 3
138	2	## Tournée 4
88	50	## Tournée 5
116	## Tournée 6
115	## Tournée 7
31	10	99	102	51	## Tournée 8
107	17	38	111	60	20	## Tournée 9
32	9	5	40	130	108	## Tournée 10
29	123	148	45	106	84	132	127	105	## Tournée 11
53	48	134	82	25	131	70	6	93	33	112	## Tournée 12
14	121	73	36	1	22	140	72	142	44	103	125	## Tournée 13
26	133	55	11	139	136	35	119	78	13	143	15	34	43	3	## Tournée 14
114	150	63	90	65	126	145	76	122	7	83	46	117	104	135	## Tournée 15
92	100	49	75	57	81	4	128	54	47	85	12	110	27	41	## Tournée 16
86	42	137	113	19	97	30	118	58	79	124	61	95	98	71	59	101	146	69	141	28	## Tournée 17
52	94	23	109	8	120	56	67	129	64	39	91	89	18	77	## Tournée 18
68	80	147	74	24	62	21	96	66	37	## Tournée 19
