310308	## Somme des retards
750	## Temps CPU (millisecondes)
100	77	161	158	264	103	225	210	220	238	134	293	261	192	279	145	116	183	65	107	218	85	16	30	176	79	280	216	204	130	11	289	180	91	189	205	237	83	277	297	110	5	133	111	182	207	22	252	139	90	250	14	44	94	45	171	294	170	191	227	167	193	273	163	19	154	132	291	72	142	17	206	230	84	290	13	188	35	255	223	270	174	92	2	295	88	211	18	66	12	124	248	284	55	122	202	155	239	217	43	15	136	281	256	299	135	151	59	249	95	48	121	106	254	101	53	232	87	57	269	104	226	82	262	98	62	172	166	156	28	144	153	263	300	215	272	251	67	173	194	228	242	126	276	127	9	267	74	258	224	6	247	143	187	52	298	49	47	241	212	99	287	26	150	196	63	214	184	1	27	266	231	208	21	286	186	190	20	41	288	36	229	97	75	165	233	81	160	162	213	179	199	56	24	178	141	198	201	25	222	244	51	4	125	119	46	159	37	58	197	3	115	29	39	68	157	23	253	73	34	240	123	219	70	177	33	78	236	38	282	96	64	113	102	275	169	168	71	292	109	76	7	175	149	257	93	259	80	278	140	108	271	268	245	283	296	105	112	148	61	69	86	10	128	152	203	42	274	185	221	31	118	120	60	195	32	209	246	114	50	8	89	117	260	235	137	234	138	181	265	131	200	40	147	129	285	54	243	146	164	## Ordonnancement
28	## Nombre de tournées
1	1	1	1	1	1	2	3	5	3	5	6	8	9	11	12	12	12	16	16	21	21	23	23	29	27	26	4	## Nombre de sites par tournée
100	## Tournée 1
77	## Tournée 2
161	## Tournée 3
158	## Tournée 4
264	## Tournée 5
103	## Tournée 6
225	210	## Tournée 7
238	220	134	## Tournée 8
192	293	261	279	145	## Tournée 9
116	65	183	## Tournée 10
30	218	16	107	85	## Tournée 11
130	280	176	216	79	204	## Tournée 12
289	91	11	83	189	237	180	205	## Tournée 13
22	111	207	297	110	277	133	5	182	## Tournée 14
45	170	294	90	94	171	44	252	14	250	139	## Tournée 15
291	72	227	142	132	163	19	191	193	273	167	154	## Tournée 16
174	35	223	13	17	206	255	230	188	84	290	270	## Tournée 17
2	18	12	88	66	92	55	124	211	248	284	295	## Tournée 18
256	299	135	122	239	249	155	59	281	217	15	95	151	202	136	43	## Tournée 19
121	106	53	226	57	82	262	254	87	232	48	98	104	269	101	62	## Tournée 20
9	263	127	153	126	228	194	267	272	276	300	251	215	172	144	173	166	67	242	28	156	## Tournée 21
6	99	212	298	26	52	150	184	247	196	224	63	49	47	287	74	258	241	187	143	214	## Tournée 22
286	36	233	190	165	75	97	231	1	266	213	41	160	288	81	162	20	21	179	229	27	208	186	## Tournée 23
222	25	199	37	198	39	56	119	4	201	125	29	24	141	197	159	115	244	51	46	3	178	58	## Tournée 24
253	175	78	34	236	157	68	71	292	23	38	168	282	113	177	169	102	76	219	275	109	240	96	64	123	70	33	73	7	## Tournée 25
149	278	257	259	274	108	203	140	296	221	86	271	112	268	152	105	69	148	245	185	93	61	10	42	80	128	283	## Tournée 26
89	129	147	181	60	209	137	114	200	8	260	40	118	120	131	50	195	246	31	235	285	265	117	234	32	138	## Tournée 27
54	243	164	146	## Tournée 28
