193411	## Somme des retards
330	## Temps CPU (millisecondes)
251	149	243	201	111	269	184	5	129	293	290	250	266	4	152	100	93	54	62	94	235	16	120	28	97	172	255	225	194	116	196	277	244	267	183	150	242	252	110	188	187	77	75	103	119	215	257	295	198	73	258	271	283	98	185	135	191	130	134	123	220	264	249	268	92	229	292	102	272	261	132	275	234	82	10	118	273	199	67	300	44	238	155	11	31	224	13	20	49	173	233	192	286	232	151	36	105	57	167	8	43	141	210	168	193	47	165	222	51	247	46	108	254	95	106	157	114	144	226	6	7	131	203	189	12	52	39	202	9	133	161	128	71	296	288	68	109	72	227	159	89	276	223	284	230	19	274	218	81	156	265	64	101	90	76	74	297	17	86	147	21	115	38	289	279	136	41	248	245	219	180	179	3	117	294	99	166	181	212	70	145	139	171	209	182	56	154	285	138	262	278	287	78	48	158	164	22	50	29	104	15	281	169	55	174	35	66	160	61	83	107	32	25	112	299	207	18	221	208	213	246	241	63	217	237	239	30	259	58	190	91	253	53	175	170	127	26	24	186	178	176	33	34	162	146	40	124	206	37	121	27	204	65	45	195	205	1	140	85	96	197	79	80	113	137	163	231	14	214	260	42	87	84	2	142	60	263	216	69	280	177	122	125	282	270	200	88	143	211	298	256	148	23	228	126	236	59	240	291	153	## Ordonnancement
24	## Nombre de tournées
1	1	1	3	3	5	6	6	9	9	12	11	17	18	18	18	21	24	24	25	27	26	14	1	## Nombre de sites par tournée
251	## Tournée 1
149	## Tournée 2
243	## Tournée 3
269	111	201	## Tournée 4
129	5	184	## Tournée 5
250	290	266	293	4	## Tournée 6
62	152	54	100	93	94	## Tournée 7
235	120	28	16	172	97	## Tournée 8
225	267	196	255	194	116	277	244	183	## Tournée 9
187	103	110	252	242	77	150	75	188	## Tournée 10
295	73	257	198	215	271	135	283	185	258	98	119	## Tournée 11
130	264	220	92	191	123	134	292	229	249	268	## Tournée 12
155	67	234	199	118	132	273	44	275	238	300	261	102	10	82	272	11	## Tournée 13
36	141	43	192	8	286	232	151	20	57	13	49	233	224	167	105	173	31	## Tournée 14
168	47	247	6	46	226	254	108	157	193	106	210	165	144	51	114	222	95	## Tournée 15
189	161	68	128	296	203	7	202	9	39	71	133	109	12	72	52	288	131	## Tournée 16
218	81	223	74	17	101	265	19	86	156	274	89	227	159	76	276	230	90	297	284	64	## Tournée 17
139	171	147	38	136	279	70	179	3	212	21	294	180	41	99	289	145	245	181	166	115	219	117	248	## Tournée 18
262	281	35	154	78	169	209	182	104	55	15	285	158	287	48	278	29	138	174	66	22	164	50	56	## Tournée 19
160	259	91	107	239	112	63	25	83	61	58	190	208	32	241	299	207	18	253	30	213	217	237	246	221	## Tournée 20
53	170	206	85	24	34	124	37	27	146	186	176	33	175	40	162	140	65	1	45	26	195	127	178	204	121	205	## Tournée 21
270	96	197	280	216	214	125	163	80	177	79	113	87	60	282	14	260	263	231	2	137	42	69	122	142	84	## Tournée 22
23	291	211	59	236	143	88	298	148	240	228	200	126	256	## Tournée 23
153	## Tournée 24
