43226	## Somme des retards
40	## Temps CPU (millisecondes)
115	5	52	76	138	16	48	142	32	132	79	82	143	147	78	20	70	58	150	29	10	105	21	118	13	69	54	3	101	85	55	129	26	107	86	43	4	22	33	117	77	38	111	53	56	65	139	126	34	30	83	125	44	39	27	62	97	89	19	114	93	37	66	42	110	130	102	121	28	49	123	128	95	104	87	145	144	137	24	149	133	11	140	45	96	98	6	119	75	36	8	72	100	103	120	57	17	122	88	113	40	64	109	148	134	94	31	106	127	35	2	68	81	41	12	60	74	59	67	61	73	25	124	63	46	116	18	146	131	112	47	84	51	108	136	91	99	9	14	135	15	7	23	141	71	80	90	1	50	92	## Ordonnancement
17	## Nombre de tournées
1	2	2	2	4	3	8	8	8	12	14	13	17	16	21	17	2	## Nombre de sites par tournée
115	## Tournée 1
52	5	## Tournée 2
76	138	## Tournée 3
16	48	## Tournée 4
142	79	32	132	## Tournée 5
147	143	82	## Tournée 6
29	70	20	10	105	150	78	58	## Tournée 7
85	13	3	118	21	54	101	69	## Tournée 8
55	26	86	107	43	22	4	129	## Tournée 9
38	56	139	65	34	126	33	117	30	111	77	53	## Tournée 10
125	19	83	42	97	27	93	37	114	44	39	89	66	62	## Tournée 11
95	144	130	28	104	110	121	145	49	128	102	123	87	## Tournée 12
137	103	72	75	45	140	149	119	11	98	6	24	96	100	8	133	36	## Tournée 13
127	57	64	120	35	122	94	40	88	134	106	109	148	31	113	17	## Tournée 14
41	81	67	47	60	112	146	12	18	46	73	59	74	116	2	68	131	25	63	61	124	## Tournée 15
136	7	51	23	9	80	15	14	108	1	71	135	141	99	84	90	91	## Tournée 16
50	92	## Tournée 17
