45372	## Somme des retards
40	## Temps CPU (millisecondes)
72	78	76	89	31	28	20	49	24	55	46	88	56	10	81	35	73	82	27	86	75	99	40	43	33	47	92	5	9	41	64	58	15	91	1	17	95	52	54	83	61	42	90	80	66	22	67	2	3	100	79	8	44	18	53	87	74	62	93	16	57	29	19	94	4	63	68	51	69	50	34	7	60	6	77	13	45	65	32	97	39	59	70	14	98	48	21	26	71	85	12	38	30	96	11	36	84	37	25	23	## Ordonnancement
16	## Nombre de tournées
1	1	1	3	2	4	4	7	8	9	10	15	13	11	7	4	## Nombre de sites par tournée
72	## Tournée 1
78	## Tournée 2
76	## Tournée 3
89	28	31	## Tournée 4
49	20	## Tournée 5
88	24	46	55	## Tournée 6
35	56	10	81	## Tournée 7
99	75	73	86	27	82	40	## Tournée 8
64	92	33	9	47	5	43	41	## Tournée 9
83	54	91	58	52	15	95	17	1	## Tournée 10
61	67	90	2	66	80	3	22	42	100	## Tournée 11
79	19	16	18	74	57	4	62	29	93	87	94	8	53	44	## Tournée 12
77	51	45	13	50	68	65	34	69	63	6	7	60	## Tournée 13
32	48	26	98	59	70	21	71	14	39	97	## Tournée 14
85	96	36	11	30	38	12	## Tournée 15
25	23	37	84	## Tournée 16
