88824	## Somme des retards
190	## Temps CPU (millisecondes)
19	45	6	124	22	65	80	97	87	122	42	29	138	141	12	10	117	105	16	47	27	70	7	127	139	134	52	110	63	73	20	106	96	46	8	95	128	71	34	114	49	149	83	24	90	136	147	28	40	31	131	33	148	92	53	135	21	41	145	14	88	104	112	1	111	17	125	94	79	75	107	93	44	38	25	98	118	15	137	76	60	69	109	58	116	64	113	140	85	108	51	129	150	100	120	133	121	2	68	72	84	143	142	36	39	56	99	86	50	119	11	103	130	78	77	101	18	82	37	48	132	62	43	123	91	126	9	30	74	5	57	26	3	59	32	61	102	89	67	23	55	66	144	115	81	35	4	54	146	13	## Ordonnancement
22	## Nombre de tournées
2	1	1	2	2	2	3	3	4	7	7	7	11	11	12	12	16	17	15	9	5	1	## Nombre de sites par tournée
45	19	## Tournée 1
6	## Tournée 2
124	## Tournée 3
65	22	## Tournée 4
97	80	## Tournée 5
87	122	## Tournée 6
42	138	29	## Tournée 7
10	12	141	## Tournée 8
47	117	16	105	## Tournée 9
27	7	127	134	70	139	52	## Tournée 10
63	110	106	96	46	20	73	## Tournée 11
71	34	8	49	95	114	128	## Tournée 12
33	40	131	90	136	31	147	28	24	83	149	## Tournée 13
53	104	135	145	41	14	88	112	148	21	92	## Tournée 14
107	1	111	44	125	75	79	38	93	17	25	94	## Tournée 15
116	98	113	60	15	76	64	118	69	109	137	58	## Tournée 16
121	84	100	120	68	133	2	140	142	108	150	85	143	51	129	72	## Tournée 17
82	86	18	101	56	36	103	130	50	11	78	48	39	77	119	99	37	## Tournée 18
5	26	74	32	3	132	123	126	43	59	9	62	30	91	57	## Tournée 19
55	115	144	61	66	89	102	23	67	## Tournée 20
81	35	4	54	146	## Tournée 21
13	## Tournée 22
