177885	## Somme des retards
450	## Temps CPU (millisecondes)
144	141	154	44	74	2	45	200	31	168	42	195	132	76	25	35	114	20	43	99	27	165	160	127	98	188	60	139	193	81	119	133	17	140	34	172	64	72	101	63	138	111	112	87	157	77	66	40	84	173	73	100	146	110	184	93	171	69	108	79	104	180	131	136	36	47	175	23	54	49	95	57	128	148	197	155	120	6	7	96	103	199	152	86	116	11	9	149	185	58	41	176	33	28	186	1	198	48	177	137	78	130	12	115	8	68	51	170	179	151	56	142	174	15	24	134	55	38	62	91	169	109	102	143	82	161	18	123	32	80	16	147	158	19	178	194	37	59	30	39	4	46	89	126	26	13	53	117	145	21	22	189	118	162	106	192	166	71	135	196	183	105	153	129	190	107	167	3	159	163	121	65	75	187	67	124	14	125	182	122	10	92	61	52	191	50	90	29	181	164	94	88	83	113	70	85	156	97	5	150	## Ordonnancement
21	## Nombre de tournées
1	3	3	2	4	5	4	7	9	9	10	14	16	12	18	16	23	20	16	6	2	## Nombre de sites par tournée
144	## Tournée 1
154	44	141	## Tournée 2
45	2	74	## Tournée 3
31	200	## Tournée 4
195	132	168	42	## Tournée 5
76	114	25	35	20	## Tournée 6
99	165	43	27	## Tournée 7
139	98	60	188	193	127	160	## Tournée 8
64	140	72	172	119	34	133	17	81	## Tournée 9
101	87	138	157	77	112	111	63	66	## Tournée 10
110	40	184	146	73	93	171	173	100	84	## Tournée 11
47	131	104	54	49	23	36	69	175	136	79	95	180	108	## Tournée 12
96	199	148	103	120	152	11	6	57	155	128	197	116	7	9	86	## Tournée 13
186	185	48	41	176	1	177	28	58	33	149	198	## Tournée 14
142	151	179	174	24	15	8	78	68	51	56	170	134	55	115	130	137	12	## Tournée 15
16	38	158	143	102	147	123	169	82	80	91	18	161	109	32	62	## Tournée 16
145	189	30	4	117	89	106	39	26	53	19	59	37	118	178	46	13	22	162	21	192	194	126	## Tournée 17
190	187	67	121	75	196	3	105	124	163	65	153	166	129	183	107	71	135	159	167	## Tournée 18
61	182	181	90	92	164	94	29	191	125	52	14	122	50	88	10	## Tournée 19
70	83	85	113	97	156	## Tournée 20
150	5	## Tournée 21
