106223	## Somme des retards
640	## Temps CPU (millisecondes)
131	141	220	94	69	24	238	176	144	164	127	10	68	159	52	115	53	108	30	42	93	31	149	84	239	245	145	103	4	161	60	134	85	39	189	152	3	123	179	177	27	61	158	82	217	147	200	50	17	23	48	208	206	235	210	124	198	148	213	224	218	183	169	246	219	11	72	211	87	83	125	229	49	55	6	196	216	110	214	191	1	150	202	86	250	101	100	221	37	25	168	178	241	121	143	63	139	130	56	156	187	57	205	172	51	46	76	215	96	5	247	199	181	248	204	120	126	65	28	133	119	165	232	142	237	89	166	138	35	47	222	67	186	26	170	227	44	38	188	104	21	12	185	226	203	64	116	14	242	92	184	22	73	223	71	154	173	77	54	207	117	45	29	231	225	135	136	193	79	137	40	114	228	62	15	91	153	43	240	111	163	8	99	109	192	146	243	66	128	230	190	95	194	234	102	182	249	81	33	171	113	98	112	88	132	175	180	19	18	20	74	36	2	7	167	41	90	80	201	160	106	105	16	13	107	157	174	233	34	32	162	212	195	151	197	9	75	118	97	140	244	78	236	129	209	155	58	122	70	59	## Ordonnancement
22	## Nombre de tournées
1	3	2	1	2	3	5	6	10	8	13	12	15	19	17	19	23	23	22	24	13	9	## Nombre de sites par tournée
131	## Tournée 1
141	220	94	## Tournée 2
69	24	## Tournée 3
238	## Tournée 4
144	176	## Tournée 5
127	164	10	## Tournée 6
52	53	159	115	68	## Tournée 7
93	108	42	31	149	30	## Tournée 8
145	103	85	161	84	245	4	239	134	60	## Tournée 9
177	39	189	152	27	179	123	3	## Tournée 10
158	217	206	147	208	50	61	17	235	23	200	48	82	## Tournée 11
11	183	210	198	219	148	169	246	218	124	213	224	## Tournée 12
83	55	87	214	229	72	196	191	49	110	211	125	6	216	1	## Tournée 13
202	150	250	143	168	241	121	139	63	37	100	25	221	56	156	86	101	178	130	## Tournée 14
204	187	5	248	181	76	205	247	172	57	215	46	199	96	120	51	126	## Tournée 15
142	166	165	138	232	227	65	237	28	186	89	67	47	35	133	119	26	222	170	## Tournée 16
116	77	173	73	223	104	154	242	54	21	226	185	92	184	12	14	203	22	188	64	71	38	44	## Tournée 17
135	231	43	111	163	91	79	45	136	29	225	117	40	137	240	15	153	193	114	207	228	62	8	## Tournée 18
171	182	81	128	249	192	146	109	99	98	66	243	190	194	88	234	230	102	95	113	33	112	## Tournée 19
36	157	20	201	41	167	13	175	18	7	160	174	107	180	106	19	16	132	80	2	90	74	233	105	## Tournée 20
118	212	151	9	75	162	195	140	197	34	97	32	244	## Tournée 21
59	78	122	70	155	58	129	209	236	## Tournée 22
