39609	## Somme des retards
130	## Temps CPU (millisecondes)
73	54	4	7	148	138	131	94	46	77	137	39	121	88	37	72	55	29	66	105	52	112	90	17	136	147	92	133	41	64	113	103	1	144	120	102	76	110	84	119	81	9	28	67	91	33	58	83	69	57	6	129	49	93	5	48	104	106	124	125	111	145	143	75	134	142	80	16	56	123	63	149	32	13	86	31	3	10	115	98	26	14	22	30	89	71	25	126	43	100	65	140	109	70	20	130	60	62	36	11	34	97	87	135	116	2	21	68	42	19	139	117	74	79	15	24	50	118	23	122	108	8	127	35	59	45	99	18	107	114	53	141	51	150	101	44	38	78	85	95	27	82	61	132	12	96	146	40	47	128	## Ordonnancement
17	## Nombre de tournées
1	2	2	4	3	6	7	6	9	12	14	15	17	17	16	13	6	## Nombre de sites par tournée
73	## Tournée 1
4	54	## Tournée 2
148	7	## Tournée 3
46	138	94	131	## Tournée 4
39	137	77	## Tournée 5
88	37	72	121	55	29	## Tournée 6
17	66	52	112	136	90	105	## Tournée 7
147	41	133	64	113	92	## Tournée 8
144	103	102	120	119	110	1	76	84	## Tournée 9
28	67	81	33	57	6	69	83	129	91	9	58	## Tournée 10
75	143	48	142	5	125	111	106	49	134	104	93	124	145	## Tournée 11
13	115	56	16	123	98	31	86	10	149	3	63	26	80	32	## Tournée 12
71	89	126	60	14	25	130	65	43	140	22	20	30	100	70	109	62	## Tournée 13
68	15	79	42	36	117	135	19	21	87	74	116	11	34	139	97	2	## Tournée 14
35	108	8	107	122	127	18	23	50	118	24	53	114	99	59	45	## Tournée 15
51	101	27	38	150	141	85	82	95	44	61	132	78	## Tournée 16
146	47	96	128	12	40	## Tournée 17
