237918	## Somme des retards
660	## Temps CPU (millisecondes)
113	278	142	95	236	281	97	110	186	83	198	283	293	163	170	118	30	78	13	49	224	59	53	217	299	254	119	15	84	66	24	2	3	151	256	252	192	43	215	112	133	147	93	240	277	45	89	159	211	152	288	226	165	106	117	137	72	194	266	143	99	287	298	19	296	184	237	221	190	114	61	270	156	41	238	155	33	248	203	282	259	276	17	91	36	37	70	102	208	178	261	214	223	275	230	286	264	40	284	94	177	48	73	28	144	23	57	219	108	279	191	5	262	250	80	62	265	9	104	207	92	60	295	227	212	172	232	64	258	269	267	150	146	134	131	244	38	145	233	124	167	127	169	138	216	149	220	11	20	249	245	130	111	188	105	123	21	46	168	25	74	136	126	255	12	54	86	77	82	195	39	292	196	22	182	58	289	193	242	76	206	222	63	290	291	153	187	154	8	201	161	32	103	115	231	285	7	199	51	34	71	75	280	50	26	52	181	44	27	243	160	65	4	14	81	173	140	179	274	218	122	251	79	42	175	247	135	10	139	246	180	162	116	29	235	272	174	164	241	67	210	271	47	129	234	228	132	100	209	148	109	6	141	171	69	225	229	297	260	120	96	98	185	205	1	121	68	90	87	200	202	268	55	107	101	128	35	157	56	158	239	125	166	183	85	213	189	300	257	204	31	197	18	88	294	263	16	273	176	253	## Ordonnancement
24	## Nombre de tournées
1	1	2	2	4	6	8	9	9	10	11	13	15	15	14	19	23	21	25	24	28	26	12	2	## Nombre de sites par tournée
113	## Tournée 1
278	## Tournée 2
142	95	## Tournée 3
281	236	## Tournée 4
186	110	83	97	## Tournée 5
163	283	293	198	118	170	## Tournée 6
49	217	30	78	224	13	53	59	## Tournée 7
84	254	119	3	2	24	15	66	299	## Tournée 8
112	256	133	147	215	151	252	43	192	## Tournée 9
226	89	211	45	93	152	277	288	240	159	## Tournée 10
194	266	99	117	72	165	298	287	143	106	137	## Tournée 11
237	114	238	270	221	19	41	184	190	156	296	155	61	## Tournée 12
248	33	208	37	102	282	178	261	17	203	259	276	36	70	91	## Tournée 13
28	48	40	214	144	275	286	223	23	264	230	94	73	177	284	## Tournée 14
279	191	80	57	62	5	219	108	104	265	250	262	9	207	## Tournée 15
212	145	232	258	150	269	146	131	267	295	172	64	38	60	233	227	92	244	134	## Tournée 16
188	124	138	20	111	74	168	149	105	169	130	216	245	249	25	220	136	127	123	167	11	21	46	## Tournée 17
22	86	255	77	292	193	82	63	196	182	126	76	222	39	206	12	58	195	54	242	289	## Tournée 18
153	199	7	8	231	181	290	115	201	52	291	51	50	154	103	280	187	285	75	44	161	26	34	71	32	## Tournée 19
65	122	218	160	81	243	247	14	135	27	10	251	162	274	179	4	139	175	246	42	173	140	180	79	## Tournée 20
225	209	67	164	129	120	260	297	141	69	132	228	272	234	174	100	235	109	116	271	241	47	229	29	171	6	148	210	## Tournée 21
87	268	121	185	128	98	56	157	202	68	1	213	205	85	90	158	35	55	166	239	96	125	183	107	101	200	## Tournée 22
204	294	88	197	18	257	31	16	263	300	273	189	## Tournée 23
253	176	## Tournée 24
