73201	## Somme des retards
160	## Temps CPU (millisecondes)
9	90	30	96	88	57	78	58	92	48	110	41	17	28	46	124	122	74	34	15	21	22	140	56	14	139	50	35	105	99	134	68	36	84	87	54	6	109	62	2	4	11	93	40	69	80	12	129	26	116	51	47	148	67	7	150	142	117	89	125	85	43	16	107	114	120	3	33	38	128	29	61	132	149	137	112	52	141	91	13	79	135	146	65	59	108	103	121	1	63	10	20	27	126	143	101	95	145	147	127	115	100	130	39	102	111	60	131	42	83	72	119	104	64	118	45	53	82	77	44	31	113	97	24	37	73	71	66	5	32	18	94	133	136	144	123	138	98	70	25	55	86	75	19	8	81	49	106	76	23	## Ordonnancement
16	## Nombre de tournées
3	2	4	4	6	9	10	10	12	11	16	16	19	13	10	5	## Nombre de sites par tournée
9	30	90	## Tournée 1
88	96	## Tournée 2
57	92	78	58	## Tournée 3
48	17	110	41	## Tournée 4
74	122	28	34	46	124	## Tournée 5
139	50	56	14	15	140	21	22	35	## Tournée 6
109	54	68	87	84	99	6	105	134	36	## Tournée 7
93	69	129	11	80	2	4	40	12	62	## Tournée 8
150	26	51	148	47	89	125	116	7	117	67	142	## Tournée 9
107	16	38	128	3	85	114	43	29	33	120	## Tournée 10
61	132	149	146	108	135	79	52	59	13	91	65	112	141	137	103	## Tournée 11
10	1	95	20	126	127	27	63	101	121	100	115	130	147	143	145	## Tournée 12
42	102	44	82	113	77	39	118	131	72	104	64	45	60	111	53	119	31	83	## Tournée 13
144	32	24	5	136	66	71	73	18	97	133	94	37	## Tournée 14
25	138	19	98	75	70	55	86	123	8	## Tournée 15
106	76	81	49	23	## Tournée 16
