77368	## Somme des retards
390	## Temps CPU (millisecondes)
37	29	129	205	160	213	53	79	71	88	50	207	102	124	204	212	228	226	196	47	140	134	171	43	30	172	151	11	101	173	76	128	146	132	206	166	68	223	158	200	94	38	81	98	169	49	126	162	13	227	152	229	238	119	231	161	176	149	153	210	42	216	35	104	107	72	125	27	175	164	147	135	235	143	7	19	103	159	34	16	89	199	73	51	209	48	215	122	14	54	6	74	133	2	40	55	33	75	246	121	97	243	25	41	117	190	179	155	36	232	198	64	211	156	225	203	163	193	118	183	65	4	197	77	142	248	57	178	67	21	145	154	83	62	230	84	95	31	137	112	61	78	93	116	18	181	234	23	189	12	237	1	217	150	111	245	99	120	131	39	224	208	66	250	191	115	139	170	63	236	96	100	240	249	239	70	168	138	17	86	108	56	60	201	241	165	46	186	233	59	130	91	22	44	192	113	109	247	80	219	214	180	127	85	92	26	148	20	58	174	187	182	28	202	221	194	5	24	52	218	69	188	15	32	110	144	141	244	8	242	136	106	10	123	195	87	114	220	3	45	9	82	167	105	90	185	157	222	177	184	## Ordonnancement
19	## Nombre de tournées
3	3	4	7	6	10	10	12	15	16	14	17	17	22	20	29	25	14	6	## Nombre de sites par tournée
129	29	37	## Tournée 1
160	213	205	## Tournée 2
79	88	71	53	## Tournée 3
102	207	124	212	228	204	50	## Tournée 4
226	140	134	171	196	47	## Tournée 5
43	146	151	76	128	11	172	173	30	101	## Tournée 6
68	158	206	166	94	200	81	132	223	38	## Tournée 7
119	162	227	238	98	126	231	169	13	49	152	229	## Tournée 8
107	149	72	176	42	125	164	216	153	27	35	161	104	210	175	## Tournée 9
209	147	143	16	48	89	135	103	51	199	34	7	19	159	73	235	## Tournée 10
215	2	55	133	6	14	246	33	74	121	54	40	75	122	## Tournée 11
155	41	190	179	232	211	225	198	156	203	36	243	117	64	97	163	25	## Tournée 12
21	57	154	193	145	4	83	183	77	178	142	118	67	65	248	197	62	## Tournée 13
93	112	116	1	31	234	237	23	230	217	84	181	245	95	150	189	137	12	111	61	78	18	## Tournée 14
115	139	70	191	236	131	208	96	100	99	249	120	66	224	240	63	39	170	250	239	## Tournée 15
201	60	241	192	80	46	130	44	180	108	168	56	247	138	86	113	219	233	85	127	17	59	22	165	92	109	91	214	186	## Tournée 16
58	69	15	8	141	188	187	144	24	110	202	26	52	244	221	194	174	20	218	182	28	242	148	5	32	## Tournée 17
123	9	10	82	220	114	3	167	106	136	195	45	87	105	## Tournée 18
157	184	90	222	185	177	## Tournée 19
