272236	## Somme des retards
4294966282	## Temps CPU (millisecondes)
28	202	27	160	62	16	112	101	241	162	36	4	293	22	172	110	273	286	70	61	269	182	166	267	137	8	277	221	206	213	95	161	10	259	233	258	124	252	150	96	234	13	125	151	218	219	271	139	254	43	242	1	40	289	154	180	185	20	126	226	64	210	38	155	197	106	46	222	245	146	31	268	236	196	153	60	251	113	257	191	75	99	297	39	122	94	186	24	187	174	41	138	171	283	190	295	55	178	144	156	86	92	276	90	287	195	228	76	249	250	208	71	263	216	23	152	93	7	255	5	51	18	189	291	57	118	9	192	128	181	109	285	294	282	121	274	111	35	177	188	239	80	232	133	32	290	21	299	164	169	72	82	217	79	50	68	53	199	240	280	229	281	17	74	284	246	266	205	248	272	19	198	52	65	67	107	261	14	58	37	209	141	11	25	264	238	247	81	143	88	89	115	103	134	117	220	48	136	97	135	85	33	149	34	176	184	170	87	157	147	66	204	6	114	179	203	12	30	29	212	142	230	173	175	119	104	214	47	83	54	296	2	298	98	148	225	211	127	59	42	235	130	227	102	73	158	262	163	193	275	215	26	256	49	260	201	145	3	45	279	44	84	131	244	167	237	224	15	56	278	265	123	78	159	168	140	194	100	253	69	91	183	270	288	77	231	63	129	120	223	200	116	165	292	243	105	207	300	108	132	## Ordonnancement
26	## Nombre de tournées
2	4	2	4	1	5	7	9	9	13	11	12	15	18	16	19	20	22	25	21	19	18	14	9	4	1	## Nombre de sites par tournée
202	28	## Tournée 1
27	16	160	62	## Tournée 2
101	112	## Tournée 3
162	4	36	241	## Tournée 4
293	## Tournée 5
273	110	172	22	286	## Tournée 6
70	269	137	182	166	267	61	## Tournée 7
259	161	221	95	277	213	10	206	8	## Tournée 8
252	150	13	234	125	124	258	233	96	## Tournée 9
1	219	254	151	40	218	271	154	289	242	139	180	43	## Tournée 10
185	20	46	64	38	226	106	126	155	197	210	## Tournée 11
245	222	196	113	60	31	251	268	236	153	257	146	## Tournée 12
99	39	186	41	24	75	94	174	297	122	283	191	187	171	138	## Tournée 13
76	195	276	208	190	144	228	55	90	287	295	86	250	71	156	178	249	92	## Tournée 14
192	152	93	9	118	5	23	291	216	51	189	7	255	57	263	18	## Tournée 15
121	188	133	181	80	111	177	294	282	35	239	274	290	232	109	285	32	21	128	## Tournée 16
17	246	164	50	299	284	72	74	169	199	53	281	79	240	82	229	217	280	266	68	## Tournée 17
198	52	107	209	264	143	19	247	65	58	14	205	272	67	25	261	81	37	141	11	248	238	## Tournée 18
204	184	220	85	176	149	87	117	48	97	89	33	147	170	66	114	34	134	135	136	6	115	103	157	88	## Tournée 19
296	98	179	142	173	30	29	214	230	104	148	54	47	298	83	2	119	12	203	175	212	## Tournée 20
211	73	215	42	49	127	262	158	130	163	59	102	227	235	225	275	193	256	26	## Tournée 21
278	45	84	44	237	201	244	145	167	123	15	56	224	131	260	279	3	265	## Tournée 22
288	159	77	270	168	183	140	69	194	91	253	100	231	78	## Tournée 23
116	200	120	165	223	292	243	63	129	## Tournée 24
108	207	105	300	## Tournée 25
132	## Tournée 26
