269217	## Somme des retards
460	## Temps CPU (millisecondes)
197	30	147	66	184	39	58	97	17	98	64	137	126	152	20	7	9	242	249	165	172	110	239	76	175	151	81	178	204	188	87	211	138	79	220	227	62	16	35	185	134	171	31	53	34	128	180	141	230	73	195	193	13	32	234	207	170	111	93	119	208	225	201	102	10	95	6	24	206	14	45	99	245	112	104	84	162	25	136	59	205	54	156	44	29	209	72	158	221	69	200	88	67	219	189	163	224	144	78	229	210	166	114	181	15	55	169	146	107	22	117	92	47	121	202	215	145	217	52	61	214	237	5	4	216	125	11	23	223	176	177	49	91	132	236	173	86	159	143	57	123	248	50	3	233	187	238	142	40	43	124	46	135	222	164	33	153	183	167	70	127	168	160	94	106	213	140	250	130	192	18	131	38	105	133	116	231	90	65	82	8	191	194	247	51	182	199	190	241	60	56	157	101	89	203	243	179	21	2	115	150	139	196	149	12	85	19	41	63	232	212	100	129	109	26	161	68	1	74	118	226	218	71	42	235	96	120	148	240	174	154	103	198	28	77	75	27	228	80	108	155	37	48	244	122	246	83	36	186	113	## Ordonnancement
22	## Nombre de tournées
2	2	3	3	4	5	6	11	10	13	9	12	17	14	18	18	18	24	24	22	11	4	## Nombre de sites par tournée
197	30	## Tournée 1
66	147	## Tournée 2
184	39	58	## Tournée 3
17	98	97	## Tournée 4
137	126	152	64	## Tournée 5
249	20	9	7	242	## Tournée 6
175	239	76	172	110	165	## Tournée 7
79	227	138	151	188	211	220	81	178	87	204	## Tournée 8
62	31	128	34	185	35	53	16	134	171	## Tournée 9
195	141	230	193	180	32	207	111	234	170	13	73	93	## Tournée 10
102	208	24	201	225	6	10	119	95	## Tournée 11
25	104	136	112	206	14	99	84	245	45	59	162	## Tournée 12
200	156	44	205	224	88	219	209	158	189	67	163	54	29	221	69	72	## Tournée 13
114	229	55	78	181	210	117	15	146	22	107	169	166	144	## Tournée 14
11	237	223	214	61	217	47	52	23	215	92	216	4	125	202	5	121	145	## Tournée 15
49	159	123	233	238	132	50	173	176	236	187	86	3	143	177	91	248	57	## Tournée 16
46	222	124	168	160	94	135	183	70	106	40	127	153	167	43	164	142	33	## Tournée 17
192	90	194	18	190	199	131	250	65	191	105	51	140	130	38	247	213	133	8	82	182	116	241	231	## Tournée 18
2	21	100	115	85	157	150	56	212	129	232	89	139	60	179	243	203	19	41	12	63	196	149	101	## Tournée 19
26	218	74	42	109	174	28	96	154	235	120	118	1	77	68	148	71	103	240	161	198	226	## Tournée 20
80	155	75	122	27	246	228	108	48	37	244	## Tournée 21
113	186	36	83	## Tournée 22
