133329	## Somme des retards
230	## Temps CPU (millisecondes)
28	15	64	125	183	161	25	165	10	196	129	45	56	70	185	36	126	19	84	176	163	76	77	170	117	48	21	147	111	143	199	103	50	172	137	53	23	102	110	157	152	107	168	112	12	144	180	156	78	40	75	47	113	127	11	105	89	81	62	37	35	41	2	118	39	181	120	177	61	188	44	60	9	200	155	67	73	96	13	151	108	87	26	91	178	99	189	169	83	34	149	148	158	187	101	82	92	68	65	130	14	69	30	141	49	38	20	6	142	94	135	162	193	93	54	171	159	119	138	66	16	90	115	8	22	184	32	146	109	86	55	104	52	182	63	1	4	121	116	139	160	17	131	192	124	154	140	164	175	133	29	46	150	128	79	42	194	27	51	136	153	195	59	98	100	186	198	31	179	197	166	167	7	43	134	95	114	58	80	85	132	174	3	97	57	33	145	106	190	5	88	123	71	191	18	72	122	24	74	173	## Ordonnancement
20	## Nombre de tournées
2	2	2	3	4	5	6	6	9	8	10	12	14	13	19	20	21	23	15	6	## Nombre de sites par tournée
15	28	## Tournée 1
125	64	## Tournée 2
161	183	## Tournée 3
10	25	165	## Tournée 4
45	196	129	56	## Tournée 5
36	70	19	185	126	## Tournée 6
176	163	170	77	84	76	## Tournée 7
117	111	147	143	21	48	## Tournée 8
199	23	103	102	137	50	110	53	172	## Tournée 9
152	107	12	168	180	144	112	157	## Tournée 10
47	78	75	105	156	11	40	127	89	113	## Tournée 11
37	39	118	62	61	177	120	181	35	2	41	81	## Tournée 12
151	73	67	13	44	200	108	60	26	9	155	96	188	87	## Tournée 13
148	158	189	178	99	187	82	169	34	149	83	101	91	## Tournée 14
92	142	135	94	54	93	20	141	130	68	30	14	49	65	162	69	193	38	6	## Tournée 15
8	119	86	16	115	55	182	52	66	184	63	90	146	22	109	159	32	138	104	171	## Tournée 16
42	79	140	128	4	1	164	139	17	46	121	116	29	150	133	175	154	124	131	160	192	## Tournée 17
51	98	167	179	27	186	7	114	136	95	153	195	197	58	59	43	134	194	166	100	80	198	31	## Tournée 18
88	132	3	5	106	145	174	57	97	190	71	85	33	191	123	## Tournée 19
122	18	24	72	74	173	## Tournée 20
