107320	## Somme des retards
450	## Temps CPU (millisecondes)
80	181	65	177	5	107	25	15	100	106	34	61	180	55	162	189	42	94	6	93	40	115	45	160	154	47	91	76	98	190	191	182	112	172	120	41	169	157	75	99	43	97	125	102	151	52	30	194	28	56	59	105	114	82	147	143	149	10	86	128	1	159	155	89	122	117	70	164	31	193	29	96	88	104	37	22	168	158	145	83	171	144	183	195	176	170	72	173	116	108	127	73	185	13	150	184	27	179	124	119	129	38	46	109	187	67	39	63	118	62	196	51	137	48	123	18	131	26	121	175	163	141	9	146	36	12	130	66	79	50	198	134	138	139	74	136	64	68	84	58	152	186	132	166	7	199	92	81	103	197	20	126	148	14	53	24	3	95	200	69	161	8	4	178	153	33	57	90	188	23	111	32	2	142	77	60	165	21	11	156	49	35	16	44	135	87	85	174	192	110	17	167	71	113	78	19	101	140	54	133	## Ordonnancement
21	## Nombre de tournées
2	1	2	3	4	5	5	8	8	9	10	12	16	14	15	19	24	19	14	9	1	## Nombre de sites par tournée
80	181	## Tournée 1
65	## Tournée 2
177	5	## Tournée 3
25	107	15	## Tournée 4
61	100	106	34	## Tournée 5
189	55	180	162	42	## Tournée 6
6	40	94	93	115	## Tournée 7
160	47	98	91	154	190	76	45	## Tournée 8
112	120	172	41	191	182	169	157	## Tournée 9
102	75	30	52	97	43	125	99	151	## Tournée 10
59	149	143	28	82	147	114	194	105	56	## Tournée 11
122	128	70	155	159	31	86	117	1	10	164	89	## Tournée 12
195	83	176	37	171	104	29	96	22	88	158	144	145	168	183	193	## Tournée 13
13	108	73	150	185	179	116	72	27	127	184	170	124	173	## Tournée 14
46	109	38	119	48	187	63	67	196	118	137	62	39	51	129	## Tournée 15
123	12	198	18	138	50	9	79	121	146	66	141	131	175	130	163	134	36	26	## Tournée 16
199	20	148	132	92	136	58	7	74	68	64	53	126	139	186	3	166	84	197	103	152	81	24	14	## Tournée 17
178	153	33	200	4	161	95	142	188	57	90	60	69	32	111	2	23	8	77	## Tournée 18
174	21	192	11	49	16	165	44	87	35	156	110	135	85	## Tournée 19
54	71	113	19	78	167	140	101	17	## Tournée 20
133	## Tournée 21
