142705	## Somme des retards
880	## Temps CPU (millisecondes)
123	224	214	63	5	16	22	244	41	115	172	94	6	133	21	232	204	81	35	25	92	91	14	156	155	76	78	184	3	96	189	227	151	113	58	154	186	86	80	167	149	179	13	243	163	38	231	203	222	67	108	181	160	124	79	9	119	20	17	242	128	171	54	2	1	237	162	77	53	140	46	106	104	23	61	66	134	207	209	118	198	110	90	87	4	145	70	117	102	39	72	220	217	185	188	74	42	165	55	249	197	137	101	191	127	195	82	215	158	210	236	105	213	19	83	146	235	89	239	206	10	200	194	103	229	233	196	121	32	182	138	166	161	168	141	48	27	241	97	183	107	122	169	64	88	136	176	247	159	75	192	125	57	45	180	212	246	216	40	143	68	248	85	29	201	147	114	24	116	170	71	18	142	129	223	36	208	230	59	130	7	131	47	65	31	132	111	15	164	226	250	221	205	8	234	95	178	11	33	49	26	43	218	69	98	228	190	152	240	44	126	30	60	153	99	144	211	219	112	100	157	93	174	56	193	52	177	62	148	37	12	225	187	135	139	51	50	150	175	28	202	238	120	84	173	73	199	245	34	109	## Ordonnancement
23	## Nombre de tournées
2	1	2	2	3	6	4	8	7	11	11	13	14	16	16	18	23	24	24	20	16	8	1	## Nombre de sites par tournée
224	123	## Tournée 1
214	## Tournée 2
5	63	## Tournée 3
16	22	## Tournée 4
115	244	41	## Tournée 5
6	133	232	21	172	94	## Tournée 6
25	204	35	81	## Tournée 7
184	76	92	14	91	155	156	78	## Tournée 8
96	113	58	227	151	189	3	## Tournée 9
163	86	167	80	13	154	38	186	179	243	149	## Tournée 10
108	9	203	124	181	79	160	119	67	222	231	## Tournée 11
53	77	20	162	171	17	242	2	1	237	140	128	54	## Tournée 12
46	23	207	104	118	198	66	90	110	106	87	61	134	209	## Tournée 13
70	220	185	42	102	188	217	4	249	39	72	55	165	74	145	117	## Tournée 14
210	19	213	82	195	236	105	146	158	191	137	83	127	101	197	215	## Tournée 15
121	168	89	103	239	206	235	182	138	161	194	32	233	229	196	200	166	10	## Tournée 16
48	246	75	136	212	122	45	183	64	141	159	169	176	180	97	125	241	57	27	247	192	107	88	## Tournée 17
130	36	201	68	143	248	29	116	147	216	223	170	230	129	24	7	18	85	208	40	59	114	142	71	## Tournée 18
131	69	33	47	49	31	221	8	11	43	95	15	26	132	218	98	226	164	111	178	234	250	65	205	## Tournée 19
100	228	44	112	99	157	193	144	30	211	152	93	153	174	60	56	240	126	190	219	## Tournée 20
28	225	187	62	177	37	148	12	52	135	51	139	150	175	202	50	## Tournée 21
199	245	238	34	84	120	73	173	## Tournée 22
109	## Tournée 23
