21636	## Somme des retards
90	## Temps CPU (millisecondes)
27	44	1	57	32	2	30	51	9	99	50	43	73	58	60	15	64	72	52	12	92	18	94	54	79	93	77	41	56	21	69	3	33	23	13	29	47	66	84	14	24	89	53	22	68	17	38	96	86	61	100	82	5	35	65	62	70	11	16	6	74	90	95	80	75	40	34	98	19	48	39	8	97	76	81	28	83	10	49	59	42	36	87	85	55	7	4	37	20	25	63	78	46	71	31	88	91	45	26	67	## Ordonnancement
14	## Nombre de tournées
4	2	4	4	7	9	7	12	10	13	9	10	6	3	## Nombre de sites par tournée
27	57	1	44	## Tournée 1
2	32	## Tournée 2
51	9	30	99	## Tournée 3
43	58	73	50	## Tournée 4
64	15	12	60	72	52	92	## Tournée 5
21	41	18	56	93	79	54	77	94	## Tournée 6
3	47	23	33	29	69	13	## Tournée 7
24	86	14	89	66	96	53	68	38	22	17	84	## Tournée 8
16	70	11	61	100	65	62	35	5	82	## Tournée 9
34	39	74	48	98	90	19	40	95	6	8	80	75	## Tournée 10
76	83	81	97	28	49	10	59	42	## Tournée 11
85	25	7	4	20	37	87	55	63	36	## Tournée 12
71	46	88	31	78	91	## Tournée 13
67	45	26	## Tournée 14
