91800	## Somme des retards
70	## Temps CPU (millisecondes)
3	36	135	28	119	150	145	181	42	22	124	148	172	32	157	160	117	186	131	1	98	5	76	175	167	24	79	61	65	103	68	33	138	58	178	67	136	39	37	106	129	8	197	45	154	21	13	78	152	20	16	128	142	57	19	192	86	158	80	84	43	107	94	99	199	49	121	114	196	179	182	187	166	109	162	125	46	155	64	50	104	189	176	38	52	174	139	190	101	69	163	74	97	96	141	132	111	75	118	15	137	62	70	185	14	18	108	92	11	191	60	95	23	116	54	164	48	2	122	153	173	177	115	169	44	55	31	91	188	170	77	105	171	194	17	156	110	27	26	87	133	165	193	30	146	102	53	140	123	73	10	168	51	180	35	127	63	40	200	130	29	6	151	59	93	198	82	72	66	100	88	126	134	41	12	7	144	71	4	9	159	195	147	89	47	34	183	161	112	113	149	83	120	56	85	143	90	184	81	25	## Ordonnancement
19	## Nombre de tournées
1	2	2	2	3	5	7	9	10	10	14	15	16	17	20	19	21	25	2	## Nombre de sites par tournée
3	## Tournée 1
36	135	## Tournée 2
119	28	## Tournée 3
145	150	## Tournée 4
22	42	181	## Tournée 5
157	32	172	148	124	## Tournée 6
131	160	117	186	5	98	1	## Tournée 7
68	79	24	167	76	65	175	103	61	## Tournée 8
136	33	67	58	106	178	129	37	39	138	## Tournée 9
16	154	45	197	152	21	20	8	13	78	## Tournée 10
128	107	158	80	94	86	99	142	19	43	84	57	199	192	## Tournée 11
46	109	121	187	162	114	50	196	155	182	125	49	166	64	179	## Tournée 12
141	189	139	190	104	97	101	174	38	132	176	163	74	96	52	69	## Tournée 13
18	70	15	185	60	23	75	191	118	11	137	95	108	62	111	92	14	## Tournée 14
2	116	169	44	105	31	77	164	54	171	115	122	153	173	55	188	48	91	177	170	## Tournée 15
123	53	146	156	140	30	193	27	165	133	73	87	110	102	168	194	17	10	26	## Tournée 16
200	93	35	59	130	40	180	63	100	88	29	127	134	126	151	72	6	51	66	198	82	## Tournée 17
143	147	159	71	184	161	112	56	89	183	41	195	34	90	144	12	149	113	47	83	85	4	7	9	120	## Tournée 18
25	81	## Tournée 19
