91684	## Somme des retards
400	## Temps CPU (millisecondes)
130	84	106	33	12	286	157	216	73	56	253	291	38	194	173	211	229	77	276	195	257	193	68	30	293	214	135	252	245	118	122	133	168	149	167	155	125	47	44	105	64	290	272	244	277	45	138	154	96	123	228	192	233	283	270	241	72	6	144	1	212	248	54	213	48	147	103	280	278	236	19	28	67	62	25	197	113	87	289	161	104	237	292	284	46	17	9	139	262	169	267	258	79	112	89	91	218	57	172	101	180	32	186	137	78	117	20	14	230	76	222	202	93	21	152	246	58	8	39	223	166	285	238	86	65	150	61	300	191	296	263	10	24	198	174	18	269	119	261	94	97	92	181	74	3	232	171	227	274	240	69	210	242	136	221	98	7	71	121	50	203	259	159	5	239	34	120	127	55	132	235	250	295	207	201	85	225	100	49	249	148	116	175	243	279	209	35	140	288	51	297	264	42	114	234	224	129	115	164	23	271	294	53	231	95	82	88	282	196	90	40	266	165	176	70	281	273	111	4	63	199	215	265	102	26	142	109	187	190	146	60	134	143	11	183	188	200	31	107	75	108	298	126	37	99	184	145	287	52	205	268	220	204	27	80	124	153	66	217	15	81	254	29	255	158	41	13	178	251	163	16	59	299	177	206	185	179	162	208	43	256	131	189	22	36	247	151	110	275	160	226	83	128	2	260	156	219	141	170	182	## Ordonnancement
24	## Nombre de tournées
1	2	1	2	2	4	3	5	7	10	8	13	15	15	20	18	20	26	24	28	26	26	21	3	## Nombre de sites par tournée
130	## Tournée 1
106	84	## Tournée 2
33	## Tournée 3
286	12	## Tournée 4
157	216	## Tournée 5
291	73	253	56	## Tournée 6
194	38	173	## Tournée 7
211	77	229	195	276	## Tournée 8
68	135	193	214	293	30	257	## Tournée 9
252	155	149	245	125	133	122	168	167	118	## Tournée 10
244	44	277	272	64	290	47	105	## Tournée 11
154	138	72	6	45	123	233	96	270	283	241	192	228	## Tournée 12
147	278	280	48	19	67	54	236	213	103	212	1	144	28	248	## Tournée 13
17	289	284	46	139	113	9	62	25	292	237	87	197	104	161	## Tournée 14
32	57	172	89	117	14	79	262	258	218	101	186	91	112	137	78	267	169	20	180	## Tournée 15
230	222	246	93	8	166	238	285	21	58	76	152	150	65	223	86	202	39	## Tournée 16
18	263	119	94	24	198	3	232	181	269	97	296	74	10	191	92	61	261	300	174	## Tournée 17
69	240	34	50	221	98	136	5	159	250	259	7	227	120	55	171	239	121	71	274	132	203	242	210	235	127	## Tournée 18
42	297	224	35	225	100	51	207	249	175	116	49	264	234	279	209	114	140	288	148	85	243	295	201	## Tournée 19
4	164	165	129	82	111	63	176	70	273	102	23	90	115	281	53	215	231	199	265	271	266	88	196	40	95	282	294	## Tournée 20
287	187	205	183	188	60	109	108	107	142	146	52	11	26	200	145	126	143	37	184	99	298	31	190	75	134	## Tournée 21
217	204	81	163	41	254	206	13	158	59	177	255	16	80	66	124	178	185	251	153	220	27	299	15	268	29	## Tournée 22
156	260	151	219	162	131	83	2	36	160	275	43	208	256	179	226	247	189	22	110	128	## Tournée 23
182	170	141	## Tournée 24
