37647	## Somme des retards
120	## Temps CPU (millisecondes)
82	87	51	98	68	14	45	4	66	8	59	86	60	94	79	64	97	3	42	20	24	83	74	67	84	53	12	57	48	28	91	70	61	47	33	35	5	2	69	36	10	85	63	88	16	50	80	43	26	49	52	6	37	44	15	25	89	78	41	92	30	54	19	56	21	62	18	29	90	72	95	34	11	39	17	71	32	31	75	46	81	22	7	13	9	40	23	65	96	1	99	76	58	100	27	93	55	77	38	73	## Ordonnancement
18	## Nombre de tournées
2	1	3	1	4	2	2	3	8	7	10	8	10	12	11	10	4	2	## Nombre de sites par tournée
82	87	## Tournée 1
51	## Tournée 2
14	68	98	## Tournée 3
45	## Tournée 4
4	59	66	8	## Tournée 5
60	86	## Tournée 6
79	94	## Tournée 7
64	3	97	## Tournée 8
67	53	20	84	24	83	42	74	## Tournée 9
70	48	57	61	91	12	28	## Tournée 10
5	63	47	2	35	10	33	69	36	85	## Tournée 11
88	49	80	43	50	16	52	26	## Tournée 12
37	15	44	78	30	89	25	92	6	41	## Tournée 13
62	95	19	29	18	34	54	90	56	11	72	21	## Tournée 14
75	46	32	71	13	22	81	17	7	31	39	## Tournée 15
58	96	40	76	65	100	99	1	23	9	## Tournée 16
55	77	27	93	## Tournée 17
38	73	## Tournée 18
