35216	## Somme des retards
20	## Temps CPU (millisecondes)
59	100	20	3	48	97	8	66	4	52	64	95	21	32	49	86	16	75	40	45	82	88	43	12	29	51	92	74	61	87	85	11	23	24	18	33	80	15	47	37	25	1	41	78	62	13	36	5	81	38	96	93	6	26	76	54	67	58	55	83	77	65	42	94	34	63	46	35	22	60	27	14	57	84	39	17	79	30	31	89	28	90	99	68	50	91	72	56	98	9	71	19	73	7	44	53	2	10	69	70	## Ordonnancement
14	## Nombre de tournées
1	2	1	2	3	6	8	9	8	11	12	16	14	7	## Nombre de sites par tournée
59	## Tournée 1
20	100	## Tournée 2
3	## Tournée 3
97	48	## Tournée 4
4	8	66	## Tournée 5
49	52	21	32	95	64	## Tournée 6
45	86	88	40	82	75	43	16	## Tournée 7
61	87	29	92	11	74	12	51	85	## Tournée 8
18	23	33	24	80	47	37	15	## Tournée 9
13	96	25	5	36	62	38	41	81	1	78	## Tournée 10
54	26	83	93	67	76	6	77	65	58	42	55	## Tournée 11
46	31	39	30	84	14	94	17	34	60	79	22	27	35	63	57	## Tournée 12
28	98	99	90	50	71	89	56	9	19	73	91	72	68	## Tournée 13
10	69	53	2	7	70	44	## Tournée 14
