260556	## Somme des retards
1880	## Temps CPU (millisecondes)
20	54	168	95	234	230	241	222	223	161	163	103	9	43	130	112	201	173	27	30	235	99	220	198	247	117	150	250	180	246	195	63	48	59	100	1	134	56	32	78	147	152	144	141	120	153	53	10	24	139	40	83	70	190	231	69	233	52	26	33	135	18	236	186	211	158	200	28	226	38	229	72	178	25	206	11	169	49	228	165	41	123	6	156	184	127	67	210	3	2	177	82	50	74	125	242	155	170	243	188	55	7	96	185	45	121	85	75	60	118	115	216	19	215	36	79	98	124	143	71	181	151	29	128	175	81	131	171	237	138	136	16	122	207	57	248	97	218	84	39	245	114	37	89	199	213	148	108	44	88	91	15	65	162	17	116	13	196	167	101	90	209	106	92	107	239	208	203	110	22	197	93	192	154	133	142	224	76	164	172	227	126	157	109	12	34	194	8	4	132	77	146	51	87	160	21	182	219	80	73	193	159	140	225	102	214	23	119	31	176	145	64	240	202	66	61	217	149	174	191	249	244	232	86	187	105	189	35	204	58	205	166	111	5	62	94	238	179	113	137	68	183	42	104	129	47	46	221	212	14	## Ordonnancement
24	## Nombre de tournées
3	2	1	4	3	4	6	6	6	9	8	12	13	14	16	15	16	20	22	19	21	13	11	6	## Nombre de sites par tournée
54	168	20	## Tournée 1
95	234	## Tournée 2
230	## Tournée 3
241	222	223	161	## Tournée 4
163	103	9	## Tournée 5
112	201	43	130	## Tournée 6
27	173	30	99	220	235	## Tournée 7
150	198	250	247	180	117	## Tournée 8
195	48	246	59	100	63	## Tournée 9
78	141	56	32	152	1	144	147	134	## Tournée 10
53	139	120	40	153	24	83	10	## Tournée 11
233	52	186	70	135	33	18	231	69	236	26	190	## Tournée 12
178	169	200	28	38	72	25	226	211	206	11	229	158	## Tournée 13
165	41	156	123	67	49	210	3	6	127	2	184	228	177	## Tournée 14
242	82	243	74	85	188	185	125	155	7	96	45	121	170	55	50	## Tournée 15
19	98	115	151	75	60	36	79	215	118	143	71	216	181	124	## Tournée 16
138	122	16	171	29	136	81	128	97	131	207	175	237	218	57	248	## Tournée 17
39	162	213	13	37	89	148	114	17	108	116	199	44	196	88	91	15	65	84	245	## Tournée 18
133	92	101	76	107	192	106	239	93	164	203	22	90	172	167	209	208	142	224	110	197	154	## Tournée 19
87	219	194	132	51	77	12	160	4	146	227	109	182	8	126	34	157	21	80	## Tournée 20
64	145	102	214	240	23	174	61	73	202	159	31	119	225	191	149	217	176	140	193	66	## Tournée 21
189	35	166	244	187	58	204	86	111	105	205	249	232	## Tournée 22
179	183	104	94	137	68	113	5	62	42	238	## Tournée 23
47	14	129	212	221	46	## Tournée 24
