205923	## Somme des retards
240	## Temps CPU (millisecondes)
104	193	128	77	190	26	78	23	171	194	25	146	110	59	191	45	66	97	125	11	184	116	119	20	92	63	76	122	14	178	40	177	180	145	172	79	179	10	51	112	141	157	70	120	175	41	138	7	183	47	90	198	18	136	91	131	135	134	139	189	151	168	162	123	65	163	149	30	169	133	129	197	144	196	186	58	94	158	24	17	161	3	155	42	182	96	82	108	140	127	50	52	81	33	73	160	95	100	126	57	38	154	159	174	9	19	107	44	156	53	29	164	114	98	15	31	109	2	43	22	21	60	195	102	150	124	68	188	46	101	88	27	35	148	130	56	200	113	28	181	142	87	121	143	72	34	147	61	32	75	36	54	49	173	8	69	105	117	37	176	192	6	132	48	166	137	4	185	170	153	16	74	99	115	55	89	13	83	152	67	187	86	71	85	84	106	93	5	165	64	12	111	118	39	167	199	80	62	103	1	## Ordonnancement
22	## Nombre de tournées
2	2	1	2	3	1	4	4	8	8	8	9	12	13	14	15	16	18	18	19	14	9	## Nombre de sites par tournée
193	104	## Tournée 1
77	128	## Tournée 2
190	## Tournée 3
78	26	## Tournée 4
23	171	194	## Tournée 5
25	## Tournée 6
191	146	110	59	## Tournée 7
97	125	45	66	## Tournée 8
11	119	20	116	92	184	63	76	## Tournée 9
145	178	14	172	177	180	122	40	## Tournée 10
70	179	51	79	157	10	141	112	## Tournée 11
7	47	138	183	90	120	175	41	198	## Tournée 12
131	91	162	134	136	123	18	135	168	151	139	189	## Tournée 13
149	169	58	163	129	186	144	94	197	133	65	196	30	## Tournée 14
42	17	158	82	108	96	3	50	140	24	161	155	182	127	## Tournée 15
126	81	154	160	100	73	52	159	19	57	9	38	95	174	33	## Tournée 16
21	44	22	107	98	60	15	164	156	43	2	109	114	29	31	53	## Tournée 17
101	88	200	68	28	124	148	35	113	102	195	130	188	27	56	46	150	181	## Tournée 18
36	54	121	49	75	61	32	105	117	142	8	34	72	143	173	69	147	87	## Tournée 19
55	13	99	37	137	192	48	153	176	74	89	170	115	185	16	132	166	4	6	## Tournée 20
165	93	71	86	12	5	64	187	84	83	106	85	67	152	## Tournée 21
103	80	62	111	39	199	1	167	118	## Tournée 22
