140552	## Somme des retards
150	## Temps CPU (millisecondes)
101	54	81	198	147	143	57	127	86	166	118	33	93	150	102	25	76	29	128	6	24	37	134	164	90	52	69	13	74	1	135	165	182	39	132	65	94	148	73	161	88	172	187	3	49	89	19	123	157	67	108	55	68	31	21	195	179	92	115	64	18	96	105	9	142	180	77	112	154	75	14	83	107	111	43	114	155	47	27	126	110	42	98	59	32	141	23	8	160	40	41	120	11	173	84	80	133	17	163	196	130	4	72	16	38	199	36	194	177	103	145	192	20	53	152	156	158	191	139	181	100	140	78	61	193	170	149	151	129	50	113	48	138	184	169	2	44	99	12	82	185	175	200	63	119	91	190	122	109	46	66	183	144	146	131	79	137	188	97	95	197	35	136	106	60	159	153	171	167	176	28	178	87	186	58	125	71	189	30	104	116	10	121	62	162	168	5	174	7	117	22	85	15	45	34	70	26	56	124	51	## Ordonnancement
21	## Nombre de tournées
2	3	1	2	3	4	6	6	10	11	9	12	12	14	20	16	21	19	21	7	1	## Nombre de sites par tournée
101	54	## Tournée 1
147	81	198	## Tournée 2
143	## Tournée 3
127	57	## Tournée 4
166	86	118	## Tournée 5
102	33	93	150	## Tournée 6
76	29	6	24	25	128	## Tournée 7
134	90	52	37	69	164	## Tournée 8
135	94	65	1	182	165	13	132	39	74	## Tournée 9
3	172	123	148	73	89	161	187	88	19	49	## Tournée 10
108	195	179	21	55	31	157	67	68	## Tournée 11
96	180	115	18	112	9	105	77	142	154	64	92	## Tournée 12
47	110	107	14	83	126	155	43	75	27	111	114	## Tournée 13
84	40	11	42	141	160	120	173	32	8	98	59	41	23	## Tournée 14
194	38	17	53	192	130	16	36	177	80	20	152	4	72	196	145	163	199	103	133	## Tournée 15
78	151	158	191	50	140	113	149	129	193	100	181	170	139	61	156	## Tournée 16
2	46	190	119	12	91	99	183	184	175	109	44	138	66	185	63	200	48	122	82	169	## Tournée 17
197	137	35	167	28	153	188	136	144	97	176	79	131	106	171	146	95	159	60	## Tournée 18
117	162	87	62	125	104	58	85	22	5	186	178	7	121	168	189	116	174	71	30	10	## Tournée 19
34	15	70	56	124	45	26	## Tournée 20
51	## Tournée 21
