178304	## Somme des retards
480	## Temps CPU (millisecondes)
16	198	37	25	142	39	167	49	123	41	30	5	67	101	60	151	13	7	112	134	120	69	119	47	82	44	176	80	2	192	106	53	31	76	156	157	172	126	188	164	161	131	149	20	45	137	173	159	62	29	3	35	54	138	175	185	136	27	186	187	79	200	118	190	97	88	170	55	87	125	22	197	195	58	24	113	191	139	48	72	115	141	181	33	124	70	158	6	150	92	57	14	93	194	174	59	166	61	122	21	155	10	34	36	12	26	96	107	140	133	103	19	109	183	95	121	15	108	168	99	1	128	90	100	64	81	144	74	75	152	38	135	17	84	129	132	145	199	127	78	86	89	196	9	160	94	130	105	42	46	65	179	143	153	189	102	56	111	98	154	77	4	148	162	73	116	147	32	163	110	23	50	146	171	114	177	43	91	182	169	11	165	28	85	193	66	18	83	51	63	52	8	40	71	178	68	117	184	104	180	## Ordonnancement
22	## Nombre de tournées
2	3	4	3	4	4	5	6	7	8	15	9	11	12	14	14	20	19	17	14	6	3	## Nombre de sites par tournée
16	198	## Tournée 1
142	25	37	## Tournée 2
49	167	123	39	## Tournée 3
5	41	30	## Tournée 4
67	151	101	60	## Tournée 5
112	134	13	7	## Tournée 6
120	69	47	119	82	## Tournée 7
176	2	106	192	44	80	## Tournée 8
53	31	157	156	76	172	126	## Tournée 9
149	161	45	137	164	131	20	188	## Tournée 10
173	54	79	136	35	62	27	186	187	29	159	3	185	138	175	## Tournée 11
170	55	97	190	125	200	118	88	87	## Tournée 12
195	72	139	113	191	58	197	48	24	115	22	## Tournée 13
181	124	33	57	6	14	150	70	93	158	92	141	## Tournée 14
21	10	96	12	122	194	59	34	61	26	36	174	155	166	## Tournée 15
168	183	121	19	109	1	133	108	107	140	99	103	15	95	## Tournée 16
86	145	38	127	128	199	100	84	17	129	75	74	144	78	152	135	90	81	132	64	## Tournée 17
42	179	130	9	94	102	196	160	189	111	105	46	153	89	154	65	98	143	56	## Tournée 18
146	162	4	147	77	148	163	114	43	171	50	110	32	23	73	177	116	## Tournée 19
18	51	85	91	83	165	66	52	182	28	11	169	193	63	## Tournée 20
117	40	178	8	71	68	## Tournée 21
180	184	104	## Tournée 22
