163915	## Somme des retards
150	## Temps CPU (millisecondes)
25	234	36	197	191	4	144	1	112	111	156	167	75	145	244	102	62	50	160	185	122	218	177	199	198	51	18	21	181	193	97	140	188	60	67	131	165	221	168	241	107	237	52	40	133	106	232	247	146	126	208	205	223	47	123	58	42	9	80	113	33	71	37	88	225	53	43	73	226	153	83	190	138	90	154	136	148	134	176	183	55	20	130	31	173	135	3	103	203	78	66	72	235	93	105	245	219	77	14	45	220	29	172	124	215	204	7	35	163	214	159	212	115	84	26	68	76	194	202	227	210	182	98	246	192	250	228	114	229	121	158	54	8	187	41	119	206	170	48	27	5	132	161	15	56	104	147	224	34	108	57	16	213	155	243	169	175	249	137	100	164	195	200	32	10	117	28	248	143	231	141	150	17	87	86	89	38	236	2	44	142	222	189	139	238	110	178	125	129	120	211	82	116	209	24	30	216	81	118	70	59	64	184	127	196	101	151	74	13	63	162	180	39	152	166	99	96	94	65	157	174	46	61	49	22	186	217	233	179	171	128	12	79	239	230	201	11	240	207	91	149	85	95	23	242	69	19	92	109	6	## Ordonnancement
20	## Nombre de tournées
3	4	5	4	4	7	7	7	9	11	14	15	18	18	17	24	23	24	24	12	## Nombre de sites par tournée
234	36	25	## Tournée 1
191	4	144	197	## Tournée 2
1	111	156	167	112	## Tournée 3
102	244	75	145	## Tournée 4
185	50	160	62	## Tournée 5
51	18	177	199	198	218	122	## Tournée 6
181	21	140	60	188	193	97	## Tournée 7
241	67	221	165	131	168	107	## Tournée 8
106	232	247	52	133	126	237	40	146	## Tournée 9
113	33	9	223	80	205	42	123	208	58	47	## Tournée 10
73	90	190	37	138	88	153	154	71	83	43	226	225	53	## Tournée 11
176	55	135	134	136	183	148	203	20	103	3	130	78	173	31	## Tournée 12
105	72	7	220	235	172	45	215	66	77	204	93	245	14	35	29	219	124	## Tournée 13
84	182	210	68	194	163	202	115	98	250	26	76	227	246	212	159	214	192	## Tournée 14
8	170	114	132	5	121	161	119	54	228	229	41	187	206	27	48	158	## Tournée 15
57	243	104	200	117	164	28	155	169	34	56	224	195	100	16	213	249	108	10	175	137	15	32	147	## Tournée 16
248	150	86	139	89	141	125	189	142	231	236	120	222	178	238	38	143	2	129	87	44	17	110	## Tournée 17
82	64	101	196	152	70	211	180	74	127	13	162	216	39	30	116	59	184	209	151	63	81	24	118	## Tournée 18
171	230	174	217	186	61	96	201	12	94	99	65	49	166	128	240	179	239	46	233	22	79	157	11	## Tournée 19
95	85	91	23	19	6	149	242	207	69	109	92	## Tournée 20
