96579	## Somme des retards
390	## Temps CPU (millisecondes)
183	104	137	12	51	229	262	76	136	16	97	245	143	71	40	293	7	110	141	132	138	86	298	266	277	198	214	184	146	109	252	60	273	157	181	202	274	127	195	119	5	13	68	43	101	128	250	111	95	285	94	63	50	73	254	166	216	209	32	241	244	151	26	246	106	155	191	291	102	160	79	231	280	27	92	226	255	65	114	164	162	249	14	89	107	147	188	295	176	201	290	213	275	85	57	203	158	296	276	9	108	292	232	4	125	204	99	117	205	1	144	156	83	123	287	168	88	170	24	45	135	163	41	91	96	30	142	113	265	131	186	236	234	105	197	237	279	82	185	271	190	84	8	67	37	207	10	21	173	2	59	145	74	52	272	178	208	256	212	169	161	211	218	268	93	240	289	300	270	282	210	283	247	22	33	257	80	31	98	182	25	152	180	23	194	118	124	62	189	81	47	49	58	224	154	28	206	179	6	115	172	177	139	29	215	297	171	35	133	258	288	149	238	261	34	174	36	90	140	253	3	18	269	175	294	126	150	264	165	192	42	72	267	55	69	56	11	159	217	281	220	196	286	122	15	103	121	284	242	134	148	77	153	233	54	299	78	66	278	251	228	239	87	130	19	222	44	187	61	227	20	260	221	223	230	17	129	75	200	263	46	64	235	225	70	112	120	53	248	259	48	116	199	100	219	167	243	39	38	193	## Ordonnancement
21	## Nombre de tournées
2	2	2	4	7	6	8	10	12	13	15	17	17	23	21	23	24	30	29	24	11	## Nombre de sites par tournée
104	183	## Tournée 1
12	137	## Tournée 2
51	229	## Tournée 3
262	76	16	136	## Tournée 4
7	40	245	71	143	293	97	## Tournée 5
110	141	138	86	298	132	## Tournée 6
198	109	252	277	214	184	266	146	## Tournée 7
195	60	274	273	157	181	127	119	202	5	## Tournée 8
285	50	63	128	68	95	250	13	43	111	94	101	## Tournée 9
246	155	26	32	151	166	244	73	216	254	241	209	106	## Tournée 10
164	114	191	102	226	92	231	160	255	291	79	162	280	27	65	## Tournée 11
201	296	176	213	107	275	85	203	290	57	89	295	249	147	188	158	14	## Tournée 12
83	1	276	205	125	9	144	4	156	108	232	123	117	204	287	99	292	## Tournée 13
24	135	131	234	91	113	236	88	142	197	163	168	105	96	279	41	45	237	82	186	170	265	30	## Tournée 14
59	52	21	67	212	272	185	190	8	178	208	2	256	145	173	10	271	74	207	37	84	## Tournée 15
210	93	289	22	270	268	98	31	161	211	247	182	283	25	33	300	282	152	240	257	80	169	218	## Tournée 16
49	62	28	81	179	172	206	189	47	297	23	154	215	124	224	180	139	194	6	115	118	58	29	177	## Tournée 17
18	175	149	264	261	192	165	56	294	72	34	3	267	258	133	42	55	269	238	171	36	69	90	35	174	140	288	150	253	126	## Tournée 18
77	217	239	103	122	121	159	278	78	148	233	66	284	130	11	15	153	220	196	134	242	299	251	54	228	286	19	281	87	## Tournée 19
187	70	260	200	44	61	20	248	120	17	46	230	53	112	75	222	225	263	64	223	235	221	227	129	## Tournée 20
100	219	193	167	48	38	39	243	259	199	116	## Tournée 21
