438090	## Somme des retards
1060	## Temps CPU (millisecondes)
62	80	43	91	178	198	55	226	177	263	272	134	11	97	156	239	4	234	121	267	63	119	172	208	46	47	35	106	258	280	297	271	150	231	296	6	90	222	20	252	67	26	293	269	27	276	277	220	39	33	294	32	155	114	278	281	203	14	76	31	246	79	207	86	162	266	160	285	242	65	130	53	77	12	265	217	167	274	298	143	7	279	268	184	185	181	71	189	149	193	66	299	78	25	144	50	102	112	98	212	9	15	44	145	108	241	3	159	96	300	209	137	196	126	125	85	257	103	61	199	51	49	72	133	259	169	75	118	213	221	94	54	187	131	57	275	58	224	124	92	191	206	21	192	153	204	236	1	295	74	283	176	109	214	251	88	182	73	164	5	48	288	22	232	34	168	101	249	19	141	158	165	107	197	113	70	69	215	202	244	142	205	250	248	132	229	122	115	175	111	284	166	128	42	186	170	123	146	59	235	157	120	225	163	40	223	17	95	261	52	256	262	68	100	243	292	154	105	83	104	240	238	140	148	24	2	228	60	93	36	116	188	152	8	87	286	161	289	127	273	147	38	81	45	264	129	139	180	227	84	255	82	216	230	200	219	173	183	194	245	218	260	136	190	282	37	211	291	287	10	64	179	89	233	247	28	29	30	99	23	18	13	117	253	195	135	174	290	110	201	151	270	16	171	56	41	210	254	138	237	## Ordonnancement
30	## Nombre de tournées
2	1	2	2	1	1	2	2	4	2	5	5	6	9	7	12	11	16	15	16	23	20	21	22	26	28	19	15	4	1	## Nombre de sites par tournée
80	62	## Tournée 1
43	## Tournée 2
91	178	## Tournée 3
198	55	## Tournée 4
226	## Tournée 5
177	## Tournée 6
272	263	## Tournée 7
134	11	## Tournée 8
97	156	239	4	## Tournée 9
121	234	## Tournée 10
63	208	267	119	172	## Tournée 11
258	47	46	106	35	## Tournée 12
297	231	271	296	150	280	## Tournée 13
252	269	222	90	20	26	6	67	293	## Tournée 14
220	277	39	276	294	27	33	## Tournée 15
14	114	281	31	278	79	32	203	155	246	207	76	## Tournée 16
53	86	285	130	77	12	242	160	65	266	162	## Tournée 17
193	298	274	181	184	268	279	143	189	7	265	149	71	185	217	167	## Tournée 18
9	108	299	78	112	25	145	50	15	44	102	66	144	98	212	## Tournée 19
3	196	209	300	103	159	61	85	96	125	51	241	126	257	137	199	## Tournée 20
192	21	169	275	259	92	94	124	49	221	213	118	131	133	72	206	58	191	54	57	75	187	224	## Tournée 21
295	176	73	204	109	288	251	232	236	74	1	182	5	22	153	283	214	88	48	164	## Tournée 22
142	34	69	101	113	165	205	168	202	70	107	250	132	141	249	19	248	215	197	244	158	## Tournée 23
59	170	40	229	284	42	115	225	120	111	157	163	122	17	166	128	175	146	223	186	123	235	## Tournée 24
93	100	240	188	256	52	238	154	104	2	60	148	261	292	116	105	68	243	262	24	36	95	152	83	228	140	## Tournée 25
227	161	87	194	200	255	183	38	289	286	219	273	84	45	218	129	127	245	216	82	180	147	264	230	173	8	139	81	## Tournée 26
30	247	10	23	282	37	233	291	179	136	99	29	211	287	190	260	64	28	89	## Tournée 27
195	201	18	110	56	151	117	270	135	253	13	16	174	171	290	## Tournée 28
210	138	254	41	## Tournée 29
237	## Tournée 30
