275865	## Somme des retards
410	## Temps CPU (millisecondes)
11	155	217	190	41	105	53	120	250	165	84	31	134	118	130	186	106	89	90	245	191	14	129	200	117	15	158	167	206	188	241	54	73	169	136	163	224	212	49	45	168	210	216	114	225	30	242	199	125	160	208	28	115	229	219	140	29	18	233	51	184	247	46	193	26	133	62	72	239	86	214	39	185	131	152	64	207	203	79	88	68	102	77	121	232	108	143	55	161	111	70	146	42	17	222	27	128	234	5	202	94	132	236	248	235	154	78	71	187	215	228	99	147	221	142	112	57	60	6	151	238	95	171	21	137	175	127	48	81	103	226	162	148	164	85	25	149	110	230	246	211	156	13	67	98	159	181	249	65	176	180	87	66	198	12	178	205	201	107	218	116	179	1	172	16	145	59	3	82	240	237	52	47	83	223	80	34	113	144	37	43	109	209	38	231	213	69	196	220	170	177	153	204	19	166	195	76	7	32	141	174	183	119	173	20	58	24	123	50	192	122	74	150	63	135	4	92	75	104	126	9	56	101	23	44	124	8	22	157	91	61	10	33	194	197	2	138	97	182	36	100	189	93	35	244	243	40	96	227	139	## Ordonnancement
23	## Nombre de tournées
1	1	1	3	3	3	5	6	10	8	11	10	14	14	17	17	20	18	25	22	20	18	3	## Nombre de sites par tournée
11	## Tournée 1
155	## Tournée 2
217	## Tournée 3
105	41	190	## Tournée 4
53	120	250	## Tournée 5
84	165	31	## Tournée 6
186	130	106	118	134	## Tournée 7
14	245	90	129	191	89	## Tournée 8
54	206	241	15	158	200	73	188	117	167	## Tournée 9
169	212	136	224	49	168	45	163	## Tournée 10
28	216	242	160	30	208	225	210	199	114	125	## Tournée 11
219	140	51	233	247	18	115	29	184	229	## Tournée 12
26	214	239	46	185	193	64	62	39	72	152	86	131	133	## Tournée 13
203	108	161	121	77	79	111	232	55	207	102	143	88	68	## Tournée 14
5	236	42	154	222	78	146	17	128	248	202	94	70	132	235	27	234	## Tournée 15
112	6	238	221	147	95	228	60	151	215	99	21	142	57	187	71	171	## Tournée 16
137	156	127	81	175	226	230	110	148	48	103	164	85	162	211	67	246	13	25	149	## Tournée 17
66	98	116	176	205	178	218	65	198	180	12	179	249	201	87	159	181	107	## Tournée 18
43	240	231	237	37	34	213	47	209	144	1	223	83	69	82	145	172	16	80	113	3	38	59	109	52	## Tournée 19
123	196	195	183	76	119	166	7	153	24	204	220	170	174	32	50	141	173	177	58	19	20	## Tournée 20
192	157	126	56	4	101	8	150	135	124	44	92	22	74	63	9	122	104	75	23	## Tournée 21
194	2	91	35	244	243	182	93	61	36	10	40	189	138	197	33	100	97	## Tournée 22
227	139	96	## Tournée 23
