463005	## Somme des retards
370	## Temps CPU (millisecondes)
80	296	104	186	262	20	265	293	24	289	157	188	51	48	139	282	66	63	243	15	135	171	68	129	1	300	96	277	35	26	233	46	160	222	162	177	16	109	128	299	36	127	281	100	174	217	286	120	71	295	252	183	145	224	55	89	23	235	113	39	7	272	149	67	182	225	279	22	92	27	110	249	18	154	54	197	125	76	53	49	117	231	191	240	147	239	82	116	288	152	165	236	103	173	86	207	93	64	274	121	155	124	91	47	206	164	77	273	214	201	6	87	181	57	237	232	247	50	13	245	3	263	4	52	220	159	30	106	151	285	38	209	43	132	158	219	83	179	81	226	143	283	107	45	264	204	138	134	70	144	44	122	130	298	9	11	257	228	74	167	244	246	193	85	254	271	176	95	78	184	268	266	32	205	185	115	261	29	276	56	61	251	118	12	73	234	238	270	126	202	21	170	84	65	253	97	153	163	278	212	192	280	198	146	112	31	142	211	123	221	99	269	2	101	259	256	156	40	119	79	10	292	178	169	88	28	230	195	172	133	196	59	62	41	25	216	187	14	8	267	166	275	58	284	60	227	287	75	229	175	242	108	189	291	210	190	258	102	114	208	19	137	72	290	150	34	105	17	223	161	140	141	111	148	136	199	98	5	37	250	94	248	90	131	168	33	215	194	260	255	213	200	241	297	218	69	294	42	203	180	## Ordonnancement
25	## Nombre de tournées
3	2	2	3	4	4	5	8	7	9	9	10	11	11	12	17	18	20	20	24	23	26	24	26	2	## Nombre de sites par tournée
80	296	104	## Tournée 1
262	186	## Tournée 2
265	20	## Tournée 3
293	289	24	## Tournée 4
48	157	51	188	## Tournée 5
139	66	282	63	## Tournée 6
135	15	243	68	171	## Tournée 7
35	96	277	1	129	26	233	300	## Tournée 8
160	222	16	177	162	46	109	## Tournée 9
127	281	286	217	174	100	36	128	299	## Tournée 10
295	89	183	145	120	55	252	71	224	## Tournée 11
39	235	7	23	182	149	272	67	225	113	## Tournée 12
110	54	92	125	22	18	197	279	27	154	249	## Tournée 13
117	147	240	82	239	76	53	116	191	231	49	## Tournée 14
288	86	64	93	165	274	121	103	173	207	152	236	## Tournée 15
124	247	6	91	181	87	155	206	164	201	47	273	237	232	214	57	77	## Tournée 16
132	209	245	38	30	285	220	159	4	13	50	158	43	3	151	263	52	106	## Tournée 17
44	264	45	70	143	219	122	134	9	107	283	298	204	138	81	179	226	130	83	144	## Tournée 18
257	246	205	254	11	193	32	184	176	185	268	244	228	95	78	167	266	74	85	271	## Tournée 19
84	97	276	251	29	261	12	56	153	238	253	202	115	118	126	65	163	21	270	234	61	278	170	73	## Tournée 20
79	211	123	212	101	280	221	2	156	146	259	112	269	292	40	142	99	31	198	10	192	256	119	## Tournée 21
75	60	195	62	216	284	59	172	267	230	58	275	133	196	187	178	14	28	227	8	88	25	41	169	287	166	## Tournée 22
208	102	189	223	140	229	290	150	72	161	17	108	291	141	258	114	105	19	242	210	175	190	34	137	## Tournée 23
250	294	131	255	200	241	90	33	37	194	215	218	5	148	94	168	199	136	98	260	248	69	111	213	42	297	## Tournée 24
203	180	## Tournée 25
