141946	## Somme des retards
270	## Temps CPU (millisecondes)
33	153	18	113	77	146	170	86	135	178	80	136	217	88	196	45	211	131	58	107	85	190	101	61	4	29	23	145	66	15	9	20	222	89	60	114	44	6	191	41	218	134	176	156	53	46	137	38	243	155	249	132	231	220	64	25	115	148	195	247	67	181	22	10	183	168	159	2	32	241	37	238	55	201	126	91	180	59	118	92	130	164	74	210	141	158	72	172	206	229	62	230	169	99	204	234	111	95	237	215	19	24	108	36	160	122	226	94	35	76	167	225	73	121	17	200	193	112	39	69	250	71	106	75	216	110	87	139	227	150	197	120	26	149	140	63	144	14	100	97	119	125	56	248	142	163	11	28	90	228	194	104	177	49	98	143	52	179	78	105	239	54	57	103	1	42	117	175	116	212	221	34	186	208	68	50	182	184	8	166	3	96	198	65	31	192	7	123	81	21	240	133	70	245	199	236	219	124	93	16	84	48	83	12	13	242	161	51	27	79	235	151	128	246	154	174	171	173	214	202	233	127	102	213	129	43	207	185	109	232	223	165	188	157	224	147	205	138	47	209	82	152	187	189	5	30	203	244	162	40	## Ordonnancement
24	## Nombre de tournées
1	1	1	1	2	3	4	4	6	6	8	11	9	14	16	16	20	20	20	25	25	24	11	2	## Nombre de sites par tournée
33	## Tournée 1
153	## Tournée 2
18	## Tournée 3
113	## Tournée 4
77	146	## Tournée 5
135	86	170	## Tournée 6
217	136	178	80	## Tournée 7
88	211	45	196	## Tournée 8
58	101	107	131	85	190	## Tournée 9
66	29	23	61	4	145	## Tournée 10
44	20	9	60	15	89	114	222	## Tournée 11
53	6	218	191	134	38	137	41	176	46	156	## Tournée 12
155	25	231	64	220	115	132	243	249	## Tournée 13
10	195	67	159	148	241	32	181	183	37	168	22	247	2	## Tournée 14
201	74	141	118	158	238	55	91	210	164	92	126	180	59	130	72	## Tournée 15
215	172	237	24	230	169	204	108	99	234	229	111	62	19	206	95	## Tournée 16
122	225	106	121	17	200	226	39	160	193	167	69	71	76	250	94	73	36	35	112	## Tournée 17
216	97	125	63	56	75	87	197	119	150	26	140	14	144	120	149	139	110	227	100	## Tournée 18
228	105	163	248	177	239	98	28	49	179	11	52	142	90	54	104	143	57	78	194	## Tournée 19
8	117	123	65	208	50	184	42	96	34	1	186	31	182	116	103	221	198	3	7	192	175	166	212	68	## Tournée 20
161	128	81	48	27	93	13	245	70	16	133	235	79	199	219	240	151	12	236	51	83	21	242	124	84	## Tournée 21
109	185	188	129	214	102	173	154	171	233	147	213	127	157	224	43	246	232	205	174	207	165	202	223	## Tournée 22
209	5	30	82	189	152	244	47	187	138	203	## Tournée 23
162	40	## Tournée 24
