38395	## Somme des retards
80	## Temps CPU (millisecondes)
58	42	83	10	11	17	67	12	19	90	64	57	37	96	100	26	66	95	44	40	82	68	81	86	24	53	78	39	50	71	70	7	46	4	30	98	41	1	31	51	54	8	84	29	48	87	18	20	9	91	22	88	62	21	49	5	13	93	72	27	73	65	60	79	38	23	85	34	6	63	2	77	99	94	16	55	76	36	25	15	33	69	3	35	47	52	43	14	59	75	92	45	97	61	80	89	32	28	74	56	## Ordonnancement
14	## Nombre de tournées
1	1	2	3	9	6	8	8	11	13	12	14	7	5	## Nombre de sites par tournée
58	## Tournée 1
42	## Tournée 2
83	10	## Tournée 3
11	67	17	## Tournée 4
100	90	57	19	12	64	37	96	26	## Tournée 5
44	68	95	40	82	66	## Tournée 6
86	50	71	39	24	53	81	78	## Tournée 7
98	4	30	41	46	1	70	7	## Tournée 8
8	48	18	20	54	31	84	29	87	9	51	## Tournée 9
73	62	13	93	49	27	72	22	91	65	88	21	5	## Tournée 10
94	2	99	34	60	23	38	6	77	63	85	79	## Tournée 11
35	25	76	14	36	69	52	33	55	47	16	43	3	15	## Tournée 12
61	75	97	45	59	92	80	## Tournée 13
89	56	32	28	74	## Tournée 14
