334366	## Somme des retards
1860	## Temps CPU (millisecondes)
272	67	293	227	200	178	30	33	190	292	228	295	69	31	165	181	50	164	45	230	97	277	133	158	73	209	223	243	92	72	129	123	249	288	16	37	241	191	82	83	126	252	17	10	284	285	80	100	204	8	38	107	173	251	6	245	136	153	120	110	176	183	19	282	189	213	47	247	275	170	235	205	119	138	24	186	210	198	225	85	297	54	149	246	3	159	248	219	177	70	270	105	232	172	113	162	155	65	52	96	102	32	57	163	168	63	116	269	84	262	62	142	104	48	2	26	90	160	179	114	294	28	103	108	75	161	196	197	125	171	78	43	236	131	66	127	218	27	79	144	1	13	240	242	187	14	29	35	106	40	81	211	273	15	23	229	88	267	59	9	180	77	195	289	146	214	132	278	112	221	254	93	56	203	217	226	256	152	139	280	60	74	44	231	150	167	21	154	141	95	296	199	109	194	253	174	264	258	53	216	265	130	18	61	157	137	259	151	279	276	134	201	202	212	145	71	185	115	281	291	89	239	55	22	220	20	299	182	290	51	215	121	46	128	34	283	193	11	140	111	271	238	255	135	58	261	7	222	12	156	68	233	4	99	287	87	257	147	98	117	39	25	268	300	101	184	175	207	124	234	206	286	36	188	94	143	263	224	169	166	118	41	298	192	250	260	122	76	274	208	64	42	5	91	244	266	49	148	86	237	## Ordonnancement
25	## Nombre de tournées
1	2	3	2	3	4	6	7	8	9	9	13	12	14	18	18	17	19	24	26	23	27	21	9	5	## Nombre de sites par tournée
272	## Tournée 1
67	293	## Tournée 2
227	178	200	## Tournée 3
33	30	## Tournée 4
228	292	190	## Tournée 5
295	69	165	31	## Tournée 6
230	97	45	164	181	50	## Tournée 7
209	73	223	277	243	158	133	## Tournée 8
123	92	288	249	16	129	37	72	## Tournée 9
82	17	83	241	284	252	191	10	126	## Tournée 10
100	173	251	8	285	38	80	204	107	## Tournée 11
189	176	120	245	183	136	110	213	6	47	19	153	282	## Tournée 12
275	235	24	198	186	205	138	225	119	247	170	210	## Tournée 13
246	105	219	85	159	177	149	232	54	270	70	248	3	297	## Tournée 14
65	155	63	168	163	262	162	102	52	172	32	57	113	269	62	84	116	96	## Tournée 15
104	161	114	197	125	103	26	28	160	196	142	48	75	108	2	294	90	179	## Tournée 16
43	66	79	1	78	171	131	13	242	187	218	240	27	14	144	236	127	## Tournée 17
59	195	267	273	229	77	35	211	180	81	29	88	40	289	146	15	23	106	9	## Tournée 18
141	203	74	21	93	139	221	217	167	60	44	254	112	152	256	132	214	280	56	154	231	150	278	226	## Tournée 19
202	109	264	216	259	201	258	212	194	265	53	276	296	199	18	130	61	279	157	134	137	145	151	174	95	253	## Tournée 20
22	291	182	20	220	51	11	239	215	71	290	89	115	283	299	281	193	46	128	185	121	34	55	## Tournée 21
140	101	98	147	233	25	4	271	300	238	58	268	135	99	287	68	7	39	156	261	117	87	257	12	222	111	255	## Tournée 22
184	192	298	41	250	36	188	263	175	206	169	143	118	94	286	224	260	166	124	234	207	## Tournée 23
76	122	244	91	208	274	64	42	5	## Tournée 24
49	266	237	148	86	## Tournée 25
