155267	## Somme des retards
260	## Temps CPU (millisecondes)
94	116	187	43	141	87	59	139	152	171	78	157	183	114	172	93	53	144	15	176	200	5	95	6	84	182	118	35	32	146	14	123	199	92	126	76	162	51	198	81	167	52	105	148	62	34	185	193	68	134	137	45	158	64	161	132	145	66	106	121	189	102	113	63	166	26	46	1	181	133	140	80	74	184	155	170	109	7	48	8	142	131	89	173	143	38	125	16	3	83	100	17	96	129	111	31	177	147	61	164	119	169	49	91	23	72	190	30	186	77	97	11	29	153	27	192	50	195	19	128	12	56	175	196	70	28	79	110	24	73	135	20	42	69	165	107	163	99	86	21	58	180	88	82	138	108	117	179	151	136	191	197	101	159	39	122	57	67	33	10	90	40	98	60	37	55	130	13	115	160	36	168	104	41	71	120	154	178	124	65	174	2	9	22	127	85	188	194	112	149	54	150	47	4	103	44	25	75	156	18	## Ordonnancement
22	## Nombre de tournées
1	1	3	2	2	3	4	5	5	7	10	10	12	15	16	16	17	24	21	16	9	1	## Nombre de sites par tournée
94	## Tournée 1
116	## Tournée 2
141	43	187	## Tournée 3
87	59	## Tournée 4
152	139	## Tournée 5
78	171	157	## Tournée 6
93	183	114	172	## Tournée 7
176	200	144	53	15	## Tournée 8
95	84	182	6	5	## Tournée 9
14	118	146	32	123	35	199	## Tournée 10
162	81	198	105	126	51	52	167	76	92	## Tournée 11
34	134	193	45	185	148	137	68	62	158	## Tournée 12
102	145	166	132	64	161	189	113	106	66	63	121	## Tournée 13
170	46	109	8	80	48	155	7	26	74	1	133	140	184	181	## Tournée 14
173	100	16	83	31	142	3	96	143	131	38	17	129	89	125	111	## Tournée 15
169	177	147	23	72	11	164	91	77	119	186	61	97	30	49	190	## Tournée 16
19	175	12	29	153	195	50	196	192	110	79	128	56	70	24	27	28	## Tournée 17
163	136	69	20	135	197	101	108	21	165	58	117	73	179	180	86	82	191	151	99	107	88	138	42	## Tournée 18
104	67	130	57	160	40	90	159	98	115	37	33	122	10	13	39	55	168	36	60	41	## Tournée 19
85	174	194	112	124	65	127	9	149	71	22	178	2	188	154	120	## Tournée 20
156	25	4	103	75	47	54	150	44	## Tournée 21
18	## Tournée 22
