106370	## Somme des retards
80	## Temps CPU (millisecondes)
29	25	120	27	47	112	72	95	26	88	159	104	195	15	149	157	5	167	75	8	179	133	50	196	16	45	12	142	106	22	76	172	163	140	124	150	102	17	101	105	36	49	192	80	69	146	158	18	171	116	60	90	100	125	97	190	143	193	56	89	155	44	147	135	103	42	2	83	178	156	198	191	123	96	63	152	70	51	66	188	78	84	28	46	65	7	98	166	126	115	200	53	134	160	55	121	54	184	199	109	38	94	35	43	194	154	161	87	10	74	108	119	93	3	64	168	132	117	37	122	11	127	186	73	111	34	175	13	6	59	52	182	79	131	162	113	114	67	189	39	130	19	153	144	24	20	61	138	23	177	33	197	136	183	77	169	181	58	107	165	99	110	137	141	85	91	9	176	62	57	4	81	40	185	31	170	30	118	1	148	187	21	145	86	71	174	151	139	82	14	173	164	48	41	128	68	180	32	92	129	## Ordonnancement
20	## Nombre de tournées
1	1	1	2	3	3	4	4	6	9	10	10	13	16	18	19	20	18	25	17	## Nombre de sites par tournée
29	## Tournée 1
25	## Tournée 2
120	## Tournée 3
27	47	## Tournée 4
112	95	72	## Tournée 5
159	88	26	## Tournée 6
149	15	195	104	## Tournée 7
75	167	157	5	## Tournée 8
179	8	196	133	50	16	## Tournée 9
172	12	140	163	76	45	22	106	142	## Tournée 10
17	124	192	102	105	49	101	80	36	150	## Tournée 11
90	158	116	69	18	100	171	125	146	60	## Tournée 12
56	135	42	190	44	147	97	193	103	143	155	2	89	## Tournée 13
28	188	66	51	191	78	96	70	178	83	123	198	156	152	63	84	## Tournée 14
54	7	200	115	126	38	199	109	46	121	184	55	160	98	65	134	53	166	## Tournée 15
132	108	64	87	43	94	35	37	194	154	117	93	161	74	168	122	119	10	3	## Tournée 16
186	73	182	39	175	111	59	114	52	11	131	67	34	162	189	6	79	113	127	13	## Tournée 17
58	177	23	24	181	169	144	197	61	20	183	130	138	19	153	33	136	77	## Tournée 18
148	57	81	1	21	30	185	85	137	9	91	141	165	118	110	4	107	187	40	176	62	170	145	99	31	## Tournée 19
174	71	173	32	41	68	180	151	129	14	48	86	92	164	139	128	82	## Tournée 20
