60050	## Somme des retards
50	## Temps CPU (millisecondes)
63	53	56	61	68	23	1	39	37	98	29	70	80	18	78	74	91	64	75	17	48	45	93	31	13	90	46	32	100	60	94	2	35	26	19	77	38	41	27	66	9	89	73	20	79	14	99	54	83	71	69	7	4	65	8	12	42	49	86	30	82	55	22	67	88	62	95	40	24	76	43	85	50	15	3	6	96	92	34	5	28	52	81	44	47	57	59	11	97	51	72	84	10	21	87	36	16	58	25	33	## Ordonnancement
15	## Nombre de tournées
1	2	4	3	7	5	8	9	9	11	11	12	10	7	1	## Nombre de sites par tournée
63	## Tournée 1
56	53	## Tournée 2
1	23	61	68	## Tournée 3
39	37	98	## Tournée 4
78	91	18	70	74	80	29	## Tournée 5
48	17	64	75	45	## Tournée 6
32	60	31	93	46	13	90	100	## Tournée 7
94	41	19	26	77	38	2	35	27	## Tournée 8
54	66	73	9	20	99	89	79	14	## Tournée 9
4	83	12	42	7	71	69	8	65	49	86	## Tournée 10
24	95	22	76	55	67	88	30	40	62	82	## Tournée 11
43	52	50	85	34	96	92	28	5	15	6	3	## Tournée 12
44	11	84	51	81	97	57	59	72	47	## Tournée 13
87	58	10	36	21	16	25	## Tournée 14
33	## Tournée 15
