87315	## Somme des retards
20	## Temps CPU (millisecondes)
57	24	76	92	61	19	23	15	27	75	66	84	11	31	83	77	90	82	6	2	9	71	54	12	36	99	64	68	14	22	34	42	91	18	35	96	40	85	95	63	58	55	88	67	97	7	56	26	93	4	52	21	89	45	46	81	17	73	100	87	80	53	10	1	50	32	78	94	3	20	65	86	29	38	62	72	60	51	39	47	43	33	41	79	28	37	59	44	49	69	70	30	48	98	25	16	8	13	74	5	## Ordonnancement
16	## Nombre de tournées
1	1	2	3	2	4	4	7	6	6	9	9	10	12	14	10	## Nombre de sites par tournée
57	## Tournée 1
24	## Tournée 2
92	76	## Tournée 3
19	61	23	## Tournée 4
15	27	## Tournée 5
66	75	11	84	## Tournée 6
77	83	31	90	## Tournée 7
82	2	9	6	12	71	54	## Tournée 8
68	22	36	64	99	14	## Tournée 9
34	96	42	91	35	18	## Tournée 10
97	85	55	67	95	40	63	88	58	## Tournée 11
21	89	56	93	7	26	4	45	52	## Tournée 12
10	80	100	73	53	1	17	46	87	81	## Tournée 13
65	62	3	86	50	72	78	29	20	38	94	32	## Tournée 14
43	59	37	69	41	47	51	79	28	33	39	44	60	49	## Tournée 15
98	70	16	25	5	13	74	30	8	48	## Tournée 16
