186049	## Somme des retards
130	## Temps CPU (millisecondes)
114	145	30	129	2	72	81	94	105	48	24	126	116	144	35	149	113	6	136	86	57	119	21	63	5	20	32	45	103	31	13	22	106	69	85	147	87	102	10	75	41	150	78	93	19	120	26	107	52	60	44	47	36	54	66	108	122	128	23	133	50	46	97	67	37	68	146	89	61	109	4	58	38	101	98	33	14	123	104	132	29	83	111	117	56	55	90	96	7	28	118	127	135	125	99	138	1	40	82	91	70	137	84	74	140	148	49	139	142	80	76	110	11	141	3	88	95	53	73	121	43	12	25	34	27	9	79	65	39	59	115	8	17	92	77	131	16	134	15	100	18	64	71	62	51	130	143	42	124	112	## Ordonnancement
22	## Nombre de tournées
1	1	1	2	2	2	3	4	4	4	7	7	9	8	10	12	12	15	18	19	8	1	## Nombre de sites par tournée
114	## Tournée 1
145	## Tournée 2
30	## Tournée 3
129	2	## Tournée 4
81	72	## Tournée 5
94	105	## Tournée 6
24	48	126	## Tournée 7
35	116	144	149	## Tournée 8
6	86	136	113	## Tournée 9
119	57	21	63	## Tournée 10
31	13	20	32	5	45	103	## Tournée 11
85	106	147	69	87	102	22	## Tournée 12
150	93	120	41	10	26	75	78	19	## Tournée 13
52	60	107	47	44	54	36	66	## Tournée 14
108	122	128	133	37	46	67	50	97	23	## Tournée 15
68	101	38	4	58	146	98	33	109	14	61	89	## Tournée 16
111	83	117	7	55	104	96	90	29	123	56	132	## Tournée 17
137	125	74	135	99	127	40	1	28	91	70	118	138	82	84	## Tournée 18
12	73	49	140	95	80	53	142	148	121	43	141	76	11	110	139	88	3	## Tournée 19
134	79	9	25	59	131	27	100	8	17	65	39	92	115	34	77	18	15	16	## Tournée 20
42	71	124	130	64	51	143	62	## Tournée 21
112	## Tournée 22
