81956	## Somme des retards
80	## Temps CPU (millisecondes)
72	34	35	7	94	17	76	68	74	30	62	9	23	20	43	93	71	77	48	11	55	97	39	82	84	37	53	28	98	96	27	86	31	45	81	13	3	85	1	79	40	22	92	87	51	64	80	4	24	33	90	10	69	50	73	15	88	57	12	36	91	32	29	95	44	42	66	60	14	49	19	83	59	26	61	46	8	47	38	70	89	67	75	52	25	65	18	21	56	58	78	16	54	6	63	5	2	100	41	99	## Ordonnancement
18	## Nombre de tournées
1	2	1	1	2	2	2	1	4	7	8	10	9	11	12	13	11	3	## Nombre de sites par tournée
72	## Tournée 1
35	34	## Tournée 2
7	## Tournée 3
94	## Tournée 4
76	17	## Tournée 5
68	74	## Tournée 6
30	62	## Tournée 7
9	## Tournée 8
23	43	20	93	## Tournée 9
55	39	71	77	48	97	11	## Tournée 10
82	28	84	37	96	98	53	27	## Tournée 11
86	40	79	85	45	1	13	31	81	3	## Tournée 12
4	92	87	33	80	22	24	51	64	## Tournée 13
36	91	90	50	88	10	15	73	57	69	12	## Tournée 14
83	59	19	66	44	95	42	14	29	32	49	60	## Tournée 15
61	67	25	26	65	75	52	47	89	8	38	46	70	## Tournée 16
54	6	56	58	21	78	5	2	63	18	16	## Tournée 17
100	99	41	## Tournée 18
