164770	## Somme des retards
100	## Temps CPU (millisecondes)
9	130	52	51	62	142	45	76	34	123	11	125	71	75	57	48	134	38	43	33	88	42	117	114	25	68	100	56	29	87	144	24	132	15	14	119	59	55	37	145	102	39	98	19	2	95	31	128	124	82	99	137	129	91	44	21	150	133	109	8	22	53	73	97	108	6	139	101	4	23	138	20	141	118	67	64	13	113	92	69	60	65	127	116	79	86	112	78	83	104	49	122	146	121	107	106	85	27	18	70	120	81	61	7	66	126	58	80	94	74	47	143	5	93	35	10	77	46	17	84	136	40	140	149	135	131	28	50	32	12	105	63	148	89	72	26	115	96	90	41	147	1	110	36	3	16	30	54	111	103	## Ordonnancement
20	## Nombre de tournées
1	3	1	2	1	3	4	5	7	9	6	11	9	11	14	13	16	17	15	2	## Nombre de sites par tournée
9	## Tournée 1
52	130	51	## Tournée 2
62	## Tournée 3
45	142	## Tournée 4
76	## Tournée 5
11	34	123	## Tournée 6
57	75	71	125	## Tournée 7
43	48	134	38	33	## Tournée 8
88	117	42	100	25	114	68	## Tournée 9
144	15	29	87	14	132	24	56	119	## Tournée 10
37	59	145	55	39	102	## Tournée 11
82	128	95	19	99	129	2	137	124	31	98	## Tournée 12
21	8	150	91	109	133	44	53	22	## Tournée 13
20	4	141	73	101	138	108	6	97	23	139	## Tournée 14
112	64	116	118	13	65	79	127	67	92	113	69	86	60	## Tournée 15
107	146	106	121	85	83	122	70	78	18	27	49	104	## Tournée 16
58	80	74	61	120	66	93	7	143	94	81	10	35	5	47	126	## Tournée 17
105	17	131	149	46	136	28	140	84	50	148	135	32	40	12	77	63	## Tournée 18
30	147	54	41	16	36	90	110	115	89	3	96	72	1	26	## Tournée 19
103	111	## Tournée 20
