216568	## Somme des retards
390	## Temps CPU (millisecondes)
143	68	185	10	173	94	20	73	49	13	162	26	7	85	132	30	77	80	167	113	147	141	74	194	123	101	137	88	61	57	198	168	107	128	39	154	134	151	64	56	183	91	65	33	51	17	163	172	89	46	78	129	75	184	171	90	58	197	8	188	5	71	29	93	53	165	166	31	117	120	104	24	191	115	84	3	2	41	15	199	63	139	69	196	181	23	140	195	50	174	186	189	105	116	86	119	62	11	136	148	153	144	169	122	22	47	145	190	42	67	16	70	179	177	76	102	54	12	18	146	4	135	108	48	1	98	52	118	82	6	142	83	125	95	38	97	55	14	100	72	152	27	34	59	160	121	87	124	159	28	150	32	111	130	176	182	131	126	19	99	175	192	36	103	92	81	112	127	79	164	170	149	9	133	109	110	187	161	96	25	157	193	200	114	66	37	35	106	43	138	155	45	60	158	21	44	156	180	40	178	## Ordonnancement
22	## Nombre de tournées
1	2	2	1	3	4	3	7	6	8	7	10	12	13	15	16	15	20	22	19	11	3	## Nombre de sites par tournée
143	## Tournée 1
185	68	## Tournée 2
10	173	## Tournée 3
94	## Tournée 4
73	49	20	## Tournée 5
7	13	26	162	## Tournée 6
132	85	30	## Tournée 7
74	167	80	141	147	113	77	## Tournée 8
137	101	61	123	88	194	## Tournée 9
168	39	128	198	57	134	107	154	## Tournée 10
56	64	65	151	183	91	33	## Tournée 11
51	184	46	172	75	89	129	163	17	78	## Tournée 12
29	188	197	5	171	90	93	53	71	8	58	165	## Tournée 13
191	117	31	41	120	3	15	104	84	2	166	115	24	## Tournée 14
199	181	63	140	50	105	23	196	69	186	139	195	189	174	116	## Tournée 15
169	136	22	42	148	119	190	47	11	153	67	62	144	86	122	145	## Tournée 16
1	102	135	70	76	12	108	48	179	54	4	177	16	18	146	## Tournée 17
125	38	34	72	98	118	59	83	52	14	82	100	97	160	152	55	6	142	27	95	## Tournée 18
99	124	81	130	175	112	182	28	131	111	176	19	32	192	87	92	36	121	103	159	150	126	## Tournée 19
157	37	110	79	164	187	66	161	170	127	149	25	9	133	96	193	114	200	109	## Tournée 20
60	45	155	106	156	35	158	138	43	44	21	## Tournée 21
180	40	178	## Tournée 22
