125129	## Somme des retards
340	## Temps CPU (millisecondes)
2	18	109	14	150	16	9	41	77	121	57	17	66	141	10	12	34	54	98	35	122	82	20	63	136	143	56	144	130	138	29	137	64	96	1	43	86	126	100	42	107	65	83	85	131	25	26	105	33	11	24	134	60	72	6	129	21	132	90	79	112	70	7	48	49	67	95	125	37	99	47	92	46	32	61	146	123	50	28	44	23	84	147	78	13	5	74	30	120	116	15	106	94	101	51	76	81	45	69	62	114	113	19	31	87	133	135	55	118	8	40	102	80	108	36	119	75	71	124	3	53	89	145	22	4	104	142	111	117	27	91	58	68	140	73	148	115	93	97	52	139	149	103	88	38	127	110	59	128	39	## Ordonnancement
22	## Nombre de tournées
1	2	1	2	3	1	3	3	5	5	6	9	9	10	10	14	11	16	17	13	7	2	## Nombre de sites par tournée
2	## Tournée 1
109	18	## Tournée 2
14	## Tournée 3
16	150	## Tournée 4
77	9	41	## Tournée 5
121	## Tournée 6
66	57	17	## Tournée 7
12	10	141	## Tournée 8
98	122	34	54	35	## Tournée 9
82	63	136	20	143	## Tournée 10
29	56	138	144	137	130	## Tournée 11
100	64	107	86	43	126	42	1	96	## Tournée 12
33	83	131	25	85	65	26	11	105	## Tournée 13
6	129	72	132	21	79	90	134	24	60	## Tournée 14
99	112	7	125	37	70	48	67	95	49	## Tournée 15
50	61	92	147	23	44	78	32	28	84	146	123	47	46	## Tournée 16
5	94	13	74	120	30	101	116	51	15	106	## Tournée 17
87	19	62	55	69	133	81	114	45	40	118	8	135	31	113	76	## Tournée 18
4	89	3	104	22	119	102	108	145	142	124	53	71	80	111	36	75	## Tournée 19
139	52	58	115	140	91	27	117	93	97	148	73	68	## Tournée 20
88	127	103	38	110	149	59	## Tournée 21
128	39	## Tournée 22
