183051	## Somme des retards
740	## Temps CPU (millisecondes)
161	100	169	99	115	11	166	2	51	152	19	22	45	102	4	8	189	132	122	65	44	83	29	67	142	69	38	77	185	49	138	103	197	70	94	21	42	105	172	3	39	27	182	10	151	75	141	130	165	118	167	143	89	82	200	191	127	199	193	131	36	53	109	93	148	181	162	17	126	63	140	111	106	68	107	139	179	171	87	12	78	150	129	180	145	88	91	6	80	71	9	54	198	174	146	76	116	90	170	175	133	190	40	147	50	61	30	183	186	134	124	37	57	52	178	154	13	28	173	47	121	123	25	104	74	120	64	196	158	160	156	159	79	85	24	137	135	98	56	177	20	46	31	110	163	84	23	33	114	192	18	96	62	55	43	117	119	16	35	1	5	125	32	92	113	194	164	195	15	97	81	157	14	108	188	101	48	58	72	187	136	168	26	73	59	34	112	7	95	149	144	86	60	66	184	128	155	153	41	176	## Ordonnancement
23	## Nombre de tournées
1	1	1	3	2	1	5	5	5	5	8	8	11	11	14	16	16	21	18	20	15	9	4	## Nombre de sites par tournée
161	## Tournée 1
100	## Tournée 2
169	## Tournée 3
115	99	11	## Tournée 4
2	166	## Tournée 5
51	## Tournée 6
45	152	102	22	19	## Tournée 7
122	132	189	8	4	## Tournée 8
44	29	83	67	65	## Tournée 9
69	38	142	185	77	## Tournée 10
70	49	21	138	42	103	197	94	## Tournée 11
10	151	3	39	172	27	105	182	## Tournée 12
75	89	141	200	167	165	143	118	82	130	191	## Tournée 13
181	162	127	36	148	109	193	93	199	131	53	## Tournée 14
171	87	78	107	12	111	179	68	139	106	140	63	17	126	## Tournée 15
80	146	71	180	9	129	198	91	6	54	150	174	116	88	76	145	## Tournée 16
170	57	50	186	147	124	37	133	40	134	30	90	175	190	61	183	## Tournée 17
159	13	154	85	79	178	52	64	74	28	47	121	196	158	25	173	104	123	120	156	160	## Tournée 18
33	20	24	46	31	114	84	56	137	192	23	96	135	110	177	98	163	18	## Tournée 19
55	5	117	125	15	62	35	16	92	43	194	195	119	113	157	97	81	1	164	32	## Tournée 20
136	48	112	73	108	168	59	72	58	26	34	187	14	188	101	## Tournée 21
86	144	60	128	149	7	95	66	184	## Tournée 22
153	41	176	155	## Tournée 23
