45140	## Somme des retards
80	## Temps CPU (millisecondes)
27	95	60	73	5	89	1	99	30	62	92	67	33	76	32	81	52	36	44	19	24	56	53	10	79	86	14	71	98	65	43	66	57	84	46	20	85	94	88	96	75	70	41	16	74	54	55	47	45	48	72	8	100	11	82	63	21	6	77	42	49	7	22	23	91	15	29	9	34	93	39	78	17	83	2	38	4	51	90	58	18	68	26	28	59	97	64	61	3	25	37	35	40	13	12	50	87	69	31	80	## Ordonnancement
17	## Nombre de tournées
1	2	2	2	1	3	4	7	8	7	11	10	10	12	12	6	2	## Nombre de sites par tournée
27	## Tournée 1
60	95	## Tournée 2
5	73	## Tournée 3
1	89	## Tournée 4
99	## Tournée 5
30	62	92	## Tournée 6
76	32	67	33	## Tournée 7
52	36	56	19	44	81	24	## Tournée 8
98	65	53	79	14	86	71	10	## Tournée 9
66	84	20	46	85	57	43	## Tournée 10
94	88	75	41	47	55	16	96	54	74	70	## Tournée 11
63	8	45	11	48	21	6	100	82	72	## Tournée 12
15	23	49	29	9	42	77	91	22	7	## Tournée 13
34	4	17	93	78	51	90	58	83	39	2	38	## Tournée 14
26	61	28	25	64	68	18	3	37	97	59	35	## Tournée 15
69	12	87	40	13	50	## Tournée 16
80	31	## Tournée 17
