78434	## Somme des retards
140	## Temps CPU (millisecondes)
84	56	50	8	59	70	16	69	82	76	36	60	26	77	22	64	44	40	91	100	3	88	79	51	71	20	52	17	61	54	29	96	9	57	65	85	39	6	33	62	13	68	45	97	18	94	37	4	28	19	43	2	34	55	46	80	35	24	72	75	66	78	30	38	83	47	73	10	81	92	98	93	99	48	15	74	58	41	21	87	90	63	14	7	23	95	86	25	32	12	5	27	89	53	67	31	1	42	49	11	## Ordonnancement
20	## Nombre de tournées
2	1	1	1	1	2	3	3	3	5	6	9	7	8	10	12	12	8	5	1	## Nombre de sites par tournée
56	84	## Tournée 1
50	## Tournée 2
8	## Tournée 3
59	## Tournée 4
70	## Tournée 5
16	69	## Tournée 6
36	76	82	## Tournée 7
77	26	60	## Tournée 8
22	64	44	## Tournée 9
88	3	100	40	91	## Tournée 10
71	51	20	52	17	79	## Tournée 11
9	65	96	54	39	29	85	57	61	## Tournée 12
45	68	33	6	62	13	97	## Tournée 13
28	37	18	19	94	2	4	43	## Tournée 14
55	34	72	46	66	24	35	75	78	80	## Tournée 15
92	98	93	73	83	10	81	48	99	30	38	47	## Tournée 16
63	87	95	15	41	23	74	58	7	90	14	21	## Tournée 17
53	27	12	25	89	86	5	32	## Tournée 18
1	42	67	49	31	## Tournée 19
11	## Tournée 20
