73532	## Somme des retards
120	## Temps CPU (millisecondes)
76	9	68	86	1	53	26	57	15	29	24	14	87	83	74	97	66	72	19	78	67	75	95	81	96	30	65	71	23	80	56	94	50	44	45	58	77	61	100	89	60	10	59	99	62	82	84	17	63	98	4	43	85	11	12	22	49	40	69	27	32	21	73	48	79	36	6	8	91	20	31	39	18	64	7	28	42	93	37	2	13	70	90	34	54	16	46	35	51	33	55	88	92	47	38	3	41	5	25	52	## Ordonnancement
16	## Nombre de tournées
2	1	4	3	2	4	6	6	6	8	12	10	12	12	7	5	## Nombre de sites par tournée
9	76	## Tournée 1
68	## Tournée 2
53	1	26	86	## Tournée 3
29	57	15	## Tournée 4
14	24	## Tournée 5
97	87	74	83	## Tournée 6
67	19	72	75	78	66	## Tournée 7
71	95	81	65	96	30	## Tournée 8
56	80	94	23	50	44	## Tournée 9
89	77	60	10	61	100	58	45	## Tournée 10
11	43	84	17	62	98	99	59	82	4	63	85	## Tournée 11
27	32	22	49	69	73	12	40	21	48	## Tournée 12
28	6	31	79	64	91	18	36	39	7	8	20	## Tournée 13
34	90	54	16	42	70	13	46	35	93	37	2	## Tournée 14
88	55	47	38	33	92	51	## Tournée 15
41	25	5	52	3	## Tournée 16
