42369	## Somme des retards
140	## Temps CPU (millisecondes)
27	95	60	89	5	1	73	99	67	33	30	92	62	76	32	24	36	44	52	81	53	10	79	86	14	19	56	65	71	43	66	57	84	46	98	94	74	20	88	47	96	75	70	41	54	55	85	45	48	8	100	11	82	16	23	21	6	34	91	72	42	49	2	7	4	63	22	9	29	93	78	38	17	83	39	3	25	15	69	87	35	77	26	59	97	90	61	28	37	58	68	18	51	13	80	31	40	64	12	50	## Ordonnancement
16	## Nombre de tournées
1	2	2	3	4	3	5	8	7	12	10	11	11	12	5	4	## Nombre de sites par tournée
27	## Tournée 1
60	95	## Tournée 2
89	5	## Tournée 3
99	1	73	## Tournée 4
67	92	33	30	## Tournée 5
76	32	62	## Tournée 6
52	36	44	81	24	## Tournée 7
65	53	56	19	79	14	86	10	## Tournée 8
98	66	84	46	57	43	71	## Tournée 9
94	88	75	41	47	55	54	96	20	70	85	74	## Tournée 10
23	16	8	45	11	48	21	6	100	82	## Tournée 11
34	4	63	91	49	72	9	42	2	7	22	## Tournée 12
17	93	78	69	15	29	25	3	39	38	83	## Tournée 13
26	61	28	77	87	68	97	37	59	58	35	90	## Tournée 14
80	51	31	18	13	## Tournée 15
12	40	64	50	## Tournée 16
