204954	## Somme des retards
290	## Temps CPU (millisecondes)
193	10	4	95	64	28	163	94	128	175	104	67	90	126	180	198	103	192	125	121	96	149	87	20	189	184	80	115	77	7	111	179	140	112	143	120	156	54	105	69	42	70	174	190	152	17	169	41	170	72	159	161	76	83	59	55	12	162	186	178	129	51	151	24	157	185	49	98	16	124	131	147	38	85	18	142	9	29	27	33	93	68	171	46	117	53	133	15	191	123	200	155	196	138	167	92	145	132	168	36	21	110	65	35	66	134	187	71	100	25	166	74	150	182	136	153	52	2	78	3	57	56	37	106	173	81	97	113	181	19	8	172	137	176	148	43	165	45	119	26	199	82	101	118	86	5	158	183	73	14	30	62	116	34	31	1	107	188	130	50	75	114	61	99	102	32	39	48	84	6	13	91	11	22	195	139	58	160	141	154	89	47	135	177	23	164	44	40	108	60	194	197	79	146	109	144	127	122	63	88	## Ordonnancement
23	## Nombre de tournées
2	2	1	3	2	1	2	4	7	6	6	10	12	9	14	14	19	16	22	18	21	8	1	## Nombre de sites par tournée
193	10	## Tournée 1
95	4	## Tournée 2
64	## Tournée 3
94	163	28	## Tournée 4
128	175	## Tournée 5
104	## Tournée 6
67	90	## Tournée 7
126	198	180	103	## Tournée 8
149	20	87	96	192	125	121	## Tournée 9
7	80	184	77	115	189	## Tournée 10
120	111	140	179	143	112	## Tournée 11
17	70	54	174	152	156	42	105	190	69	## Tournée 12
161	72	41	59	170	76	169	55	162	83	12	159	## Tournée 13
49	129	151	186	185	178	51	157	24	## Tournée 14
18	16	29	124	93	38	85	147	131	142	27	33	98	9	## Tournée 15
196	117	155	200	171	191	133	68	167	123	46	15	53	138	## Tournée 16
182	166	36	110	35	168	65	21	92	100	187	71	145	74	66	134	132	25	150	## Tournée 17
153	52	113	81	37	181	2	57	78	97	106	3	136	56	19	173	## Tournée 18
165	26	199	172	183	73	43	82	118	8	45	148	86	14	158	176	62	137	119	101	30	5	## Tournée 19
188	48	107	32	31	39	75	102	34	1	99	130	84	6	116	50	114	61	## Tournée 20
58	154	44	47	91	135	13	11	194	164	139	60	160	22	141	177	23	40	195	89	108	## Tournée 21
79	197	122	109	63	146	127	144	## Tournée 22
88	## Tournée 23
