307821	## Somme des retards
270	## Temps CPU (millisecondes)
192	120	187	92	183	81	65	97	131	197	84	9	149	112	137	133	24	61	85	31	55	132	147	176	62	59	14	154	40	77	23	13	72	3	161	1	48	123	195	33	150	46	179	87	181	105	16	34	99	196	185	15	165	199	126	74	148	172	163	108	49	144	54	39	117	151	64	111	113	44	37	56	76	138	141	93	75	173	20	156	6	86	10	171	100	167	136	170	153	94	21	12	89	145	63	103	124	178	41	139	114	146	19	53	191	5	119	102	17	78	175	58	45	28	110	143	194	83	79	174	188	152	25	169	67	107	158	162	22	168	35	190	129	121	27	96	38	11	140	52	128	142	166	159	186	68	122	116	109	4	50	101	182	200	7	184	2	193	115	73	88	8	69	70	42	18	91	135	43	160	47	36	127	26	157	134	189	98	177	32	180	80	130	104	118	57	95	71	82	66	30	106	90	155	51	29	60	198	164	125	## Ordonnancement
22	## Nombre de tournées
1	2	1	3	2	4	5	5	7	9	9	10	11	10	14	15	16	18	18	21	16	3	## Nombre de sites par tournée
192	## Tournée 1
120	187	## Tournée 2
92	## Tournée 3
81	65	183	## Tournée 4
131	97	## Tournée 5
197	9	84	149	## Tournée 6
61	137	133	24	112	## Tournée 7
55	85	132	31	147	## Tournée 8
154	176	14	62	40	77	59	## Tournée 9
195	23	48	72	161	3	123	1	13	## Tournée 10
181	150	179	33	16	46	105	87	34	## Tournée 11
165	99	172	185	126	196	199	148	74	15	## Tournée 12
49	113	117	144	64	111	54	151	39	163	108	## Tournée 13
93	20	141	75	138	56	37	44	173	76	## Tournée 14
94	12	156	171	6	89	86	21	170	100	167	136	153	10	## Tournée 15
63	41	102	53	19	139	178	119	146	114	191	124	103	145	5	## Tournée 16
169	175	28	110	143	174	78	152	188	83	25	194	58	45	17	79	## Tournée 17
128	52	190	158	96	142	27	162	38	121	67	129	140	11	22	107	35	168	## Tournée 18
115	159	73	200	68	116	122	182	7	101	186	184	2	50	4	166	193	109	## Tournée 19
180	18	88	43	8	69	70	127	177	98	91	189	47	160	135	134	26	32	157	36	42	## Tournée 20
51	155	82	104	118	130	66	95	29	90	71	30	57	80	106	60	## Tournée 21
125	164	198	## Tournée 22
