112054	## Somme des retards
120	## Temps CPU (millisecondes)
64	34	113	86	20	23	99	100	43	109	95	135	40	25	91	85	101	17	90	42	144	57	111	114	107	52	93	145	129	141	119	87	124	46	102	32	21	3	83	123	136	72	7	50	63	29	22	55	56	97	28	69	13	84	26	137	80	116	15	82	106	8	120	53	122	96	36	108	12	48	1	103	139	125	149	142	19	126	73	92	76	11	77	74	38	58	31	134	121	71	18	62	45	6	133	41	14	147	88	130	112	98	30	67	24	54	78	89	94	143	51	140	138	60	39	81	4	35	59	5	66	118	70	148	68	110	105	10	47	127	61	131	104	115	146	2	33	75	37	49	132	128	65	79	16	9	27	150	44	117	## Ordonnancement
21	## Nombre de tournées
1	1	2	3	2	1	4	4	4	4	7	8	8	11	11	16	16	17	19	8	3	## Nombre de sites par tournée
64	## Tournée 1
34	## Tournée 2
86	113	## Tournée 3
20	99	23	## Tournée 4
43	100	## Tournée 5
109	## Tournée 6
40	135	95	25	## Tournée 7
85	17	101	91	## Tournée 8
42	90	57	144	## Tournée 9
111	114	107	52	## Tournée 10
141	124	87	93	145	119	129	## Tournée 11
46	21	83	32	3	123	102	136	## Tournée 12
50	7	63	55	29	22	56	72	## Tournée 13
28	13	82	69	116	97	26	80	84	15	137	## Tournée 14
36	12	120	48	53	8	106	1	108	96	122	## Tournée 15
19	142	76	77	125	38	73	31	149	92	103	74	11	58	139	126	## Tournée 16
6	62	45	147	112	41	130	121	133	18	88	71	30	98	134	14	## Tournée 17
51	59	4	78	140	94	89	60	81	138	67	143	35	39	5	54	24	## Tournée 18
146	61	70	47	131	2	148	37	104	105	127	118	66	10	68	110	33	75	115	## Tournée 19
49	27	16	79	128	65	132	9	## Tournée 20
150	117	44	## Tournée 21
