163622	## Somme des retards
380	## Temps CPU (millisecondes)
156	37	41	66	111	3	5	91	95	179	181	68	169	148	187	38	102	132	188	77	54	142	27	105	170	76	178	88	149	71	104	92	192	125	81	127	199	200	58	11	193	90	198	22	165	134	109	12	172	97	194	180	182	6	114	112	122	124	4	14	106	36	93	57	80	151	59	120	72	67	75	168	39	79	176	99	161	25	30	55	128	49	146	141	48	185	84	139	110	44	24	166	183	171	138	62	1	96	89	2	42	31	28	189	34	184	175	145	16	191	53	35	70	115	63	118	101	10	117	23	137	121	52	73	167	85	195	147	130	108	7	69	154	158	140	46	15	51	40	9	21	26	94	123	131	61	82	103	8	78	196	43	190	32	174	116	19	13	74	159	143	136	119	17	144	56	163	64	157	153	29	33	100	162	173	177	155	152	18	20	129	65	45	197	83	164	133	60	107	186	47	113	86	126	98	135	50	87	150	160	## Ordonnancement
21	## Nombre de tournées
2	1	2	2	5	5	7	6	7	10	11	10	15	17	16	18	18	21	17	9	1	## Nombre de sites par tournée
156	37	## Tournée 1
41	## Tournée 2
66	111	## Tournée 3
5	3	## Tournée 4
68	181	95	179	91	## Tournée 5
102	169	38	148	187	## Tournée 6
54	77	132	27	105	142	188	## Tournée 7
149	76	170	71	88	178	## Tournée 8
199	92	125	104	81	192	127	## Tournée 9
193	200	90	198	165	134	11	109	58	22	## Tournée 10
97	12	114	124	6	172	194	112	180	182	122	## Tournée 11
106	59	120	14	93	80	4	151	57	36	## Tournée 12
55	72	67	30	25	128	146	168	99	75	161	176	49	79	39	## Tournée 13
24	183	84	139	141	166	62	138	110	96	89	185	2	1	171	44	48	## Tournée 14
175	16	42	31	28	70	191	118	189	115	35	145	184	63	34	53	## Tournée 15
154	23	10	167	130	121	195	85	101	69	147	7	73	137	52	117	158	108	## Tournée 16
82	61	196	8	94	9	103	15	21	46	140	131	123	43	26	40	51	78	## Tournée 17
64	13	74	56	190	33	17	100	159	144	157	153	32	143	19	116	163	136	174	119	29	## Tournée 18
129	83	162	65	60	197	164	155	152	177	186	107	133	45	20	18	173	## Tournée 19
135	47	113	87	50	126	150	98	86	## Tournée 20
160	## Tournée 21
