57545	## Somme des retards
70	## Temps CPU (millisecondes)
10	89	51	2	67	48	72	14	40	78	76	56	29	93	35	70	33	61	34	16	42	100	8	71	90	20	18	24	19	79	30	49	99	59	26	96	31	9	12	87	66	27	69	57	85	46	1	39	17	41	45	50	75	60	4	38	47	68	63	37	15	36	44	53	83	74	86	97	82	21	11	58	7	80	88	52	23	28	84	13	62	98	54	65	73	43	92	77	25	22	91	32	95	3	64	6	55	5	81	94	## Ordonnancement
16	## Nombre de tournées
2	1	2	1	3	2	2	6	8	9	10	9	13	13	9	10	## Nombre de sites par tournée
89	10	## Tournée 1
51	## Tournée 2
67	2	## Tournée 3
48	## Tournée 4
14	72	40	## Tournée 5
78	76	## Tournée 6
56	29	## Tournée 7
34	33	70	93	35	61	## Tournée 8
8	71	42	20	18	16	90	100	## Tournée 9
30	24	99	19	59	79	49	26	96	## Tournée 10
9	85	87	46	31	69	27	12	66	57	## Tournée 11
50	75	4	45	1	60	41	39	17	## Tournée 12
47	86	53	37	83	38	15	97	63	68	74	44	36	## Tournée 13
62	82	52	11	23	88	84	13	80	58	21	28	7	## Tournée 14
92	25	77	43	22	98	65	54	73	## Tournée 15
95	55	3	64	6	32	91	94	5	81	## Tournée 16
