127375	## Somme des retards
300	## Temps CPU (millisecondes)
2	18	14	16	109	150	41	77	9	66	17	121	12	57	10	141	34	54	98	35	130	20	63	143	136	122	42	82	29	138	144	96	56	65	105	1	86	43	126	100	137	107	33	83	85	25	26	129	64	11	90	79	132	21	60	72	6	134	24	131	99	112	67	49	7	95	125	84	37	70	47	92	46	146	23	123	50	28	44	32	147	78	48	13	94	30	106	61	89	101	116	15	5	74	69	51	40	8	133	114	120	31	87	19	135	62	36	113	55	81	111	139	76	45	71	119	53	145	22	4	80	58	142	118	102	59	97	52	108	68	75	124	104	3	73	93	27	91	117	149	128	103	88	38	127	39	110	148	140	115	## Ordonnancement
22	## Nombre de tournées
1	2	2	2	1	1	3	4	4	6	7	8	9	10	10	13	13	15	14	14	8	3	## Nombre de sites par tournée
2	## Tournée 1
18	14	## Tournée 2
109	16	## Tournée 3
41	150	## Tournée 4
77	## Tournée 5
9	## Tournée 6
66	121	17	## Tournée 7
12	57	10	141	## Tournée 8
98	34	54	35	## Tournée 9
63	136	20	143	130	122	## Tournée 10
29	56	138	96	82	144	42	## Tournée 11
100	65	86	43	126	137	105	1	## Tournée 12
33	83	25	85	107	64	129	26	11	## Tournée 13
6	134	90	79	24	21	131	132	72	60	## Tournée 14
99	112	7	125	84	37	70	67	95	49	## Tournée 15
50	32	48	44	78	23	147	92	28	146	123	47	46	## Tournée 16
5	89	61	94	13	74	106	15	51	30	69	101	116	## Tournée 17
87	19	62	55	133	81	114	40	8	135	111	36	31	120	113	## Tournée 18
4	139	58	22	119	45	102	118	145	142	76	53	71	80	## Tournée 19
3	52	104	91	27	117	93	97	59	124	68	73	75	108	## Tournée 20
128	39	103	38	110	149	127	88	## Tournée 21
115	140	148	## Tournée 22
