54000	## Somme des retards
90	## Temps CPU (millisecondes)
40	26	32	17	5	81	21	63	15	76	10	7	39	83	54	37	6	55	27	12	30	71	28	2	31	58	85	16	8	51	96	70	46	3	65	49	45	36	13	35	95	93	62	52	34	59	61	89	67	9	88	84	92	74	41	47	4	18	98	23	11	38	43	14	69	82	99	56	94	68	33	91	87	64	97	77	48	60	22	24	50	19	79	29	72	20	100	66	75	25	57	1	44	80	90	53	78	42	86	73	## Ordonnancement
16	## Nombre de tournées
1	4	1	2	3	4	5	6	8	11	14	12	13	9	5	2	## Nombre de sites par tournée
40	## Tournée 1
5	26	17	32	## Tournée 2
81	## Tournée 3
21	63	## Tournée 4
15	76	10	## Tournée 5
39	7	54	83	## Tournée 6
37	27	6	12	55	## Tournée 7
31	28	30	2	58	71	## Tournée 8
51	96	3	8	70	85	46	16	## Tournée 9
65	52	35	34	36	95	45	62	93	13	49	## Tournée 10
61	18	67	41	47	4	59	92	88	89	84	98	74	9	## Tournée 11
23	82	14	33	11	43	38	69	99	68	56	94	## Tournée 12
64	24	97	22	79	50	87	48	91	60	77	19	29	## Tournée 13
66	44	20	75	100	57	1	25	72	## Tournée 14
78	42	80	53	90	## Tournée 15
86	73	## Tournée 16
