161605	## Somme des retards
380	## Temps CPU (millisecondes)
156	37	41	66	111	5	102	3	91	95	179	181	169	148	187	38	68	105	27	54	188	142	132	77	170	178	88	149	71	200	104	92	192	125	81	76	199	11	58	90	22	127	193	165	109	172	97	194	180	182	6	114	12	112	124	122	55	198	134	4	59	39	168	176	93	57	36	151	14	146	72	67	120	161	185	80	79	99	106	30	75	128	25	2	166	141	171	183	110	139	44	189	24	84	48	138	62	1	49	31	42	28	121	145	34	184	175	191	53	16	70	35	115	63	118	96	89	101	10	61	23	167	85	73	195	137	108	147	130	7	69	154	158	140	43	196	8	103	51	117	9	144	52	21	26	94	123	131	40	82	153	15	46	78	186	100	29	157	163	174	119	19	136	13	74	143	86	17	116	64	133	32	190	33	60	173	162	113	164	83	159	197	45	129	20	98	18	135	56	155	177	107	150	87	126	65	152	47	160	50	## Ordonnancement
20	## Nombre de tournées
3	2	3	4	5	6	6	8	8	14	11	13	16	18	17	20	22	16	7	1	## Nombre de sites par tournée
41	156	37	## Tournée 1
66	111	## Tournée 2
102	3	5	## Tournée 3
181	95	179	91	## Tournée 4
68	169	38	148	187	## Tournée 5
54	132	27	105	142	188	## Tournée 6
77	88	71	170	149	178	## Tournée 7
199	92	200	125	104	81	192	76	## Tournée 8
193	90	165	58	109	11	127	22	## Tournée 9
97	55	114	12	122	6	124	194	172	182	198	134	112	180	## Tournée 10
36	57	93	14	4	151	176	39	146	59	168	## Tournée 11
106	72	67	120	30	25	128	80	185	75	99	161	79	## Tournée 12
24	183	84	139	141	166	62	138	110	2	1	49	171	189	44	48	## Tournée 13
175	16	42	31	28	70	191	118	35	115	145	184	89	63	96	121	34	53	## Tournée 14
154	61	167	23	10	130	195	85	101	69	147	7	140	73	137	158	108	## Tournée 15
82	196	8	94	15	103	9	21	46	52	26	131	123	43	117	40	51	153	144	78	## Tournée 16
64	173	116	19	143	32	186	133	157	86	29	119	174	136	163	74	190	60	33	17	100	13	## Tournée 17
129	135	56	162	83	155	113	197	164	159	177	98	107	45	20	18	## Tournée 18
47	65	87	126	150	152	160	## Tournée 19
50	## Tournée 20
