251045	## Somme des retards
290	## Temps CPU (millisecondes)
59	15	112	149	17	72	16	117	196	113	114	200	56	140	174	129	68	36	175	161	190	79	118	28	130	82	121	197	77	5	153	100	119	185	136	186	106	138	86	194	188	49	134	71	159	96	128	58	57	45	151	18	105	19	30	157	87	7	102	21	93	11	179	167	98	40	183	54	171	111	22	84	122	126	137	184	76	12	61	189	92	31	13	67	191	42	62	154	115	66	4	155	97	81	53	69	78	195	163	124	51	170	1	64	48	156	187	20	23	127	132	25	144	145	193	70	29	14	109	34	35	178	108	176	65	80	158	88	44	50	198	3	131	41	47	90	107	99	110	180	172	91	116	104	9	141	147	73	199	148	133	168	75	83	165	135	85	152	177	10	181	26	39	166	169	123	101	89	37	38	43	95	103	24	139	32	160	164	52	94	2	142	125	120	182	27	192	143	33	55	6	162	146	46	150	173	8	63	60	74	## Ordonnancement
24	## Nombre de tournées
1	1	1	2	1	3	1	4	4	5	6	8	9	10	11	12	16	14	16	18	20	21	14	2	## Nombre de sites par tournée
59	## Tournée 1
15	## Tournée 2
112	## Tournée 3
149	17	## Tournée 4
72	## Tournée 5
16	196	117	## Tournée 6
113	## Tournée 7
114	200	56	140	## Tournée 8
68	36	174	129	## Tournée 9
79	175	161	118	190	## Tournée 10
77	121	197	28	82	130	## Tournée 11
106	100	119	185	5	186	153	136	## Tournée 12
86	71	96	159	188	138	194	134	49	## Tournée 13
57	18	45	105	157	58	128	30	19	151	## Tournée 14
21	87	7	167	11	179	93	98	183	40	102	## Tournée 15
61	84	171	54	184	126	122	12	76	137	111	22	## Tournée 16
4	67	66	42	31	62	92	154	189	191	13	155	115	97	53	81	## Tournée 17
170	78	1	20	69	64	163	187	124	23	195	51	156	48	## Tournée 18
193	34	108	176	109	70	178	65	127	35	14	25	144	132	145	29	## Tournée 19
50	116	88	180	158	198	90	110	99	41	47	172	131	80	91	3	107	44	## Tournée 20
199	147	75	26	133	85	141	152	168	148	73	165	135	181	177	10	39	104	83	9	## Tournée 21
123	32	2	164	37	139	103	142	125	52	160	120	95	38	43	166	94	169	101	89	24	## Tournée 22
143	150	63	27	33	192	6	55	182	162	173	46	146	8	## Tournée 23
60	74	## Tournée 24
