165654	## Somme des retards
240	## Temps CPU (millisecondes)
84	190	168	131	26	31	146	23	21	101	138	109	185	127	195	6	193	175	77	62	150	41	49	37	18	2	144	133	1	121	180	28	98	8	9	167	48	166	157	92	114	197	88	79	159	108	169	97	151	85	176	93	53	107	78	91	105	80	81	34	147	96	152	171	198	14	173	123	191	74	83	182	130	90	104	82	33	187	118	38	66	113	142	179	50	145	128	27	116	155	54	46	24	56	120	194	99	7	12	51	36	76	188	117	10	58	200	47	184	44	15	111	5	196	103	132	87	39	141	115	52	65	143	126	106	135	72	124	170	162	160	125	119	153	94	136	29	177	55	172	59	69	192	75	16	11	189	95	40	22	32	25	122	158	68	89	45	4	165	164	30	134	178	3	137	129	86	42	13	17	156	67	102	61	140	112	57	110	199	20	149	60	148	73	43	35	154	163	19	63	174	70	71	181	139	100	186	161	183	64	## Ordonnancement
24	## Nombre de tournées
1	1	1	1	1	1	1	3	3	5	5	7	8	11	12	10	12	16	18	21	18	23	18	3	## Nombre de sites par tournée
84	## Tournée 1
190	## Tournée 2
168	## Tournée 3
131	## Tournée 4
26	## Tournée 5
31	## Tournée 6
146	## Tournée 7
23	21	101	## Tournée 8
185	138	109	## Tournée 9
193	175	6	195	127	## Tournée 10
49	41	62	77	150	## Tournée 11
144	121	1	18	37	133	2	## Tournée 12
8	167	48	180	28	9	166	98	## Tournée 13
97	151	114	92	157	159	79	197	108	169	88	## Tournée 14
147	78	80	81	91	53	105	93	107	85	176	34	## Tournée 15
96	83	14	152	198	74	123	171	191	173	## Tournée 16
142	182	33	90	130	187	104	82	38	66	118	113	## Tournée 17
54	145	50	56	27	155	7	128	116	99	194	12	179	120	46	24	## Tournée 18
5	58	103	188	15	87	111	76	36	10	44	196	117	47	200	132	184	51	## Tournée 19
52	39	136	125	143	126	72	153	162	65	94	141	115	160	119	106	170	29	135	124	177	## Tournée 20
172	95	59	189	68	32	89	11	158	69	40	16	55	22	192	122	25	75	## Tournée 21
17	57	61	4	67	45	30	112	86	140	13	178	165	199	156	102	110	3	42	129	164	137	134	## Tournée 22
71	73	181	148	70	174	20	139	163	149	60	19	154	63	186	100	35	43	## Tournée 23
161	64	183	## Tournée 24
