183385	## Somme des retards
190	## Temps CPU (millisecondes)
129	102	170	153	126	120	136	96	104	17	39	114	132	78	144	77	37	43	35	182	62	151	45	89	133	38	75	142	73	53	1	140	26	65	16	7	83	50	186	152	48	174	171	36	100	178	191	27	172	93	108	165	156	190	116	200	101	63	9	193	19	47	40	20	34	59	125	199	127	197	128	173	109	168	72	51	55	192	135	74	97	13	18	194	145	106	139	29	184	105	3	177	12	98	113	176	180	14	2	81	160	95	112	92	115	181	147	85	8	52	175	56	32	146	99	137	103	58	166	64	148	161	123	61	33	68	163	159	69	21	188	179	5	187	183	157	30	154	189	6	80	42	121	164	57	76	143	54	94	41	46	198	66	134	138	67	91	162	70	44	149	11	28	158	122	10	15	79	22	31	130	88	84	107	86	82	49	111	150	87	23	25	117	71	60	169	24	167	4	90	119	196	141	155	131	195	124	110	118	185	## Ordonnancement
22	## Nombre de tournées
1	1	1	2	2	2	2	3	4	4	9	10	10	12	14	15	17	17	22	20	22	10	## Nombre de sites par tournée
129	## Tournée 1
102	## Tournée 2
170	## Tournée 3
153	126	## Tournée 4
120	136	## Tournée 5
96	104	## Tournée 6
17	39	## Tournée 7
132	114	78	## Tournée 8
144	37	77	43	## Tournée 9
35	151	182	62	## Tournée 10
73	45	75	142	1	53	89	38	133	## Tournée 11
140	48	186	16	83	65	26	50	7	152	## Tournée 12
191	178	27	36	93	108	100	171	172	174	## Tournée 13
156	165	193	116	101	40	190	200	63	9	47	19	## Tournée 14
197	51	199	109	168	72	34	127	125	128	173	59	55	20	## Tournée 15
177	13	74	194	184	105	106	145	139	3	29	97	18	192	135	## Tournée 16
115	112	85	81	92	2	181	98	113	8	14	160	176	180	147	12	95	## Tournée 17
103	148	161	166	32	99	137	68	123	58	64	33	175	61	146	52	56	## Tournée 18
183	163	6	188	157	164	42	69	30	159	80	179	54	57	187	143	21	189	76	154	5	121	## Tournée 19
15	162	122	70	94	44	46	66	67	41	79	198	134	138	10	149	158	28	11	91	## Tournée 20
150	130	84	117	90	167	49	25	88	169	22	107	86	60	24	23	111	82	4	87	71	31	## Tournée 21
185	131	118	155	110	119	124	196	195	141	## Tournée 22
