219712	## Somme des retards
300	## Temps CPU (millisecondes)
46	27	35	43	91	107	34	167	36	18	148	200	15	97	189	178	69	90	77	73	98	117	11	24	78	42	81	92	146	176	156	196	40	26	67	14	151	121	104	6	175	120	53	22	70	122	4	20	159	101	106	86	187	99	102	119	168	93	13	103	136	157	28	197	153	50	191	66	171	68	79	116	150	143	131	30	47	154	137	61	45	16	8	105	94	162	64	44	37	2	19	100	145	57	10	183	72	166	134	155	133	163	125	114	96	129	132	141	17	55	135	9	160	59	193	12	71	41	95	192	195	84	177	23	39	7	127	112	109	89	52	76	75	179	65	31	54	161	32	74	194	165	186	128	144	158	113	180	51	82	164	173	140	118	172	169	111	87	130	62	85	48	126	170	184	142	149	1	21	56	174	123	29	182	33	138	199	147	3	63	25	124	38	83	188	80	139	181	60	110	88	152	5	198	58	49	190	115	108	185	## Ordonnancement
22	## Nombre de tournées
1	3	1	2	3	1	6	3	9	7	10	6	11	12	13	17	15	19	21	22	17	1	## Nombre de sites par tournée
46	## Tournée 1
27	35	43	## Tournée 2
91	## Tournée 3
107	34	## Tournée 4
167	36	18	## Tournée 5
148	## Tournée 6
189	97	15	178	69	200	## Tournée 7
73	90	77	## Tournée 8
98	146	11	42	81	78	117	92	24	## Tournée 9
156	26	67	176	40	196	14	## Tournée 10
151	121	6	175	104	70	120	53	122	22	## Tournée 11
4	159	101	20	86	106	## Tournée 12
157	93	168	28	119	136	13	102	103	187	99	## Tournée 13
68	171	143	66	150	153	79	116	197	191	131	50	## Tournée 14
44	61	154	47	64	16	8	45	162	137	105	30	94	## Tournée 15
100	163	19	37	155	72	57	166	133	114	10	134	183	96	145	2	125	## Tournée 16
17	193	135	132	41	160	71	59	129	141	55	9	95	12	192	## Tournée 17
23	89	112	179	76	39	177	31	7	75	195	65	109	54	127	161	52	84	32	## Tournée 18
194	164	118	144	82	173	74	165	128	87	169	51	140	172	111	186	180	130	113	62	158	## Tournée 19
25	3	56	126	123	199	174	33	48	124	147	182	29	138	142	184	149	63	170	1	85	21	## Tournée 20
38	5	152	110	115	58	108	190	60	83	88	49	181	188	80	139	198	## Tournée 21
185	## Tournée 22
