143431	## Somme des retards
60	## Temps CPU (millisecondes)
84	28	78	133	42	114	1	124	14	60	98	10	80	67	145	12	125	4	47	57	129	144	142	119	66	76	21	11	102	146	87	88	61	70	77	104	52	116	127	138	126	22	30	13	69	135	59	90	130	49	118	62	149	106	134	111	51	97	120	40	71	123	79	39	24	45	2	29	103	56	108	27	122	65	58	89	147	82	113	41	137	17	3	55	64	86	85	75	74	8	54	32	68	15	37	73	139	20	150	33	53	44	136	140	121	92	107	23	109	72	48	117	18	63	132	93	110	26	112	6	101	131	46	148	50	36	99	83	16	31	81	128	95	143	91	5	7	141	34	43	94	35	19	105	9	25	96	115	100	38	## Ordonnancement
20	## Nombre de tournées
1	2	2	5	1	3	3	4	5	7	9	10	10	12	12	16	16	17	14	1	## Nombre de sites par tournée
84	## Tournée 1
78	28	## Tournée 2
133	42	## Tournée 3
1	14	60	124	114	## Tournée 4
98	## Tournée 5
10	67	80	## Tournée 6
125	145	12	## Tournée 7
57	129	4	47	## Tournée 8
142	66	119	144	76	## Tournée 9
21	146	88	87	11	61	102	## Tournée 10
22	138	116	52	77	126	104	70	127	## Tournée 11
90	135	62	30	118	130	13	59	49	69	## Tournée 12
40	51	123	149	111	106	134	97	120	71	## Tournée 13
79	24	122	65	39	103	27	56	108	45	29	2	## Tournée 14
82	17	137	3	64	41	113	58	89	55	147	86	## Tournée 15
68	74	85	15	8	32	20	139	73	150	37	44	75	54	53	33	## Tournée 16
63	140	26	72	48	109	107	110	18	93	117	136	92	132	121	23	## Tournée 17
50	16	81	148	91	99	143	6	31	36	46	112	83	101	131	128	95	## Tournée 18
96	34	7	25	141	105	100	43	9	19	35	115	94	5	## Tournée 19
38	## Tournée 20
