142571	## Somme des retards
120	## Temps CPU (millisecondes)
63	51	72	15	25	53	138	146	71	59	61	73	70	139	45	42	26	39	8	57	144	48	147	129	2	49	52	18	89	121	79	135	65	40	31	96	80	12	86	21	116	19	75	111	64	1	125	143	117	150	20	131	68	128	13	3	77	106	56	35	105	109	29	69	133	130	107	149	120	10	85	91	4	82	32	11	66	103	137	74	118	124	46	145	141	127	134	104	7	114	50	83	58	41	90	28	24	112	123	36	6	102	22	119	84	38	27	87	92	97	33	132	81	44	140	14	94	37	110	126	148	142	100	23	98	76	55	113	54	93	16	47	43	101	34	95	17	122	115	136	78	9	30	60	62	88	108	99	5	67	## Ordonnancement
24	## Nombre de tournées
1	1	1	1	1	1	1	1	2	1	3	6	4	6	7	8	11	9	14	15	15	21	18	2	## Nombre de sites par tournée
63	## Tournée 1
51	## Tournée 2
72	## Tournée 3
15	## Tournée 4
25	## Tournée 5
53	## Tournée 6
138	## Tournée 7
146	## Tournée 8
59	71	## Tournée 9
61	## Tournée 10
73	70	139	## Tournée 11
39	8	26	57	42	45	## Tournée 12
48	129	147	144	## Tournée 13
49	18	89	121	52	2	## Tournée 14
65	96	40	80	31	135	79	## Tournée 15
19	86	21	75	111	116	64	12	## Tournée 16
117	128	68	20	13	125	143	3	1	131	150	## Tournée 17
35	106	69	105	29	133	77	109	56	## Tournée 18
11	82	66	4	107	85	137	10	91	130	32	120	103	149	## Tournée 19
134	83	46	124	41	118	141	50	127	145	104	58	7	74	114	## Tournée 20
112	27	28	84	90	38	36	119	24	123	92	102	22	87	6	## Tournée 21
132	54	44	37	126	55	140	33	23	97	148	14	93	142	81	100	94	113	98	110	76	## Tournée 22
43	78	136	122	16	47	62	101	108	115	17	34	30	9	95	99	88	60	## Tournée 23
5	67	## Tournée 24
