184623	## Somme des retards
130	## Temps CPU (millisecondes)
114	145	30	129	2	81	72	48	105	24	126	94	116	144	35	149	57	6	136	86	119	32	45	113	5	20	63	21	103	31	13	102	22	106	85	69	120	87	10	26	41	78	150	93	147	107	36	47	19	44	60	52	54	50	66	108	122	128	23	133	75	46	97	67	37	68	146	89	61	109	4	58	38	101	98	33	14	123	104	132	29	83	111	117	56	55	90	96	7	28	118	127	135	125	99	138	1	40	82	91	70	137	84	74	140	148	49	139	142	80	76	110	11	141	3	95	12	73	121	88	53	43	34	27	9	79	65	115	8	17	92	77	131	16	134	15	100	18	62	71	51	39	59	130	143	64	124	112	25	42	## Ordonnancement
23	## Nombre de tournées
1	1	1	2	1	1	2	3	4	4	4	8	7	6	10	10	12	12	15	17	17	10	2	## Nombre de sites par tournée
114	## Tournée 1
145	## Tournée 2
30	## Tournée 3
129	2	## Tournée 4
81	## Tournée 5
72	## Tournée 6
48	105	## Tournée 7
24	94	126	## Tournée 8
35	116	144	149	## Tournée 9
57	6	86	136	## Tournée 10
119	45	113	32	## Tournée 11
21	31	13	63	20	102	5	103	## Tournée 12
120	10	22	69	87	85	106	## Tournée 13
150	93	147	41	26	78	## Tournée 14
52	60	107	47	44	54	50	36	66	19	## Tournée 15
108	122	75	128	133	37	46	67	97	23	## Tournée 16
68	101	38	4	58	146	98	33	109	14	61	89	## Tournée 17
111	83	117	7	55	104	96	90	29	123	56	132	## Tournée 18
137	125	74	135	99	127	40	1	28	91	70	118	138	82	84	## Tournée 19
12	73	49	140	95	80	53	142	148	121	141	76	11	110	139	88	3	## Tournée 20
134	79	9	27	131	100	8	17	65	16	15	34	43	115	92	77	18	## Tournée 21
71	124	130	59	64	51	39	143	112	62	## Tournée 22
42	25	## Tournée 23
