438694	## Somme des retards
1050	## Temps CPU (millisecondes)
62	80	91	43	178	198	177	226	55	134	272	263	234	11	156	239	4	121	97	267	63	119	172	46	47	35	106	208	222	297	271	150	231	296	258	6	90	293	20	252	67	26	280	294	155	39	220	276	33	27	269	32	79	76	114	281	277	278	203	31	246	14	265	207	86	162	266	160	285	242	65	130	53	77	12	193	217	167	102	7	298	143	279	268	184	185	181	71	189	149	145	15	274	44	212	78	137	144	50	98	9	96	299	108	66	112	61	49	3	103	131	85	196	209	25	126	159	54	300	125	257	199	51	241	21	191	133	259	213	75	118	221	94	187	224	169	124	164	275	58	92	206	192	153	232	72	5	88	197	251	176	182	214	109	73	283	57	1	74	288	22	236	248	168	295	249	19	113	70	107	69	284	59	215	101	142	158	202	244	141	205	122	250	204	34	229	123	186	105	42	170	128	146	166	235	111	48	165	157	82	175	120	40	163	132	17	95	8	116	225	100	228	243	292	240	104	83	154	140	238	148	129	24	2	115	36	60	188	93	68	262	256	223	152	286	194	161	218	200	289	127	255	139	147	38	81	45	264	273	180	227	84	216	30	230	261	219	173	183	87	52	260	16	136	282	287	10	254	174	179	89	233	29	28	270	13	117	171	190	99	245	23	18	201	41	211	237	135	138	37	253	151	56	110	64	195	291	210	290	247	## Ordonnancement
26	## Nombre de tournées
2	2	3	2	3	4	3	4	5	7	8	9	10	14	14	17	17	19	19	22	22	28	27	21	11	7	## Nombre de sites par tournée
80	62	## Tournée 1
43	91	## Tournée 2
177	178	198	## Tournée 3
226	55	## Tournée 4
272	263	134	## Tournée 5
156	11	234	239	## Tournée 6
121	97	4	## Tournée 7
63	267	119	172	## Tournée 8
208	47	46	106	35	## Tournée 9
297	231	271	222	258	296	150	## Tournée 10
252	90	280	20	26	6	67	293	## Tournée 11
220	269	155	32	294	276	39	33	27	## Tournée 12
14	114	281	277	31	278	79	76	203	246	## Tournée 13
193	207	53	86	285	130	77	12	242	160	65	265	266	162	## Tournée 14
298	71	149	7	185	189	102	143	279	268	184	181	167	217	## Tournée 15
9	108	299	61	274	78	112	50	15	96	44	66	144	98	137	212	145	## Tournée 16
3	196	209	300	49	25	257	199	131	126	125	51	54	241	85	103	159	## Tournée 17
192	21	169	275	259	164	92	94	124	221	213	118	133	58	206	191	75	187	224	## Tournée 18
176	73	109	288	251	57	72	1	74	232	236	182	5	22	153	283	197	88	214	## Tournée 19
59	295	142	204	284	69	101	113	205	168	202	70	107	250	141	249	19	248	215	244	158	122	## Tournée 20
170	40	34	229	157	111	120	105	163	17	42	48	123	82	186	235	165	146	175	128	132	166	## Tournée 21
93	100	240	188	256	238	154	129	225	115	104	2	60	148	292	116	262	68	243	228	140	83	95	152	36	223	8	24	## Tournée 22
30	161	227	52	127	218	45	183	255	38	289	286	219	273	84	200	194	87	261	139	173	264	230	147	180	216	81	## Tournée 23
10	23	171	282	233	117	254	260	245	190	287	13	29	99	136	179	270	174	89	28	16	## Tournée 24
201	18	56	151	138	237	135	253	211	41	37	## Tournée 25
195	210	247	110	291	290	64	## Tournée 26
