39097	## Somme des retards
90	## Temps CPU (millisecondes)
82	51	45	68	87	14	98	4	66	8	59	60	94	86	79	24	20	64	97	3	42	53	70	83	74	67	84	61	57	48	28	91	12	47	35	50	69	5	26	10	33	88	85	49	2	43	80	16	52	63	54	30	92	41	62	25	36	44	37	6	19	56	95	15	78	89	18	90	72	21	71	34	11	13	58	17	76	81	27	1	75	46	32	99	22	7	39	100	23	31	38	29	55	65	40	9	96	93	73	77	## Ordonnancement
16	## Nombre de tournées
1	4	2	4	1	4	5	6	6	8	9	10	13	14	9	4	## Nombre de sites par tournée
82	## Tournée 1
68	51	87	45	## Tournée 2
14	98	## Tournée 3
4	59	66	8	## Tournée 4
60	## Tournée 5
79	24	86	94	## Tournée 6
64	20	97	42	3	## Tournée 7
67	53	70	84	83	74	## Tournée 8
48	57	61	91	12	28	## Tournée 9
5	47	35	10	50	33	69	26	## Tournée 10
88	49	80	63	2	43	52	16	85	## Tournée 11
37	62	54	44	30	41	36	6	92	25	## Tournée 12
95	19	78	18	34	89	56	11	72	21	71	90	15	## Tournée 13
58	75	46	32	13	22	27	99	17	81	1	7	76	39	## Tournée 14
9	23	31	40	29	55	100	65	38	## Tournée 15
96	77	73	93	## Tournée 16
