175148	## Somme des retards
490	## Temps CPU (millisecondes)
16	198	37	142	25	123	49	30	167	39	5	41	67	101	60	151	13	7	112	134	82	47	69	119	176	120	44	106	80	2	192	172	173	53	76	156	164	157	31	126	188	187	45	20	131	149	161	185	159	125	27	29	54	190	3	118	175	137	197	136	186	79	200	35	88	55	170	138	87	62	115	22	58	97	24	113	191	195	48	72	93	141	14	92	70	34	6	155	158	150	124	33	181	194	174	26	57	61	139	10	21	122	15	19	12	59	96	1	78	99	133	103	166	109	183	95	121	36	108	168	145	199	90	107	128	86	127	81	160	129	153	84	17	135	46	38	152	105	75	74	144	64	100	140	98	171	9	132	73	130	179	65	104	94	102	56	111	148	154	43	177	4	196	146	116	110	32	42	163	178	189	23	50	162	182	89	77	52	8	63	51	184	68	143	85	18	165	11	169	117	114	91	180	28	66	83	147	71	193	40	## Ordonnancement
23	## Nombre de tournées
2	1	2	5	2	4	4	6	6	9	8	13	8	11	12	14	17	20	15	18	14	6	3	## Nombre de sites par tournée
16	198	## Tournée 1
37	## Tournée 2
142	25	## Tournée 3
49	167	123	30	39	## Tournée 4
5	41	## Tournée 5
67	151	101	60	## Tournée 6
112	134	13	7	## Tournée 7
120	176	69	47	119	82	## Tournée 8
2	106	192	44	172	80	## Tournée 9
173	53	31	157	156	164	76	126	188	## Tournée 10
149	161	45	187	185	159	131	20	## Tournée 11
54	190	29	186	137	125	27	118	136	79	175	197	3	## Tournée 12
170	55	35	62	200	138	87	88	## Tournée 13
195	72	97	115	93	48	24	191	58	113	22	## Tournée 14
181	124	33	6	14	150	70	155	92	141	34	158	## Tournée 15
21	10	57	12	96	139	19	122	194	59	61	15	26	174	## Tournée 16
145	168	183	90	95	103	99	78	36	107	108	133	109	1	199	121	166	## Tournée 17
86	38	127	128	153	46	100	105	17	129	75	74	144	140	64	81	84	152	135	160	## Tournée 18
179	130	9	94	73	102	111	65	98	171	154	132	56	104	148	## Tournée 19
42	146	162	4	89	116	178	177	182	23	196	189	32	110	50	43	163	77	## Tournée 20
18	51	85	117	165	184	169	68	114	63	8	143	11	52	## Tournée 21
83	180	91	147	28	66	## Tournée 22
193	71	40	## Tournée 23
