38668	## Somme des retards
270	## Temps CPU (millisecondes)
86	114	69	99	129	138	134	27	103	147	119	133	108	42	128	97	56	25	132	105	29	95	30	19	14	24	82	111	63	62	89	57	78	123	94	8	96	81	120	87	135	130	137	15	113	67	124	33	93	55	64	79	71	40	54	127	17	88	4	150	125	85	80	91	148	112	83	45	9	36	110	101	11	104	131	49	5	75	10	140	118	35	145	115	16	32	70	46	107	100	39	37	77	48	21	122	38	28	73	84	22	66	136	102	41	12	90	20	98	59	1	144	142	92	47	58	61	34	53	109	139	44	143	26	3	18	76	7	43	31	52	117	6	68	106	50	65	116	149	13	72	126	2	121	74	23	51	146	141	60	## Ordonnancement
19	## Nombre de tournées
2	2	3	2	2	4	6	4	7	12	9	15	18	14	15	15	12	4	4	## Nombre de sites par tournée
114	86	## Tournée 1
69	99	## Tournée 2
134	138	129	## Tournée 3
103	27	## Tournée 4
119	147	## Tournée 5
128	108	42	133	## Tournée 6
25	56	132	97	29	105	## Tournée 7
30	95	19	14	## Tournée 8
63	111	89	62	57	82	24	## Tournée 9
130	94	96	81	120	15	137	123	78	87	8	135	## Tournée 10
93	113	55	33	71	64	79	124	67	## Tournée 11
148	91	80	17	112	127	40	88	4	150	125	54	83	85	45	## Tournée 12
10	115	104	35	110	16	9	140	11	145	75	36	131	49	101	32	5	118	## Tournée 13
122	100	37	84	77	21	38	48	70	46	39	73	28	107	## Tournée 14
12	92	41	66	90	47	142	98	136	20	59	1	144	102	22	## Tournée 15
139	3	26	143	34	58	53	18	61	109	7	43	76	31	44	## Tournée 16
72	65	116	126	13	117	52	50	6	149	68	106	## Tournée 17
23	2	74	121	## Tournée 18
141	146	51	60	## Tournée 19
