78462	## Somme des retards
480	## Temps CPU (millisecondes)
37	29	129	205	160	213	53	79	71	88	212	228	207	102	124	204	50	128	226	196	47	134	171	140	81	172	151	11	223	173	76	43	30	146	206	166	68	101	158	200	94	38	132	98	169	49	126	162	13	227	152	229	238	119	231	164	175	27	153	210	42	216	35	104	107	72	149	176	161	48	209	235	143	7	19	103	159	34	16	89	199	73	51	125	135	147	215	122	14	54	55	40	2	36	133	74	6	75	246	121	163	243	25	41	64	179	232	248	155	57	198	190	211	156	225	203	97	83	118	183	65	4	181	142	77	178	67	21	145	33	154	61	1	193	62	245	111	150	112	12	78	23	234	233	18	197	93	189	117	237	137	217	31	95	84	138	108	56	240	208	66	236	191	170	139	116	63	250	96	100	249	168	131	230	239	70	99	92	91	86	120	80	113	224	59	44	130	22	115	46	165	241	201	192	127	39	60	247	219	214	180	17	85	26	141	144	195	186	202	221	194	52	5	24	28	69	218	182	45	15	174	244	110	148	58	20	8	242	105	9	188	3	157	87	114	220	90	222	184	82	32	109	123	187	10	106	136	177	185	167	## Ordonnancement
20	## Nombre de tournées
2	1	3	5	6	7	10	9	12	14	17	14	16	19	20	22	26	25	18	4	## Nombre de sites par tournée
29	37	## Tournée 1
129	## Tournée 2
160	213	205	## Tournée 3
79	88	212	71	53	## Tournée 4
102	207	124	228	204	50	## Tournée 5
226	140	134	128	171	196	47	## Tournée 6
43	146	151	76	11	172	173	30	223	81	## Tournée 7
68	158	206	166	94	101	200	132	38	## Tournée 8
119	162	227	238	98	126	231	169	13	49	152	229	## Tournée 9
107	149	72	176	42	175	210	216	153	27	35	161	104	164	## Tournée 10
209	147	143	16	48	89	135	125	103	51	199	34	7	19	159	73	235	## Tournée 11
215	2	55	133	6	14	246	74	121	36	54	40	75	122	## Tournée 12
155	41	57	190	179	232	211	225	198	156	203	243	163	25	248	64	## Tournée 13
21	65	97	1	118	142	33	178	77	183	181	4	145	83	193	154	61	67	62	## Tournée 14
93	197	112	31	234	237	23	117	217	233	84	245	95	150	189	137	12	111	78	18	## Tournée 15
139	70	191	236	131	208	96	116	100	99	249	230	66	240	138	63	170	56	250	168	108	239	## Tournée 16
115	201	60	241	192	80	46	130	44	180	39	247	86	113	219	85	127	17	59	120	165	22	92	224	214	91	## Tournée 17
58	69	15	8	141	144	24	110	202	26	52	244	186	221	194	174	148	5	195	45	242	28	20	218	182	## Tournée 18
123	9	157	82	184	106	3	114	90	220	222	187	109	188	105	87	32	10	## Tournée 19
136	167	177	185	## Tournée 20
