393910	## Somme des retards
300	## Temps CPU (millisecondes)
272	67	200	293	178	227	33	30	190	228	31	292	69	165	295	230	45	73	164	181	243	97	223	209	158	133	277	50	92	72	129	123	249	288	16	37	284	241	191	82	83	252	17	10	285	80	100	38	204	8	183	126	107	173	251	6	19	110	176	282	120	153	136	189	245	47	213	275	170	235	205	119	138	24	186	210	198	225	85	219	105	70	54	149	246	3	159	248	116	177	270	247	232	297	84	155	65	52	57	96	102	23	163	32	1	168	63	269	262	62	104	187	196	161	108	103	294	160	179	211	114	90	26	2	48	162	113	142	125	78	240	28	13	66	127	256	218	229	79	131	81	43	75	197	172	35	27	106	242	180	9	59	280	15	88	267	273	144	236	151	77	195	14	289	146	145	278	40	221	231	56	74	203	217	226	139	281	61	259	258	93	254	150	171	132	29	214	141	296	21	194	253	174	53	216	265	299	18	220	152	55	239	130	157	60	44	276	134	112	199	154	95	11	212	202	201	128	264	22	137	51	115	182	20	68	291	4	290	89	215	121	279	167	109	283	193	140	111	268	25	117	147	58	261	156	233	12	222	99	7	287	169	257	98	255	39	238	46	185	71	101	300	184	34	175	207	76	124	234	286	208	36	94	143	206	263	224	42	166	5	87	135	118	41	298	192	250	271	91	260	244	237	274	49	64	148	86	122	266	188	## Ordonnancement
25	## Nombre de tournées
1	1	3	2	3	4	6	8	8	8	11	11	12	15	16	19	17	19	22	26	24	25	29	8	2	## Nombre de sites par tournée
272	## Tournée 1
67	## Tournée 2
293	178	200	## Tournée 3
33	227	## Tournée 4
228	190	30	## Tournée 5
69	292	165	31	## Tournée 6
230	295	73	181	164	45	## Tournée 7
209	50	223	277	97	133	158	243	## Tournée 8
123	92	288	249	16	129	37	72	## Tournée 9
82	17	83	241	284	252	191	10	## Tournée 10
100	173	251	8	285	38	80	204	107	126	183	## Tournée 11
189	176	120	245	136	110	6	47	19	153	282	## Tournée 12
275	235	24	198	186	205	138	213	225	119	210	170	## Tournée 13
246	105	219	85	159	247	177	149	232	54	116	3	270	70	248	## Tournée 14
65	23	269	84	1	168	63	155	262	163	102	52	32	57	297	96	## Tournée 15
104	161	114	62	103	26	160	196	142	48	187	2	211	162	294	90	179	113	108	## Tournée 16
43	66	79	78	256	131	13	75	218	240	172	81	229	127	197	125	28	## Tournée 17
59	195	267	273	77	35	27	180	280	242	14	144	289	151	15	236	88	9	106	## Tournée 18
203	74	93	139	221	217	259	281	226	258	29	56	132	171	61	40	231	145	150	146	278	254	## Tournée 19
141	21	216	44	60	299	55	265	194	53	276	214	18	199	296	157	134	152	112	239	174	95	253	220	130	154	## Tournée 20
202	283	115	264	182	20	291	109	22	89	167	290	201	193	128	121	212	68	279	215	51	11	4	137	## Tournée 21
140	101	98	147	233	25	58	238	268	169	99	287	7	39	156	71	255	261	117	46	185	12	257	222	111	## Tournée 22
76	184	192	298	91	41	250	36	175	263	206	135	208	94	286	224	260	166	87	5	124	234	207	34	42	118	143	271	300	## Tournée 23
122	244	49	274	64	237	148	86	## Tournée 24
188	266	## Tournée 25
