48329	## Somme des retards
180	## Temps CPU (millisecondes)
149	16	87	2	138	51	144	50	88	116	115	102	99	10	111	31	107	17	40	38	60	5	20	130	32	9	108	148	84	45	106	127	105	132	123	29	112	48	70	25	53	93	6	131	134	82	44	142	1	125	121	72	33	140	103	14	73	22	36	26	43	117	55	78	133	143	13	34	11	119	3	15	136	35	139	150	12	46	135	122	76	145	92	83	114	90	126	104	65	7	124	100	27	79	54	75	128	41	85	118	4	81	71	95	58	57	49	30	141	59	110	63	98	137	19	146	47	101	42	69	97	61	28	109	86	56	18	64	94	39	24	80	67	89	77	129	37	113	147	120	23	96	21	74	52	8	91	68	66	62	## Ordonnancement
19	## Nombre de tournées
1	1	1	2	3	5	2	6	7	8	10	13	16	14	17	17	15	9	3	## Nombre de sites par tournée
149	## Tournée 1
16	## Tournée 2
87	## Tournée 3
138	2	## Tournée 4
144	51	50	## Tournée 5
115	88	99	102	116	## Tournée 6
10	111	## Tournée 7
107	31	60	38	40	17	## Tournée 8
148	32	9	5	20	108	130	## Tournée 9
29	123	45	106	84	132	127	105	## Tournée 10
53	48	134	82	25	131	70	6	93	112	## Tournée 11
14	121	73	36	1	22	140	72	33	44	103	125	142	## Tournée 12
26	133	55	11	139	136	35	119	78	13	143	15	117	34	43	3	## Tournée 13
92	114	150	145	126	76	122	83	46	12	135	104	65	90	## Tournée 14
100	57	75	4	81	128	54	118	58	7	79	124	85	95	71	27	41	## Tournée 15
42	49	137	63	28	110	141	101	146	69	59	47	61	98	19	97	30	## Tournée 16
86	80	94	24	109	113	56	67	129	37	64	39	89	18	77	## Tournée 17
52	120	147	8	74	23	21	91	96	## Tournée 18
68	62	66	## Tournée 19
