45713	## Somme des retards
30	## Temps CPU (millisecondes)
58	42	83	10	11	17	67	12	90	64	57	37	96	26	68	19	66	40	86	95	82	100	24	53	44	39	50	81	78	30	98	70	84	4	71	41	46	7	31	54	8	5	72	29	48	87	18	73	1	9	91	93	21	49	85	51	62	13	27	22	20	60	88	94	23	38	36	79	99	63	34	77	6	2	14	65	52	76	69	25	75	15	3	35	33	47	43	80	55	59	28	92	45	74	89	56	61	16	32	97	## Ordonnancement
14	## Nombre de tournées
1	1	2	3	7	8	5	11	11	12	14	12	11	2	## Nombre de sites par tournée
58	## Tournée 1
42	## Tournée 2
83	10	## Tournée 3
11	67	17	## Tournée 4
90	57	12	64	37	96	26	## Tournée 5
100	86	40	19	82	66	68	95	## Tournée 6
44	50	39	24	53	## Tournée 7
98	41	30	4	78	84	81	46	71	70	7	## Tournée 8
8	48	18	31	5	29	54	72	87	1	73	## Tournée 9
62	13	93	49	27	9	22	91	20	85	21	51	## Tournée 10
94	2	99	34	60	23	14	36	79	38	88	6	77	63	## Tournée 11
35	25	76	52	69	33	65	43	47	75	3	15	## Tournée 12
61	89	56	28	16	74	92	59	45	80	55	## Tournée 13
32	97	## Tournée 14
