130824	## Somme des retards
90	## Temps CPU (millisecondes)
55	49	122	35	148	128	103	91	89	25	3	40	142	43	121	129	115	66	144	26	102	140	10	69	137	13	36	118	37	62	39	71	12	65	119	78	20	27	74	53	95	11	93	47	50	110	7	44	99	113	112	28	105	72	109	106	127	143	5	2	133	64	68	126	125	42	32	1	29	33	116	94	81	70	51	14	15	141	131	54	96	134	111	57	4	61	24	97	45	150	146	124	21	130	59	52	86	132	149	9	100	145	34	8	88	6	108	19	85	73	16	139	107	18	38	136	104	123	22	80	83	48	76	90	60	135	17	75	67	117	46	87	58	82	92	114	147	101	30	41	98	31	79	63	120	138	56	77	84	23	## Ordonnancement
19	## Nombre de tournées
1	1	2	3	3	5	5	4	7	8	7	10	12	12	16	14	18	16	6	## Nombre de sites par tournée
55	## Tournée 1
49	## Tournée 2
35	122	## Tournée 3
128	148	103	## Tournée 4
91	25	89	## Tournée 5
142	40	121	43	3	## Tournée 6
144	129	26	66	115	## Tournée 7
10	140	69	102	## Tournée 8
37	13	118	62	137	36	39	## Tournée 9
74	12	20	65	71	78	119	27	## Tournée 10
110	95	53	11	50	93	47	## Tournée 11
112	7	44	99	106	113	109	72	105	28	## Tournée 12
126	143	127	1	42	133	125	5	68	64	2	32	## Tournée 13
33	70	29	54	15	51	131	94	81	14	141	116	## Tournée 14
146	24	61	111	4	134	150	97	124	45	59	96	52	130	57	21	## Tournée 15
132	86	19	85	88	145	9	8	34	149	100	108	73	6	## Tournée 16
22	107	90	18	123	135	104	83	16	60	136	38	76	75	80	139	48	17	## Tournée 17
114	67	87	92	117	63	46	31	30	101	147	98	58	41	82	79	## Tournée 18
120	77	138	56	84	23	## Tournée 19
