171893	## Somme des retards
540	## Temps CPU (millisecondes)
144	141	154	44	45	74	31	2	200	168	42	195	132	35	25	114	20	27	76	43	99	165	160	127	98	188	60	139	193	64	133	17	140	72	34	172	119	81	87	111	146	138	157	63	77	101	66	23	173	110	36	180	100	73	184	108	175	84	171	40	93	47	104	131	136	112	95	11	69	6	79	197	148	155	120	199	103	96	86	7	116	49	54	152	57	128	48	1	28	51	170	41	58	198	186	177	185	9	134	19	130	174	8	68	56	151	33	176	115	142	12	55	149	15	24	147	137	158	38	78	18	117	3	109	179	169	102	143	82	123	32	189	16	192	178	118	145	46	91	159	89	126	13	153	105	62	135	21	39	30	80	37	194	162	124	166	67	75	90	65	4	53	191	107	26	163	50	183	92	196	22	59	122	187	106	14	71	83	10	161	167	150	190	156	52	121	182	125	88	94	181	113	70	85	129	61	164	29	5	97	## Ordonnancement
21	## Nombre de tournées
1	3	4	1	4	4	5	7	8	10	12	10	15	14	19	17	21	20	14	8	3	## Nombre de sites par tournée
144	## Tournée 1
154	44	141	## Tournée 2
45	31	74	2	## Tournée 3
200	## Tournée 4
195	132	168	42	## Tournée 5
114	25	35	20	## Tournée 6
99	76	165	43	27	## Tournée 7
139	98	60	188	193	127	160	## Tournée 8
64	140	72	172	119	34	133	17	## Tournée 9
101	146	77	138	157	87	81	111	63	66	## Tournée 10
110	184	108	73	23	36	100	173	175	171	84	180	## Tournée 11
47	40	104	131	136	95	69	112	11	93	## Tournée 12
96	79	199	148	103	120	152	54	7	49	6	155	197	116	86	## Tournée 13
186	185	48	41	1	177	28	51	58	57	170	128	198	9	## Tournée 14
142	151	174	33	24	15	8	149	68	147	56	134	55	19	115	130	137	176	12	## Tournée 15
78	189	16	38	158	117	143	102	123	169	82	3	179	109	32	192	18	## Tournée 16
145	135	159	30	126	46	178	118	37	194	105	124	21	162	13	80	91	153	39	89	62	## Tournée 17
187	67	90	92	75	196	191	59	65	53	26	50	106	166	122	4	183	107	22	163	## Tournée 18
190	182	83	121	125	150	167	71	14	52	156	88	10	161	## Tournée 19
61	113	85	181	70	164	94	129	## Tournée 20
29	5	97	## Tournée 21
