40025	## Somme des retards
70	## Temps CPU (millisecondes)
78	76	72	49	20	89	31	28	24	55	46	88	40	56	10	81	35	73	47	75	27	82	99	33	9	86	5	92	41	64	83	54	15	91	95	52	43	58	61	42	90	80	1	22	17	66	67	2	3	100	94	8	57	62	87	60	18	53	74	44	93	16	13	19	79	29	68	6	50	69	77	51	45	63	4	71	32	97	39	96	14	34	98	48	21	26	65	84	85	11	70	38	7	25	37	23	36	59	30	12	## Ordonnancement
15	## Nombre de tournées
1	2	1	4	4	6	5	7	8	12	14	11	12	10	3	## Nombre de sites par tournée
78	## Tournée 1
72	76	## Tournée 2
49	## Tournée 3
89	20	31	28	## Tournée 4
88	24	46	55	## Tournée 5
35	73	56	10	40	81	## Tournée 6
99	75	27	82	47	## Tournée 7
64	92	33	9	5	86	41	## Tournée 8
83	54	91	58	52	15	95	43	## Tournée 9
61	67	1	90	2	66	17	80	3	22	42	100	## Tournée 10
19	16	18	74	57	62	60	93	87	13	94	8	53	44	## Tournée 11
77	79	6	4	63	69	29	68	50	45	51	## Tournée 12
32	48	96	26	98	34	65	21	71	14	39	97	## Tournée 13
85	25	36	7	11	23	38	37	70	84	## Tournée 14
30	12	59	## Tournée 15
