190104	## Somme des retards
670	## Temps CPU (millisecondes)
251	149	243	201	111	269	184	5	129	293	290	250	266	4	152	100	93	54	62	94	235	16	120	28	97	172	255	225	194	116	196	277	244	267	183	150	242	252	110	188	187	77	75	103	191	119	215	257	295	198	73	258	271	283	98	185	135	130	134	123	220	264	249	268	199	234	92	292	11	155	238	44	132	67	82	10	118	273	275	300	13	261	229	43	272	102	31	20	49	173	233	232	286	151	192	36	105	57	167	8	224	141	210	226	157	106	254	46	222	51	247	47	114	168	95	193	108	144	7	109	203	296	9	39	165	202	52	133	12	161	128	71	189	288	68	131	6	72	139	265	227	159	179	180	276	223	284	230	19	89	274	29	81	212	218	64	101	90	76	74	297	17	86	147	21	136	248	245	219	289	3	279	117	294	181	166	281	38	70	145	171	209	182	15	56	154	115	138	99	41	287	78	48	158	164	22	262	50	104	285	156	58	169	55	174	35	66	253	91	83	259	190	32	239	112	299	207	18	208	213	246	241	63	217	237	26	30	107	221	61	140	85	175	170	80	195	24	25	204	278	33	34	146	40	124	37	121	176	186	163	45	127	205	1	53	160	96	197	79	122	211	137	69	216	263	142	162	87	84	42	206	260	27	231	65	177	113	125	282	270	200	291	240	280	298	126	256	60	148	153	2	23	214	228	14	178	236	143	88	59	## Ordonnancement
25	## Nombre de tournées
1	1	1	1	2	3	5	6	6	9	9	13	11	18	16	16	20	25	18	26	24	25	25	18	1	## Nombre de sites par tournée
251	## Tournée 1
149	## Tournée 2
243	## Tournée 3
201	## Tournée 4
269	111	## Tournée 5
129	5	184	## Tournée 6
250	290	266	293	4	## Tournée 7
62	152	54	100	93	94	## Tournée 8
235	120	28	16	172	97	## Tournée 9
225	267	196	255	194	116	277	244	183	## Tournée 10
187	103	110	252	242	77	150	75	188	## Tournée 11
295	73	257	198	215	271	135	283	185	258	98	119	191	## Tournée 12
130	264	220	92	123	234	199	134	292	249	268	## Tournée 13
155	67	43	11	272	82	10	261	300	238	102	132	273	44	229	13	275	118	## Tournée 14
36	141	167	105	224	233	49	57	151	20	232	31	173	192	8	286	## Tournée 15
168	47	247	222	210	193	106	157	108	254	226	46	114	51	144	95	## Tournée 16
189	161	68	128	165	203	7	202	9	39	71	6	133	109	12	72	52	288	131	296	## Tournée 17
218	139	81	223	179	90	212	297	284	76	159	64	180	227	89	274	86	19	265	29	17	101	74	230	276	## Tournée 18
281	136	279	38	147	171	70	219	166	181	145	289	294	21	3	117	248	245	## Tournée 19
262	35	154	78	169	209	182	104	55	15	285	156	58	66	22	99	41	50	56	287	158	48	115	138	174	164	## Tournée 20
259	91	107	239	112	63	83	61	190	208	32	241	299	207	18	253	30	213	140	217	237	246	26	221	## Tournée 21
53	170	85	24	34	124	37	80	163	45	195	127	121	204	176	146	186	33	175	40	25	278	160	205	1	## Tournée 22
270	206	211	162	96	197	216	27	125	263	231	260	282	65	87	113	79	177	84	200	142	122	69	42	137	## Tournée 23
153	228	240	148	298	214	280	23	291	236	143	88	60	14	178	2	256	126	## Tournée 24
59	## Tournée 25
