95786	## Somme des retards
240	## Temps CPU (millisecondes)
29	25	120	27	47	112	72	95	26	88	159	104	195	15	149	5	167	157	8	50	76	133	196	179	172	16	142	106	22	45	75	163	12	124	150	80	102	17	18	36	105	49	192	140	146	69	158	101	171	116	60	90	100	125	28	97	190	143	193	89	56	155	44	147	135	103	42	2	178	156	198	191	123	96	63	152	83	70	51	66	188	78	84	65	7	98	166	126	115	200	53	134	160	55	46	94	121	54	184	199	109	38	122	35	194	43	154	161	87	10	74	108	119	93	3	64	132	168	117	37	186	114	67	34	73	175	13	6	59	52	182	79	131	162	113	181	111	189	39	127	130	11	183	23	197	144	177	20	61	138	33	176	24	153	77	19	136	58	107	99	118	30	31	81	9	91	4	185	170	141	169	137	86	187	1	110	165	21	145	68	41	180	128	173	62	14	32	85	40	92	151	174	148	129	139	57	164	82	71	48	## Ordonnancement
21	## Nombre de tournées
1	2	2	3	3	4	3	8	7	11	10	14	16	19	17	20	18	21	15	5	1	## Nombre de sites par tournée
29	## Tournée 1
120	25	## Tournée 2
27	47	## Tournée 3
112	95	72	## Tournée 4
159	88	26	## Tournée 5
149	15	195	104	## Tournée 6
167	157	5	## Tournée 7
172	196	8	133	50	16	76	179	## Tournée 8
75	12	142	106	22	45	163	## Tournée 9
17	124	192	140	102	105	18	49	36	150	80	## Tournée 10
90	158	116	69	100	101	60	171	125	146	## Tournée 11
56	28	135	42	190	44	147	97	193	103	143	155	2	89	## Tournée 12
188	66	51	191	78	96	70	178	83	123	198	156	152	63	84	65	## Tournée 13
54	7	200	115	126	38	199	109	46	94	122	121	184	55	160	98	134	53	166	## Tournée 14
132	108	64	87	43	10	119	194	37	35	117	154	161	74	168	93	3	## Tournée 15
186	73	182	39	175	181	189	34	162	67	6	79	113	127	13	111	59	114	52	131	## Tournée 16
58	177	23	11	24	144	197	61	176	20	183	130	138	19	153	136	33	77	## Tournée 17
81	1	86	170	145	99	31	9	137	91	141	165	185	169	30	21	118	110	4	107	187	## Tournée 18
148	174	173	32	41	85	68	180	151	129	14	62	92	128	40	## Tournée 19
57	71	164	139	82	## Tournée 20
48	## Tournée 21
