99563	## Somme des retards
440	## Temps CPU (millisecondes)
137	104	183	12	51	229	262	76	136	16	97	245	143	71	40	293	7	110	141	132	138	86	298	266	277	198	214	184	146	109	252	273	157	181	202	274	127	195	119	60	50	68	43	101	128	250	111	95	285	94	63	5	13	73	254	166	216	209	32	241	244	151	26	246	106	155	191	291	102	160	79	231	280	27	92	226	255	65	114	164	162	249	14	89	107	85	188	295	176	213	275	147	57	203	158	296	287	276	9	108	144	1	205	117	201	99	30	125	4	232	292	83	123	82	279	237	197	105	234	163	186	131	265	96	204	142	113	290	91	41	156	135	45	24	170	88	168	182	271	190	178	272	52	74	145	207	10	21	173	2	59	240	37	67	8	84	236	208	185	212	169	161	98	218	268	93	33	300	247	283	210	270	22	289	257	80	31	256	211	25	152	297	215	29	139	62	189	115	47	49	58	28	224	154	269	282	206	179	6	81	172	124	118	194	23	180	56	133	258	288	149	177	192	165	264	150	36	90	175	3	18	253	140	294	126	174	34	261	238	42	72	267	55	35	171	222	11	159	87	220	196	286	122	54	134	242	284	103	148	17	77	153	233	15	299	78	66	278	251	228	69	281	239	217	248	130	19	187	70	235	46	227	129	219	20	221	116	223	121	230	100	260	75	167	48	243	61	225	259	112	120	44	199	200	38	263	64	39	53	193	## Ordonnancement
21	## Nombre de tournées
3	1	2	4	7	6	8	9	13	13	15	15	18	23	23	21	25	29	32	25	8	## Nombre de sites par tournée
104	183	137	## Tournée 1
12	## Tournée 2
51	229	## Tournée 3
262	76	16	136	## Tournée 4
7	40	245	71	143	293	97	## Tournée 5
110	141	138	86	298	132	## Tournée 6
198	109	252	277	214	184	266	146	## Tournée 7
195	60	274	273	157	181	127	119	202	## Tournée 8
285	50	63	128	68	95	250	13	43	111	94	101	5	## Tournée 9
246	155	26	32	151	166	244	73	216	254	241	209	106	## Tournée 10
164	114	191	102	226	92	231	160	255	291	79	162	280	27	65	## Tournée 11
296	176	213	107	275	85	203	57	89	295	249	147	188	158	14	## Tournée 12
83	1	201	276	82	205	125	9	144	4	108	232	123	117	30	287	99	292	## Tournée 13
24	135	131	234	91	113	88	142	197	163	168	105	96	279	41	45	237	290	156	186	170	265	204	## Tournée 14
59	52	21	67	212	272	185	190	8	178	182	2	208	145	240	173	10	271	74	207	236	37	84	## Tournée 15
210	93	289	256	22	270	268	98	31	161	211	247	25	283	33	300	152	257	80	169	218	## Tournée 16
49	62	28	81	179	172	206	269	154	47	189	297	23	6	115	118	58	29	194	215	124	224	282	139	180	## Tournée 17
18	175	149	264	261	192	165	56	294	72	34	3	177	288	174	140	35	90	258	133	42	55	238	171	36	150	126	253	267	## Tournée 18
77	217	239	103	122	159	278	78	148	233	66	284	130	11	15	153	220	196	222	134	242	299	251	54	228	286	69	19	281	17	248	87	## Tournée 19
187	70	260	116	121	227	235	223	221	129	225	259	243	230	48	112	75	20	167	44	219	100	61	120	46	## Tournée 20
193	38	53	39	64	263	199	200	## Tournée 21
