78937	## Somme des retards
190	## Temps CPU (millisecondes)
22	138	127	109	50	74	101	71	139	142	34	45	117	81	112	123	3	13	99	118	116	68	2	1	57	26	77	131	43	29	73	105	124	128	114	143	51	144	66	37	60	149	108	136	39	27	65	93	31	80	35	126	132	95	90	140	125	67	102	58	11	120	33	76	137	36	46	42	92	21	122	12	113	25	41	106	97	82	86	91	16	19	6	10	64	30	107	38	55	47	94	83	7	134	24	145	14	104	20	146	59	115	88	141	69	78	129	61	56	5	32	96	147	110	75	54	8	89	53	103	70	100	18	17	9	98	87	52	150	28	135	72	148	130	119	121	49	4	15	79	62	133	23	111	48	84	44	40	63	85	## Ordonnancement
17	## Nombre de tournées
4	3	4	5	7	6	8	10	12	12	11	14	16	17	14	6	1	## Nombre de sites par tournée
109	22	138	127	## Tournée 1
74	101	50	## Tournée 2
139	142	71	34	## Tournée 3
81	123	112	45	117	## Tournée 4
2	118	99	3	68	13	116	## Tournée 5
77	1	57	43	26	131	## Tournée 6
143	114	73	128	51	124	105	29	## Tournée 7
39	136	144	108	149	65	66	27	37	60	## Tournée 8
31	80	102	125	140	67	95	132	90	93	126	35	## Tournée 9
120	122	92	11	46	42	21	36	33	76	58	137	## Tournée 10
16	25	91	82	106	86	12	41	97	19	113	## Tournée 11
64	94	10	7	83	47	38	55	24	30	6	145	134	107	## Tournée 12
115	20	88	5	96	146	32	129	69	56	104	14	141	59	78	61	## Tournée 13
100	110	52	150	87	9	147	18	70	89	75	54	17	103	53	8	98	## Tournée 14
133	79	4	135	49	62	119	148	28	72	15	23	121	130	## Tournée 15
40	44	63	84	48	111	## Tournée 16
85	## Tournée 17
