87790	## Somme des retards
280	## Temps CPU (millisecondes)
19	45	6	124	22	65	80	97	122	29	87	138	42	10	47	12	141	105	16	117	52	134	139	127	70	27	46	63	7	73	20	95	106	110	33	8	114	128	147	34	96	49	149	88	83	24	90	136	71	28	40	31	53	131	112	25	135	21	125	94	41	93	44	145	14	148	1	92	64	107	75	60	79	17	38	104	98	113	118	15	137	109	69	76	116	129	111	140	85	108	51	68	2	121	133	58	120	100	150	72	84	143	142	36	39	56	99	77	78	74	103	9	11	130	50	101	18	82	37	48	32	59	3	86	123	91	67	30	119	66	26	43	62	132	61	102	13	54	89	55	4	5	35	57	81	144	115	126	23	146	## Ordonnancement
20	## Nombre de tournées
2	2	2	2	3	2	4	3	7	7	8	13	11	11	11	15	17	14	12	4	## Nombre de sites par tournée
45	19	## Tournée 1
124	6	## Tournée 2
65	22	## Tournée 3
97	80	## Tournée 4
87	122	29	## Tournée 5
42	138	## Tournée 6
47	10	12	141	## Tournée 7
117	16	105	## Tournée 8
27	46	127	134	70	139	52	## Tournée 9
63	110	106	7	20	95	73	## Tournée 10
33	49	114	128	147	34	8	96	## Tournée 11
53	40	131	71	90	136	31	28	24	83	112	149	88	## Tournée 12
135	145	125	44	41	14	25	21	148	94	93	## Tournée 13
104	1	107	98	60	17	38	79	75	92	64	## Tournée 14
116	111	113	15	76	129	118	140	109	69	137	## Tournée 15
121	84	100	120	68	133	2	142	108	150	85	143	51	72	58	## Tournée 16
82	18	101	56	36	74	103	130	50	11	78	48	39	77	99	37	9	## Tournée 17
86	26	91	30	67	66	59	43	62	119	123	3	132	32	## Tournée 18
5	81	55	35	4	102	89	61	144	13	57	54	## Tournée 19
115	146	126	23	## Tournée 20
