457856	## Somme des retards
400	## Temps CPU (millisecondes)
296	104	80	186	262	20	265	293	24	289	157	188	51	48	139	282	66	63	243	15	135	171	68	26	300	96	35	1	233	129	109	277	160	222	177	16	46	162	174	128	281	299	36	127	100	217	286	120	71	252	295	183	145	224	55	89	23	235	113	39	7	272	149	67	182	225	125	27	110	49	249	154	54	92	197	279	116	18	22	147	117	231	191	240	239	53	82	76	288	152	165	236	103	173	86	207	93	64	274	121	232	124	91	47	206	164	77	273	214	201	6	87	181	57	237	158	155	247	13	50	245	3	263	4	52	220	159	30	106	151	285	38	209	43	132	83	219	298	130	226	143	283	107	45	264	204	138	134	70	205	144	44	122	81	179	9	185	163	32	266	268	184	170	193	85	254	271	176	95	78	246	244	167	74	228	257	11	212	261	40	276	56	65	84	12	73	234	238	270	126	202	21	118	251	61	97	153	29	278	115	75	119	253	259	195	267	2	198	142	112	146	31	211	123	221	280	192	269	101	256	156	79	292	169	287	227	60	172	166	275	59	99	62	41	25	187	14	8	196	133	58	230	28	88	10	178	175	42	161	223	284	297	105	34	258	102	114	216	208	19	168	137	72	290	190	210	291	17	189	108	242	140	141	229	148	199	98	241	203	250	255	90	131	33	136	194	248	94	200	37	5	218	69	294	111	213	260	215	180	150	## Ordonnancement
26	## Nombre de tournées
1	2	2	2	3	4	4	5	7	8	9	9	10	10	12	13	17	18	20	21	22	24	22	29	21	5	## Nombre de sites par tournée
296	## Tournée 1
80	104	## Tournée 2
262	186	## Tournée 3
265	20	## Tournée 4
293	289	24	## Tournée 5
48	157	51	188	## Tournée 6
139	66	282	63	## Tournée 7
135	15	243	68	171	## Tournée 8
35	96	1	129	26	233	300	## Tournée 9
277	160	222	16	177	162	46	109	## Tournée 10
127	281	286	217	174	100	36	128	299	## Tournée 11
295	89	183	145	120	55	252	71	224	## Tournée 12
39	235	7	23	182	149	272	67	225	113	## Tournée 13
110	54	92	125	249	197	279	27	49	154	## Tournée 14
117	147	22	231	191	18	239	76	53	116	82	240	## Tournée 15
288	86	64	93	165	274	121	103	173	207	232	152	236	## Tournée 16
124	247	6	91	181	87	155	206	164	201	47	273	237	158	214	57	77	## Tournée 17
132	209	245	38	83	106	52	263	285	30	220	159	4	13	50	43	3	151	## Tournée 18
44	264	205	70	45	143	219	122	134	9	107	283	298	204	81	138	179	226	130	144	## Tournée 19
257	246	254	170	11	193	32	163	184	176	185	268	244	228	95	78	167	266	74	85	271	## Tournée 20
84	97	276	251	29	261	12	212	56	153	40	238	202	118	126	65	21	270	73	61	278	234	## Tournée 21
79	75	211	123	195	101	280	221	2	267	156	146	259	112	115	253	142	292	269	198	31	192	256	119	## Tournée 22
60	62	287	166	169	25	41	10	58	230	275	133	196	187	99	227	28	14	8	59	172	88	## Tournée 23
208	102	189	223	140	229	290	216	284	42	141	291	72	161	17	108	178	105	19	258	114	210	242	175	168	34	190	137	297	## Tournée 24
250	294	131	255	200	241	90	33	37	194	218	5	148	94	199	203	136	98	248	69	111	## Tournée 25
150	213	215	180	260	## Tournée 26
