36282	## Somme des retards
170	## Temps CPU (millisecondes)
115	5	52	76	138	16	48	79	132	32	142	82	143	10	105	20	70	58	150	29	85	147	78	21	13	69	3	101	118	22	4	107	86	54	43	26	55	129	126	30	77	111	53	56	65	34	139	117	38	33	44	39	97	27	62	89	19	42	130	93	66	37	125	145	83	110	102	8	121	28	49	123	128	95	104	87	114	144	103	100	72	36	75	119	96	98	45	140	11	133	24	137	2	131	127	17	122	88	113	134	64	109	40	6	94	31	106	149	57	35	120	112	81	146	12	60	63	124	148	73	67	59	46	41	116	18	90	84	68	47	51	108	136	23	50	9	135	61	15	74	99	91	71	80	1	141	14	25	7	92	## Ordonnancement
18	## Nombre de tournées
1	2	2	3	3	3	9	6	10	11	15	13	14	19	19	15	4	1	## Nombre de sites par tournée
115	## Tournée 1
52	5	## Tournée 2
76	138	## Tournée 3
16	79	48	## Tournée 4
142	132	32	## Tournée 5
82	10	143	## Tournée 6
29	85	147	150	70	20	105	58	78	## Tournée 7
13	3	118	21	69	101	## Tournée 8
55	26	86	126	107	43	22	4	129	54	## Tournée 9
38	56	139	65	34	33	117	30	111	77	53	## Tournée 10
125	19	130	83	42	97	27	93	37	39	44	145	89	66	62	## Tournée 11
95	144	121	110	104	114	87	8	28	102	123	128	49	## Tournée 12
137	103	72	75	45	140	119	11	98	24	96	100	133	36	## Tournée 13
127	57	64	120	35	122	149	40	88	6	134	106	109	131	2	31	113	17	94	## Tournée 14
41	81	67	47	60	112	146	12	18	46	73	59	116	148	68	63	84	90	124	## Tournée 15
136	51	23	9	80	15	1	108	135	99	61	74	50	91	71	## Tournée 16
7	14	141	25	## Tournée 17
92	## Tournée 18
