121126	## Somme des retards
250	## Temps CPU (millisecondes)
181	65	80	177	5	15	107	25	100	106	34	61	42	55	162	180	115	189	6	93	40	94	190	98	76	112	154	160	45	191	157	169	172	120	41	182	47	52	151	91	97	125	102	43	99	75	194	28	56	59	105	114	82	147	143	149	30	10	86	128	1	159	155	89	122	117	70	164	31	176	96	88	104	37	145	168	158	22	83	171	144	183	29	48	124	179	173	116	108	127	146	73	185	63	13	150	184	27	195	72	193	119	129	38	121	46	109	187	67	39	81	118	62	66	196	51	137	170	123	18	131	26	79	175	130	12	9	166	36	163	20	84	148	14	198	134	138	139	3	136	68	161	32	152	186	132	92	7	141	103	197	58	126	50	64	53	74	60	77	69	101	111	178	188	90	78	16	199	57	33	153	49	4	8	2	142	24	165	95	21	140	174	23	85	113	135	44	35	19	156	167	11	200	110	17	192	87	133	71	54	## Ordonnancement
21	## Nombre de tournées
1	1	1	3	2	4	4	6	7	8	9	11	12	14	18	17	19	20	20	18	5	## Nombre de sites par tournée
181	## Tournée 1
65	## Tournée 2
80	## Tournée 3
177	15	5	## Tournée 4
25	107	## Tournée 5
61	100	106	34	## Tournée 6
55	180	162	42	## Tournée 7
6	189	40	94	93	115	## Tournée 8
112	160	98	154	190	76	45	## Tournée 9
120	172	47	182	191	169	157	41	## Tournée 10
102	75	52	91	97	43	125	99	151	## Tournée 11
59	149	143	30	28	82	147	114	194	105	56	## Tournée 12
122	128	70	155	159	31	86	117	1	10	164	89	## Tournée 13
83	176	37	171	104	29	96	22	88	158	144	145	168	183	## Tournée 14
13	108	73	63	150	193	185	195	48	179	116	72	27	127	184	124	146	173	## Tournée 15
46	109	38	119	187	81	51	121	129	66	170	39	62	118	67	196	137	## Tournée 16
20	148	123	12	198	18	138	9	79	36	166	84	134	14	26	175	131	130	163	## Tournée 17
132	92	136	58	7	32	50	139	186	3	74	141	68	64	161	53	126	103	197	152	## Tournée 18
199	178	153	33	2	49	16	77	8	24	69	60	90	57	188	142	78	111	4	101	## Tournée 19
174	21	200	113	19	135	167	156	35	165	11	44	23	140	95	17	85	110	## Tournée 20
192	54	71	133	87	## Tournée 21
