300486	## Somme des retards
1060	## Temps CPU (millisecondes)
100	77	161	264	158	103	225	210	220	238	134	293	261	145	192	116	183	65	279	107	218	85	16	30	176	79	280	216	204	130	83	11	289	180	91	189	205	237	22	277	110	5	133	111	297	207	252	139	90	250	14	44	45	142	182	170	294	167	163	193	94	19	154	132	291	171	17	295	72	273	230	84	290	13	188	227	35	255	284	223	270	174	92	248	202	55	206	211	18	66	12	124	191	95	155	239	151	106	136	281	299	15	43	135	2	217	262	59	249	122	62	226	272	101	121	269	57	87	88	232	53	256	104	254	82	98	48	214	9	276	242	166	194	173	153	263	144	215	300	251	67	28	228	150	126	127	172	267	74	258	156	187	224	63	247	143	52	298	49	47	241	99	287	26	6	196	160	1	184	179	27	3	231	81	159	165	286	186	190	20	288	96	36	229	97	75	21	233	208	212	266	162	213	199	157	76	56	197	37	24	178	125	141	198	41	244	33	222	25	201	51	4	282	169	119	46	58	115	29	39	7	253	73	34	240	102	70	275	78	236	38	177	64	86	219	278	123	80	71	292	109	68	175	221	185	274	42	203	131	23	138	140	108	271	268	283	105	112	234	61	69	113	10	152	168	259	93	257	149	54	129	147	40	265	128	137	245	117	89	246	148	209	32	195	60	50	120	118	31	260	285	114	164	235	243	296	146	8	181	200	## Ordonnancement
27	## Nombre de tournées
1	1	1	2	1	2	3	4	4	5	7	8	8	9	10	16	12	15	18	21	20	26	26	23	26	22	9	## Nombre de sites par tournée
100	## Tournée 1
77	## Tournée 2
161	## Tournée 3
264	158	## Tournée 4
103	## Tournée 5
225	210	## Tournée 6
238	220	134	## Tournée 7
192	293	261	145	## Tournée 8
116	65	183	279	## Tournée 9
30	218	16	107	85	## Tournée 10
130	83	216	79	204	280	176	## Tournée 11
289	22	91	11	205	189	237	180	## Tournée 12
252	111	207	297	110	277	133	5	## Tournée 13
142	45	170	182	90	44	14	250	139	## Tournée 14
291	132	154	94	167	294	171	163	19	193	## Tournée 15
174	72	227	35	223	13	17	230	255	273	290	270	284	295	188	84	## Tournée 16
18	202	12	124	95	206	92	66	55	211	191	248	## Tournée 17
299	2	106	135	239	249	262	155	59	281	217	15	151	43	136	## Tournée 18
256	121	88	62	101	272	269	104	98	48	232	87	82	254	122	226	53	57	## Tournée 19
9	263	127	153	150	126	228	194	267	28	242	67	166	173	144	172	215	300	276	214	251	## Tournée 20
6	99	143	187	1	258	74	287	47	49	63	160	241	247	196	224	156	52	26	298	## Tournée 21
199	212	36	286	190	233	165	75	97	231	266	213	184	96	229	179	288	81	162	20	21	27	208	186	3	159	## Tournée 22
222	25	33	37	198	39	56	119	157	4	201	125	29	24	41	141	197	115	244	51	46	76	178	169	58	282	## Tournée 23
253	278	175	78	34	236	123	64	86	68	71	292	38	7	80	102	177	275	109	240	219	73	70	## Tournée 24
149	257	259	274	108	203	138	140	23	221	168	42	10	113	234	93	61	131	271	112	268	152	105	69	283	185	## Tournée 25
54	89	129	147	128	260	40	118	245	120	50	195	246	31	148	265	117	285	32	137	209	60	## Tournée 26
181	243	8	200	114	296	164	146	235	## Tournée 27
