93347	## Somme des retards
40	## Temps CPU (millisecondes)
91	28	4	73	54	42	74	136	115	113	150	10	50	109	20	85	76	97	68	64	94	99	90	135	86	24	19	2	121	92	116	103	105	79	140	63	53	30	41	51	5	93	58	32	122	35	46	132	8	72	44	36	29	101	11	149	96	119	125	56	12	108	88	70	47	33	77	133	9	66	69	89	71	60	17	129	81	118	48	39	37	87	7	82	31	139	34	62	57	148	144	84	102	141	40	146	59	145	22	127	106	83	100	61	21	55	114	124	3	104	25	142	52	43	117	112	1	13	26	130	120	80	65	67	18	45	128	131	75	49	78	98	123	147	111	16	6	110	143	14	137	23	138	15	38	126	95	134	107	27	## Ordonnancement
15	## Nombre de tournées
2	4	3	5	6	8	9	10	11	11	14	16	17	19	15	## Nombre de sites par tournée
28	91	## Tournée 1
73	42	54	4	## Tournée 2
136	74	115	## Tournée 3
50	109	113	10	150	## Tournée 4
64	20	97	76	85	68	## Tournée 5
135	99	94	90	2	19	24	86	## Tournée 6
63	121	103	116	140	105	53	79	92	## Tournée 7
30	5	122	51	58	35	32	41	46	93	## Tournée 8
29	8	96	44	132	101	149	11	72	119	36	## Tournée 9
9	12	33	88	56	133	77	47	108	125	70	## Tournée 10
60	66	118	87	89	39	48	71	17	129	69	81	37	7	## Tournée 11
84	141	57	40	148	22	59	82	31	102	146	139	34	62	145	144	## Tournée 12
104	61	25	43	83	124	112	127	117	142	55	21	106	114	100	52	3	## Tournée 13
98	131	26	49	65	13	67	1	130	18	123	120	78	128	45	75	111	80	147	## Tournée 14
15	110	38	16	137	126	138	14	27	23	134	143	6	107	95	## Tournée 15
