40716	## Somme des retards
100	## Temps CPU (millisecondes)
26	60	94	24	92	17	91	79	65	16	14	90	76	87	15	19	21	30	5	2	55	51	64	71	100	69	66	7	23	41	58	37	72	75	28	31	63	98	10	78	68	46	39	54	89	11	53	4	8	67	83	85	42	70	99	27	35	9	6	22	48	34	32	62	74	33	44	61	81	73	96	29	47	25	18	12	50	45	52	57	20	88	13	95	93	3	49	40	38	1	84	43	56	86	59	97	82	36	77	80	## Ordonnancement
19	## Nombre de tournées
1	1	2	1	3	2	2	5	4	7	7	8	12	11	12	11	7	3	1	## Nombre de sites par tournée
26	## Tournée 1
60	## Tournée 2
24	94	## Tournée 3
92	## Tournée 4
79	91	17	## Tournée 5
65	16	## Tournée 6
14	90	## Tournée 7
19	21	15	76	87	## Tournée 8
30	5	2	55	## Tournée 9
69	51	64	100	71	7	66	## Tournée 10
41	37	72	23	58	75	28	## Tournée 11
10	63	78	68	39	46	31	98	## Tournée 12
85	83	67	4	8	53	54	42	70	11	89	99	## Tournée 13
35	32	22	27	33	62	6	34	74	48	9	## Tournée 14
96	25	81	18	47	73	50	45	12	61	44	29	## Tournée 15
13	57	3	95	52	40	88	20	93	38	49	## Tournée 16
59	1	97	43	56	84	86	## Tournée 17
36	77	82	## Tournée 18
80	## Tournée 19
