169916	## Somme des retards
130	## Temps CPU (millisecondes)
94	187	116	43	141	87	59	139	152	171	78	157	183	114	172	93	200	144	15	53	182	84	95	6	176	5	14	118	35	32	81	146	123	199	92	62	51	198	162	167	126	52	76	105	185	34	68	193	134	137	45	158	148	64	161	132	145	66	106	121	189	102	113	63	166	8	46	1	140	80	74	184	16	133	181	170	109	7	26	48	96	100	143	38	192	125	3	83	155	173	111	17	89	129	31	142	177	131	77	164	119	169	49	91	23	72	190	30	56	61	186	147	97	11	101	12	128	50	27	99	195	86	153	196	175	110	29	19	136	28	79	70	24	69	197	42	165	151	33	58	90	21	107	88	138	82	108	117	179	37	191	135	73	20	104	122	39	13	57	163	98	60	55	130	180	188	115	67	160	10	36	168	159	41	18	103	150	174	2	40	47	9	65	124	127	178	54	85	44	154	112	120	71	75	25	194	22	149	4	156	## Ordonnancement
22	## Nombre de tournées
1	2	1	1	2	2	3	4	4	7	7	10	9	12	14	17	18	19	19	22	19	7	## Nombre de sites par tournée
94	## Tournée 1
116	187	## Tournée 2
43	## Tournée 3
141	## Tournée 4
87	59	## Tournée 5
152	139	## Tournée 6
78	171	157	## Tournée 7
93	183	114	172	## Tournée 8
200	144	53	15	## Tournée 9
176	95	84	182	6	5	14	## Tournée 10
81	118	146	32	123	35	199	## Tournée 11
162	198	105	126	51	62	167	76	92	52	## Tournée 12
34	134	193	45	185	148	137	68	158	## Tournée 13
102	145	166	132	64	161	189	113	106	66	63	121	## Tournée 14
170	16	46	109	8	80	133	1	74	26	7	140	184	181	## Tournée 15
173	100	125	89	155	48	17	129	38	192	143	96	3	31	83	142	111	## Tournée 16
169	177	147	23	72	56	11	164	91	77	131	119	186	61	97	30	49	190	## Tournée 17
19	136	175	99	12	29	153	195	50	196	110	86	28	79	128	101	24	70	27	## Tournée 18
138	107	88	33	37	69	135	197	90	58	117	179	191	151	82	42	165	21	108	## Tournée 19
163	41	20	104	67	130	57	160	98	159	188	36	73	60	55	168	180	39	122	13	10	115	## Tournée 20
85	174	40	112	124	65	127	9	103	178	71	18	150	44	2	54	154	120	47	## Tournée 21
156	25	4	194	22	149	75	## Tournée 22
