122148	## Somme des retards
1360	## Temps CPU (millisecondes)
123	224	63	214	16	22	5	244	21	94	133	115	204	6	232	172	41	81	35	14	25	184	113	156	155	78	91	92	86	189	179	227	76	151	154	96	3	58	163	243	167	80	13	181	222	186	38	119	9	67	160	54	149	108	203	124	79	17	140	20	242	128	237	110	1	2	198	171	231	162	77	53	90	23	61	66	217	207	87	209	118	74	104	106	46	249	55	117	102	188	220	134	185	213	42	165	145	4	146	83	206	191	127	72	236	215	158	210	195	105	39	70	19	137	197	141	89	239	166	10	200	107	196	88	82	229	103	194	182	138	101	161	168	235	212	180	68	241	32	97	136	169	64	121	176	247	183	75	36	125	57	45	27	48	246	40	143	230	114	122	24	147	233	8	85	201	248	116	18	159	142	71	192	59	130	216	7	98	69	132	208	170	49	221	234	99	95	226	60	15	126	129	26	223	31	43	218	65	47	131	228	190	44	12	219	240	211	112	84	29	205	174	178	164	111	157	93	177	152	193	28	50	175	100	250	187	245	139	33	202	238	148	62	56	52	37	225	120	199	73	135	11	109	150	153	144	30	51	34	173	## Ordonnancement
24	## Nombre de tournées
2	2	3	2	6	6	7	9	10	11	14	13	13	16	20	21	21	24	20	15	8	4	2	1	## Nombre de sites par tournée
224	123	## Tournée 1
214	63	## Tournée 2
5	16	22	## Tournée 3
244	21	## Tournée 4
6	115	133	232	204	94	## Tournée 5
25	35	14	172	41	81	## Tournée 6
184	113	78	156	155	91	92	## Tournée 7
86	96	3	154	189	151	227	76	179	## Tournée 8
163	167	80	13	38	186	58	181	243	222	## Tournée 9
108	9	203	124	17	67	79	160	54	119	149	## Tournée 10
53	77	20	162	171	198	242	2	1	237	140	231	128	110	## Tournée 11
46	23	207	104	118	61	87	106	74	90	66	217	209	## Tournée 12
220	213	185	42	102	188	4	134	249	165	55	145	117	## Tournée 13
70	210	206	127	83	137	72	39	215	19	195	236	105	146	158	191	## Tournée 14
239	103	168	89	82	194	161	138	182	235	229	101	10	196	200	88	166	107	141	197	## Tournée 15
121	97	180	36	68	125	32	57	27	247	64	183	212	45	136	246	48	75	169	176	241	## Tournée 16
130	201	143	248	142	233	71	116	8	216	159	147	24	18	122	85	192	40	59	114	230	## Tournée 17
131	69	47	49	31	170	95	15	26	132	126	43	218	98	226	208	60	99	221	223	129	7	234	65	## Tournée 18
193	157	44	112	178	84	111	164	152	93	211	177	29	240	12	205	174	190	219	228	## Tournée 19
33	28	62	187	245	238	250	202	50	100	148	52	139	56	175	## Tournée 20
109	225	199	11	37	120	73	135	## Tournée 21
144	30	150	153	## Tournée 22
34	51	## Tournée 23
173	## Tournée 24
