305570	## Somme des retards
4294965262	## Temps CPU (millisecondes)
28	27	202	101	16	160	62	112	36	4	162	241	293	22	172	110	273	286	70	61	269	182	166	267	137	259	10	258	221	206	213	95	161	277	8	125	233	124	252	150	96	234	289	151	218	13	1	242	254	139	271	219	154	180	185	20	126	113	226	64	43	38	155	40	197	106	46	222	245	251	60	153	196	210	186	94	236	268	31	146	190	250	138	297	39	122	5	24	287	187	174	99	75	257	283	191	55	76	156	57	18	90	111	92	195	87	41	144	171	71	299	208	249	9	118	228	86	189	276	199	240	291	93	152	23	294	178	295	263	21	181	32	133	232	80	239	121	274	51	35	255	188	281	282	82	285	216	192	246	290	169	109	74	217	141	229	280	14	53	33	177	37	50	79	66	17	72	284	143	128	266	205	81	247	238	264	25	11	15	209	68	58	261	7	157	65	52	198	19	272	248	164	114	88	298	204	147	67	48	184	176	135	85	104	149	97	230	107	220	134	103	89	6	179	98	115	30	296	212	170	142	136	214	227	223	119	173	34	140	47	83	117	29	275	2	203	148	49	256	12	77	54	193	44	84	69	175	244	102	300	237	235	42	59	26	211	265	123	145	225	215	45	163	292	120	100	158	167	262	270	108	56	127	278	201	260	231	243	105	168	288	129	194	183	165	130	279	63	3	159	78	207	91	253	73	200	132	116	224	131	## Ordonnancement
25	## Nombre de tournées
3	2	2	2	4	5	7	10	8	10	15	12	14	16	19	20	21	22	22	23	20	19	15	7	2	## Nombre de sites par tournée
27	202	28	## Tournée 1
101	16	## Tournée 2
62	160	## Tournée 3
112	36	## Tournée 4
162	4	293	241	## Tournée 5
273	110	172	22	286	## Tournée 6
70	269	137	182	166	267	61	## Tournée 7
259	161	221	95	277	213	10	258	8	206	## Tournée 8
252	150	234	125	124	289	233	96	## Tournée 9
1	13	219	254	151	218	271	154	242	139	## Tournée 10
113	185	20	43	106	226	126	180	155	197	46	64	38	40	222	## Tournée 11
245	196	186	94	153	236	268	210	251	31	60	146	## Tournée 12
99	39	24	75	174	297	287	122	257	187	250	138	5	190	## Tournée 13
76	195	87	144	171	55	90	191	283	18	92	71	156	111	41	57	## Tournée 14
152	299	93	9	118	208	23	228	291	240	295	189	199	86	249	178	294	263	276	## Tournée 15
121	188	246	192	239	35	181	133	80	255	282	285	232	32	216	51	281	21	82	274	## Tournée 16
17	50	143	128	280	217	229	14	79	33	53	37	109	141	290	66	72	284	74	177	169	## Tournée 17
198	52	68	238	248	157	11	164	264	209	19	247	65	266	58	15	272	81	25	261	7	205	## Tournée 18
204	107	184	220	85	176	149	48	298	97	89	230	147	179	114	67	134	135	6	103	88	104	## Tournée 19
296	98	203	119	2	117	275	47	148	170	142	227	173	34	115	212	140	223	136	29	30	214	83	## Tournée 20
211	77	49	102	59	54	244	237	44	84	12	175	42	265	26	69	256	193	300	235	## Tournée 21
215	270	127	262	292	278	45	158	145	163	167	123	56	100	225	201	260	120	108	## Tournée 22
288	159	105	168	183	279	165	3	194	130	243	231	63	129	78	## Tournée 23
73	132	116	207	200	91	253	## Tournée 24
224	131	## Tournée 25
