72118	## Somme des retards
180	## Temps CPU (millisecondes)
90	88	9	30	78	96	110	92	48	17	57	41	124	58	34	74	122	46	28	35	14	134	22	56	21	140	50	15	84	68	99	36	87	139	54	109	62	6	105	51	2	4	11	93	150	69	116	89	80	12	129	29	85	40	3	47	148	7	117	67	125	112	43	128	33	16	114	107	142	38	120	26	132	146	79	27	13	91	135	65	149	115	137	108	103	121	1	127	100	63	52	143	141	126	20	101	95	145	82	59	130	113	61	144	45	118	104	60	72	131	42	10	83	119	64	111	31	147	44	77	102	97	24	37	73	71	25	66	32	18	75	133	136	53	39	123	98	55	81	70	5	86	94	76	19	138	49	106	23	8	## Ordonnancement
17	## Nombre de tournées
1	3	2	2	6	5	8	9	15	10	11	12	19	17	15	10	5	## Nombre de sites par tournée
90	## Tournée 1
9	30	88	## Tournée 2
96	78	## Tournée 3
92	110	## Tournée 4
48	17	57	41	58	124	## Tournée 5
74	122	28	34	46	## Tournée 6
35	22	14	56	50	134	140	21	## Tournée 7
109	54	68	87	84	139	99	36	15	## Tournée 8
150	93	51	6	62	12	105	4	2	89	69	129	116	80	11	## Tournée 9
148	29	40	47	85	7	125	3	67	117	## Tournée 10
107	16	38	26	120	43	33	114	128	142	112	## Tournée 11
132	149	27	108	135	79	13	91	65	137	146	115	## Tournée 12
61	63	101	121	100	130	143	52	127	59	126	113	20	95	82	141	1	103	145	## Tournée 13
42	144	44	31	119	111	60	147	45	64	72	104	131	118	77	83	10	## Tournée 14
25	102	32	24	75	133	37	66	136	73	71	39	18	97	53	## Tournée 15
70	55	86	94	5	81	76	98	19	123	## Tournée 16
106	138	49	23	8	## Tournée 17
