108267	## Somme des retards
550	## Temps CPU (millisecondes)
101	81	54	147	57	143	198	118	166	127	86	102	93	150	76	33	6	24	128	134	25	52	74	164	90	29	69	37	13	148	65	1	165	135	182	39	132	94	123	21	73	88	172	187	3	49	89	19	157	179	195	67	161	55	108	31	92	77	154	112	68	9	105	142	180	96	18	64	115	75	42	14	107	83	111	114	43	47	155	126	27	110	98	53	59	11	120	141	23	40	32	160	41	72	145	84	152	80	103	192	194	199	8	133	163	196	130	17	16	38	173	36	20	50	113	156	129	100	4	140	78	61	170	151	139	158	119	177	191	193	183	138	184	176	2	109	190	181	63	185	200	149	82	91	44	169	167	46	66	48	28	178	87	122	99	171	159	188	136	197	97	12	79	5	131	146	144	85	117	7	125	71	137	162	121	106	175	95	104	60	153	56	58	186	22	174	168	189	70	10	30	26	45	124	15	34	116	35	62	51	## Ordonnancement
20	## Nombre de tournées
1	3	3	4	5	5	7	10	10	9	13	12	15	16	17	21	17	17	9	6	## Nombre de sites par tournée
101	## Tournée 1
147	54	81	## Tournée 2
143	198	57	## Tournée 3
166	86	118	127	## Tournée 4
76	102	33	93	150	## Tournée 5
134	6	24	25	128	## Tournée 6
29	90	52	37	74	69	164	## Tournée 7
135	94	65	1	182	165	13	148	132	39	## Tournée 8
3	172	123	73	21	89	88	187	19	49	## Tournée 9
108	195	179	55	92	31	157	161	67	## Tournée 10
96	180	115	68	18	112	9	105	77	142	154	75	64	## Tournée 11
47	110	107	42	14	83	126	155	43	27	111	114	## Tournée 12
84	40	11	160	141	120	32	72	152	23	53	41	59	145	98	## Tournée 13
194	38	17	192	130	16	36	20	80	173	199	103	163	8	196	133	## Tournée 14
78	151	158	191	50	140	113	156	61	119	139	170	177	100	193	129	4	## Tournée 15
2	28	185	63	200	167	48	66	44	138	109	183	184	169	181	82	91	190	46	149	176	## Tournée 16
197	87	188	99	5	136	144	97	79	85	131	178	146	122	12	159	171	## Tournée 17
137	117	162	153	71	95	60	7	121	106	175	56	22	125	104	58	186	## Tournée 18
10	30	26	168	189	124	174	45	70	## Tournée 19
35	51	62	34	15	116	## Tournée 20
