61179	## Somme des retards
40	## Temps CPU (millisecondes)
63	53	56	61	68	39	23	98	1	37	74	70	91	75	80	18	29	78	17	48	64	45	93	13	90	46	31	32	100	60	94	38	19	89	14	35	77	2	41	66	27	20	73	79	26	9	99	54	83	71	69	7	4	65	8	12	42	49	86	30	82	55	22	67	88	62	95	40	24	76	43	50	57	3	6	52	28	5	25	34	85	44	72	92	96	81	33	47	36	59	16	58	10	11	97	51	87	15	21	84	## Ordonnancement
14	## Nombre de tournées
1	2	4	4	6	5	8	10	8	11	11	15	10	5	## Nombre de sites par tournée
63	## Tournée 1
56	53	## Tournée 2
39	68	23	61	## Tournée 3
1	37	98	74	## Tournée 4
91	18	75	70	80	29	## Tournée 5
78	48	64	17	45	## Tournée 6
32	60	31	93	46	13	90	100	## Tournée 7
66	94	41	19	77	14	89	38	2	35	## Tournée 8
54	79	26	9	73	20	27	99	## Tournée 9
4	83	12	42	7	71	69	8	65	49	86	## Tournée 10
24	95	22	76	55	67	88	30	40	62	82	## Tournée 11
44	43	52	57	85	34	96	25	92	50	6	72	5	3	28	## Tournée 12
11	97	81	33	16	58	47	10	36	59	## Tournée 13
84	87	51	15	21	## Tournée 14
