256309	## Somme des retards
690	## Temps CPU (millisecondes)
11	155	217	190	41	105	53	120	250	165	84	31	106	134	118	130	186	129	89	14	191	167	245	90	200	117	15	188	206	158	168	241	54	73	136	224	163	212	49	45	169	210	216	114	225	30	242	199	125	160	208	28	46	229	219	140	29	18	233	51	184	247	207	64	115	39	26	133	62	214	239	86	193	185	152	111	70	79	88	68	102	77	121	232	108	72	203	131	55	161	154	78	248	171	146	42	17	222	27	128	234	5	202	143	132	94	236	67	187	235	103	60	215	228	147	221	142	112	57	6	151	238	95	71	21	137	13	156	211	110	149	25	85	65	164	148	99	230	226	178	246	81	48	127	175	123	98	159	162	66	180	176	249	181	198	87	12	201	107	218	179	116	69	24	177	43	113	240	59	3	145	237	47	223	83	80	34	204	144	4	37	205	16	173	38	209	231	1	196	153	135	141	76	195	19	7	52	32	174	183	10	58	124	172	109	213	20	170	220	50	122	22	8	63	244	101	92	227	166	82	126	75	194	119	44	150	74	157	192	40	35	197	2	9	104	97	36	96	139	93	61	91	243	33	100	182	189	23	56	138	## Ordonnancement
24	## Nombre de tournées
1	1	1	3	3	3	6	6	10	7	11	10	14	14	18	17	20	17	27	20	20	13	6	2	## Nombre de sites par tournée
11	## Tournée 1
155	## Tournée 2
217	## Tournée 3
105	41	190	## Tournée 4
53	120	250	## Tournée 5
84	165	31	## Tournée 6
186	130	129	106	118	134	## Tournée 7
14	245	90	167	191	89	## Tournée 8
54	206	241	15	158	200	73	188	117	168	## Tournée 9
169	212	136	224	49	45	163	## Tournée 10
28	216	242	160	30	208	225	210	199	114	125	## Tournée 11
219	140	46	18	247	233	51	229	29	184	## Tournée 12
26	214	239	193	185	115	133	152	86	39	62	111	64	207	## Tournée 13
203	108	161	121	77	79	72	102	88	131	68	70	232	55	## Tournée 14
5	236	42	154	222	171	67	143	202	248	78	146	17	128	132	94	27	234	## Tournée 15
112	6	238	221	147	95	228	60	151	235	215	21	142	57	187	103	71	## Tournée 16
137	156	178	127	81	175	226	65	164	85	48	148	149	99	25	230	110	13	211	246	## Tournée 17
66	98	116	123	181	159	87	201	162	249	218	179	180	12	198	107	176	## Tournée 18
43	240	231	237	205	37	34	47	204	209	144	24	1	4	3	38	59	223	83	69	145	196	16	80	113	173	177	## Tournée 19
174	170	213	220	20	52	109	19	32	135	124	76	172	183	195	153	7	10	58	141	## Tournée 20
194	227	157	126	8	101	50	150	166	119	244	63	82	44	92	22	74	192	122	75	## Tournée 21
2	91	35	9	93	61	36	104	40	96	197	139	97	## Tournée 22
243	182	189	33	100	23	## Tournée 23
56	138	## Tournée 24
