333984	## Somme des retards
560	## Temps CPU (millisecondes)
54	234	20	168	95	161	230	222	223	103	9	163	241	43	130	112	201	173	27	30	99	198	235	247	117	150	250	220	180	195	59	48	32	63	56	100	141	152	53	78	147	1	246	120	83	40	10	24	139	153	134	190	231	96	233	26	38	33	135	69	144	186	206	18	200	52	226	6	28	71	178	158	236	211	177	25	210	165	72	156	138	123	229	41	184	127	2	70	169	50	74	67	228	242	55	243	155	188	19	125	131	11	3	82	121	175	75	60	143	216	79	36	170	215	98	115	118	181	185	151	85	49	196	128	45	248	102	213	171	237	136	44	197	122	124	207	81	7	97	218	13	114	57	199	15	91	34	16	108	22	88	146	148	92	142	65	162	116	29	84	101	164	17	37	106	232	239	93	31	132	203	208	107	133	89	209	76	245	39	167	126	90	217	160	87	51	8	77	105	176	204	192	194	154	12	21	182	219	172	73	80	227	159	140	66	94	240	238	119	4	189	113	137	110	64	23	214	109	224	61	149	193	174	104	129	225	166	62	205	58	86	221	35	145	68	202	183	47	14	157	5	191	111	42	244	187	179	46	212	249	## Ordonnancement
24	## Nombre de tournées
2	1	2	2	3	3	4	4	8	7	7	8	10	13	15	14	19	18	19	20	20	24	19	8	## Nombre de sites par tournée
54	234	## Tournée 1
20	## Tournée 2
95	168	## Tournée 3
230	161	## Tournée 4
103	222	223	## Tournée 5
163	241	9	## Tournée 6
112	201	43	130	## Tournée 7
27	173	30	99	## Tournée 8
150	198	250	247	220	235	180	117	## Tournée 9
195	48	59	56	32	63	100	## Tournée 10
53	78	141	246	152	1	147	## Tournée 11
139	120	40	153	24	83	10	134	## Tournée 12
233	190	26	96	144	69	231	33	135	38	## Tournée 13
52	178	186	200	28	6	18	226	211	206	71	158	236	## Tournée 14
165	138	169	70	210	72	25	127	229	123	156	41	177	2	184	## Tournée 15
19	242	67	125	131	155	243	74	188	11	3	50	55	228	## Tournée 16
98	115	151	75	60	36	82	79	49	85	185	215	175	118	143	121	216	181	170	## Tournée 17
122	171	81	124	136	128	102	97	207	7	248	213	44	196	237	45	218	197	## Tournée 18
92	16	29	34	65	15	91	88	142	199	116	108	22	146	148	114	57	13	162	## Tournée 19
39	133	245	84	101	76	232	107	106	239	93	132	164	89	37	209	17	203	31	208	## Tournée 20
87	219	194	167	172	90	204	51	77	105	8	182	126	192	21	154	12	176	160	217	## Tournée 21
64	189	137	214	240	23	174	61	113	73	159	4	119	227	149	94	66	109	238	193	140	80	110	224	## Tournée 22
183	145	104	47	14	191	129	58	86	62	5	225	202	68	35	166	221	205	157	## Tournée 23
179	244	187	46	111	212	42	249	## Tournée 24
