150236	## Somme des retards
180	## Temps CPU (millisecondes)
33	153	18	113	77	146	170	86	135	178	80	136	217	88	196	45	211	58	107	85	190	101	61	4	29	23	145	66	131	15	9	20	222	89	60	114	44	38	137	6	191	41	218	176	156	53	46	115	231	155	249	132	220	64	25	134	243	148	195	247	67	181	22	10	183	168	159	2	32	241	37	238	55	201	126	91	180	59	118	92	130	164	74	210	141	158	72	24	111	230	169	99	204	234	200	62	229	95	206	237	172	215	19	108	226	160	94	73	167	76	121	227	225	193	39	69	250	71	36	63	56	125	122	119	14	97	140	216	35	139	26	110	87	150	120	17	75	197	112	144	149	100	106	248	142	163	11	28	90	228	194	104	177	49	98	143	52	179	78	105	239	54	57	123	117	166	175	116	12	184	221	34	186	208	68	50	182	8	3	96	192	198	42	65	31	7	1	128	240	151	103	133	245	199	84	129	93	124	16	236	219	83	212	13	242	161	51	27	79	235	81	154	47	157	188	165	223	109	185	48	127	213	207	233	102	232	70	202	205	174	214	173	162	171	224	147	21	246	203	209	82	187	40	152	43	189	244	5	30	138	## Ordonnancement
23	## Nombre de tournées
1	1	1	1	2	3	4	4	5	7	8	10	10	14	16	17	15	24	20	25	23	27	12	## Nombre de sites par tournée
33	## Tournée 1
153	## Tournée 2
18	## Tournée 3
113	## Tournée 4
77	146	## Tournée 5
135	86	170	## Tournée 6
217	136	178	80	## Tournée 7
88	211	45	196	## Tournée 8
58	101	107	85	190	## Tournée 9
66	29	23	61	131	4	145	## Tournée 10
44	20	9	60	15	89	114	222	## Tournée 11
53	6	218	191	38	137	41	176	46	156	## Tournée 12
155	25	231	64	220	115	134	132	243	249	## Tournée 13
10	195	67	159	148	241	32	181	183	37	168	22	247	2	## Tournée 14
201	74	141	118	158	238	55	91	210	164	92	126	180	59	130	72	## Tournée 15
215	172	200	237	24	230	169	204	108	99	234	229	111	62	19	206	95	## Tournée 16
225	121	36	226	39	160	193	167	69	71	76	227	73	94	250	## Tournée 17
122	216	97	106	125	63	56	17	100	75	87	197	119	150	26	140	14	144	120	139	149	110	112	35	## Tournée 18
228	105	163	248	177	239	98	28	49	179	11	52	142	90	54	104	143	57	78	194	## Tournée 19
128	117	123	65	208	50	184	42	96	34	1	186	31	182	116	221	198	3	7	192	175	166	12	68	8	## Tournée 20
161	124	84	81	27	93	13	245	16	133	235	79	199	219	240	103	151	236	51	212	83	129	242	## Tournée 21
48	109	185	188	224	70	246	232	162	157	213	127	147	233	21	205	47	171	154	173	214	102	223	202	165	207	174	## Tournée 22
209	5	30	82	189	152	244	40	187	138	43	203	## Tournée 23
