73446	## Somme des retards
260	## Temps CPU (millisecondes)
3	36	135	28	119	150	145	181	42	22	124	148	172	32	157	5	98	117	186	131	160	68	103	65	1	61	167	175	76	138	58	24	79	178	67	136	39	37	106	129	8	197	45	154	21	13	78	152	20	16	33	142	128	57	19	192	86	158	80	84	43	107	94	99	199	50	64	114	196	179	182	187	166	109	162	125	46	121	49	104	141	74	101	52	174	190	69	163	38	176	97	96	189	155	132	137	23	95	60	191	11	108	14	70	139	185	18	62	92	15	118	75	111	116	54	105	48	2	122	153	173	44	115	169	30	55	31	91	188	170	77	10	171	168	164	73	123	110	53	26	87	177	165	193	133	146	102	198	27	82	156	17	194	41	126	143	35	127	40	200	29	6	151	120	59	93	140	63	66	100	88	180	51	134	184	12	71	4	83	159	195	89	47	34	183	161	113	149	9	72	56	90	144	130	112	147	25	81	7	85	## Ordonnancement
20	## Nombre de tournées
1	2	2	2	3	5	6	8	11	11	14	14	16	18	20	20	21	18	7	1	## Nombre de sites par tournée
3	## Tournée 1
36	135	## Tournée 2
119	28	## Tournée 3
145	150	## Tournée 4
22	42	181	## Tournée 5
157	32	172	148	124	## Tournée 6
131	160	117	186	5	98	## Tournée 7
68	65	76	167	175	103	61	1	## Tournée 8
79	58	24	106	178	129	37	39	138	136	67	## Tournée 9
16	154	45	197	152	21	20	78	8	13	33	## Tournée 10
128	107	158	80	94	86	99	142	19	43	84	57	199	192	## Tournée 11
46	109	121	187	162	114	50	196	125	182	49	166	64	179	## Tournée 12
141	189	190	104	97	101	174	38	155	132	176	163	74	96	52	69	## Tournée 13
18	70	139	95	137	11	118	75	23	191	14	111	62	108	92	15	185	60	## Tournée 14
2	116	169	30	44	105	31	77	171	54	115	122	153	173	55	188	10	48	91	170	## Tournée 15
123	53	146	156	177	193	27	165	198	133	73	87	110	82	164	102	168	194	17	26	## Tournée 16
143	140	200	93	41	35	59	120	40	180	63	100	88	29	127	134	126	151	6	51	66	## Tournée 17
159	71	184	161	56	89	183	195	72	34	90	12	149	113	47	83	9	4	## Tournée 18
147	112	25	144	81	130	7	## Tournée 19
85	## Tournée 20
