120964	## Somme des retards
410	## Temps CPU (millisecondes)
131	141	94	220	24	69	238	176	144	10	127	52	164	53	115	159	68	31	30	42	93	149	134	108	103	4	3	60	145	85	84	39	152	161	123	189	177	245	27	158	82	179	224	147	200	50	183	235	239	48	23	208	61	206	217	198	148	218	210	213	17	246	169	219	11	124	191	196	49	216	6	229	125	87	37	83	211	72	55	110	86	214	1	150	139	100	101	241	168	25	204	221	121	143	63	178	130	56	202	156	57	126	187	67	5	250	51	46	76	215	96	172	186	205	248	199	247	181	120	227	65	28	133	165	232	142	237	89	166	138	35	47	222	119	26	170	44	73	188	38	104	43	22	184	226	203	64	116	14	242	92	12	21	223	71	154	173	77	54	207	117	62	45	153	15	185	225	79	136	135	228	193	137	40	114	231	29	91	240	111	163	8	112	98	113	171	66	81	106	249	95	194	234	102	182	2	230	128	33	105	146	192	88	132	109	175	180	19	78	16	243	160	190	41	151	90	155	80	201	36	74	13	18	157	174	233	99	34	32	20	97	118	7	75	212	195	9	167	58	122	70	107	59	244	140	236	209	197	129	162	## Ordonnancement
23	## Nombre de tournées
1	1	2	1	2	2	4	4	6	8	8	14	13	17	17	20	16	22	24	21	24	17	6	## Nombre de sites par tournée
131	## Tournée 1
141	## Tournée 2
220	94	## Tournée 3
24	## Tournée 4
69	238	## Tournée 5
144	176	## Tournée 6
52	10	164	127	## Tournée 7
53	159	115	68	## Tournée 8
93	31	42	149	134	30	## Tournée 9
145	103	85	108	4	84	60	3	## Tournée 10
177	39	161	189	245	152	27	123	## Tournée 11
158	183	147	208	224	50	61	235	23	200	48	179	82	239	## Tournée 12
11	206	210	217	219	148	169	246	218	17	124	213	198	## Tournée 13
83	55	87	214	229	72	196	191	49	110	211	86	125	6	216	37	1	## Tournée 14
202	204	168	143	241	121	139	63	100	25	221	56	156	101	178	130	150	## Tournée 15
187	5	248	181	76	205	247	172	250	57	215	46	199	186	96	120	227	51	126	67	## Tournée 16
142	166	165	138	232	65	237	28	89	47	35	133	119	26	222	170	## Tournée 17
116	77	173	73	223	104	154	242	21	226	92	184	12	14	43	203	22	188	64	71	38	44	## Tournée 18
135	231	111	163	54	117	40	137	240	15	153	185	225	29	45	79	136	91	8	62	228	207	114	193	## Tournée 19
171	182	81	128	249	192	146	98	66	2	194	88	234	230	102	106	113	95	105	33	112	## Tournée 20
36	157	41	201	151	132	180	155	19	16	160	174	80	74	243	190	78	175	18	13	109	99	90	233	## Tournée 21
118	20	58	212	9	75	195	70	107	34	122	7	32	97	244	59	167	## Tournée 22
162	140	197	209	129	236	## Tournée 23
