66993	## Somme des retards
360	## Temps CPU (millisecondes)
3	36	135	22	28	119	150	145	181	42	148	172	124	32	157	160	117	186	1	131	98	5	68	103	65	61	79	167	175	76	138	16	39	67	178	24	58	136	37	106	129	8	152	45	154	21	13	19	78	197	20	33	142	128	57	84	192	158	80	43	107	94	99	199	50	64	125	182	187	166	109	179	196	46	114	155	121	49	104	116	189	11	139	52	86	190	101	69	163	162	38	74	97	176	96	141	132	60	95	23	191	62	14	92	70	174	185	18	137	15	118	75	111	54	77	170	188	122	153	173	177	44	169	30	55	31	91	108	2	48	105	171	51	10	17	156	82	27	26	87	133	165	193	115	146	102	53	140	123	73	164	194	168	184	41	126	88	100	66	72	110	198	59	151	29	200	40	63	127	35	180	12	134	90	7	144	56	120	83	159	112	161	183	147	130	149	4	71	81	85	143	113	93	47	34	6	195	25	9	89	## Ordonnancement
20	## Nombre de tournées
1	2	3	2	2	5	7	8	11	11	12	15	18	16	19	21	20	18	7	2	## Nombre de sites par tournée
3	## Tournée 1
36	135	## Tournée 2
22	28	119	## Tournée 3
145	150	## Tournée 4
42	181	## Tournée 5
157	32	172	148	124	## Tournée 6
131	160	117	186	5	98	1	## Tournée 7
68	79	167	76	65	175	103	61	## Tournée 8
16	136	67	58	24	106	178	129	37	39	138	## Tournée 9
154	45	197	152	21	19	78	20	8	13	33	## Tournée 10
128	107	158	80	94	99	142	43	84	57	199	192	## Tournée 11
46	109	104	121	187	64	166	49	155	182	125	196	50	114	179	## Tournée 12
141	189	139	190	116	97	162	86	11	74	163	176	52	96	38	101	69	132	## Tournée 13
18	70	15	185	60	23	174	75	191	118	137	95	92	62	111	14	## Tournée 14
2	169	30	44	105	31	77	171	54	122	153	173	55	188	48	91	177	108	170	## Tournée 15
123	53	146	156	140	193	27	51	165	133	73	87	82	164	102	115	168	194	17	10	26	## Tournée 16
200	41	35	59	40	180	63	100	88	29	127	134	126	110	151	12	198	66	184	72	## Tournée 17
143	147	159	71	161	112	56	120	130	81	183	7	4	85	83	149	90	144	## Tournée 18
25	6	195	34	47	113	93	## Tournée 19
89	9	## Tournée 20
