171234	## Somme des retards
140	## Temps CPU (millisecondes)
132	197	130	244	75	117	124	122	239	226	113	71	97	154	80	164	203	166	58	236	6	250	25	213	70	77	9	238	233	22	156	26	56	53	127	66	100	20	92	91	221	7	208	82	196	63	150	31	98	181	120	134	94	228	139	67	28	245	137	237	249	205	160	89	101	84	220	175	179	93	167	47	223	40	18	210	10	149	195	219	72	173	43	55	106	85	96	158	34	190	200	184	153	32	64	131	33	16	81	224	229	141	202	215	135	206	186	140	90	1	59	151	180	242	42	214	128	24	13	218	198	169	121	201	5	79	187	60	189	182	216	105	207	248	99	126	162	194	234	125	86	41	185	8	171	95	230	57	112	143	144	37	165	68	69	193	212	115	188	148	217	192	11	111	103	209	83	222	142	102	146	49	73	225	138	27	161	46	155	62	4	243	116	231	48	38	235	61	145	172	23	2	246	50	107	191	240	88	14	17	147	74	129	227	118	108	65	177	52	204	136	45	170	76	123	35	163	241	157	183	104	152	176	114	51	3	168	21	110	119	174	87	39	247	19	12	54	178	78	133	199	29	159	109	30	44	211	15	36	232	## Ordonnancement
21	## Nombre de tournées
1	1	2	1	2	2	6	7	10	11	13	17	16	19	20	22	20	23	23	26	8	## Nombre de sites par tournée
132	## Tournée 1
197	## Tournée 2
244	130	## Tournée 3
75	## Tournée 4
117	124	## Tournée 5
122	239	## Tournée 6
97	113	71	154	226	80	## Tournée 7
166	164	6	58	203	236	250	## Tournée 8
26	9	77	70	25	233	22	238	156	213	## Tournée 9
66	7	92	100	91	53	56	20	127	208	221	## Tournée 10
82	196	94	67	134	63	228	150	139	31	98	120	181	## Tournée 11
220	175	237	245	101	179	28	84	167	249	205	89	137	160	223	47	93	## Tournée 12
55	34	18	158	43	195	149	10	173	210	40	85	72	106	219	96	## Tournée 13
200	190	153	186	32	141	131	64	140	81	229	215	184	202	206	224	33	16	135	## Tournée 14
42	187	198	79	24	13	201	218	5	59	214	151	60	128	90	121	1	180	242	169	## Tournée 15
143	112	234	182	171	216	185	95	230	8	162	125	248	105	99	189	86	207	41	57	126	194	## Tournée 16
37	217	102	188	103	222	111	212	148	209	115	142	83	11	68	144	192	69	165	193	## Tournée 17
62	155	46	161	73	23	38	172	231	246	61	2	235	49	27	4	243	48	146	145	225	116	138	## Tournée 18
45	35	118	170	108	65	14	147	123	191	177	136	74	227	88	50	76	17	107	52	129	240	204	## Tournée 19
183	178	19	54	119	21	104	3	157	114	247	87	152	110	174	78	12	199	51	163	29	39	133	176	241	168	## Tournée 20
109	36	44	30	159	211	15	232	## Tournée 21
