47098	## Somme des retards
60	## Temps CPU (millisecondes)
73	54	4	148	7	46	131	138	77	94	72	137	39	55	37	88	121	136	105	66	52	112	90	17	29	147	92	133	41	64	113	103	1	144	120	102	76	110	84	119	81	9	28	67	91	33	58	83	69	57	6	129	142	134	75	143	106	124	125	111	145	48	5	93	49	80	30	115	10	123	63	149	32	13	86	31	3	104	56	16	98	26	14	22	20	70	109	126	43	100	65	140	71	89	130	60	62	36	11	34	97	87	19	135	116	2	21	68	42	25	27	139	117	74	79	15	50	51	118	23	99	45	8	59	127	146	95	128	18	107	114	53	132	141	12	122	101	47	40	85	78	35	38	44	108	96	150	82	61	24	## Ordonnancement
16	## Nombre de tournées
1	2	1	4	4	5	8	6	9	12	13	16	16	19	16	18	## Nombre de sites par tournée
73	## Tournée 1
4	54	## Tournée 2
148	## Tournée 3
46	138	131	7	## Tournée 4
137	77	94	72	## Tournée 5
39	88	37	121	55	## Tournée 6
17	66	52	112	136	90	29	105	## Tournée 7
147	41	133	64	113	92	## Tournée 8
144	103	102	120	119	110	1	76	84	## Tournée 9
28	67	81	33	57	6	69	83	129	91	9	58	## Tournée 10
75	143	48	142	5	125	111	106	49	134	93	124	145	## Tournée 11
13	115	56	16	123	98	31	86	30	104	10	149	3	63	80	32	## Tournée 12
71	89	126	60	14	130	65	43	140	26	22	20	100	70	109	62	## Tournée 13
27	68	15	79	42	25	36	117	135	19	21	87	74	116	11	34	139	97	2	## Tournée 14
51	146	107	127	18	23	50	8	45	128	53	118	114	99	59	95	## Tournée 15
35	101	38	150	141	85	122	47	108	78	96	40	24	61	12	44	82	132	## Tournée 16
