155734	## Somme des retards
330	## Temps CPU (millisecondes)
36	197	25	234	144	191	4	1	112	111	156	167	75	145	244	102	185	50	160	177	62	18	51	198	199	218	122	21	181	193	97	140	188	60	67	131	165	221	168	241	107	126	146	247	232	123	106	133	40	52	237	33	113	80	9	42	58	47	223	205	208	154	71	90	138	83	153	73	225	43	53	190	88	37	78	35	148	134	176	183	55	226	130	31	173	135	3	103	203	136	72	235	93	105	245	219	20	220	45	77	29	172	124	215	204	7	66	163	246	98	182	210	227	202	76	194	159	14	68	26	84	115	212	27	250	228	132	121	48	158	54	8	187	41	119	170	164	114	5	229	192	161	214	28	120	100	108	206	155	213	243	16	169	57	175	249	200	34	195	224	32	147	10	104	56	15	117	178	150	17	87	86	89	38	236	2	44	142	189	222	137	139	125	238	110	141	129	143	231	248	152	211	82	184	59	70	24	30	216	81	118	116	64	196	127	157	101	151	74	13	63	180	11	39	240	96	94	239	65	128	179	209	174	46	61	49	22	186	217	233	171	12	79	230	201	162	166	99	91	23	242	92	85	149	6	207	109	95	69	19	## Ordonnancement
22	## Nombre de tournées
1	4	2	5	4	5	6	7	7	10	11	12	16	17	18	18	23	25	23	23	9	4	## Nombre de sites par tournée
36	## Tournée 1
234	144	197	25	## Tournée 2
191	4	## Tournée 3
1	111	156	167	112	## Tournée 4
102	244	75	145	## Tournée 5
177	185	50	160	62	## Tournée 6
51	18	199	198	218	122	## Tournée 7
181	21	140	60	188	193	97	## Tournée 8
241	67	221	165	131	168	107	## Tournée 9
106	232	123	247	52	133	126	237	40	146	## Tournée 10
113	33	9	223	154	80	205	42	208	58	47	## Tournée 11
73	90	190	37	138	88	153	71	83	43	225	53	## Tournée 12
176	55	135	134	136	183	148	203	103	3	130	35	78	226	173	31	## Tournée 13
105	72	7	220	235	172	45	215	66	77	204	93	245	20	29	219	124	## Tournée 14
84	182	210	68	194	27	26	76	227	250	202	115	98	14	163	159	246	212	## Tournée 15
8	170	114	132	164	161	121	119	54	228	229	41	187	48	5	214	192	158	## Tournée 16
57	243	104	200	249	206	155	120	213	16	100	195	224	56	34	169	28	108	10	175	32	15	147	## Tournée 17
248	150	86	139	89	117	152	141	125	189	142	231	236	44	87	129	2	222	178	238	38	143	137	110	17	## Tournée 18
82	64	101	157	196	70	211	180	74	127	13	216	39	30	116	59	184	151	11	63	81	24	118	## Tournée 19
171	230	174	217	186	61	96	201	12	94	162	65	49	166	128	240	179	239	46	209	233	22	79	## Tournée 20
85	91	23	6	99	242	207	92	149	## Tournée 21
95	19	69	109	## Tournée 22
