256067	## Somme des retards
430	## Temps CPU (millisecondes)
113	278	95	142	236	281	97	110	186	83	198	283	293	163	170	118	30	78	13	49	224	59	53	217	299	254	119	15	84	66	24	2	3	151	256	252	192	43	215	112	133	147	93	240	277	45	89	159	211	152	288	226	165	106	117	137	72	237	266	143	99	287	298	155	296	184	194	221	190	114	61	270	156	41	19	70	203	282	259	276	17	91	248	36	37	238	102	178	261	144	104	275	264	40	286	94	230	177	48	80	223	23	214	73	219	262	108	279	191	284	5	9	33	208	265	250	62	28	207	57	38	92	60	131	146	269	111	227	212	172	232	64	258	295	267	150	134	168	244	145	233	74	25	169	21	149	220	22	11	20	249	245	130	188	105	123	138	46	242	127	167	136	126	124	206	76	12	193	86	182	196	292	39	58	195	82	216	54	291	77	255	222	63	27	181	160	26	153	199	201	154	51	135	285	251	103	32	161	231	7	8	289	71	75	280	187	34	52	290	44	272	246	50	139	10	81	173	140	179	274	122	115	218	79	42	175	247	14	4	65	69	180	162	116	29	243	174	87	171	141	271	109	129	234	228	132	100	209	47	6	210	67	241	225	229	235	120	96	98	85	185	205	1	121	68	164	157	35	148	128	101	18	253	107	268	31	202	200	90	158	239	125	166	183	297	260	213	273	56	257	204	88	197	294	263	16	300	189	176	55	## Ordonnancement
25	## Nombre de tournées
1	1	1	1	2	4	6	8	9	9	10	11	12	14	14	17	21	21	21	27	23	24	30	11	2	## Nombre de sites par tournée
113	## Tournée 1
278	## Tournée 2
95	## Tournée 3
142	## Tournée 4
281	236	## Tournée 5
186	110	83	97	## Tournée 6
163	283	293	198	118	170	## Tournée 7
49	217	30	78	224	13	53	59	## Tournée 8
84	254	119	3	2	24	15	66	299	## Tournée 9
112	256	133	147	215	151	252	43	192	## Tournée 10
226	89	211	45	93	152	277	288	240	159	## Tournée 11
237	266	99	117	72	165	298	287	143	106	137	## Tournée 12
61	194	155	296	156	190	184	41	19	221	270	114	## Tournée 13
248	17	37	102	282	178	261	203	259	276	36	70	91	238	## Tournée 14
48	80	40	214	144	275	286	223	23	104	230	264	94	177	## Tournée 15
28	279	191	33	208	265	250	262	108	219	73	57	62	5	284	207	9	## Tournée 16
212	145	111	232	168	258	150	269	146	131	267	295	172	64	38	60	233	227	92	244	134	## Tournée 17
188	22	11	167	123	127	242	21	25	220	136	249	245	46	130	169	74	149	105	20	138	## Tournée 18
86	255	124	77	292	193	82	63	196	182	126	76	291	222	39	206	12	58	216	195	54	## Tournée 19
153	199	7	8	27	135	181	251	290	201	52	51	154	103	280	187	285	75	44	161	26	34	289	231	160	71	32	## Tournée 20
65	122	218	81	247	14	10	115	162	274	179	69	272	139	4	175	246	173	140	180	42	79	50	## Tournée 21
225	87	209	67	129	120	141	132	228	234	174	100	235	109	116	271	241	47	229	29	171	243	6	210	## Tournée 22
268	121	185	128	98	164	260	31	297	202	157	148	18	213	205	85	35	90	158	183	101	107	200	68	1	253	166	239	96	125	## Tournée 23
204	294	88	197	300	56	263	16	257	189	273	## Tournée 24
55	176	## Tournée 25
