227924	## Somme des retards
560	## Temps CPU (millisecondes)
274	126	196	104	124	51	22	13	223	168	199	182	254	50	262	230	43	151	99	282	75	105	123	287	153	187	293	264	278	190	37	251	226	23	156	252	209	41	98	277	106	292	127	177	227	300	85	178	136	80	109	208	276	155	122	137	161	164	154	3	141	78	112	228	33	49	158	229	224	176	11	289	134	107	205	88	128	204	218	8	159	157	144	68	63	142	220	288	139	180	61	201	10	59	87	26	231	83	221	163	259	149	57	212	77	170	9	4	165	215	130	5	271	171	84	92	2	234	256	27	174	210	25	94	167	12	211	162	70	250	54	40	194	169	297	160	18	35	30	191	193	239	74	44	263	232	36	97	147	103	286	45	90	111	117	295	146	21	249	55	198	270	121	219	60	119	58	89	31	185	188	52	255	294	217	213	96	69	189	268	241	64	233	82	296	34	38	125	237	53	281	28	267	143	298	120	150	140	203	62	245	266	91	184	172	138	202	15	114	101	257	299	66	116	1	235	216	42	195	115	113	279	200	247	100	133	236	148	243	197	175	102	258	291	269	24	46	192	20	207	132	265	225	81	283	166	118	290	19	76	214	93	29	135	32	173	145	108	73	129	248	79	183	273	95	152	72	86	275	186	39	280	56	222	242	272	179	244	181	261	14	16	48	253	7	246	238	71	285	6	260	47	67	240	131	65	17	206	284	110	## Ordonnancement
26	## Nombre de tournées
1	1	1	1	1	2	4	3	5	7	7	9	11	10	14	16	19	17	21	20	22	28	28	29	22	1	## Nombre de sites par tournée
274	## Tournée 1
126	## Tournée 2
196	## Tournée 3
104	## Tournée 4
124	## Tournée 5
22	51	## Tournée 6
168	199	223	13	## Tournée 7
182	254	50	## Tournée 8
99	151	43	262	230	## Tournée 9
75	153	287	187	123	282	105	## Tournée 10
37	293	251	190	278	226	264	## Tournée 11
277	106	41	209	23	252	292	156	98	## Tournée 12
276	227	208	127	109	80	177	85	300	178	136	## Tournée 13
137	155	141	164	112	122	78	3	161	154	## Tournée 14
228	205	11	128	229	49	33	289	176	107	88	134	224	158	## Tournée 15
204	157	218	220	159	288	63	10	201	8	61	144	139	142	180	68	## Tournée 16
57	163	130	9	212	165	83	221	259	59	170	231	215	4	87	26	5	77	149	## Tournée 17
234	84	27	174	12	94	210	211	271	162	2	92	171	25	167	70	256	## Tournée 18
297	239	54	44	36	263	74	35	147	169	191	193	18	30	194	160	103	97	232	40	250	## Tournée 19
31	295	286	60	270	89	45	58	21	198	90	55	146	121	219	185	117	119	249	111	## Tournée 20
53	188	233	96	255	82	294	189	281	268	69	64	28	52	38	213	34	241	296	125	237	217	## Tournée 21
184	66	143	62	202	15	245	101	267	114	298	138	150	235	216	203	115	91	42	299	195	1	257	172	116	120	140	266	## Tournée 22
102	197	283	81	192	207	20	166	290	148	200	46	243	225	100	265	269	175	291	247	118	24	113	279	132	258	236	133	## Tournée 23
248	186	145	135	129	95	214	86	29	108	73	152	183	32	173	93	275	79	280	242	56	76	72	272	222	19	39	273	179	## Tournée 24
240	131	71	14	253	67	7	17	246	238	261	16	181	6	48	284	260	47	285	206	65	244	## Tournée 25
110	## Tournée 26
