26411	## Somme des retards
70	## Temps CPU (millisecondes)
20	100	59	3	48	97	8	66	64	4	49	52	95	21	32	88	82	51	16	40	75	45	43	86	29	92	74	87	85	11	23	47	12	61	80	33	15	37	93	25	38	81	5	36	62	13	18	78	41	1	24	96	42	65	26	76	55	67	54	83	35	6	34	94	63	46	22	77	14	84	39	79	30	31	73	17	90	68	50	72	58	56	57	71	19	28	89	7	99	10	27	91	98	60	44	70	69	53	2	9	## Ordonnancement
14	## Nombre de tournées
1	3	2	5	4	8	7	8	14	11	11	13	9	4	## Nombre de sites par tournée
20	## Tournée 1
3	59	100	## Tournée 2
97	48	## Tournée 3
49	4	8	66	64	## Tournée 4
52	21	32	95	## Tournée 5
45	88	40	82	51	75	43	16	## Tournée 6
87	29	92	86	85	74	11	## Tournée 7
61	15	47	80	33	23	37	12	## Tournée 8
13	18	5	25	24	36	96	93	62	38	41	81	1	78	## Tournée 9
54	26	83	67	76	6	65	35	42	55	34	## Tournée 10
46	31	39	77	84	30	63	14	94	79	22	## Tournée 11
28	58	68	72	57	19	73	71	89	56	90	50	17	## Tournée 12
98	10	99	7	70	44	60	27	91	## Tournée 13
69	53	9	2	## Tournée 14
