131474	## Somme des retards
280	## Temps CPU (millisecondes)
28	15	64	125	183	161	25	165	10	56	45	196	19	126	36	129	185	70	84	176	163	76	77	170	102	48	21	147	111	143	199	103	50	172	137	23	117	110	180	78	89	53	152	107	168	157	12	112	144	156	105	47	40	113	127	11	75	81	62	177	120	41	2	118	39	181	37	44	61	188	87	99	35	9	151	155	67	73	96	13	200	108	60	187	26	82	91	178	158	148	169	83	34	149	69	189	65	101	92	68	14	20	90	141	49	162	38	30	6	135	142	93	54	182	119	109	115	66	8	22	184	32	94	146	138	130	46	86	55	193	171	52	63	104	136	1	29	150	4	133	124	16	131	140	17	164	160	175	139	116	159	121	128	79	42	58	114	43	167	88	179	85	195	154	59	100	186	198	31	153	197	166	7	134	95	51	27	80	194	174	97	132	74	192	122	98	145	106	72	190	71	173	123	191	18	3	57	33	24	5	## Ordonnancement
20	## Nombre de tournées
2	2	2	3	3	6	6	6	8	11	8	12	17	12	15	21	21	24	15	6	## Nombre de sites par tournée
15	28	## Tournée 1
125	64	## Tournée 2
161	183	## Tournée 3
10	25	165	## Tournée 4
45	196	56	## Tournée 5
36	70	19	129	185	126	## Tournée 6
176	163	170	77	84	76	## Tournée 7
102	111	147	143	21	48	## Tournée 8
199	23	103	137	117	50	110	172	## Tournée 9
78	152	107	12	168	180	144	112	53	157	89	## Tournée 10
47	75	105	156	11	40	127	113	## Tournée 11
37	39	118	62	61	177	120	181	2	41	81	44	## Tournée 12
151	73	67	13	99	108	60	35	187	200	82	26	9	155	96	188	87	## Tournée 13
148	158	189	178	101	83	149	69	34	65	169	91	## Tournée 14
92	142	135	54	93	20	141	68	30	14	90	162	49	6	38	## Tournée 15
8	119	86	138	32	130	104	171	109	46	146	22	66	52	184	63	94	115	55	182	193	## Tournée 16
42	79	16	140	128	4	1	136	29	139	17	116	121	131	124	150	133	159	164	175	160	## Tournée 17
51	88	167	179	27	186	7	114	95	153	85	31	198	80	166	194	100	134	154	59	58	197	195	43	## Tournée 18
98	132	106	145	173	192	174	97	190	71	74	191	72	123	122	## Tournée 19
3	5	57	18	24	33	## Tournée 20
