38371	## Somme des retards
100	## Temps CPU (millisecondes)
13	5	48	67	37	79	38	47	69	14	65	57	78	56	87	46	50	31	44	33	99	61	76	49	17	51	20	41	27	64	9	63	73	88	11	80	66	19	21	100	74	55	32	54	96	28	10	23	45	3	4	12	6	84	90	92	22	15	43	81	30	26	75	35	52	62	71	89	72	97	1	68	18	29	85	36	7	58	25	8	34	24	40	98	95	42	70	16	53	93	86	39	94	59	77	83	82	91	60	2	## Ordonnancement
16	## Nombre de tournées
1	2	2	2	3	4	6	10	8	12	10	9	15	10	4	2	## Nombre de sites par tournée
13	## Tournée 1
48	5	## Tournée 2
67	37	## Tournée 3
79	38	## Tournée 4
47	69	14	## Tournée 5
56	65	78	57	## Tournée 6
87	50	31	33	44	46	## Tournée 7
51	27	17	20	49	76	41	64	61	99	## Tournée 8
88	11	73	9	80	63	19	66	## Tournée 9
21	96	55	3	28	32	74	10	23	54	100	45	## Tournée 10
15	81	4	92	90	22	84	12	43	6	## Tournée 11
89	30	26	35	52	75	71	62	72	## Tournée 12
36	58	85	1	25	97	18	34	7	24	68	8	98	40	29	## Tournée 13
16	39	70	86	42	59	94	53	93	95	## Tournée 14
77	83	82	91	## Tournée 15
60	2	## Tournée 16
