220103	## Somme des retards
130	## Temps CPU (millisecondes)
193	104	128	190	77	78	26	23	171	194	25	191	110	59	45	146	66	97	125	11	184	116	119	20	92	63	76	122	14	178	40	177	180	145	172	179	10	51	112	141	157	70	120	90	47	183	138	41	175	79	198	18	162	168	151	189	139	7	134	135	131	91	136	94	123	186	196	144	197	129	169	149	163	58	65	24	30	140	182	42	161	3	133	155	96	82	108	17	127	50	158	81	33	73	126	98	95	100	160	57	154	159	174	52	19	9	21	22	43	109	29	31	15	114	164	38	2	130	53	156	44	60	195	102	150	35	188	46	101	88	68	124	148	56	200	113	28	181	107	142	27	121	87	143	72	34	147	32	75	69	36	49	173	8	61	176	54	105	117	37	74	192	6	137	86	48	166	132	185	170	153	93	16	99	115	55	89	83	152	67	187	106	103	39	199	167	85	84	80	62	4	118	111	5	165	64	12	13	1	71	## Ordonnancement
24	## Nombre de tournées
1	1	1	1	2	1	3	1	5	3	8	8	7	9	12	12	15	15	17	17	20	18	21	2	## Nombre de sites par tournée
193	## Tournée 1
104	## Tournée 2
128	## Tournée 3
190	## Tournée 4
78	77	## Tournée 5
26	## Tournée 6
23	171	194	## Tournée 7
25	## Tournée 8
191	146	45	110	59	## Tournée 9
97	125	66	## Tournée 10
11	119	20	116	92	184	63	76	## Tournée 11
145	178	14	172	177	180	122	40	## Tournée 12
70	179	51	157	10	141	112	## Tournée 13
47	79	138	183	90	120	175	41	198	## Tournée 14
131	7	91	162	134	136	18	135	168	151	139	189	## Tournée 15
149	169	58	123	129	186	163	144	94	197	65	196	## Tournée 16
42	30	17	50	140	133	161	24	3	96	108	82	155	182	127	## Tournée 17
126	81	158	154	160	100	159	52	73	174	98	33	95	19	57	## Tournée 18
21	44	22	114	29	9	15	164	38	156	43	60	31	53	2	130	109	## Tournée 19
101	88	200	68	28	124	148	35	107	181	188	56	46	150	195	102	113	## Tournée 20
36	54	121	49	75	61	32	105	117	142	8	34	72	143	173	69	27	176	87	147	## Tournée 21
55	99	93	37	137	192	48	153	74	89	170	86	115	185	16	132	166	6	## Tournée 22
165	13	80	62	64	5	12	199	39	106	85	83	4	167	187	118	84	103	111	67	152	## Tournée 23
71	1	## Tournée 24
