55332	## Somme des retards
50	## Temps CPU (millisecondes)
19	52	71	97	49	67	72	96	29	63	42	81	83	100	35	7	18	43	66	88	8	92	4	64	1	13	57	16	93	89	15	77	38	76	94	14	37	60	84	65	50	79	91	45	55	44	58	41	78	85	32	74	82	95	33	46	28	47	54	69	62	36	12	2	24	80	31	27	98	61	10	25	75	86	40	21	68	39	53	9	70	22	26	73	34	23	48	87	5	11	99	30	51	17	59	56	3	90	20	6	## Ordonnancement
14	## Nombre de tournées
1	4	5	6	6	6	5	8	11	12	15	10	9	2	## Nombre de sites par tournée
19	## Tournée 1
52	97	71	49	## Tournée 2
72	96	63	29	67	## Tournée 3
100	42	83	81	7	35	## Tournée 4
43	92	8	88	18	66	## Tournée 5
64	1	13	16	57	4	## Tournée 6
15	89	93	77	38	## Tournée 7
94	84	37	14	60	76	65	50	## Tournée 8
41	85	58	91	32	74	79	44	45	78	55	## Tournée 9
95	12	28	2	54	46	82	47	69	36	33	62	## Tournée 10
27	80	25	86	10	75	68	40	21	53	98	31	24	39	61	## Tournée 11
22	87	70	23	26	73	48	34	9	5	## Tournée 12
99	56	17	51	90	11	3	30	59	## Tournée 13
6	20	## Tournée 14
