89724	## Somme des retards
300	## Temps CPU (millisecondes)
84	106	130	33	12	286	157	216	56	253	73	173	291	194	38	135	211	229	77	276	195	257	193	68	168	293	214	125	155	167	133	30	149	118	245	252	47	44	241	122	290	64	272	105	244	277	6	72	154	96	123	228	192	233	283	270	138	45	67	28	19	236	278	213	48	147	103	54	248	212	1	144	139	9	17	46	284	87	289	161	104	237	292	280	113	197	25	62	14	20	117	78	137	89	91	218	57	172	101	180	32	112	79	258	267	169	262	150	186	222	202	93	21	152	246	58	8	39	223	166	285	238	86	65	76	232	3	191	296	263	10	24	198	174	18	269	119	261	94	97	92	181	74	230	300	61	171	227	274	240	69	210	242	136	221	98	7	71	121	50	203	259	159	5	239	34	120	127	55	132	235	250	234	114	42	264	297	51	288	140	35	209	279	90	224	243	175	116	148	249	49	100	225	85	201	207	295	164	271	294	281	70	176	165	266	40	196	282	88	82	95	231	273	111	4	23	63	199	115	215	265	145	102	129	52	26	142	109	75	190	108	146	60	134	143	11	183	188	200	31	124	107	187	53	298	126	37	99	184	287	205	162	220	204	163	13	153	189	217	15	66	254	29	255	158	251	178	41	177	27	80	59	299	206	185	268	179	2	128	83	110	81	22	36	247	131	170	275	141	182	160	16	226	256	260	43	208	156	219	151	## Ordonnancement
24	## Nombre de tournées
1	2	1	2	2	3	4	6	6	9	10	13	13	16	19	18	21	26	25	27	27	25	23	1	## Nombre de sites par tournée
84	## Tournée 1
106	130	## Tournée 2
33	## Tournée 3
286	12	## Tournée 4
157	216	## Tournée 5
73	253	56	## Tournée 6
291	194	38	173	## Tournée 7
211	77	229	135	195	276	## Tournée 8
168	214	293	68	193	257	## Tournée 9
252	155	149	245	125	133	167	118	30	## Tournée 10
244	122	105	64	272	277	241	44	290	47	## Tournée 11
154	138	67	270	96	283	233	123	45	6	72	228	192	## Tournée 12
147	278	28	144	54	236	213	103	212	1	48	19	248	## Tournée 13
17	289	284	46	139	113	9	62	25	292	237	87	197	104	280	161	## Tournée 14
32	57	172	89	117	14	79	262	258	218	101	267	78	137	112	91	20	169	180	## Tournée 15
222	246	93	8	166	238	285	21	58	76	152	186	65	150	202	39	223	86	## Tournée 16
230	18	263	119	94	24	198	3	232	181	269	97	296	74	10	191	92	61	261	300	174	## Tournée 17
69	240	34	50	221	98	136	5	159	250	259	7	227	120	55	171	239	121	71	274	132	203	242	210	235	127	## Tournée 18
42	297	224	35	225	100	51	207	249	175	90	85	49	264	234	279	116	148	209	114	140	288	243	295	201	## Tournée 19
4	164	165	129	82	111	63	176	145	215	231	199	265	271	266	88	196	40	95	282	294	23	273	115	281	70	102	## Tournée 20
287	187	205	183	188	60	109	108	107	142	146	52	11	26	53	200	126	143	124	37	184	99	298	31	190	75	134	## Tournée 21
217	204	254	206	13	158	59	162	177	255	189	66	185	178	251	153	220	15	299	27	268	29	163	41	80	## Tournée 22
156	260	219	81	182	131	83	2	36	160	275	43	208	256	179	226	247	22	16	141	170	110	128	## Tournée 23
151	## Tournée 24
