33307	## Somme des retards
20	## Temps CPU (millisecondes)
1	44	57	2	32	27	30	73	51	99	50	43	9	58	12	72	15	52	41	18	21	93	56	77	60	54	94	92	29	64	33	23	3	47	79	69	22	84	17	53	13	24	14	89	38	96	86	16	100	82	5	65	40	35	70	11	68	61	66	6	48	19	95	80	28	75	34	98	62	90	39	8	74	59	49	37	7	4	83	10	55	81	76	97	36	63	25	85	91	45	31	88	20	67	87	78	42	71	26	46	## Ordonnancement
13	## Nombre de tournées
2	4	4	5	4	9	8	10	13	13	12	12	4	## Nombre de sites par tournée
44	1	## Tournée 1
27	57	32	2	## Tournée 2
51	73	99	30	## Tournée 3
43	9	58	12	50	## Tournée 4
41	15	72	52	## Tournée 5
21	92	93	60	54	77	94	18	56	## Tournée 6
3	47	23	33	29	79	69	64	## Tournée 7
24	14	89	13	96	53	38	22	17	84	## Tournée 8
16	86	66	82	68	61	40	35	5	11	70	100	65	## Tournée 9
34	39	48	98	90	19	28	95	6	8	80	75	62	## Tournée 10
76	83	81	97	49	55	37	10	74	4	7	59	## Tournée 11
85	25	67	45	63	36	88	87	20	91	31	78	## Tournée 12
42	71	46	26	## Tournée 13
