175202	## Somme des retards
340	## Temps CPU (millisecondes)
129	102	170	153	126	136	120	104	96	17	39	114	132	78	35	144	37	43	77	182	62	151	1	53	140	38	75	142	133	73	89	45	26	65	100	16	83	7	186	152	108	174	36	178	191	50	27	172	93	48	171	165	156	190	116	101	63	9	200	193	19	47	40	20	34	59	125	199	127	197	128	173	109	168	72	51	55	12	135	113	97	13	18	194	145	106	74	139	184	105	3	177	192	68	85	98	176	180	14	2	81	160	95	112	92	29	115	181	8	52	61	123	148	58	146	99	137	103	154	32	166	56	161	175	64	147	33	163	159	69	188	21	5	183	179	187	189	30	6	80	42	121	164	57	76	143	54	79	41	46	122	158	157	134	91	162	70	67	138	44	149	11	28	66	111	198	10	15	88	90	22	94	196	130	169	150	107	49	23	117	124	82	71	60	167	4	31	185	141	110	25	195	87	131	86	84	119	24	155	118	## Ordonnancement
25	## Nombre de tournées
1	1	1	1	1	1	1	2	2	4	3	5	9	8	11	12	14	16	16	18	20	23	18	9	3	## Nombre de sites par tournée
129	## Tournée 1
102	## Tournée 2
170	## Tournée 3
153	## Tournée 4
126	## Tournée 5
136	## Tournée 6
120	## Tournée 7
96	104	## Tournée 8
17	39	## Tournée 9
35	132	114	78	## Tournée 10
144	37	43	## Tournée 11
151	182	1	77	62	## Tournée 12
140	73	45	75	142	38	89	133	53	## Tournée 13
186	16	83	65	26	7	152	100	## Tournée 14
191	48	50	178	27	36	93	108	171	172	174	## Tournée 15
156	165	193	116	101	40	190	200	63	9	47	19	## Tournée 16
197	51	199	109	168	72	34	127	125	128	173	59	55	20	## Tournée 17
177	13	74	194	184	105	106	145	139	3	12	97	113	18	192	135	## Tournée 18
115	112	85	81	92	2	181	98	8	14	160	176	180	68	29	95	## Tournée 19
103	148	161	166	32	99	147	137	56	123	58	64	33	154	175	61	146	52	## Tournée 20
183	163	6	188	164	42	69	30	159	80	179	54	57	187	143	21	189	76	5	121	## Tournée 21
15	157	198	79	66	67	41	88	46	44	111	70	90	162	122	134	138	149	158	28	11	91	10	## Tournée 22
150	130	117	49	167	185	94	82	23	60	4	71	124	196	31	169	22	107	## Tournée 23
84	25	131	86	87	141	110	119	195	## Tournée 24
24	118	155	## Tournée 25
