194037	## Somme des retards
70	## Temps CPU (millisecondes)
114	145	30	2	129	72	81	94	105	48	24	126	116	144	35	149	113	6	136	86	45	32	57	5	119	21	103	63	31	102	22	20	85	87	106	69	13	10	120	78	150	41	147	26	107	52	60	44	93	19	47	36	54	66	37	97	46	61	58	133	75	50	67	23	128	122	108	68	89	109	4	146	38	101	98	33	14	123	104	132	29	83	111	117	56	55	90	96	7	28	118	127	135	125	99	138	1	40	82	91	70	137	84	74	140	148	49	139	142	80	76	110	11	141	3	95	12	73	121	88	53	43	34	27	9	79	65	92	59	115	77	8	131	25	16	134	15	100	112	18	64	71	62	39	130	51	17	143	42	124	## Ordonnancement
22	## Nombre de tournées
1	1	1	1	1	2	2	3	4	4	3	7	7	7	10	13	10	12	15	17	19	10	## Nombre de sites par tournée
114	## Tournée 1
145	## Tournée 2
30	## Tournée 3
2	## Tournée 4
129	## Tournée 5
81	72	## Tournée 6
94	105	## Tournée 7
24	48	126	## Tournée 8
35	116	144	149	## Tournée 9
6	86	136	113	## Tournée 10
57	45	32	## Tournée 11
119	21	31	103	5	102	63	## Tournée 12
13	85	106	20	87	69	22	## Tournée 13
150	120	41	147	10	26	78	## Tournée 14
52	60	107	47	44	54	93	36	66	19	## Tournée 15
108	122	75	128	133	37	61	67	46	50	97	23	58	## Tournée 16
68	101	38	4	146	98	33	109	14	89	## Tournée 17
111	83	117	7	55	104	96	90	29	123	56	132	## Tournée 18
137	125	74	135	99	127	40	1	28	91	70	118	138	82	84	## Tournée 19
12	73	49	140	95	80	53	142	148	121	141	76	11	110	139	88	3	## Tournée 20
134	79	9	25	59	131	27	100	8	65	16	15	34	43	115	92	112	77	18	## Tournée 21
42	71	124	130	64	51	17	39	143	62	## Tournée 22
