137096	## Somme des retards
130	## Temps CPU (millisecondes)
2	18	109	150	14	16	41	77	9	121	66	17	12	57	10	141	34	54	98	35	138	122	63	20	136	143	56	82	29	130	137	96	100	1	43	86	126	144	42	107	64	65	26	85	25	83	105	33	90	11	132	60	72	6	129	21	79	134	131	24	112	70	67	49	7	95	125	37	99	23	92	84	146	123	50	28	44	47	32	46	78	48	94	147	106	19	61	69	30	116	15	5	74	101	13	40	8	55	36	62	114	89	75	31	87	120	133	135	113	142	81	111	51	102	117	45	58	22	3	68	124	119	145	53	71	4	80	118	76	139	59	97	27	108	73	39	88	148	140	38	127	128	115	104	110	52	149	93	103	91	## Ordonnancement
22	## Nombre de tournées
1	2	2	2	1	1	1	2	4	5	5	6	7	11	9	10	13	13	18	17	16	4	## Nombre de sites par tournée
2	## Tournée 1
109	18	## Tournée 2
14	150	## Tournée 3
41	16	## Tournée 4
77	## Tournée 5
9	## Tournée 6
121	## Tournée 7
66	17	## Tournée 8
12	57	10	141	## Tournée 9
98	138	54	35	34	## Tournée 10
63	136	20	143	122	## Tournée 11
29	56	82	96	137	130	## Tournée 12
100	86	43	126	144	42	1	## Tournée 13
33	90	83	25	85	107	64	65	26	11	105	## Tournée 14
6	129	72	132	131	21	79	134	60	## Tournée 15
99	112	7	125	37	70	24	49	95	67	## Tournée 16
50	32	48	44	78	23	92	28	84	146	123	47	46	## Tournée 17
5	61	19	13	94	74	106	15	147	30	69	101	116	## Tournée 18
89	87	62	55	133	81	114	40	8	135	111	36	31	120	113	142	75	51	## Tournée 19
4	139	3	58	22	119	45	102	117	118	145	80	71	124	68	53	76	## Tournée 20
52	104	115	39	88	127	108	38	110	27	148	97	59	73	140	128	## Tournée 21
91	103	149	93	## Tournée 22
