88723	## Somme des retards
50	## Temps CPU (millisecondes)
9	68	15	53	76	26	86	57	29	24	14	1	74	87	67	97	75	78	19	72	83	81	96	66	30	65	71	95	56	23	44	50	94	80	45	10	100	77	61	60	89	62	11	59	84	58	82	69	63	17	43	85	40	22	49	27	64	32	21	99	73	4	48	28	98	6	8	91	20	31	39	18	16	7	36	12	38	88	54	90	37	13	70	2	46	35	34	79	3	41	51	93	25	33	42	55	92	5	52	47	## Ordonnancement
16	## Nombre de tournées
1	1	5	2	3	4	5	6	7	9	9	11	12	12	10	3	## Nombre de sites par tournée
9	## Tournée 1
68	## Tournée 2
53	76	26	86	15	## Tournée 3
29	57	## Tournée 4
1	24	14	## Tournée 5
67	97	87	74	## Tournée 6
19	72	75	83	78	## Tournée 7
71	81	65	96	66	30	## Tournée 8
56	80	94	23	50	44	95	## Tournée 9
11	89	62	77	60	10	61	100	45	## Tournée 10
43	84	17	63	58	85	69	59	82	## Tournée 11
27	32	64	22	49	99	73	4	40	21	48	## Tournée 12
28	6	31	91	98	18	36	39	7	16	8	20	## Tournée 13
34	88	90	38	54	46	35	13	12	70	2	37	## Tournée 14
41	79	55	25	3	93	42	33	92	51	## Tournée 15
47	52	5	## Tournée 16
