83457	## Somme des retards
50	## Temps CPU (millisecondes)
72	34	35	7	94	17	76	74	30	62	23	68	43	9	48	20	93	55	71	77	11	97	39	82	84	37	53	28	98	96	27	79	4	81	13	3	85	1	45	31	86	87	51	64	33	40	80	92	22	91	36	12	50	73	15	88	57	10	90	24	59	83	19	49	66	60	14	44	52	69	32	26	95	8	47	38	16	70	42	89	67	75	61	2	65	63	56	6	100	54	41	46	58	25	29	99	18	21	78	5	## Ordonnancement
19	## Nombre de tournées
1	1	1	1	1	1	2	2	4	4	5	8	10	8	11	11	13	13	3	## Nombre de sites par tournée
72	## Tournée 1
34	## Tournée 2
35	## Tournée 3
7	## Tournée 4
94	## Tournée 5
17	## Tournée 6
76	74	## Tournée 7
30	62	## Tournée 8
23	68	9	43	## Tournée 9
55	48	93	20	## Tournée 10
39	71	77	97	11	## Tournée 11
82	28	84	37	96	98	53	27	## Tournée 12
4	86	85	79	81	31	1	13	45	3	## Tournée 13
92	87	40	33	80	22	51	64	## Tournée 14
36	91	90	24	50	88	10	15	73	57	12	## Tournée 15
83	59	19	66	44	14	69	32	52	60	49	## Tournée 16
16	67	61	26	75	2	47	89	8	38	42	95	70	## Tournée 17
100	54	6	56	58	46	25	29	65	41	63	99	18	## Tournée 18
21	78	5	## Tournée 19
