315258	## Somme des retards
130	## Temps CPU (millisecondes)
192	187	120	92	183	65	81	131	97	197	84	9	149	112	137	133	24	61	85	31	55	132	147	176	62	59	14	154	40	77	23	13	72	3	161	1	48	123	195	33	150	46	179	87	181	105	16	34	99	196	185	15	165	199	126	74	148	172	144	108	163	49	54	151	64	111	76	20	117	56	138	141	39	37	173	93	44	21	153	75	6	10	171	100	167	136	113	170	156	89	12	53	191	86	63	103	124	178	139	114	146	19	5	41	119	94	102	78	175	58	45	28	110	143	194	83	79	188	169	25	145	152	17	11	27	174	96	162	22	168	35	190	129	121	107	38	140	52	128	142	67	73	159	182	116	68	122	127	186	50	158	101	200	7	184	2	4	193	115	166	180	88	32	189	98	134	91	135	71	43	160	47	36	26	157	18	42	177	69	8	109	80	60	125	104	118	70	198	106	82	66	30	95	90	155	51	29	130	57	164	## Ordonnancement
24	## Nombre de tournées
1	1	1	1	1	2	2	4	5	5	7	9	9	10	8	11	14	15	16	18	20	22	16	2	## Nombre de sites par tournée
192	## Tournée 1
187	## Tournée 2
120	## Tournée 3
92	## Tournée 4
183	## Tournée 5
81	65	## Tournée 6
131	97	## Tournée 7
197	9	84	149	## Tournée 8
61	137	133	24	112	## Tournée 9
55	85	132	31	147	## Tournée 10
154	176	14	62	40	77	59	## Tournée 11
195	23	48	72	161	3	123	1	13	## Tournée 12
181	150	179	33	16	46	105	87	34	## Tournée 13
165	99	172	185	126	196	199	148	74	15	## Tournée 14
49	108	163	111	54	151	64	144	## Tournée 15
93	20	141	138	117	56	37	44	39	173	76	## Tournée 16
113	100	170	21	75	89	171	6	156	12	10	153	136	167	## Tournée 17
63	41	94	53	19	139	86	114	146	119	178	191	103	124	5	## Tournée 18
169	175	28	110	102	143	194	145	25	83	79	58	45	188	152	78	## Tournée 19
128	52	190	96	142	27	162	38	121	129	140	17	11	22	174	168	107	35	## Tournée 20
115	159	127	73	200	68	116	158	122	182	7	101	186	184	50	67	4	166	193	2	## Tournée 21
180	18	88	43	8	69	109	42	36	71	32	26	134	135	160	47	80	189	91	177	98	157	## Tournée 22
51	155	82	104	125	118	130	66	95	29	90	106	60	198	30	70	## Tournée 23
57	164	## Tournée 24
