165204	## Somme des retards
380	## Temps CPU (millisecondes)
156	37	41	66	111	5	3	91	95	179	181	102	68	38	187	169	105	132	54	188	142	148	27	71	77	170	178	88	76	149	92	192	125	81	193	127	104	199	200	58	11	90	165	22	134	109	172	97	194	151	182	6	114	12	112	124	122	198	55	4	59	168	93	176	39	80	57	99	36	180	14	120	146	72	30	161	75	79	106	67	25	128	49	141	48	84	185	110	139	44	189	166	183	171	138	62	1	2	31	42	28	24	145	34	184	175	191	53	16	70	35	115	63	118	96	89	101	10	61	23	130	167	85	73	195	137	147	121	108	69	154	158	140	196	8	103	40	7	52	21	26	17	94	123	131	9	117	82	51	78	15	46	33	43	64	29	32	163	174	144	19	13	74	159	143	136	119	116	133	157	190	153	100	162	173	113	56	50	152	98	129	65	197	135	164	155	177	60	107	186	150	87	18	20	45	126	83	47	160	86	## Ordonnancement
21	## Nombre de tournées
2	1	1	3	5	5	6	7	8	8	12	15	10	15	18	16	22	19	17	9	1	## Nombre de sites par tournée
156	37	## Tournée 1
41	## Tournée 2
66	## Tournée 3
5	111	3	## Tournée 4
102	181	95	179	91	## Tournée 5
68	169	38	187	105	## Tournée 6
54	132	27	148	188	142	## Tournée 7
77	88	71	170	76	149	178	## Tournée 8
199	193	92	125	104	81	192	127	## Tournée 9
22	200	90	165	134	11	109	58	## Tournée 10
97	12	114	124	6	151	194	172	182	198	122	112	## Tournée 11
36	55	57	93	14	80	4	120	168	99	146	59	176	180	39	## Tournée 12
106	72	67	30	25	128	75	161	49	79	## Tournée 13
183	84	139	141	166	62	138	110	185	2	1	171	189	44	48	## Tournée 14
175	24	31	28	70	191	118	35	115	145	184	89	63	96	34	53	42	16	## Tournée 15
154	61	167	23	10	130	121	195	85	101	69	147	73	137	158	108	## Tournée 16
82	196	8	94	15	103	17	33	52	46	7	140	131	123	43	117	40	51	26	9	21	78	## Tournée 17
64	13	74	190	100	159	144	157	133	153	32	143	19	116	163	136	174	119	29	## Tournée 18
129	135	65	56	162	60	197	113	50	164	155	152	177	98	186	107	173	## Tournée 19
47	83	160	18	87	126	150	45	20	## Tournée 20
86	## Tournée 21
