243252	## Somme des retards
70	## Temps CPU (millisecondes)
46	35	27	43	91	107	34	167	36	189	148	18	15	69	97	146	92	200	90	77	178	98	81	73	11	78	117	42	14	67	196	24	40	26	176	156	151	121	104	6	175	22	122	86	159	106	20	119	120	53	101	4	70	187	136	153	13	168	93	102	99	103	157	28	131	50	191	68	171	66	79	116	150	143	197	30	47	154	137	61	45	16	8	105	94	162	64	44	96	125	163	114	133	145	10	183	72	166	134	155	19	57	2	37	95	129	132	141	100	177	9	39	135	59	160	55	193	12	71	41	192	195	54	75	112	127	7	23	109	89	52	76	17	179	65	31	84	32	161	194	165	186	128	144	158	113	180	51	82	164	173	140	118	172	169	111	87	130	74	62	85	48	126	170	184	142	149	1	21	56	174	123	29	182	33	138	199	147	3	63	25	124	188	80	139	181	49	60	88	190	152	5	198	58	185	110	83	115	38	108	## Ordonnancement
23	## Nombre de tournées
1	1	1	1	1	2	2	3	4	6	6	8	7	10	11	11	13	16	17	17	22	22	18	## Nombre de sites par tournée
46	## Tournée 1
35	## Tournée 2
27	## Tournée 3
43	## Tournée 4
91	## Tournée 5
107	34	## Tournée 6
167	36	## Tournée 7
189	148	18	## Tournée 8
97	146	15	69	## Tournée 9
90	178	98	92	77	200	## Tournée 10
73	42	11	81	78	117	## Tournée 11
156	26	67	176	40	196	14	24	## Tournée 12
151	121	6	175	104	122	22	## Tournée 13
4	159	101	120	70	53	106	119	86	20	## Tournée 14
157	93	168	28	136	153	13	102	103	187	99	## Tournée 15
68	171	143	66	150	79	116	197	191	131	50	## Tournée 16
44	61	154	47	64	16	8	45	162	137	105	30	94	## Tournée 17
163	19	37	155	72	57	166	133	114	10	134	183	96	145	2	125	## Tournée 18
100	12	192	95	177	135	39	132	41	160	71	59	129	141	55	9	193	## Tournée 19
23	89	17	112	179	76	32	31	7	75	195	65	109	54	127	84	52	## Tournée 20
194	164	161	172	140	118	144	82	173	74	165	128	87	169	51	130	180	186	111	158	113	62	## Tournée 21
25	3	56	126	123	199	174	33	48	124	147	182	29	138	142	184	149	63	170	1	85	21	## Tournée 22
38	5	152	110	115	58	108	190	185	49	181	88	83	60	188	80	139	198	## Tournée 23
