181981	## Somme des retards
130	## Temps CPU (millisecondes)
114	30	145	2	129	81	72	105	94	24	48	126	116	144	35	149	119	113	6	136	86	57	45	32	63	5	20	26	103	106	21	31	13	102	22	69	85	87	10	120	41	78	150	93	19	147	66	36	47	60	52	54	107	37	67	97	46	75	44	61	133	50	23	128	122	108	4	109	58	38	98	89	101	146	33	14	68	123	104	132	29	83	111	117	56	55	90	96	7	28	118	127	135	125	99	138	1	40	82	91	70	137	84	74	140	148	49	139	142	80	76	110	11	141	3	95	12	73	121	88	53	43	25	34	27	9	79	65	59	8	17	92	77	131	16	134	15	100	112	18	71	51	115	143	64	124	62	39	130	42	## Ordonnancement
23	## Nombre de tournées
1	2	1	1	1	1	2	3	4	5	4	8	6	7	7	13	11	12	15	17	18	8	3	## Nombre de sites par tournée
114	## Tournée 1
145	30	## Tournée 2
2	## Tournée 3
129	## Tournée 4
81	## Tournée 5
72	## Tournée 6
94	105	## Tournée 7
24	48	126	## Tournée 8
35	116	144	149	## Tournée 9
119	6	86	136	113	## Tournée 10
57	63	32	45	## Tournée 11
21	31	13	106	20	5	103	26	## Tournée 12
85	87	102	69	10	22	## Tournée 13
150	93	147	41	120	78	19	## Tournée 14
52	60	107	47	36	54	66	## Tournée 15
108	122	75	128	133	37	61	44	23	97	50	67	46	## Tournée 16
68	101	38	4	58	146	98	33	109	14	89	## Tournée 17
111	83	117	7	55	104	96	90	29	123	56	132	## Tournée 18
137	125	74	135	99	127	40	1	28	91	70	118	138	82	84	## Tournée 19
12	73	49	140	95	80	53	142	148	121	141	76	11	110	139	88	3	## Tournée 20
134	79	9	25	59	131	27	100	8	17	65	16	15	34	43	92	112	77	## Tournée 21
71	124	64	51	115	143	62	18	## Tournée 22
42	130	39	## Tournée 23
