168689	## Somme des retards
310	## Temps CPU (millisecondes)
156	111	37	66	41	3	5	91	95	179	181	68	169	148	187	38	102	105	27	54	188	142	132	77	170	178	88	149	71	76	92	192	125	81	127	104	199	200	172	193	58	11	90	165	22	134	109	198	114	97	194	180	182	6	12	112	122	124	4	36	39	14	176	93	57	80	161	151	59	55	146	72	30	79	99	168	106	185	25	120	67	128	49	2	166	75	171	183	110	139	44	189	24	84	62	48	138	35	141	1	89	42	96	115	53	145	34	184	175	191	16	70	28	63	31	140	101	10	117	7	130	167	85	73	195	137	147	121	69	108	23	61	154	158	118	43	196	8	103	9	143	21	52	26	94	123	131	40	82	51	15	46	78	100	33	29	32	163	174	119	19	13	74	136	17	144	133	157	190	153	64	162	186	107	177	116	50	164	135	18	98	45	65	20	159	83	152	86	155	56	60	173	160	47	113	197	129	126	87	150	## Ordonnancement
19	## Nombre de tournées
3	2	2	4	6	6	6	8	10	11	13	13	17	14	20	18	19	20	8	## Nombre de sites par tournée
156	111	37	## Tournée 1
41	66	## Tournée 2
5	3	## Tournée 3
181	95	179	91	## Tournée 4
102	68	169	38	148	187	## Tournée 5
54	132	27	105	142	188	## Tournée 6
77	88	71	170	149	178	## Tournée 7
199	92	125	104	81	192	76	127	## Tournée 8
193	200	90	172	109	11	134	58	22	165	## Tournée 9
97	12	114	124	6	194	112	180	182	198	122	## Tournée 10
36	55	57	93	14	80	4	151	176	39	161	146	59	## Tournée 11
106	72	67	120	30	25	128	168	99	185	2	49	79	## Tournée 12
24	183	84	139	141	166	62	138	110	89	75	1	35	189	171	44	48	## Tournée 13
175	16	42	31	28	70	191	145	184	63	96	34	53	115	## Tournée 14
154	61	167	23	10	130	121	195	85	101	69	147	7	140	73	118	117	158	108	137	## Tournée 15
82	196	8	94	15	103	9	21	46	52	26	131	123	43	143	51	40	78	## Tournée 16
64	13	74	190	33	17	100	162	163	136	174	119	29	144	157	133	153	32	19	## Tournée 17
173	116	155	60	65	56	135	83	164	50	159	177	152	98	186	107	45	20	86	18	## Tournée 18
129	47	160	197	113	87	126	150	## Tournée 19
