177400	## Somme des retards
60	## Temps CPU (millisecondes)
89	55	42	107	128	68	5	77	109	129	27	36	57	144	46	50	78	117	130	116	139	134	21	53	17	47	73	67	38	7	13	60	24	149	103	15	121	83	69	91	8	98	146	106	84	52	14	120	61	18	72	41	63	136	70	142	141	131	28	48	113	135	93	44	88	143	138	111	58	54	29	76	56	31	40	124	114	23	35	49	33	126	26	145	105	59	37	51	65	137	74	119	101	132	19	30	79	82	3	71	39	62	87	140	96	2	99	110	22	92	4	64	10	95	45	66	133	148	102	122	86	16	9	20	104	43	108	90	25	12	112	147	100	115	125	32	97	1	127	123	11	94	118	6	81	34	150	80	75	85	## Ordonnancement
19	## Nombre de tournées
1	1	1	2	2	3	4	5	6	7	10	8	11	12	14	15	17	19	12	## Nombre de sites par tournée
89	## Tournée 1
55	## Tournée 2
42	## Tournée 3
107	128	## Tournée 4
68	5	## Tournée 5
129	109	77	## Tournée 6
36	57	27	144	## Tournée 7
50	46	130	78	117	## Tournée 8
17	53	116	139	134	21	## Tournée 9
38	47	60	13	7	67	73	## Tournée 10
15	98	149	91	8	24	121	103	83	69	## Tournée 11
120	18	146	84	52	14	61	106	## Tournée 12
48	113	72	70	28	136	41	141	63	142	131	## Tournée 13
135	93	143	76	56	58	29	138	111	88	54	44	## Tournée 14
49	23	35	26	105	33	145	126	114	37	31	124	59	40	## Tournée 15
51	62	71	39	137	74	82	3	19	132	30	119	79	65	101	## Tournée 16
64	10	140	66	87	2	96	92	22	148	45	102	99	110	95	4	133	## Tournée 17
12	43	1	104	125	100	16	32	86	108	90	112	25	122	9	20	147	97	115	## Tournée 18
94	6	34	80	127	118	75	123	11	150	85	81	## Tournée 19
