257942	## Somme des retards
140	## Temps CPU (millisecondes)
15	59	112	149	17	72	196	200	117	113	16	56	140	114	174	129	68	36	175	161	190	79	118	28	130	82	121	197	77	5	153	100	119	185	136	186	106	138	86	194	188	49	134	71	159	96	128	58	57	45	151	18	105	19	30	157	87	7	102	21	93	11	179	167	98	40	183	54	171	111	22	84	122	126	137	184	76	12	61	115	189	92	31	67	191	154	4	62	155	97	81	66	53	78	69	195	163	124	51	170	64	42	13	1	156	48	187	20	23	127	193	145	107	70	29	14	144	109	25	34	132	178	108	176	65	35	88	44	180	198	3	131	99	41	47	90	50	110	52	172	91	116	158	80	169	9	168	165	73	133	148	152	83	135	147	177	141	10	103	181	32	39	104	120	85	150	164	166	37	101	38	199	143	43	95	24	75	160	89	94	123	26	2	142	125	139	46	60	33	192	74	6	162	27	173	8	63	55	146	182	## Ordonnancement
25	## Nombre de tournées
2	1	1	1	1	1	2	2	3	4	5	6	8	9	10	11	12	14	16	16	19	19	22	12	3	## Nombre de sites par tournée
15	59	## Tournée 1
112	## Tournée 2
149	## Tournée 3
17	## Tournée 4
72	## Tournée 5
196	## Tournée 6
117	200	## Tournée 7
113	16	## Tournée 8
114	56	140	## Tournée 9
68	36	174	129	## Tournée 10
79	175	161	118	190	## Tournée 11
77	121	197	28	82	130	## Tournée 12
106	100	119	185	5	186	153	136	## Tournée 13
86	71	96	159	188	138	194	134	49	## Tournée 14
57	18	45	105	157	58	128	30	19	151	## Tournée 15
21	87	7	167	11	179	93	98	183	40	102	## Tournée 16
61	84	171	54	184	126	122	12	76	137	111	22	## Tournée 17
4	67	66	31	62	92	154	189	191	155	115	97	53	81	## Tournée 18
170	78	1	42	195	51	156	48	23	163	187	124	13	64	20	69	## Tournée 19
193	34	108	176	109	70	178	65	127	14	25	144	132	107	145	29	## Tournée 20
50	116	88	180	158	198	90	110	99	41	47	52	172	131	80	91	35	3	44	## Tournée 21
32	147	152	103	168	148	165	73	135	181	177	10	39	104	83	9	141	169	133	## Tournée 22
143	123	150	75	164	37	2	26	85	101	89	24	142	125	160	120	95	38	43	166	199	94	## Tournée 23
63	27	60	6	33	192	139	162	173	74	8	46	## Tournée 24
146	182	55	## Tournée 25
