61266	## Somme des retards
30	## Temps CPU (millisecondes)
5	40	32	17	26	81	21	63	76	39	10	7	83	54	15	37	6	55	27	12	58	31	2	13	28	71	30	16	85	8	51	96	70	46	3	52	95	74	92	36	93	35	62	45	49	34	65	89	67	9	18	84	41	47	88	61	59	94	11	38	43	14	69	82	99	56	4	33	98	23	57	91	64	1	97	77	48	60	22	24	50	86	19	79	87	68	80	53	20	100	66	75	72	25	44	90	29	73	78	42	## Ordonnancement
16	## Nombre de tournées
1	1	2	2	2	3	4	5	8	7	11	11	13	16	11	3	## Nombre de sites par tournée
5	## Tournée 1
40	## Tournée 2
17	32	## Tournée 3
81	26	## Tournée 4
21	63	## Tournée 5
39	76	10	## Tournée 6
15	7	54	83	## Tournée 7
37	27	6	12	55	## Tournée 8
31	28	30	2	13	16	71	58	## Tournée 9
51	96	3	8	70	85	46	## Tournée 10
52	35	92	93	62	45	95	36	34	49	74	## Tournée 11
65	61	18	67	41	47	59	88	89	84	9	## Tournée 12
23	82	14	33	11	43	38	98	94	56	4	69	99	## Tournée 13
64	24	97	22	79	50	87	48	91	60	86	77	57	19	1	68	## Tournée 14
66	80	44	53	20	29	100	75	72	25	90	## Tournée 15
78	73	42	## Tournée 16
