109852	## Somme des retards
160	## Temps CPU (millisecondes)
64	34	113	86	20	23	43	99	100	109	95	135	40	25	17	85	91	90	101	42	57	52	107	144	114	111	93	145	129	141	87	119	124	32	7	102	63	21	83	123	136	56	46	50	3	29	22	55	116	72	82	15	69	13	84	26	137	80	28	97	1	48	12	108	36	126	96	122	53	120	8	106	31	103	74	77	92	73	19	76	142	149	11	125	58	139	38	4	60	130	71	14	6	88	51	30	41	45	18	147	121	133	62	112	5	59	35	98	39	78	134	89	143	140	138	94	54	81	24	67	118	110	127	105	70	148	68	10	47	61	131	104	115	146	37	2	33	75	66	117	79	150	132	49	44	27	65	16	9	128	## Ordonnancement
22	## Nombre de tournées
1	1	2	1	3	2	4	3	4	5	7	8	9	10	13	14	17	16	18	8	3	1	## Nombre de sites par tournée
64	## Tournée 1
34	## Tournée 2
86	113	## Tournée 3
20	## Tournée 4
43	99	23	## Tournée 5
100	109	## Tournée 6
40	135	95	25	## Tournée 7
85	17	91	## Tournée 8
42	90	57	101	## Tournée 9
111	144	107	114	52	## Tournée 10
141	124	87	93	145	119	129	## Tournée 11
21	7	136	102	123	32	63	83	## Tournée 12
46	50	55	29	3	22	56	72	116	## Tournée 13
28	13	82	69	80	26	97	84	15	137	## Tournée 14
36	12	120	31	48	126	122	8	53	106	1	108	96	## Tournée 15
19	142	76	77	125	38	73	149	92	103	74	11	58	139	## Tournée 16
51	147	45	62	6	14	41	130	121	60	133	112	4	18	88	71	30	## Tournée 17
59	134	98	39	35	143	138	81	67	140	94	78	89	24	54	5	## Tournée 18
146	61	70	47	131	2	148	37	104	105	127	118	10	68	110	33	75	115	## Tournée 19
49	27	79	150	117	66	132	44	## Tournée 20
16	9	65	## Tournée 21
128	## Tournée 22
