174509	## Somme des retards
880	## Temps CPU (millisecondes)
161	100	169	99	115	11	166	2	51	102	45	152	19	189	22	8	132	4	67	65	83	29	122	42	142	69	38	77	44	185	138	49	70	103	197	21	151	10	3	39	27	182	141	94	105	200	82	167	165	118	130	172	75	143	162	191	181	199	89	131	36	53	109	93	193	148	127	78	180	145	91	171	139	68	107	106	179	54	87	63	12	17	150	126	76	174	88	140	9	80	71	111	6	198	133	146	129	116	90	74	175	190	147	50	30	170	186	134	124	37	25	57	85	52	154	178	47	20	121	61	120	110	183	177	13	137	28	114	158	156	79	24	15	81	33	56	40	84	163	135	173	32	64	113	23	160	18	62	192	164	97	159	125	195	194	55	98	31	46	123	104	168	48	43	196	1	92	34	96	157	112	66	59	58	153	176	72	187	16	35	188	26	73	119	60	95	149	144	136	117	41	155	86	108	14	184	128	5	101	7	## Ordonnancement
23	## Nombre de tournées
1	1	1	3	1	3	3	4	6	7	6	8	11	12	15	16	15	19	20	19	14	11	4	## Nombre de sites par tournée
161	## Tournée 1
100	## Tournée 2
169	## Tournée 3
115	99	11	## Tournée 4
166	## Tournée 5
51	2	102	## Tournée 6
45	152	19	## Tournée 7
132	189	8	22	## Tournée 8
122	29	83	67	4	65	## Tournée 9
44	69	38	142	185	77	42	## Tournée 10
70	49	21	138	103	197	## Tournée 11
10	151	3	39	141	182	94	27	## Tournée 12
75	162	130	172	82	143	165	167	200	105	118	## Tournée 13
181	127	36	89	148	109	193	93	199	131	191	53	## Tournée 14
171	87	180	78	107	12	91	54	68	179	139	106	63	17	145	## Tournée 15
80	146	71	9	129	140	76	111	150	6	174	116	88	198	126	133	## Tournée 16
170	57	74	186	50	147	124	37	25	134	30	90	175	190	85	## Tournée 17
13	154	52	24	20	178	61	183	79	177	110	120	158	121	47	28	114	156	137	## Tournée 18
159	33	81	18	97	163	113	62	40	173	135	160	15	84	56	64	192	32	23	164	## Tournée 19
48	112	55	125	34	46	31	196	92	43	194	123	104	195	98	168	1	157	96	## Tournée 20
73	176	119	35	16	59	72	60	153	26	187	66	188	58	## Tournée 21
136	86	117	144	41	95	108	155	14	184	149	## Tournée 22
5	101	128	7	## Tournée 23
