153416	## Somme des retards
550	## Temps CPU (millisecondes)
190	84	168	131	26	31	146	101	23	21	138	193	150	109	185	49	127	6	77	62	195	175	37	18	41	144	133	1	121	180	28	98	2	8	167	48	166	97	108	159	9	114	197	79	157	169	151	176	93	53	107	91	92	78	88	105	80	81	34	147	96	198	14	173	187	123	171	74	191	152	83	85	182	130	66	33	118	38	90	104	82	99	113	142	179	24	50	194	120	56	76	155	54	46	116	27	128	145	7	12	117	10	132	103	58	44	184	200	47	15	111	5	196	36	188	87	51	29	136	94	125	119	162	124	143	126	65	52	160	135	170	106	115	153	141	39	177	55	57	59	122	25	32	11	72	40	22	172	75	192	69	158	68	45	89	199	110	4	100	61	156	17	13	67	86	178	95	189	129	137	3	174	134	165	112	186	164	20	60	139	102	63	43	16	42	154	35	163	19	148	181	140	149	30	64	161	183	73	71	70	## Ordonnancement
22	## Nombre de tournées
2	1	2	3	2	5	4	3	7	9	9	13	12	12	16	17	19	20	21	16	6	1	## Nombre de sites par tournée
84	190	## Tournée 1
168	## Tournée 2
26	131	## Tournée 3
31	101	146	## Tournée 4
23	21	## Tournée 5
185	138	150	193	109	## Tournée 6
127	6	49	77	## Tournée 7
195	175	62	## Tournée 8
144	121	41	37	1	18	133	## Tournée 9
8	97	48	167	180	28	166	2	98	## Tournée 10
151	114	157	159	79	197	108	9	169	## Tournée 11
147	78	80	81	91	88	105	93	107	34	176	53	92	## Tournée 12
96	83	14	85	187	171	123	74	198	152	191	173	## Tournée 13
142	182	33	90	130	99	104	82	38	66	118	113	## Tournée 14
54	145	50	56	27	155	7	128	76	116	179	120	46	24	12	194	## Tournée 15
5	58	103	188	15	87	111	36	10	44	196	117	47	200	132	184	51	## Tournée 16
52	39	136	125	143	126	153	162	65	94	141	115	160	119	106	170	29	135	124	## Tournée 17
57	172	59	177	45	68	32	89	11	158	69	199	40	22	55	25	122	75	72	192	## Tournée 18
17	61	4	189	67	95	129	164	137	3	110	156	174	165	178	13	100	186	112	86	134	## Tournée 19
42	181	148	102	16	20	139	35	60	19	154	63	43	140	149	163	## Tournée 20
71	73	64	183	30	161	## Tournée 21
70	## Tournée 22
