96398	## Somme des retards
10	## Temps CPU (millisecondes)
56	84	50	8	59	70	69	36	82	16	60	76	77	26	22	100	44	88	3	91	64	51	20	71	52	40	33	96	9	17	65	85	79	39	97	6	62	37	54	68	61	45	29	43	13	28	24	4	19	57	94	2	66	72	35	34	80	75	46	55	78	18	93	30	15	98	47	10	81	92	21	83	99	73	38	48	95	58	27	41	67	63	90	25	32	14	74	7	87	86	1	11	5	89	42	53	49	23	12	31	## Ordonnancement
23	## Nombre de tournées
1	1	1	1	1	1	1	2	1	1	1	2	3	4	5	8	8	10	10	14	12	11	1	## Nombre de sites par tournée
56	## Tournée 1
84	## Tournée 2
50	## Tournée 3
8	## Tournée 4
59	## Tournée 5
70	## Tournée 6
69	## Tournée 7
36	82	## Tournée 8
16	## Tournée 9
60	## Tournée 10
76	## Tournée 11
77	26	## Tournée 12
22	100	44	## Tournée 13
88	3	64	91	## Tournée 14
71	51	20	52	40	## Tournée 15
9	65	96	33	17	39	85	79	## Tournée 16
45	68	54	6	62	97	61	37	## Tournée 17
28	4	2	13	24	19	94	43	29	57	## Tournée 18
55	34	72	46	66	35	18	75	78	80	## Tournée 19
92	98	93	21	47	38	30	99	15	73	83	10	81	48	## Tournée 20
63	27	95	25	41	74	58	67	7	90	14	32	## Tournée 21
53	87	1	12	11	49	23	5	89	42	86	## Tournée 22
31	## Tournée 23
