133201	## Somme des retards
230	## Temps CPU (millisecondes)
84	28	78	133	98	14	124	114	60	1	42	125	80	10	67	145	12	4	129	57	66	144	119	47	142	76	88	21	11	102	146	87	61	22	70	116	77	104	52	90	126	118	130	127	69	135	59	13	138	30	49	62	149	106	134	111	51	97	120	40	71	123	65	122	45	2	29	103	56	108	27	79	58	24	39	82	55	17	113	41	54	147	137	89	86	64	44	53	93	92	74	32	68	37	20	72	3	150	139	33	73	75	85	140	121	132	63	18	117	8	109	48	107	23	15	128	110	136	112	143	81	131	36	46	99	83	16	31	115	95	6	100	91	7	94	35	34	50	148	141	19	25	96	105	101	43	5	9	26	38	## Ordonnancement
20	## Nombre de tournées
1	2	2	3	3	4	2	4	5	7	8	11	10	12	12	17	15	15	13	4	## Nombre de sites par tournée
84	## Tournée 1
78	28	## Tournée 2
133	98	## Tournée 3
14	124	114	## Tournée 4
1	60	42	## Tournée 5
125	10	67	80	## Tournée 6
145	12	## Tournée 7
66	57	129	4	## Tournée 8
142	119	144	76	47	## Tournée 9
21	146	88	87	11	61	102	## Tournée 10
90	22	116	52	77	126	104	70	## Tournée 11
135	62	138	118	130	30	13	59	127	49	69	## Tournée 12
40	51	123	149	111	106	134	97	120	71	## Tournée 13
79	24	122	65	56	108	45	29	58	2	27	103	## Tournée 14
82	17	137	64	41	54	113	55	89	39	147	86	## Tournée 15
68	74	85	92	72	32	20	139	73	150	75	44	37	53	93	3	33	## Tournée 16
63	140	136	117	18	110	107	109	48	128	8	132	121	15	23	## Tournée 17
16	81	91	100	99	143	6	31	36	46	112	115	83	131	95	## Tournée 18
50	96	34	7	148	25	141	105	43	19	35	94	101	## Tournée 19
26	5	38	9	## Tournée 20
