46700	## Somme des retards
70	## Temps CPU (millisecondes)
27	95	60	73	5	89	1	99	32	30	62	92	33	76	67	81	52	36	44	19	24	53	56	71	86	14	57	79	10	65	85	84	66	20	46	98	94	43	54	41	96	88	75	70	74	55	6	47	48	63	100	8	11	82	16	21	91	45	34	90	42	72	2	22	7	49	93	23	9	78	29	38	77	17	64	83	15	4	58	18	26	12	39	3	97	68	25	61	59	51	28	37	35	69	40	13	31	50	87	80	## Ordonnancement
16	## Nombre de tournées
1	2	2	3	4	3	7	8	6	11	10	12	10	15	5	1	## Nombre de sites par tournée
27	## Tournée 1
60	95	## Tournée 2
5	73	## Tournée 3
99	1	89	## Tournée 4
32	92	62	30	## Tournée 5
76	67	33	## Tournée 6
52	36	53	19	44	81	24	## Tournée 7
65	56	79	14	86	57	71	10	## Tournée 8
98	66	84	20	46	85	## Tournée 9
94	88	75	41	55	54	96	70	43	6	74	## Tournée 10
63	91	16	8	47	48	11	21	82	100	## Tournée 11
34	93	45	90	22	2	42	9	72	49	23	7	## Tournée 12
4	17	78	15	29	64	77	58	83	38	## Tournée 13
69	51	12	28	26	61	25	68	18	3	39	97	37	59	35	## Tournée 14
87	40	13	50	31	## Tournée 15
80	## Tournée 16
