163997	## Somme des retards
100	## Temps CPU (millisecondes)
9	51	52	130	142	62	76	45	34	125	11	57	123	71	75	48	134	38	43	33	42	117	114	25	68	88	100	56	29	87	144	24	132	15	14	59	98	55	37	128	145	31	102	39	119	129	19	2	95	124	82	99	137	91	44	21	150	133	109	8	22	53	141	6	97	139	101	4	20	23	138	86	108	73	118	67	13	113	92	69	60	65	127	116	64	112	78	79	85	106	83	49	122	121	107	47	104	146	27	18	70	81	7	66	126	58	80	94	74	5	143	120	93	35	10	77	46	17	84	136	40	140	149	61	131	28	50	32	148	105	63	36	30	89	96	115	90	147	135	1	111	3	110	26	12	16	72	54	41	103	## Ordonnancement
20	## Nombre de tournées
2	1	1	2	2	3	4	5	7	8	10	8	9	12	12	15	14	16	17	2	## Nombre de sites par tournée
9	51	## Tournée 1
52	## Tournée 2
130	## Tournée 3
142	62	## Tournée 4
76	45	## Tournée 5
11	34	125	## Tournée 6
57	75	123	71	## Tournée 7
43	48	134	38	33	## Tournée 8
88	117	42	100	25	114	68	## Tournée 9
144	15	29	87	14	132	24	56	## Tournée 10
128	37	59	31	98	102	145	55	39	119	## Tournée 11
82	95	19	99	129	2	137	124	## Tournée 12
21	8	150	91	109	133	44	53	22	## Tournée 13
20	4	141	73	101	138	108	86	6	97	23	139	## Tournée 14
112	64	116	118	13	65	127	67	92	113	69	60	## Tournée 15
107	146	106	121	85	83	122	70	79	78	47	18	27	49	104	## Tournée 16
58	80	74	66	120	93	7	143	94	81	10	35	5	126	## Tournée 17
105	17	131	149	46	136	61	140	28	84	50	148	32	40	77	63	## Tournée 18
30	147	54	111	89	115	12	3	96	72	1	26	135	16	36	110	90	## Tournée 19
41	103	## Tournée 20
