117343	## Somme des retards
180	## Temps CPU (millisecondes)
46	24	7	33	50	111	126	34	133	122	37	52	4	3	28	57	43	18	100	144	121	84	132	95	25	44	36	42	23	113	29	129	35	127	104	99	118	21	101	66	27	143	56	10	131	51	76	82	142	105	30	62	93	88	14	13	116	69	45	147	137	17	71	38	89	90	75	98	117	136	120	80	112	6	68	59	63	39	106	2	138	58	123	96	92	94	150	26	60	67	114	128	12	72	74	91	65	124	70	102	86	149	119	5	20	11	77	103	109	87	145	78	146	79	81	85	1	64	47	22	130	48	140	61	55	15	141	49	135	31	54	32	97	107	40	41	139	148	115	134	125	83	19	73	110	16	9	8	53	108	## Ordonnancement
22	## Nombre de tournées
2	1	1	1	1	2	1	3	2	4	5	5	9	7	9	13	13	16	17	16	17	5	## Nombre de sites par tournée
24	46	## Tournée 1
7	## Tournée 2
33	## Tournée 3
50	## Tournée 4
111	## Tournée 5
126	34	## Tournée 6
133	## Tournée 7
122	52	37	## Tournée 8
3	4	## Tournée 9
57	28	18	43	## Tournée 10
100	132	144	84	121	## Tournée 11
36	42	25	95	44	## Tournée 12
104	113	99	29	23	127	129	35	118	## Tournée 13
27	143	21	66	101	10	56	## Tournée 14
105	62	76	82	51	131	142	93	30	## Tournée 15
45	88	38	89	14	71	13	69	90	137	17	147	116	## Tournée 16
6	68	117	98	39	112	106	80	120	59	75	63	136	## Tournée 17
58	114	72	2	138	12	74	26	96	150	94	60	128	67	92	123	## Tournée 18
11	91	78	119	70	77	145	149	124	86	87	65	20	109	103	102	5	## Tournée 19
81	55	48	79	22	85	140	146	64	47	130	141	61	1	49	15	## Tournée 20
135	54	32	73	40	41	148	125	97	134	107	83	110	115	139	19	31	## Tournée 21
53	16	9	108	8	## Tournée 22
