63175	## Somme des retards
30	## Temps CPU (millisecondes)
10	89	51	67	2	48	14	72	76	40	56	78	34	29	93	35	70	33	61	90	79	16	100	42	71	8	20	18	26	96	59	24	66	30	99	85	19	49	31	9	69	27	57	87	12	46	1	39	41	17	45	50	75	74	47	60	4	97	68	63	37	15	36	44	53	83	86	82	21	11	80	58	7	88	52	23	28	84	13	38	62	22	77	91	92	6	98	54	43	64	94	73	25	3	32	5	65	55	95	81	## Ordonnancement
18	## Nombre de tournées
2	1	1	1	1	1	3	4	6	8	10	8	11	10	14	12	6	1	## Nombre de sites par tournée
89	10	## Tournée 1
51	## Tournée 2
67	## Tournée 3
2	## Tournée 4
48	## Tournée 5
14	## Tournée 6
72	40	76	## Tournée 7
34	56	78	29	## Tournée 8
33	90	35	61	70	93	## Tournée 9
8	71	42	20	18	79	16	100	## Tournée 10
30	24	85	99	19	59	26	96	49	66	## Tournée 11
9	46	87	31	69	27	12	57	## Tournée 12
47	50	75	4	45	1	74	60	41	39	17	## Tournée 13
86	53	37	83	68	63	97	15	44	36	## Tournée 14
62	82	52	11	23	88	84	13	80	58	21	28	38	7	## Tournée 15
92	25	6	77	43	22	94	91	98	64	73	54	## Tournée 16
95	55	3	65	32	5	## Tournée 17
81	## Tournée 18
