147229	## Somme des retards
60	## Temps CPU (millisecondes)
63	51	72	15	53	25	138	146	71	59	61	8	73	70	139	45	39	42	57	48	26	147	129	144	2	89	49	52	18	121	79	135	65	40	31	96	80	12	86	21	116	19	75	111	64	143	77	117	150	20	131	68	128	13	125	1	69	56	35	105	109	85	29	106	3	133	137	32	91	107	149	120	10	103	4	130	66	11	82	74	118	124	46	145	141	127	134	104	7	114	50	83	58	41	92	38	102	36	6	140	27	90	22	112	119	123	84	28	24	87	54	113	97	148	142	132	14	81	44	76	17	94	37	110	126	33	23	98	55	100	16	9	43	115	34	78	47	122	136	30	67	60	62	88	108	93	5	95	99	101	## Ordonnancement
23	## Nombre de tournées
1	1	1	1	2	1	1	2	2	3	4	5	6	7	8	11	10	13	15	17	18	17	4	## Nombre de sites par tournée
63	## Tournée 1
51	## Tournée 2
72	## Tournée 3
15	## Tournée 4
25	53	## Tournée 5
138	## Tournée 6
146	## Tournée 7
59	71	## Tournée 8
8	61	## Tournée 9
73	70	139	## Tournée 10
39	45	57	42	## Tournée 11
48	26	129	147	144	## Tournée 12
49	18	89	121	52	2	## Tournée 13
65	96	40	80	31	135	79	## Tournée 14
19	86	21	75	111	116	64	12	## Tournée 15
117	128	68	20	13	125	143	77	1	131	150	## Tournée 16
35	106	69	105	29	133	85	56	109	3	## Tournée 17
11	82	66	4	107	137	10	91	130	32	120	103	149	## Tournée 18
134	83	46	124	41	118	141	50	127	145	104	58	7	74	114	## Tournée 19
112	54	84	90	38	36	119	27	28	24	123	92	102	140	22	87	6	## Tournée 20
132	44	37	126	55	76	33	23	97	148	14	142	17	81	94	113	98	110	## Tournée 21
43	78	136	122	16	47	62	108	115	67	93	30	34	100	9	88	60	## Tournée 22
99	95	101	5	## Tournée 23
