68474	## Somme des retards
60	## Temps CPU (millisecondes)
91	66	22	37	75	28	64	76	62	15	70	13	65	40	59	83	8	49	16	87	43	1	63	71	69	92	50	21	94	7	72	98	60	58	86	97	53	96	95	29	67	9	48	89	85	44	45	14	56	68	4	90	46	78	30	12	3	47	38	54	100	41	80	6	42	51	27	31	11	20	26	2	25	17	36	74	61	33	84	55	81	79	73	23	10	82	52	99	77	57	32	35	5	34	88	24	18	19	93	39	## Ordonnancement
17	## Nombre de tournées
1	1	2	1	2	2	5	5	4	6	6	11	9	13	16	13	3	## Nombre de sites par tournée
91	## Tournée 1
66	## Tournée 2
37	22	## Tournée 3
75	## Tournée 4
28	64	## Tournée 5
76	62	## Tournée 6
65	70	13	40	15	## Tournée 7
16	8	83	59	49	## Tournée 8
63	1	87	43	## Tournée 9
50	92	71	69	94	21	## Tournée 10
60	7	86	72	98	58	## Tournée 11
44	89	95	97	9	53	67	96	48	85	29	## Tournée 12
4	56	68	45	14	90	46	78	30	## Tournée 13
100	27	12	47	38	3	51	6	42	41	80	54	31	## Tournée 14
33	73	79	17	11	20	25	23	55	2	74	26	61	81	36	84	## Tournée 15
35	10	88	24	82	99	32	34	18	52	57	77	5	## Tournée 16
39	93	19	## Tournée 17
