84048	## Somme des retards
10	## Temps CPU (millisecondes)
24	57	92	76	23	19	15	27	61	66	75	11	31	83	77	90	84	2	9	6	54	82	12	36	71	99	68	14	22	34	18	35	55	91	42	64	96	97	63	58	88	95	85	67	40	7	56	26	93	4	52	21	89	45	46	81	17	73	100	87	80	53	10	1	50	32	78	94	3	20	65	86	29	38	62	72	60	51	39	41	47	43	33	79	28	37	59	44	49	69	70	30	48	98	25	16	8	13	74	5	## Ordonnancement
16	## Nombre de tournées
2	1	2	1	3	3	5	6	6	8	8	9	10	12	14	10	## Nombre de sites par tournée
24	57	## Tournée 1
92	## Tournée 2
23	76	## Tournée 3
19	## Tournée 4
15	27	61	## Tournée 5
66	75	11	## Tournée 6
77	83	31	84	90	## Tournée 7
82	2	9	6	12	54	## Tournée 8
68	22	36	99	71	14	## Tournée 9
34	96	42	55	91	35	64	18	## Tournée 10
97	85	67	95	40	63	88	58	## Tournée 11
21	89	56	93	7	26	4	45	52	## Tournée 12
10	80	100	73	53	1	17	46	87	81	## Tournée 13
65	62	3	86	50	72	78	29	20	38	94	32	## Tournée 14
43	59	37	69	41	47	51	79	28	33	39	44	60	49	## Tournée 15
98	70	16	25	5	13	74	30	8	48	## Tournée 16
