304416	## Somme des retards
10	## Temps CPU (millisecondes)
197	30	66	147	184	39	58	97	17	98	64	137	126	152	20	7	9	242	249	110	239	204	76	165	175	172	151	81	188	178	53	87	211	138	79	220	227	35	185	134	34	171	128	31	16	62	111	207	32	230	73	193	195	13	234	170	95	102	6	119	225	201	10	141	208	180	93	156	45	14	245	99	104	112	162	84	136	25	59	24	163	54	88	44	29	209	72	158	221	69	200	146	67	219	206	205	189	78	229	210	166	114	181	15	55	169	107	144	117	224	22	216	125	47	5	121	202	52	145	215	217	61	214	237	4	11	23	223	92	176	233	50	248	143	49	91	132	173	236	86	159	57	43	177	123	3	187	238	40	191	124	46	135	222	164	33	153	183	167	70	127	168	160	94	106	142	213	247	199	182	18	38	105	133	116	231	90	65	82	8	131	194	192	51	130	190	140	241	56	250	85	12	21	155	179	2	150	42	139	243	196	149	203	101	240	41	63	232	212	100	60	129	26	77	122	157	174	74	148	120	226	218	71	115	235	89	118	96	1	68	161	19	154	198	28	109	103	75	27	244	48	80	37	108	186	36	228	113	83	246	## Ordonnancement
23	## Nombre de tournées
1	1	1	1	3	3	4	5	7	10	10	10	11	13	15	15	19	18	19	22	23	26	13	## Nombre de sites par tournée
197	## Tournée 1
30	## Tournée 2
66	## Tournée 3
147	## Tournée 4
184	39	58	## Tournée 5
17	98	97	## Tournée 6
137	126	152	64	## Tournée 7
249	20	9	7	242	## Tournée 8
175	204	165	110	172	76	239	## Tournée 9
79	53	87	178	81	220	211	188	151	138	## Tournée 10
227	62	31	128	34	185	35	16	134	171	## Tournée 11
195	230	193	32	207	111	234	170	13	73	## Tournée 12
141	102	180	95	208	93	225	6	10	119	201	## Tournée 13
156	136	112	245	84	99	59	162	14	45	24	104	25	## Tournée 14
200	72	221	69	29	44	88	219	209	158	146	163	54	206	67	## Tournée 15
114	229	55	78	181	210	205	224	169	166	144	117	15	189	107	## Tournée 16
11	237	223	214	61	217	47	52	23	22	92	216	215	4	125	202	5	121	145	## Tournée 17
49	159	123	233	86	3	143	177	91	187	132	50	173	176	236	43	248	57	## Tournée 18
46	222	124	168	160	135	94	238	106	191	70	183	164	167	153	127	40	142	33	## Tournée 19
192	90	194	18	190	199	131	65	51	140	130	38	247	105	133	8	82	182	116	241	231	213	## Tournée 20
2	21	42	149	60	179	139	232	250	101	150	56	212	85	100	243	155	203	41	12	63	240	196	## Tournée 21
26	218	74	109	174	115	28	157	96	129	235	154	120	89	118	1	77	68	148	71	122	226	19	198	161	103	## Tournée 22
80	75	228	113	108	27	246	186	36	83	244	37	48	## Tournée 23
