67495	## Somme des retards
0	## Temps CPU (millisecondes)
63	53	56	61	68	23	98	39	37	1	91	70	80	18	78	74	45	75	17	48	29	32	13	90	46	31	64	100	60	93	94	38	19	89	41	79	35	77	2	66	27	9	26	20	73	14	99	54	83	71	69	7	4	65	8	12	42	49	86	30	82	55	22	67	88	62	95	40	24	76	43	34	6	57	15	3	5	28	50	52	85	44	72	92	81	51	10	11	87	47	36	59	16	58	33	25	97	84	96	21	## Ordonnancement
14	## Nombre de tournées
1	2	3	4	6	5	9	10	8	10	12	14	15	1	## Nombre de sites par tournée
63	## Tournée 1
56	53	## Tournée 2
23	61	68	## Tournée 3
39	37	98	1	## Tournée 4
78	91	18	70	80	74	## Tournée 5
48	29	45	75	17	## Tournée 6
32	60	31	93	46	13	64	90	100	## Tournée 7
66	94	41	19	79	77	89	38	2	35	## Tournée 8
54	73	9	20	27	99	26	14	## Tournée 9
4	83	12	42	7	71	69	8	65	49	## Tournée 10
86	67	55	76	22	95	24	82	62	40	30	88	## Tournée 11
44	43	52	57	85	34	50	6	15	72	5	3	28	92	## Tournée 12
11	84	87	51	16	33	81	97	96	25	59	10	58	47	36	## Tournée 13
21	## Tournée 14
