228678	## Somme des retards
10	## Temps CPU (millisecondes)
144	154	44	141	2	74	45	200	31	168	42	195	132	35	25	114	20	27	76	43	99	165	160	127	98	188	60	139	193	81	119	133	17	140	34	172	64	72	87	111	146	138	157	184	63	77	101	66	54	84	180	100	73	173	110	112	175	171	69	47	23	36	104	131	136	79	108	93	40	11	49	116	86	199	120	148	197	155	6	96	7	103	95	152	186	198	58	177	41	51	68	170	28	9	1	128	48	185	137	55	134	15	149	12	115	176	33	8	151	56	142	174	130	78	24	57	147	16	32	123	117	91	143	179	3	109	169	102	82	161	62	18	38	158	192	178	135	118	189	59	21	145	46	26	159	89	126	13	4	39	30	80	37	194	162	19	124	67	22	75	183	105	153	53	190	107	167	191	129	163	121	65	90	196	187	106	14	71	83	94	181	97	92	61	50	156	150	85	70	52	113	5	29	10	164	182	125	88	166	122	## Ordonnancement
22	## Nombre de tournées
1	1	1	1	3	2	4	4	5	7	9	10	10	11	15	14	18	18	22	20	23	1	## Nombre de sites par tournée
144	## Tournée 1
154	## Tournée 2
44	## Tournée 3
141	## Tournée 4
45	2	74	## Tournée 5
31	200	## Tournée 6
195	132	168	42	## Tournée 7
114	25	35	20	## Tournée 8
99	76	165	43	27	## Tournée 9
139	98	60	188	193	127	160	## Tournée 10
64	140	72	172	119	34	133	17	81	## Tournée 11
184	101	146	77	138	157	87	111	63	66	## Tournée 12
110	180	84	171	173	100	112	175	73	54	## Tournée 13
47	40	104	131	79	136	23	36	69	93	108	## Tournée 14
96	199	95	148	103	120	152	11	6	155	197	116	49	7	86	## Tournée 15
186	185	48	41	1	177	28	51	58	170	128	198	68	9	## Tournée 16
142	151	174	33	24	15	8	78	149	56	134	57	55	115	130	137	176	12	## Tournée 17
16	38	158	117	143	102	147	123	169	91	18	82	3	179	109	161	32	62	## Tournée 18
145	135	189	159	30	4	89	39	26	80	19	59	37	118	178	46	13	194	21	162	192	126	## Tournée 19
190	187	67	121	90	75	196	191	107	183	106	153	65	53	105	124	22	163	167	129	## Tournée 20
61	150	113	85	181	83	70	182	92	164	94	5	97	10	88	50	166	156	14	71	52	125	29	## Tournée 21
122	## Tournée 22
