149569	## Somme des retards
10	## Temps CPU (millisecondes)
15	28	64	125	183	161	25	165	10	196	129	45	56	70	185	36	126	19	84	77	163	176	76	170	102	48	21	147	111	143	199	103	50	172	137	23	117	110	180	53	152	107	168	12	157	112	144	156	78	75	47	40	113	127	11	105	89	81	62	177	120	41	2	118	39	181	37	44	61	26	35	151	13	83	67	73	96	155	200	108	60	188	91	178	87	99	9	69	149	34	169	148	158	187	135	101	82	54	162	130	189	90	141	49	20	38	30	6	14	65	142	193	68	93	92	104	52	171	159	109	115	66	8	22	184	32	94	146	138	119	86	46	55	182	63	42	79	128	121	4	133	16	192	124	154	131	140	17	164	160	175	139	116	150	136	29	1	194	27	51	166	197	153	198	195	59	98	100	186	31	179	88	167	7	43	134	95	114	58	80	173	5	97	74	57	33	24	145	106	72	123	190	3	71	85	174	132	18	191	122	## Ordonnancement
21	## Nombre de tournées
1	1	2	2	3	4	5	6	6	8	9	10	12	13	15	18	20	22	23	19	1	## Nombre de sites par tournée
15	## Tournée 1
28	## Tournée 2
125	64	## Tournée 3
161	183	## Tournée 4
10	25	165	## Tournée 5
45	196	129	56	## Tournée 6
36	70	19	185	126	## Tournée 7
176	163	170	77	84	76	## Tournée 8
102	111	147	143	21	48	## Tournée 9
199	23	103	137	117	50	110	172	## Tournée 10
152	107	12	168	180	144	112	53	157	## Tournée 11
47	78	75	105	156	11	40	127	89	113	## Tournée 12
37	39	118	62	61	177	120	181	2	41	81	44	## Tournée 13
151	73	67	13	200	35	60	108	26	155	96	188	83	## Tournée 14
148	158	101	87	135	149	69	9	34	169	82	187	99	178	91	## Tournée 15
92	142	193	38	54	93	20	141	189	130	68	30	14	90	162	49	65	6	## Tournée 16
8	119	86	138	32	104	171	109	46	146	22	159	66	52	184	63	94	115	55	182	## Tournée 17
42	79	16	140	128	4	1	136	29	139	17	116	121	131	124	150	133	164	175	154	160	192	## Tournée 18
51	88	98	167	179	27	186	7	114	95	153	195	197	58	59	43	134	194	166	100	80	198	31	## Tournée 19
132	3	5	106	145	173	174	57	97	190	71	74	85	24	33	72	123	18	191	## Tournée 20
122	## Tournée 21
