98865	## Somme des retards
0	## Temps CPU (millisecondes)
84	56	50	8	59	70	69	36	82	16	60	76	77	26	22	100	44	88	3	91	64	51	20	71	52	40	33	96	9	17	65	85	79	39	97	6	62	37	54	68	61	45	29	43	13	28	24	4	19	57	94	2	66	72	35	34	80	75	46	55	78	18	38	83	47	73	10	81	92	98	93	99	15	48	30	7	90	32	25	21	67	58	41	74	63	27	14	95	53	31	89	42	5	11	1	49	86	87	23	12	## Ordonnancement
22	## Nombre de tournées
2	1	1	1	1	1	1	1	1	1	1	2	3	4	5	8	8	10	10	13	13	12	## Nombre de sites par tournée
56	84	## Tournée 1
50	## Tournée 2
8	## Tournée 3
59	## Tournée 4
70	## Tournée 5
69	## Tournée 6
36	## Tournée 7
82	## Tournée 8
16	## Tournée 9
60	## Tournée 10
76	## Tournée 11
77	26	## Tournée 12
22	100	44	## Tournée 13
88	3	64	91	## Tournée 14
71	51	20	52	40	## Tournée 15
9	65	96	33	17	39	85	79	## Tournée 16
45	68	54	6	62	97	61	37	## Tournée 17
28	4	2	13	24	19	94	43	29	57	## Tournée 18
55	34	72	46	66	35	18	75	78	80	## Tournée 19
92	98	93	15	73	83	10	81	48	99	30	38	47	## Tournée 20
63	27	95	25	41	74	58	67	7	90	14	32	21	## Tournée 21
53	87	1	12	31	49	11	89	42	86	5	23	## Tournée 22
