93407	## Somme des retards
0	## Temps CPU (millisecondes)
72	34	35	7	94	17	76	74	30	62	9	43	68	20	93	23	48	39	97	55	11	77	71	27	37	53	28	98	96	82	79	84	81	13	3	85	1	45	31	86	22	92	51	64	80	4	87	40	33	91	36	12	50	73	15	88	57	10	90	24	59	83	44	42	66	60	14	49	19	69	32	18	61	52	75	67	47	16	70	38	89	8	46	95	26	65	5	63	25	58	54	41	100	6	29	99	21	2	56	78	## Ordonnancement
20	## Nombre de tournées
1	1	1	1	1	1	1	1	2	3	4	6	7	10	9	11	11	14	13	2	## Nombre de sites par tournée
72	## Tournée 1
34	## Tournée 2
35	## Tournée 3
7	## Tournée 4
94	## Tournée 5
17	## Tournée 6
76	## Tournée 7
74	## Tournée 8
30	62	## Tournée 9
68	9	43	## Tournée 10
23	93	48	20	## Tournée 11
55	39	71	77	97	11	## Tournée 12
82	28	37	96	98	53	27	## Tournée 13
86	85	84	79	81	31	1	13	45	3	## Tournée 14
4	92	87	40	33	80	22	51	64	## Tournée 15
36	91	90	24	50	88	10	15	73	57	12	## Tournée 16
83	59	19	66	44	14	69	32	49	60	42	## Tournée 17
18	16	67	61	26	75	52	47	89	8	38	95	46	70	## Tournée 18
100	54	6	58	21	25	29	65	41	63	2	5	99	## Tournée 19
56	78	## Tournée 20
