78778	## Somme des retards
0	## Temps CPU (millisecondes)
66	91	22	37	75	28	64	76	62	15	70	13	65	83	8	40	49	16	59	43	1	63	87	92	69	71	21	50	94	86	58	72	98	53	7	60	85	78	95	96	29	67	9	48	44	14	4	68	89	46	90	45	30	97	27	80	56	38	54	100	42	41	31	47	6	3	51	12	23	11	20	26	84	25	17	36	74	61	2	55	81	79	73	18	33	24	82	52	5	35	32	77	57	93	99	19	34	88	39	10	## Ordonnancement
17	## Nombre de tournées
1	1	1	1	1	2	2	4	5	5	6	7	9	9	14	17	15	## Nombre de sites par tournée
66	## Tournée 1
91	## Tournée 2
22	## Tournée 3
37	## Tournée 4
75	## Tournée 5
28	64	## Tournée 6
76	62	## Tournée 7
65	70	13	15	## Tournée 8
16	8	83	40	49	## Tournée 9
63	1	87	59	43	## Tournée 10
50	92	71	69	94	21	## Tournée 11
60	53	58	98	86	7	72	## Tournée 12
44	95	9	85	48	96	67	29	78	## Tournée 13
4	89	97	68	45	14	90	46	30	## Tournée 14
100	27	12	47	56	38	3	51	6	42	41	31	54	80	## Tournée 15
33	73	79	17	11	20	25	23	55	2	74	26	61	81	36	84	18	## Tournée 16
35	10	88	24	82	99	32	34	19	57	77	93	5	39	52	## Tournée 17
