180137	## Somme des retards
10	## Temps CPU (millisecondes)
9	51	52	130	62	142	76	45	11	57	123	34	71	75	125	48	38	134	43	33	88	42	117	114	25	68	100	56	29	87	144	24	132	15	14	59	128	145	37	102	55	39	119	98	19	2	95	31	109	124	82	99	137	129	91	44	21	4	133	150	8	22	53	73	108	97	139	101	23	138	20	141	118	67	64	116	127	6	69	60	65	92	113	13	86	112	70	18	27	146	104	49	122	121	107	106	85	79	83	78	120	81	7	74	94	80	58	66	143	47	5	93	35	10	77	46	17	84	136	135	40	126	140	149	61	131	28	50	32	105	63	26	90	41	147	1	103	72	96	115	111	110	36	3	89	16	30	12	54	148	## Ordonnancement
21	## Nombre de tournées
1	1	1	1	1	1	2	4	3	5	7	8	8	11	9	9	14	14	14	17	19	## Nombre de sites par tournée
9	## Tournée 1
51	## Tournée 2
52	## Tournée 3
130	## Tournée 4
62	## Tournée 5
142	## Tournée 6
76	45	## Tournée 7
11	57	123	34	## Tournée 8
125	71	75	## Tournée 9
43	48	134	38	33	## Tournée 10
88	117	42	100	25	114	68	## Tournée 11
144	15	29	87	14	132	24	56	## Tournée 12
128	37	59	145	55	39	119	102	## Tournée 13
82	95	19	109	99	129	2	137	124	31	98	## Tournée 14
21	8	150	91	44	4	53	22	133	## Tournée 15
20	141	73	101	138	108	97	23	139	## Tournée 16
112	64	116	118	13	65	127	67	92	113	69	86	6	60	## Tournée 17
107	146	106	121	85	83	122	70	79	78	18	27	49	104	## Tournée 18
58	80	74	66	120	93	7	143	94	81	10	35	5	47	## Tournée 19
105	17	131	149	46	136	61	140	28	84	50	135	32	40	126	77	63	## Tournée 20
30	147	54	41	103	16	36	90	110	115	89	111	3	12	96	72	1	148	26	## Tournée 21
